1,0,0,0
162.53,160.66,84.505,182.41
168.54,161.52,83.421,182.04
179.49,160.31,83.575,181.32
182.85,159.94,84.817,183.55
195.93,160.35,85.112,183.37
213.52,160.92,79.242,172.28
224.87,158.87,76.765,169.86
230.81,156,81.847,183.37
244.66,156.61,83.366,183.19
247.79,162.67,83.809,181.63
260.5,160.98,84.155,183.57
265.46,155.75,91.209,196.17
274.47,174.53,86.66,180.6
280.77,173.71,92.821,196.95
292.79,177.62,81.368,180.75
2,0,0,0
0,0,0,0
0,0,0,0
0,0,0,0
0,0,0,0
1,0,0,0
249.8,253.1,109.77,155.26
257.75,247.92,103.79,149.27
270.17,209.22,76.287,116.43
278.53,189.25,87.597,132.52
294.22,188.66,69.374,104.56
294.22,188.66,69.374,104.56
299.87,189.84,74.167,111.11
314.41,190.51,76.022,114.32
329.97,187.89,72.16,122.39
344.39,186.58,64.62,115.7
357.28,185.69,61.648,113.76
369.48,185.1,59.505,109.08
374.86,182.63,56.249,87.313
374.31,182.53,59.494,95.177
362.62,186.18,57.436,93.063
354.48,184.83,63.648,104.25
335.77,190.6,67.567,114.79
328.65,191.88,62.78,103.32
312.74,213.98,56.368,92.235
2,0,0,0
0,0,0,0
0,0,0,0
0,0,0,0
0,0,0,0
1,0,0,0
297.01,187.32,71.811,140.86
296.77,192.57,69.093,133.91
287.07,185.16,74.698,144.42
284.52,195.08,77.178,146.29
283.74,195.26,71.03,136.37
288.12,194.01,64.02,135.47
291.81,193.62,59.357,132.48
2,0,0,0
0,0,0,0
0,0,0,0
0,0,0,0
0,0,0,0
1,0,0,0
298.89,186.03,70.334,159.43
2,0,0,0
0,0,0,0
0,0,0,0
0,0,0,0
0,0,0,0
1,0,0,0
305.69,188.86,51.636,148.78
305.68,190.14,51.209,147.05
304.86,189.81,51.143,145.97
303.99,190.13,51.211,145.78
304.91,198.71,50.623,144.12
304.08,192.24,51.23,145.03
348.46,190.48,51.222,145.38
2,0,0,0
0,0,0,0
0,0,0,0
0,0,0,0
0,0,0,0
1,0,0,0
432.08,206.6,89.38,162.1
511.24,212.56,73.67,135.89
522.37,213.24,74.185,136.2
521.57,207.53,80.266,146.91
505.17,200.67,84.971,156.14
2,0,0,0
0,0,0,0
0,0,0,0
0,0,0,0
0,0,0,0
1,0,0,0
2,0,0,0
0,0,0,0
0,0,0,0
0,0,0,0
0,0,0,0
1,0,0,0
462.23,198,43.247,109.72
471.66,184.06,57.002,151.61
473.28,192.65,59.268,145.23
491.59,193.93,60.337,146.85
505.75,195.06,65.25,147.57
536.87,196.22,69.381,169.32
2,0,0,0
0,0,0,0
0,0,0,0
0,0,0,0
0,0,0,0
1,0,0,0
435.66,216.5,107.86,142.89
447.12,217.48,104.45,142.67
438.29,221.49,102.68,138.78
359.33,238.9,93.621,128.23
346.14,227.83,95.96,137.44
341.08,227.82,84.16,121.55
2,0,0,0
0,0,0,0
0,0,0,0
0,0,0,0
0,0,0,0
1,0,0,0
305.68,196.53,180.97,266.93
323.96,192.79,201.57,285.07
349.04,195.2,214.14,291.03
350.83,193.43,217.18,289.46
337.91,174.85,235.73,304.7
358,216.4,245.86,263.5
362.92,168.69,248.74,310.13
362.61,158.48,249.91,318.48
357.84,158.71,249.8,313.91
350.87,159.01,231.06,309.28
357.73,172.78,208.01,293.55
358.77,192.59,198.1,271.71
360.76,190.67,194.8,273.86
351.72,188.67,209.17,290.93
327.79,188.64,213.28,293.92
316.01,188.63,216.88,294.88
291.79,252.69,218.73,231.23
282.53,209.6,218.31,268.55
275.1,253.32,205.59,223.76
273.53,228.76,198.32,243.34
272.84,224.01,194.87,244.82
274.71,219.9,188.35,262.39
246.78,216.06,183.34,275.51
246.46,216.45,183.2,270.78
246.78,216.06,183.34,275.51
246.46,216.45,183.2,270.78
246.78,216.06,183.34,275.51
228.61,215.1,183.18,270.15
216.06,216.06,183.34,275.51
213.07,216.46,183.2,270.63
214.97,241.71,159.48,239.71
185.34,216.06,183.34,275.51
207,192,160,240
154.62,216.06,183.34,275.51
154.62,216.06,183.34,275.51
154.62,216.06,183.34,275.51
154.62,216.06,183.34,275.51
123.89,216.06,183.34,275.51
154.62,216.06,183.34,275.51
2,0,0,0
0,0,0,0
0,0,0,0
0,0,0,0
0,0,0,0
1,0,0,0
235.07,230.86,66.557,169.71
254.84,235.84,68.725,164.9
2,0,0,0
0,0,0,0
0,0,0,0
0,0,0,0
0,0,0,0
1,0,0,0
2,0,0,0
0,0,0,0
0,0,0,0
0,0,0,0
0,0,0,0
1,0,0,0
304.43,222.28,83.992,222.88
311.9,221.44,81.604,223.64
316.76,222.61,83.344,206.76
334.45,224.25,87.43,199.83
346.53,224.99,88.546,194.42
345.82,224.97,89.955,192.44
