212.333333,155.700000,50.333333,57.900000
212.156723,155.499924,50.703411,58.325714
212.141083,155.476349,50.753311,58.383114
212.219681,155.603195,50.610756,58.219128
211.722137,154.935074,50.923050,58.578369
211.760773,155.082428,50.811821,58.450417
211.972168,155.238480,51.107922,58.791035
211.462112,154.989868,50.993816,58.659775
211.300522,154.946503,51.038261,58.710899
211.066650,154.995056,51.138672,58.826405
211.182281,155.596909,50.978317,58.641945
210.749710,155.075928,51.138371,58.826061
210.947235,155.404114,51.318581,59.033360
210.562424,155.496048,51.219902,58.919849
208.903732,155.009079,52.020069,59.840305
207.794220,155.033234,52.006054,59.824181
207.186142,155.204956,51.827873,59.619217
206.666351,155.285080,51.389580,59.115032
206.824432,154.538330,52.054424,59.879826
208.068039,155.095291,51.807064,59.595280
208.315323,155.132538,51.797001,59.583702
208.577530,155.037231,51.998882,59.815933
208.633545,155.462540,51.528408,59.274731
208.752167,155.707031,51.209999,58.908455
208.792297,155.751907,51.477753,59.216461
208.055984,154.712753,51.745350,59.524288
208.598068,154.140152,52.122784,59.958462
208.310196,153.291748,52.208557,60.057129
207.666458,152.663666,52.784027,60.719109
206.689774,152.268539,52.734322,60.661934
206.160858,151.694519,53.195782,61.192764
204.696457,151.354584,53.810055,61.899384
203.601334,152.153046,54.146370,62.286255
202.564270,152.338394,53.670475,61.738819
201.236954,152.132751,53.831795,61.924389
200.680740,151.957260,54.466412,62.654411
199.617126,151.301056,54.411129,62.590816
199.063446,150.901321,55.088089,63.369541
197.649429,150.735199,55.474926,63.814533
195.664215,150.552322,55.624546,63.986645
195.413437,151.590927,55.669373,64.038208
195.670532,151.812897,56.476032,64.966141
195.943039,151.974518,56.659248,65.176895
195.303955,151.232437,57.185940,65.782768
195.445618,151.249435,58.200325,66.949646
196.409729,152.792084,58.819729,67.662163
197.059616,154.250793,59.527203,68.475998
195.384979,157.068344,59.692451,68.666084
195.692978,160.076538,60.123169,69.161552
194.285614,164.311432,60.263248,69.322693
198.734879,165.125824,60.567669,69.672874
193.177429,170.329178,60.888657,70.042114
194.364029,173.218582,60.988373,70.156822
194.506241,175.964096,61.238903,70.445015
194.970245,177.597336,61.713902,70.991425
195.030609,182.114044,61.838200,71.134407
199.551987,181.547668,62.507809,71.904678
200.660736,184.096268,62.902390,72.358574
198.913162,188.269516,62.896587,72.351898
200.491974,190.740738,62.608070,72.020012
201.472382,193.546097,62.224190,71.578423
202.083755,195.095108,62.362789,71.737862
202.998978,195.621429,62.453796,71.842545
205.221252,195.654785,62.482700,71.875793
205.972260,195.406158,62.773830,72.210693
211.555054,195.458832,62.662239,72.082321
211.556213,196.107117,62.484756,71.878166
212.677307,195.448822,62.387878,71.766716
214.291946,194.490555,62.613590,72.026360
215.736435,193.822418,62.576439,71.983627
216.202057,191.569641,63.014881,72.487976
217.169724,188.686401,62.970959,72.437454
219.052597,185.271606,62.899628,72.355400
219.707001,182.631866,62.943195,72.405518
221.084473,180.549271,62.631016,72.046410
219.357239,177.331818,63.095318,72.580505
217.449356,174.958298,63.343983,72.866554
215.692932,171.364731,63.453674,72.992737
216.479050,168.824936,63.711987,73.289879
214.944916,164.779282,63.737938,73.319733
214.106674,162.262161,63.748329,73.331688
212.720459,159.781509,63.781075,73.369354
211.396210,156.386246,63.801258,73.392570
210.498520,153.748215,63.933239,73.544395
209.680450,151.574387,64.319252,73.988434
208.556503,148.876389,64.501259,74.197807
208.099976,147.329254,64.567581,74.274094
207.938416,144.334198,64.643921,74.361916
206.909363,143.391342,64.473923,74.166359
207.238922,142.287399,64.678383,74.401558
205.682755,141.081741,64.599449,74.310760
204.329910,140.295105,64.560555,74.266014
203.963150,140.548950,64.611488,74.324608
204.448090,140.742889,64.577507,74.285515
204.108337,141.196503,64.549484,74.253281
203.308029,142.537048,64.154564,73.798996
204.071411,142.499893,64.154602,73.799034
204.134064,142.460907,64.178177,73.826157
204.675293,142.118164,64.243607,73.901421
205.817902,141.899612,64.325356,73.995461
206.667404,141.526978,64.670876,74.392921
206.325317,140.688400,64.521614,74.221222
207.577606,140.500763,64.667534,74.389076
206.308258,140.122971,64.547119,74.250557
205.490997,139.716110,64.501762,74.198387
205.883438,140.011841,64.452705,74.141953
205.887146,139.467850,64.524872,74.224968
206.736481,139.284866,64.457970,74.148003
207.264923,138.567383,64.401741,74.083328
207.629089,138.017456,64.481094,74.174614
208.124771,136.979080,64.434944,74.121521
207.861816,136.577286,64.391136,74.071129
206.973114,135.894867,64.516747,74.215622
205.410187,134.865753,64.586121,74.295433
204.173706,133.713074,64.261505,73.922005
202.864746,132.696060,64.088707,73.723236
202.427002,132.669922,63.954586,73.568954
201.384186,131.669662,63.979271,73.597351
200.853516,130.606033,64.106430,73.743622
199.540451,129.508453,64.213326,73.866585
198.562637,128.697464,64.078835,73.711876
197.549011,127.365082,64.125427,73.765480
196.362564,125.579361,64.060066,73.690285
195.685593,125.082306,63.883953,73.487701
194.649734,124.730225,63.696026,73.271523
193.020218,123.786499,63.760593,73.345795
191.746017,123.978447,63.446682,72.984695
191.367325,124.507080,63.306702,72.823669
189.761261,124.427185,62.810226,72.252556
189.079178,124.314072,62.669468,72.090637
188.989548,125.081345,62.479645,71.872284
187.635513,124.911423,62.505547,71.902077
185.694931,126.053650,62.966282,72.432076
186.785660,127.811142,62.869621,72.320885
187.774872,128.752594,62.709152,72.136292
187.476166,129.456650,62.717060,72.145386
187.738815,129.211319,62.641880,72.058907
186.924973,129.566681,62.578716,71.986244
187.108002,129.721954,62.634384,72.050285
186.916733,129.912720,62.783073,72.221321
185.829605,129.079315,63.041382,72.518463
185.791748,130.096329,62.813900,72.256783
185.120941,129.012070,62.964870,72.430450
184.318848,129.010605,63.080597,72.563576
183.664490,130.689606,62.865643,72.316307
182.183884,131.017181,62.801785,72.242844
181.524582,131.464203,62.870689,72.322113
179.747894,132.109756,62.851765,72.300346
178.611237,132.428162,63.035309,72.511482
178.498199,133.145599,63.107288,72.594276
177.599625,133.643631,63.187794,72.686882
177.828827,133.432098,63.088295,72.572426
177.189697,132.541229,63.040928,72.517944
178.012421,131.921875,62.878548,72.331154
178.462021,131.032104,62.954193,72.418167
178.120041,130.498383,62.648895,72.066971
178.650986,130.848465,62.561222,71.966118
179.239288,131.031952,62.399853,71.780495
178.715683,130.349228,62.467602,71.858429
178.005402,130.369385,62.218681,71.572090
179.135529,131.234955,62.425922,71.810478
177.787964,131.012848,62.236794,71.592918
178.602509,131.488327,62.410793,71.793083
176.595520,131.339371,61.986633,71.305153
178.814255,132.278244,61.979298,71.296715
178.212555,133.467545,61.828106,71.122795
179.489792,135.044327,61.797123,71.087158
179.692810,135.701920,61.735153,71.015869
178.700485,136.314972,61.658150,70.927292
178.224899,135.866180,61.112122,70.299179
178.424805,135.890625,60.992222,70.161255
178.350327,136.308533,61.315285,70.532883
179.147766,135.716888,61.299740,70.514999
178.897720,135.917404,61.224110,70.428001
179.342880,135.486160,60.865410,70.015373
179.923340,135.908081,60.986305,70.154442
179.844696,136.050903,61.045097,70.222076
179.595184,135.522919,60.653442,69.771538
179.150177,135.046219,60.697960,69.822754
180.162979,135.236237,60.432384,69.517258
179.407288,135.690170,60.674454,69.795715
179.675369,134.765991,60.631123,69.745865
180.074326,135.009216,60.699726,69.824783
180.167053,135.233871,60.632229,69.747139
180.195648,135.428131,60.490650,69.584274
180.420776,135.397491,60.467758,69.557945
181.688202,135.030609,60.637363,69.753044
182.390701,134.766724,60.486553,69.579567
183.230438,134.325500,60.453415,69.541443
183.735306,134.225037,60.478912,69.570778
184.244141,134.052780,60.657482,69.776192
184.671616,133.212143,60.673679,69.794823
185.577667,132.748535,60.702061,69.827469
186.196976,132.502884,60.568897,69.674286
186.997650,132.482819,60.708241,69.834579
186.633301,131.820618,60.883514,70.036201
190.525955,131.483353,60.788380,69.926765
190.824692,131.205185,60.707451,69.833672
190.962219,131.261429,60.635880,69.751343
189.565887,131.430725,60.634556,69.749817
189.174438,131.472504,60.456905,69.545456
189.297195,131.477478,60.727131,69.856308
188.763229,130.660004,60.463428,69.552963
190.088593,130.662689,60.731983,69.861893
190.216476,129.593872,60.916798,70.074493
192.366867,129.606216,61.369759,70.595543
193.285522,129.186371,61.512241,70.759445
193.911331,127.891907,61.206020,70.407188
195.476135,127.334686,60.872238,70.023232
197.103683,127.254761,60.960903,70.125221
197.126953,127.106003,61.061588,70.241051
196.728287,126.515045,61.047401,70.224724
197.493103,127.650330,61.022373,70.195930
196.886612,127.256439,60.785061,69.922951
196.451645,127.155243,60.929512,70.089119
196.696426,127.613922,60.922207,70.080711
196.579315,127.547005,60.952473,70.115524
196.302032,127.767395,60.809601,69.951180
195.810242,127.927658,60.896736,70.051414
195.446182,128.223770,60.984291,70.152130
194.970337,128.567230,61.033298,70.208504
194.185989,128.427063,61.016693,70.189400
194.342987,129.130234,61.154636,70.348083
193.238541,128.970459,61.329655,70.549408
193.079437,130.145203,61.393059,70.622345
192.608078,130.727737,61.547253,70.799721
192.319199,130.161316,61.719048,70.997345
192.796021,130.997391,61.768158,71.053833
192.703400,130.723557,61.730461,71.010475
193.140228,130.944855,61.618710,70.881920
192.899612,130.499390,61.569805,70.825661
192.590683,130.649994,61.831196,71.126350
193.857819,131.771622,61.604984,70.866127
193.132477,131.045044,61.728016,71.007660
192.633392,132.170502,61.787064,71.075584
192.826843,131.940506,62.090225,71.424316
192.526062,131.507446,62.106297,71.442802
192.789948,131.454788,62.144135,71.486336
192.715195,131.884567,62.391121,71.770447
192.002350,131.480103,62.681957,72.105003
191.857452,132.047516,62.642956,72.060143
192.660400,132.235199,62.378353,71.755760
191.904938,131.779572,62.540222,71.941963
192.484177,131.423813,62.807014,72.248863
191.815384,131.546722,62.775276,72.212357
192.449585,132.067429,62.411396,71.793770
191.459167,131.646347,62.550552,71.953850
191.943298,131.368256,62.263371,71.623489
192.675018,132.240417,61.848740,71.146530
192.795364,132.123337,61.995800,71.315697
191.473206,131.970551,62.147736,71.490479
191.864395,132.094986,62.058971,71.388367
191.208160,131.590515,61.954575,71.268272
191.203125,131.738434,61.667999,70.938622
191.084595,131.542450,61.223705,70.427536
190.277191,131.393417,61.115219,70.302742
190.500916,131.889999,60.966919,70.132149
191.255402,132.622467,60.678905,69.800835
190.475922,131.895325,60.594334,69.703545
190.204117,132.073334,60.787502,69.925758
189.971970,131.884460,60.756237,69.889786
190.337311,131.801056,60.829464,69.974030
191.286118,132.381134,60.472820,69.563766
191.392471,131.832291,60.517887,69.615608
192.364182,131.906876,60.283203,69.345650
191.206284,130.926727,60.485264,69.578079
191.708527,131.423416,60.637230,69.752892
191.114487,130.622742,60.713665,69.840820
191.264252,130.667847,60.715683,69.843140
190.715958,130.659637,60.802956,69.943535
191.409500,131.362564,60.731754,69.861626
190.853088,130.882797,60.648674,69.766060
191.004684,131.110672,60.615356,69.727730
190.876465,131.178040,60.613098,69.725136
190.508270,131.423126,60.550358,69.652962
190.184006,132.312943,60.438076,69.523804
189.588211,132.031052,60.645466,69.762367
188.894836,132.103668,60.518581,69.616409
189.062134,132.591537,60.589432,69.697906
188.649063,132.258453,60.582314,69.689720
188.478348,132.404144,60.510372,69.606964
189.026917,132.865570,60.605568,69.716476
188.791992,132.552017,60.408901,69.490242
188.816452,133.118011,60.565968,69.670921
188.188293,133.294907,60.463486,69.553032
187.247681,133.423615,60.413651,69.495705
186.415359,133.473953,60.444466,69.531151
185.763489,133.294724,60.500534,69.595650
185.205811,133.122742,60.523258,69.621788
184.408463,132.834900,60.785950,69.923973
183.518356,132.306244,60.536201,69.636681
183.596619,132.654648,60.478172,69.569923
183.934601,132.499481,60.413284,69.495285
184.161591,132.390350,60.432415,69.517288
183.476471,131.845856,60.582058,69.689423
183.197296,131.322235,60.336803,69.407303
181.902679,130.950394,60.240494,69.296516
181.273819,130.691483,59.954285,68.967278
180.759705,130.878723,60.199665,69.249550
179.796646,130.556732,60.036652,69.062027
179.475983,130.693771,60.029499,69.053802
178.512558,130.516815,60.181843,69.229050
177.708221,129.858322,59.824898,68.818443
176.595123,129.641052,59.504150,68.449478
176.523163,129.828354,59.452774,68.390373
175.616714,129.205109,58.882195,67.734016
174.306122,128.300903,58.336037,67.105759
173.639206,126.809280,58.622814,67.435646
172.874893,125.004837,58.655571,67.473328
171.671677,122.831451,58.829559,67.673470
170.265198,120.021759,58.464325,67.253334
169.215942,117.702042,58.298347,67.062401
168.588928,114.972275,58.664001,67.483025
167.664261,112.773636,58.449253,67.235992
165.785385,110.271317,58.442966,67.228767
163.855804,107.923126,58.476624,67.267479
162.774017,105.666931,58.379684,67.155968
162.269165,103.793716,58.835365,67.680153
160.999298,101.771812,58.817226,67.659286
161.237213,100.310822,58.774658,67.610321
160.762817,98.617638,59.089951,67.973007
160.932800,97.267761,59.006760,67.877312
160.539398,95.427010,58.724930,67.553116
160.761032,94.591812,58.732540,67.561867
160.371933,93.012123,58.936726,67.796753
160.273849,91.672356,58.683796,67.505798
160.441711,91.049393,58.856239,67.704163
159.746887,89.477180,58.635422,67.450150
160.855194,88.847404,58.806534,67.646988
160.368164,88.024391,58.945374,67.806702
159.122696,86.252327,58.746449,67.577866
159.293015,84.623863,59.079494,67.960983
159.311218,82.703911,59.287304,68.200027
158.819550,80.248672,59.218208,68.120544
159.188675,78.524353,59.412899,68.344505
157.957825,76.433990,59.482414,68.424477
157.478912,74.915436,59.311600,68.227982
156.852570,73.646729,59.394119,68.322906
156.366287,71.963692,59.292500,68.206009
155.935913,70.456558,59.162701,68.056694
155.801529,68.873795,59.292904,68.206474
155.316467,66.418442,59.322052,68.240005
155.323074,64.373825,59.359943,68.283592
155.091171,62.416378,59.602848,68.563011
155.096115,60.754639,59.920837,68.928802
154.103958,58.729057,60.001762,69.021896
153.984146,57.083233,60.254185,69.312263
152.993103,55.003151,60.171463,69.217102
152.440399,53.547977,60.302521,69.367867
151.779343,52.183472,60.052288,69.080017
151.360260,51.365948,60.318581,69.386345
150.447098,49.757591,60.169704,69.215088
150.098999,48.135139,60.128109,69.167236
150.084229,47.266621,60.352554,69.425423
149.233765,45.564320,60.055824,69.084084
149.398697,44.291325,60.499168,69.594078
149.357544,42.901054,60.687668,69.810913
148.795639,40.831635,60.546993,69.649094
148.926071,39.043491,60.717838,69.845619
148.035034,37.125580,60.353054,69.425995
147.703125,34.794174,60.126064,69.164886
147.346710,33.087322,60.691269,69.815056
146.703156,29.808834,60.665428,69.785332
145.968277,26.844498,60.635250,69.750618
144.917297,24.002544,60.497395,69.592041
144.265213,21.477638,60.775230,69.911636
143.177887,18.607716,60.810825,69.952583
143.600418,16.462509,60.943886,70.105652
143.377350,14.074829,60.955250,70.118721
142.938416,12.171806,60.899055,70.054077
142.773712,10.401623,60.949055,70.111595
141.876114,8.518509,61.009800,70.181473
141.386612,6.745144,60.995350,70.164848
141.313690,5.221863,61.053486,70.231728
140.511124,3.372280,60.811413,69.953262
140.821899,2.691902,61.016670,70.189377
141.258530,1.565796,61.140072,70.331329
140.553741,0.203991,61.135788,70.326401
140.644089,-0.679470,61.078735,70.260773
140.005890,-1.623600,61.183773,70.381599
139.643951,-2.606266,61.007393,70.178703
139.547562,-3.636452,61.292393,70.506546
138.712616,-4.546103,61.196739,70.396515
137.629837,-6.322750,61.074871,70.256325
137.065720,-7.360781,60.562439,69.666862
137.286896,-8.420782,60.908085,70.064468
137.370331,-9.625835,61.075821,70.257423
136.618652,-10.520214,60.750267,69.882919
136.208908,-10.729439,60.827553,69.971825
136.225830,-10.442289,60.978592,70.145569
134.976181,-10.763721,61.230999,70.435928
134.325043,-11.617252,61.014053,70.186363
135.067490,-11.607128,60.750935,69.883690
134.943024,-12.874491,60.430378,69.514946
136.041122,-12.995972,60.267609,69.327705
135.783875,-14.025806,60.404755,69.485466
136.501648,-13.764837,59.821339,68.814346
136.247025,-15.361799,60.579838,69.686874
137.920044,-15.198622,60.438419,69.524200
138.565643,-15.594252,60.682388,69.804840
137.933533,-16.677214,60.121017,69.159081
138.181320,-17.741611,60.842674,69.989220
138.492371,-20.190964,61.127335,70.316673
138.041229,-22.160072,60.856716,70.005379
138.717941,-22.402964,60.935978,70.096550
138.064514,-22.511480,61.389042,70.617722
137.635986,-22.763903,61.313644,70.530991
136.696945,-22.531509,61.782497,71.070328
136.093811,-22.649933,61.918190,71.226425
135.074219,-22.628445,61.840309,71.136833
135.719711,-21.389206,61.475773,70.717499
135.221512,-22.038631,61.589283,70.848068
135.225525,-21.613098,61.579815,70.837173
134.559006,-21.635487,61.927727,71.237389
134.774963,-20.740822,61.397339,70.627266
135.029190,-20.087055,61.699604,70.974976
134.914444,-19.353413,61.638462,70.904640
134.595413,-18.986610,61.147785,70.340202
135.049225,-18.053486,60.944763,70.106659
135.522232,-16.677929,60.793427,69.932571
135.611084,-15.890011,59.755226,68.738297
135.855469,-14.513908,59.162952,68.056984
135.875214,-12.697859,58.732918,67.562302
135.771393,-12.279139,58.684525,67.506638
136.067001,-10.613995,58.221439,66.973930
135.988480,-9.938953,58.262287,67.020920
135.741714,-9.063784,57.864468,66.563301
135.724152,-7.674547,57.527668,66.175865
135.623962,-7.504595,57.486679,66.128716
135.817780,-5.671398,57.730515,66.409203
135.573822,-5.511776,58.266464,67.025726
135.765015,-5.270206,58.198593,66.947655
135.140732,-4.259966,58.260296,67.018631
135.617813,-4.554678,58.402161,67.181824
135.111130,-4.818899,58.424656,67.207703
134.496307,-3.361622,58.433041,67.217346
134.424286,-3.454649,58.667725,67.487305
134.208969,-2.432180,58.555748,67.358498
133.410278,-0.782829,58.409443,67.190201
132.716888,0.267334,57.965160,66.679131
132.696167,0.131313,58.036339,66.761009
132.311386,1.006409,57.745373,66.426300
132.653381,1.560688,57.845055,66.540970
132.698135,2.113022,57.945789,66.656845
132.548950,2.101727,57.818954,66.510941
132.853912,3.252041,57.693913,66.367104
132.556366,2.620220,57.654766,66.322075
131.799820,3.759449,57.314846,65.931053
132.355576,5.275246,57.201813,65.801025
131.888489,5.809288,57.008511,65.578667
131.801254,6.893299,56.933193,65.492027
131.262573,7.582745,56.733635,65.262466
130.330704,8.977993,56.338448,64.807869
129.975784,9.167767,56.057556,64.484756
130.545197,10.010490,55.908844,64.313683
129.516876,10.278790,56.039280,64.463730
129.643936,11.573109,56.175407,64.620323
129.403397,12.508541,55.844311,64.239449
129.215454,12.684994,55.762184,64.144974
129.072983,13.499481,55.816711,64.207703
128.539001,15.022934,55.660103,64.027550
128.866394,17.162426,55.781479,64.167175
127.883392,18.120674,55.663548,64.031509
127.929504,19.848072,55.770454,64.154488
127.428993,20.459511,55.879261,64.279655
127.614105,21.290316,55.633293,63.996708
128.047897,21.744473,55.808865,64.198677
127.493439,22.085846,55.658875,64.026131
127.776352,22.796875,55.808372,64.198105
127.272720,22.256836,55.425663,63.757866
127.048325,22.683247,55.506413,63.850754
127.110764,23.176365,55.354485,63.675987
126.865173,24.044804,55.502739,63.846527
126.504303,24.596022,55.077705,63.357601
125.994072,25.547234,54.656635,62.873230
126.087906,26.326118,54.779903,63.015030
125.907570,26.966873,54.610245,62.819862
125.512939,27.058315,54.176414,62.320816
124.903259,27.489460,54.136257,62.274620
124.697418,28.887007,54.055630,62.181873
124.295731,30.340942,53.924320,62.030823
124.238792,31.336710,54.408371,62.587643
123.636360,32.299335,54.188862,62.335136
122.848862,32.976078,54.032951,62.155785
122.713493,34.518124,54.205338,62.354088
122.959068,35.949974,54.269421,62.427807
123.087547,36.157814,54.051350,62.176952
123.311729,37.327045,53.927933,62.034981
124.640869,39.987217,54.757175,62.988884
124.041397,38.739414,54.409084,62.588463
124.339447,39.639973,54.230953,62.383553
123.903488,40.273647,54.109131,62.243416
123.503624,40.495152,54.185837,62.331657
123.554222,41.823921,54.265369,62.423145
124.121216,43.722218,54.310539,62.475105
123.395248,43.987961,54.384853,62.560589
123.109467,44.250389,54.117729,62.253307
122.891853,45.477566,54.116505,62.251900
122.590057,45.867226,54.130547,62.268055
121.658508,46.363644,53.832363,61.925041
121.924622,45.801666,53.162010,61.153915
120.688797,46.171684,53.197056,61.194229
120.367104,46.955368,53.246227,61.250793
119.631607,46.341885,53.158993,61.150444
119.651642,48.310154,53.126217,61.112740
118.420876,48.687302,52.936626,60.894650
117.863167,49.428192,53.109600,61.093628
117.304298,49.937336,52.441849,60.325493
117.494942,51.128040,52.972095,60.935448
116.776917,51.462692,52.928459,60.885254
117.194992,51.240528,52.610020,60.518944
115.371620,53.629379,52.854168,60.799793
113.606033,54.415710,52.949730,60.909725
114.636314,55.693111,52.951283,60.911507
114.429901,55.856022,52.560612,60.462105
114.497009,56.725025,52.856930,60.802971
114.584282,57.060448,53.173695,61.167355
115.144943,58.077030,52.880592,60.830193
114.979080,58.715614,52.798225,60.735443
114.469185,58.866920,52.277996,60.137009
114.436195,59.562954,52.157612,59.998528
112.995956,60.693886,51.589294,59.344772
113.204468,62.473816,51.346962,59.066006
112.489952,62.715382,51.077591,58.756142
112.626793,62.954231,50.956650,58.617020
113.339676,63.350418,50.513241,58.106953
111.722580,63.590954,50.090324,57.620461
112.523514,64.569992,50.325127,57.890560
110.488960,64.678925,50.331532,57.897926
109.943741,66.924934,51.089138,58.769424
121.122688,52.368866,52.144909,59.983913
110.905952,67.893974,52.286911,60.147263
111.914749,64.882698,51.884495,59.684353
111.482307,66.180077,51.327320,59.043415
107.779793,70.582664,52.188339,60.033871
111.997002,67.185844,52.192547,60.038712
112.209244,66.336128,52.120544,59.955887
111.335052,68.356827,52.142796,59.981483
111.322487,69.143234,52.067272,59.894604
111.856995,70.545021,52.177090,60.020931
111.724167,70.320229,52.357056,60.227951
111.506340,68.917999,52.419266,60.299511
110.611832,69.993607,52.260048,60.116360
111.413277,70.244644,52.412216,60.291405
110.814133,70.560020,52.329834,60.196640
111.369751,70.906433,52.613045,60.522423
111.966095,71.460388,52.795563,60.732380
111.273865,69.792336,52.870876,60.819016
111.089836,71.076645,52.919327,60.874748
111.762817,71.091614,52.927280,60.883896
111.709160,71.364037,52.618183,60.528336
112.374664,70.414192,52.881569,60.831318
111.016617,69.306931,52.780186,60.714691
111.372360,71.107384,52.310295,60.174160
111.425987,72.889153,52.257435,60.113354
111.776695,73.419846,52.033367,59.855602
112.425636,74.577301,51.702137,59.474579
112.670723,75.423683,51.485394,59.225250
111.416573,74.155968,51.252369,58.957195
111.502022,74.221428,50.871105,58.518616
112.837624,74.761963,50.630726,58.242104
112.348106,75.294281,50.495106,58.086094
112.039413,75.238808,50.284637,57.843983
112.815506,75.775986,49.750847,57.229950
112.307213,76.560104,49.603718,57.060699
113.325203,77.346680,49.162369,56.553001
113.242561,77.595917,48.514874,55.808170
114.844078,78.552780,48.707775,56.030071
114.656189,78.480003,48.135071,55.371273
115.340508,80.478149,48.054123,55.278156
115.782738,82.423157,47.775829,54.958023
114.873062,81.578781,47.391060,54.515411
114.790009,81.225662,47.419979,54.548679
115.755447,84.333099,47.151154,54.239437
113.429703,81.418854,46.839840,53.881325
114.679710,85.549858,46.570084,53.571014
114.296158,81.812057,46.407681,53.384201
114.412628,85.923790,46.174744,53.116245
114.475349,86.014030,46.049301,52.971943
114.575073,86.128746,45.849850,52.742512
115.752792,89.779648,45.757847,52.636677
115.174019,90.273727,45.785259,52.668213
115.535110,88.991753,45.620476,52.478653
115.910027,85.599678,45.179951,51.971905
117.975800,88.200142,45.060177,51.834126
119.211700,87.860260,45.028343,51.797504
119.669006,87.654770,44.802242,51.537415
120.441208,88.653389,44.942268,51.698490
120.002403,88.620316,44.995197,51.759377
122.842392,92.208504,45.062195,51.836445
123.299583,94.533470,45.273579,52.079605
122.598343,91.660660,45.166023,51.955883
122.550232,88.611946,45.111965,51.893696
123.380341,87.800827,45.173012,51.963921
124.266930,87.890839,45.366222,52.186176
123.535324,87.702240,45.606178,52.462208
123.415825,87.539391,45.944500,52.851391
122.081902,86.543121,46.018391,52.936390
120.053841,85.581993,45.883099,52.780758
118.955826,85.447922,45.837399,52.728184
117.599014,84.646309,45.382046,52.204376
115.717789,82.656937,45.177704,51.969322
114.642052,82.575539,45.275463,52.081776
111.918167,81.774780,45.072964,51.848831
110.523727,82.030205,45.075493,51.851746
108.243881,81.920433,45.055668,51.828938
106.557053,81.282990,45.407322,52.233456
104.332771,79.480392,45.500225,52.340324
103.455490,80.156868,45.494434,52.333664
101.456184,80.319351,45.349346,52.166767
99.620056,79.570267,44.986191,51.749016
98.204987,79.164078,45.336720,52.152237
96.403244,77.381042,45.080402,51.857391
96.651871,77.448227,45.026436,51.795307
95.255516,77.333389,45.126835,51.910801
94.377068,77.720222,45.276073,52.082478
92.880356,77.334839,45.608894,52.465332
91.877808,77.744728,45.653065,52.516144
90.894043,77.275742,45.277962,52.084648
89.755020,76.926392,45.022842,51.791180
89.033318,77.042877,44.989986,51.753380
87.812294,76.914490,45.186356,51.979271
86.869911,76.629623,44.921021,51.674049
85.273590,74.977722,45.234612,52.034779
84.625626,74.892853,45.232243,52.032055
83.951042,75.400742,45.064381,51.838959
84.259094,76.185066,45.105339,51.886074
83.071075,76.050247,45.210983,52.007603
82.255127,75.588928,45.260479,52.064537
81.705490,74.825050,45.113976,51.896011
79.688599,76.005692,45.219810,52.017757
76.196388,76.029472,45.020863,51.788898
74.704903,77.086929,44.882938,51.630241
72.722374,76.859810,44.561436,51.260406
72.397987,77.575951,44.207272,50.853001
70.512436,78.105904,44.231213,50.880539
69.755188,78.236061,44.235840,50.885864
68.737579,77.354660,44.355812,51.023872
67.329468,76.680756,44.294872,50.953773
66.487061,76.127106,44.252270,50.904762
66.518845,75.097740,44.476524,51.162731
66.652794,73.910309,44.422955,51.101109
66.075211,72.670860,45.085400,51.863140
66.486053,72.578064,44.820412,51.558315
65.010101,70.592361,44.772011,51.502636
64.300415,68.563797,44.486176,51.173832
63.644104,66.587791,44.366085,51.035690
62.405060,65.138092,44.637218,51.347584
61.748573,64.520569,44.708160,51.429188
61.109718,63.214493,44.920135,51.673031
60.311005,61.652267,44.711231,51.432720
59.724060,61.291435,44.925289,51.678959
58.089005,60.272903,44.834454,51.574467
56.595383,59.644493,44.999912,51.764801
55.877491,59.446510,45.449837,52.282360
53.927910,59.292053,45.189754,51.983181
52.006645,58.626652,44.998962,51.763710
50.372841,58.593365,45.312134,52.123955
48.463486,57.967812,44.850819,51.593292
46.946880,57.644493,45.198814,51.993603
46.391846,57.904510,45.041855,51.813049
46.071648,57.750633,45.230988,52.030613
44.884850,57.199699,44.830841,51.570312
43.958046,55.976830,44.937725,51.693264
43.068203,54.782578,44.570549,51.270889
42.212509,54.290588,44.570549,51.270889
42.212509,54.290588,44.570549,51.270889
38.448517,52.177528,44.570549,51.270889
38.448517,52.177528,44.570549,51.270889
34.813335,50.163322,44.570549,51.270889
34.813335,50.163322,44.570549,51.270889
31.362793,48.624294,44.367897,51.037773
29.768679,48.709648,44.856014,51.599270
28.200445,48.490181,44.856014,51.599270
28.200445,48.490181,44.856014,51.599270
25.333330,47.726387,44.146465,50.783054
24.088926,48.013752,44.472805,51.158455
21.689312,46.867798,44.793091,51.526886
20.511692,46.657005,44.793091,51.526886
20.511692,46.657005,44.793091,51.526886
17.570229,47.386765,44.793091,51.526886
17.570229,47.386765,44.793091,51.526886
15.515419,47.325363,44.302200,50.962200
14.339035,46.893875,44.548843,51.245922
13.048878,46.984184,44.548843,51.245922
13.048878,46.984184,44.548843,51.245922
10.016077,44.854141,44.539055,51.234661
9.702745,44.220329,44.590805,51.294189
8.230581,43.527729,44.631798,51.341347
7.027008,41.752064,44.714569,51.436562
5.792788,40.099777,44.906502,51.657345
4.190222,37.787811,45.015896,51.783184
3.061069,37.431557,44.891460,51.640045
0.646498,35.565300,44.891460,51.640045
0.646498,35.565300,44.891460,51.640045
-2.490011,34.179092,44.891460,51.640045
-2.490011,34.179092,44.891460,51.640045
-4.416351,33.173138,43.834503,50.424194
-5.219347,33.025787,43.834503,50.424194
-5.219347,33.025787,43.834503,50.424194
-7.540867,33.257713,43.070507,49.545345
-9.442144,32.872841,43.070507,49.545345
-9.442144,32.872841,43.070507,49.545345
-11.292562,34.939735,43.070507,49.545345
-11.292562,34.939735,43.070507,49.545345
-14.844976,35.458992,43.070507,49.545345
-14.844976,35.458992,43.070507,49.545345
-15.395802,35.923920,43.070507,49.545345
-15.395802,35.923920,43.070507,49.545345
-16.840374,36.952225,43.070507,49.545345
-16.840374,36.952225,43.070507,49.545345
-17.062801,37.158371,43.070507,49.545345
-17.062801,37.158371,43.070507,49.545345
-18.612555,36.976311,43.070507,49.545345
-18.612555,36.976311,43.070507,49.545345
-18.681602,38.529671,41.987404,48.299419
-18.255518,39.100662,41.987404,48.299419
-18.255518,39.100662,41.987404,48.299419
-17.682007,39.306526,40.993393,47.155975
-17.175835,39.272785,40.937218,47.091354
-17.038300,39.543491,40.937218,47.091354
-17.038300,39.543491,40.937218,47.091354
-15.589825,38.915176,40.937218,47.091354
-15.589825,38.915176,40.937218,47.091354
-13.660324,39.251598,40.744644,46.869835
-13.414836,39.162392,40.744644,46.869835
-13.414836,39.162392,40.744644,46.869835
-12.402991,39.230457,40.744644,46.869835
-12.402991,39.230457,40.744644,46.869835
-11.062395,40.196609,40.661350,46.774017
-11.022625,41.157604,40.516747,46.607674
-11.258845,41.329578,40.516747,46.607674
-11.258845,41.329578,40.516747,46.607674
-9.356866,41.955837,40.516747,46.607674
-9.356866,41.955837,40.516747,46.607674
-8.416296,40.781357,40.208305,46.252865
-6.777135,41.908424,40.208305,46.252865
-6.777135,41.908424,40.208305,46.252865
-5.256128,40.881493,40.208305,46.252865
-5.256128,40.881493,40.208305,46.252865
-1.846727,38.804306,39.771122,45.749958
-1.133980,37.922043,39.771122,45.749958
-1.133980,37.922043,39.771122,45.749958
0.032911,37.006248,39.551117,45.496883
0.657381,36.864876,39.551117,45.496883
0.657381,36.864876,39.551117,45.496883
4.348196,38.111359,39.551117,45.496883
4.348196,38.111359,39.551117,45.496883
6.125301,37.030060,39.551117,45.496883
6.125301,37.030060,39.551117,45.496883
6.978275,35.983009,39.551117,45.496883
6.978275,35.983009,39.551117,45.496883
8.116129,35.647018,39.551117,45.496883
8.116129,35.647018,39.551117,45.496883
8.079832,35.559982,39.551117,45.496883
8.079832,35.559982,39.551117,45.496883
7.284843,35.736740,39.551117,45.496883
7.284843,35.736740,39.551117,45.496883
7.543709,38.788795,39.551117,45.496883
7.543709,38.788795,39.551117,45.496883
6.915005,39.355034,39.551117,45.496883
6.915005,39.355034,39.551117,45.496883
6.091169,40.025894,39.992863,46.005035
6.238008,40.262749,39.992863,46.005035
6.238008,40.262749,39.992863,46.005035
6.951782,40.318714,39.992863,46.005035
6.951782,40.318714,39.992863,46.005035
8.603765,37.784740,39.992863,46.005035
8.603765,37.784740,39.992863,46.005035
9.632307,37.453651,39.992863,46.005035
9.632307,37.453651,39.992863,46.005035
9.112755,36.962959,39.992863,46.005035
24.503569,18.497482,39.992863,46.005035
24.503569,18.497482,39.992863,46.005035
11.145153,37.232632,39.992863,46.005035
11.145153,37.232632,39.992863,46.005035
14.789202,37.497486,39.992863,46.005035
27.503569,19.497482,39.992863,46.005035
27.503569,19.497482,39.992863,46.005035
20.510050,36.774132,39.992863,46.005035
20.510050,36.774132,39.992863,46.005035
21.815947,39.689140,39.992863,46.005035
16.503569,16.497482,39.992863,46.005035
16.503569,16.497482,39.992863,46.005035
24.660242,36.710808,39.992863,46.005035
58.503571,75.497482,39.992863,46.005035
58.503571,75.497482,39.992863,46.005035
69.403839,81.167816,38.907593,44.756615
68.932869,80.054802,39.024990,44.891659
68.284851,81.237656,39.348099,45.263344
66.614189,77.657814,39.714954,45.685349
66.786285,78.550041,40.005348,46.019398
65.933891,75.851440,40.212368,46.257538
69.347443,77.273483,40.292953,46.350239
66.513092,77.859642,40.394718,46.467300
64.771889,75.562714,40.322498,46.384224
64.747856,77.547386,40.346226,46.411518
64.261551,80.158348,40.367714,46.436237
61.192375,78.033783,40.154068,46.190472
63.643250,81.114075,40.208981,46.253639
61.726868,79.595245,40.184341,46.225300
60.434326,79.576057,40.257465,46.309414
60.264626,78.760559,40.068203,46.091702
59.959175,78.189056,39.849518,45.840141
58.975948,76.329857,39.876137,45.870758
60.265030,78.739120,39.531231,45.474007
58.257042,75.859795,39.070862,44.944427
59.731102,77.413063,38.884464,44.730007
59.132645,77.410980,39.021271,44.887383
58.926376,77.677742,39.134079,45.017151
58.662544,78.014450,39.155155,45.041397
58.625084,77.759865,39.131245,45.013889
58.207153,77.243057,38.949169,44.804443
58.279518,76.725502,39.026569,44.893478
57.984497,76.404861,39.213993,45.109077
57.595310,75.835571,39.100182,44.978157
57.537766,75.116112,38.889263,44.735531
57.418320,75.367279,38.840008,44.678871
56.573830,73.914810,38.726089,44.547825
56.683098,74.967201,38.582607,44.382778
57.818909,76.362679,38.459568,44.241238
58.252712,76.138611,38.295586,44.052605
56.434387,74.870972,38.456539,44.237755
58.289566,76.446053,38.487827,44.273743
55.544418,73.982658,38.434860,44.212818
56.977814,73.939713,38.444824,44.224277
56.170177,73.553650,38.492470,44.279083
56.707455,74.260712,38.573860,44.372711
56.137863,74.227135,38.724274,44.545734
55.338371,73.750031,38.617996,44.423481
59.346886,75.202774,38.570801,44.369194
59.017303,73.360542,38.541153,44.335087
58.728943,75.391174,38.574848,44.373848
60.375900,75.616470,38.505711,44.294319
60.704231,75.230301,38.279709,44.034344
61.529388,73.787987,38.086086,43.811611
65.579208,73.449615,37.962181,43.669079
68.984543,74.249588,37.933952,43.636604
69.877502,73.166412,38.096462,43.823547
72.287613,73.379616,37.916710,43.616772
74.053909,74.721268,37.916710,43.616772
74.053909,74.721268,37.916710,43.616772
77.734436,74.734322,37.916710,43.616772
77.734436,74.734322,37.916710,43.616772
79.807175,74.773331,37.916710,43.616772
79.807175,74.773331,37.916710,43.616772
82.767456,76.283684,37.916710,43.616772
82.767456,76.283684,37.916710,43.616772
86.299652,77.139862,37.916710,43.616772
86.299652,77.139862,37.916710,43.616772
89.486389,76.983437,37.916710,43.616772
89.486389,76.983437,37.916710,43.616772
96.680878,80.154282,37.916710,43.616772
96.680878,80.154282,37.916710,43.616772
100.993195,78.836296,37.916710,43.616772
100.993195,78.836296,37.916710,43.616772
105.939148,79.787872,37.916710,43.616772
105.939148,79.787872,37.916710,43.616772
110.247971,81.180626,37.916710,43.616772
110.247971,81.180626,37.916710,43.616772
114.051620,81.481056,37.916710,43.616772
114.051620,81.481056,37.916710,43.616772
117.659447,80.982330,38.069103,43.792076
119.441032,82.421921,38.069103,43.792076
119.441032,82.421921,38.069103,43.792076
122.195412,81.787064,38.069103,43.792076
122.195412,81.787064,38.069103,43.792076
125.965584,82.250916,38.069103,43.792076
125.965584,82.250916,38.069103,43.792076
129.562469,81.746849,37.798008,43.480228
131.138321,82.005196,37.798008,43.480228
131.138321,82.005196,37.798008,43.480228
134.638870,83.069809,37.677982,43.342155
136.347809,83.760002,37.470146,43.103073
136.820496,85.000404,37.305477,42.913651
138.858871,85.993744,37.084194,42.659103
142.412018,87.348907,37.159039,42.745197
144.249359,87.696037,37.281364,42.885914
146.077759,87.735710,37.304871,42.912952
148.161713,88.846169,37.304871,42.912952
148.161713,88.846169,37.304871,42.912952
152.081314,90.150497,37.503349,43.141270
154.765823,89.997925,37.744160,43.418282
155.930466,90.236877,37.744160,43.418282
155.930466,90.236877,37.744160,43.418282
160.802780,91.974289,37.744160,43.418282
160.802780,91.974289,37.744160,43.418282
165.561523,94.384537,37.744160,43.418282
165.561523,94.384537,37.744160,43.418282
170.181824,95.524994,38.129974,43.862099
173.482178,96.782181,38.129974,43.862099
173.482178,96.782181,38.129974,43.862099
179.032425,97.298248,38.129974,43.862099
179.032425,97.298248,38.129974,43.862099
184.559784,99.509232,38.129974,43.862099
184.559784,99.509232,38.129974,43.862099
189.487228,101.841675,38.129974,43.862099
189.487228,101.841675,38.129974,43.862099
194.038254,103.081024,38.129974,43.862099
194.038254,103.081024,38.129974,43.862099
199.677872,105.165207,37.885044,43.580345
202.260895,105.991272,37.885044,43.580345
202.260895,105.991272,37.885044,43.580345
208.841141,108.735031,38.243732,43.992954
210.678696,110.439774,38.243732,43.992954
210.678696,110.439774,38.243732,43.992954
216.446320,114.477875,39.027622,44.894691
218.456177,114.934189,39.558945,45.505882
222.716461,114.947281,39.730328,45.703033
227.583389,118.071655,39.730328,45.703033
227.583389,118.071655,39.730328,45.703033
230.299362,119.272659,40.330776,46.393745
233.845016,120.136230,40.186924,46.228271
235.969406,121.478920,40.504921,46.594070
237.282089,122.969086,40.358360,46.425476
239.558380,124.001160,40.254398,46.305885
241.712524,126.263130,40.775436,46.905254
242.476135,127.746277,41.312859,47.523468
243.885406,128.554779,41.311211,47.521572
244.763153,130.228256,41.472778,47.707428
246.134079,131.843384,41.739784,48.014572
247.465744,132.725769,41.767612,48.046585
247.436325,133.918945,41.767612,48.046585
247.436325,133.918945,41.767612,48.046585
247.723129,137.454956,41.767612,48.046585
247.723129,137.454956,41.767612,48.046585
245.591766,138.581787,42.047192,48.368191
245.889832,140.022934,42.109325,48.439667
245.648758,141.104782,42.172279,48.512085
245.096527,142.083420,41.607651,47.862576
244.662109,144.747803,41.101818,47.280704
244.996078,145.921432,41.289894,47.497051
244.920563,146.072617,41.364086,47.582394
244.392288,147.336792,40.725933,46.848309
245.143600,148.128693,41.027924,47.195698
245.285004,149.201263,41.236137,47.435215
244.480103,149.655792,40.665279,46.778538
245.476608,150.308853,41.027569,47.195293
244.521530,151.847397,40.717438,46.838535
244.256485,151.162552,40.717438,46.838535
244.256485,151.162552,40.717438,46.838535
243.233582,154.329514,40.160534,46.197910
244.011444,155.736282,39.716118,45.686684
243.007660,155.641327,39.716118,45.686684
243.007660,155.641327,39.716118,45.686684
242.602203,157.280365,39.109848,44.989273
241.590027,157.145950,39.062057,44.934299
240.210464,157.561478,38.815578,44.650768
239.987473,158.906525,38.815578,44.650768
239.987473,158.906525,38.815578,44.650768
237.390213,158.845886,38.815578,44.650768
237.390213,158.845886,38.815578,44.650768
239.254288,158.885971,38.815578,44.650768
239.254288,158.885971,38.815578,44.650768
238.955063,160.253799,38.815578,44.650768
238.955063,160.253799,38.815578,44.650768
238.068878,161.805939,36.519398,42.009399
237.445358,161.749969,36.519398,42.009399
237.445358,161.749969,36.519398,42.009399
236.953842,163.707809,35.746269,41.120045
236.661911,164.837646,35.315533,40.624557
236.076538,165.707031,35.040726,40.308437
235.287201,166.827362,34.772263,39.999615
233.626587,166.977737,34.772263,39.999615
233.626587,166.977737,34.772263,39.999615
231.939178,168.845047,34.772263,39.999615
231.939178,168.845047,34.772263,39.999615
229.440918,169.055237,34.772263,39.999615
229.440918,169.055237,34.772263,39.999615
230.407913,171.966370,33.956806,39.061569
230.023056,172.063980,33.724499,38.794338
230.700928,173.843277,33.724499,38.794338
230.700928,173.843277,33.724499,38.794338
228.374008,176.156372,33.793465,38.873676
228.183167,177.836945,33.691727,38.756645
227.896729,179.472351,33.574142,38.621380
227.212280,179.986313,33.574142,38.621380
227.212280,179.986313,33.574142,38.621380
226.424240,179.789597,33.456295,38.485817
226.424164,179.555405,33.338753,38.350605
227.299194,180.592529,33.216751,38.210262
227.667236,181.469574,33.216751,38.210262
227.667236,181.469574,33.216751,38.210262
227.868179,182.047577,33.161797,38.147049
227.588898,182.081787,33.161797,38.147049
227.588898,182.081787,33.161797,38.147049
