1.000000
0.631317
0.625803
0.625361
0.609425
0.595512
0.607182
0.609888
0.608695
0.634534
0.628974
0.624852
0.632681
0.603480
0.619378
0.619834
0.632084
0.601922
0.618168
0.609746
0.606625
0.610871
0.633373
0.612510
0.632786
0.623233
0.633559
0.648878
0.682304
0.632830
0.640825
0.644604
0.627318
0.620861
0.656229
0.639588
0.623636
0.611235
0.605520
0.587360
0.597489
0.581918
0.604231
0.589332
0.596443
0.589539
0.599571
0.587062
0.582420
0.555790
0.558781
0.592407
0.585124
0.553290
0.558286
0.535041
0.540829
0.570653
0.557750
0.566116
0.558196
0.554293
0.569537
0.579484
0.587356
0.559244
0.590435
0.589835
0.593217
0.601445
0.620805
0.604436
0.611609
0.624276
0.584847
0.624894
0.615799
0.616905
0.603563
0.596399
0.607781
0.629059
0.626739
0.618679
0.620228
0.617419
0.603171
0.590016
0.556527
0.591861
0.566504
0.573503
0.571911
0.605241
0.578861
0.557997
0.576488
0.588102
0.569197
0.572320
0.599557
0.577277
0.611061
0.592538
0.616144
0.601198
0.610695
0.614441
0.588013
0.592640
0.603559
0.599790
0.594767
0.596458
0.584090
0.595158
0.582112
0.600412
0.600731
0.598768
0.599359
0.591730
0.589875
0.588489
0.586878
0.581189
0.573709
0.587412
0.584856
0.609784
0.604822
0.572237
0.570730
0.560431
0.555457
0.601541
0.570111
0.593407
0.596465
0.592553
0.592331
0.613071
0.593698
0.605693
0.622030
0.609367
0.627204
0.616940
0.609909
0.615442
0.612716
0.595132
0.591745
0.574652
0.586472
0.599974
0.604184
0.596765
0.525278
0.542933
0.516483
0.514309
0.502788
0.496056
0.500583
0.492172
0.486386
0.492205
0.465177
0.461516
0.423666
0.410418
0.375668
0.330130
0.290911
0.249966
0.251496
0.249973
0.257045
0.243267
0.243940
0.224909
0.224701
0.262921
0.276237
0.253460
0.247705
0.244428
0.233525
0.250561
0.218421
0.222269
0.191709
0.186605
0.187162
0.222701
0.194340
0.202129
0.201571
0.204393
0.204918
0.260322
0.252304
0.221849
0.233290
0.203771
0.195095
0.275564
0.257020
0.237964
0.231293
0.234050
0.227871
0.272149
0.262728
0.246912
0.226909
0.207720
0.182234
0.228586
0.239413
0.233647
0.221490
0.217670
0.212510
0.284165
0.281840
0.280920
0.296846
0.284654
0.281772
0.326924
0.275525
0.288565
0.280288
0.255141
0.223789
0.263321
0.218350
0.253007
0.257506
0.214514
0.225391
0.288898
0.299388
0.293406
0.291929
0.312628
0.283969
0.347925
0.360273
0.362703
0.367501
0.350205
0.364924
0.386074
0.400215
0.401236
0.419924
0.405008
0.414739
0.454241
0.455059
0.462014
0.448561
0.414212
0.431564
0.491822
0.462663
0.483235
0.432340
0.457016
0.455109
0.487380
0.487161
0.518700
0.497623
0.499240
0.484030
0.513276
0.477093
0.465069
0.450925
0.463850
0.439193
0.477647
0.445042
0.461149
0.473472
0.434735
0.455599
0.464624
0.446341
0.446268
0.465469
0.427502
0.403251
0.443027
0.433994
0.416113
0.400353
0.365126
0.342257
0.371541
0.398264
0.422224
0.375520
0.353267
0.348549
0.376616
0.364725
0.325285
0.336023
0.349958
0.346467
0.347585
0.367804
0.383918
0.364861
0.344035
0.363609
0.388734
0.398488
0.357425
0.377833
0.390653
0.370171
0.421846
0.402609
0.390807
0.345379
0.338493
0.334109
0.337602
0.342484
0.332172
0.317867
0.293905
0.313318
0.299090
0.294449
0.331508
0.355132
0.356590
0.337971
0.390744
0.372860
0.381219
0.355791
0.334613
0.348242
0.393874
0.355549
0.299570
0.303470
0.283712
0.261416
0.255394
0.287352
0.265005
0.315167
0.354466
0.369867
0.431026
0.423501
0.399544
0.378219
0.372123
0.371710
0.379754
0.398838
0.385028
0.401060
0.397482
0.402765
0.434882
0.422729
0.434375
0.424262
0.423100
0.433978
0.448903
0.454643
0.442582
0.450318
0.431008
0.436409
0.437432
0.415284
0.438218
0.424506
0.426633
0.446863
0.446011
0.448863
0.436703
0.420491
0.417987
0.387720
0.400933
0.381620
0.399036
0.390834
0.395899
0.383432
0.396147
0.415387
0.384469
0.375980
0.356849
0.351892
0.399588
0.376242
0.396091
0.383927
0.381054
0.389310
0.430271
0.455679
0.436580
0.456703
0.416366
0.448554
0.476242
0.471483
0.463317
0.469317
0.464003
0.463322
0.497175
0.485820
0.488995
0.488090
0.498246
0.503842
0.524573
0.511455
0.513136
0.518782
0.521467
0.516193
0.553137
0.555781
0.556319
0.571543
0.553859
0.544453
0.560982
0.580805
0.573506
0.575814
0.575522
0.571627
0.592786
0.593779
0.588587
0.581297
0.594026
0.597332
0.602905
0.620761
0.602410
0.588745
0.590626
0.600395
0.619490
0.619125
0.624245
0.607051
0.618263
0.597126
0.608779
0.578038
0.567559
0.531792
0.526431
0.503313
0.491011
0.462693
0.447243
0.422395
0.398294
0.393393
0.383050
0.383753
0.368045
0.355501
0.355655
0.345857
0.366056
0.384016
0.383222
0.361762
0.372714
0.370128
0.407976
0.406397
0.424000
0.396404
0.397303
0.394402
0.429542
0.425615
0.396484
0.400334
0.410367
0.396894
0.435446
0.436822
0.412223
0.418513
0.432408
0.413207
0.483828
0.458618
0.477487
0.480474
0.465098
0.470735
0.485090
0.485325
0.500064
0.474968
0.482763
0.491574
0.504751
0.512254
0.507473
0.499439
0.519334
0.491930
0.511373
0.492500
0.509045
0.507279
0.508406
0.494412
0.514618
0.520220
0.532586
0.533354
0.527043
0.554612
0.561408
0.556055
0.563346
0.557907
0.555538
0.568504
0.578221
0.560976
0.566679
0.568858
0.584730
0.571985
0.552925
0.569642
0.561783
0.550774
0.560361
0.567658
0.581475
0.566055
0.571808
0.571912
0.569026
0.560333
0.582866
0.577444
0.585081
0.580387
0.585943
0.588143
0.578677
0.587111
0.579708
0.580266
0.547813
0.531819
0.531246
0.488518
0.475477
0.416720
0.408771
0.396631
0.402018
0.372997
0.364008
0.338708
0.360416
0.355334
0.384647
0.365979
0.356218
0.329340
0.299058
0.265300
0.300827
0.278216
0.278950
0.245948
0.253377
0.223868
0.254056
0.260889
0.227483
0.232765
0.220646
0.211290
0.248984
0.239234
0.244238
0.233364
0.221465
0.210814
0.275726
0.252677
0.221174
0.174750
0.190976
0.156621
0.212861
0.194384
0.195193
0.183900
0.183020
0.178528
0.214640
0.203109
0.190632
0.202532
0.187738
0.169703
0.232094
0.217385
0.191415
0.230725
0.183793
0.196137
0.217049
0.199791
0.198206
0.193423
0.213627
0.174300
0.192457
0.216057
0.181048
0.172063
0.162561
0.179247
0.205892
0.224514
0.230209
0.203650
0.204928
0.202790
0.238807
0.231127
0.228341
0.209440
0.253091
0.209682
0.269957
0.281074
0.280764
0.297965
0.285494
0.283992
0.345859
0.364930
0.337375
0.328697
0.332638
0.341086
0.371294
0.374436
0.370796
0.371937
0.387011
0.378217
0.422925
0.397011
0.398220
0.382663
0.409006
0.425555
0.429609
0.448461
0.424842
0.416388
0.452508
0.419076
0.436763
0.403605
0.391541
0.388203
0.378777
0.351409
0.378000
0.380179
0.360948
0.356785
0.351295
0.356816
0.370918
0.392118
0.391697
0.375826
0.388901
0.400615
0.385239
0.379454
0.368158
0.352058
0.353429
0.361204
0.392587
0.343710
0.368623
0.358483
0.346128
0.341506
0.385888
0.363250
0.371588
0.375896
0.370944
0.370786
0.393226
0.383116
0.371382
0.377867
0.361239
0.351675
0.365320
0.359502
0.362793
0.318130
0.308074
0.312204
0.326694
0.284892
0.271082
0.284121
0.269559
0.244117
0.244117
0.204001
0.241784
0.234823
0.194591
0.180074
0.199346
0.199346
0.157274
0.156787
0.210919
0.191222
0.199830
0.190640
0.190640
0.195590
0.196089
0.166203
0.196394
0.216054
0.206702
0.158814
0.149068
0.149068
0.141497
0.169731
0.169731
0.130137
0.160741
0.146277
0.118617
0.118617
0.102966
0.102966
0.122350
0.122350
0.135833
0.102750
0.104702
0.092499
0.092499
0.138540
0.109958
0.109958
0.117739
0.091143
0.091143
0.104475
0.104475
0.123258
0.123258
0.114302
0.114302
0.105657
0.105657
0.114447
0.114447
0.100263
0.100263
0.102910
0.102910
0.091143
0.091143
0.083117
0.083117
0.079811
0.079811
0.071032
0.071032
0.100949
0.100949
0.075062
0.073941
0.096074
0.096074
0.090865
0.090865
0.116315
0.122507
0.122507
0.133365
0.133365
0.128555
0.128555
0.128183
0.128183
0.111159
0.111159
0.118353
0.118353
0.127192
0.127192
0.101721
0.101721
0.110305
0.110305
0.092235
0.105821
0.105821
0.108204
0.108204
0.110809
0.110809
0.079163
0.079163
0.074990
0.074990
0.086931
0.080262
0.069824
0.069824
0.082783
0.082783
0.089737
0.083629
0.083629
0.108233
0.108233
0.111717
0.111717
0.095987
0.095987
0.102215
0.102215
0.076726
0.076726
0.080316
0.080316
0.103165
0.103165
0.101173
0.101173
0.082916
0.082916
0.101360
0.101360
0.084646
0.084646
0.082678
0.082678
0.086100
0.086100
0.117521
0.117521
0.112164
0.112164
0.090335
0.105989
0.105989
0.086666
0.086666
0.120655
0.120655
0.089579
0.089579
0.066167
0.066167
0.076040
0.076040
0.082731
0.082731
0.119322
0.119322
0.105212
0.105212
0.079801
0.079801
0.120029
0.120029
0.114841
0.114841
0.109920
0.109920
0.119182
0.105918
0.128975
0.128975
0.133842
0.156301
0.146231
0.146231
0.120583
0.122977
0.159340
0.136909
0.136909
0.158909
0.170802
0.179245
0.212846
0.191659
0.166953
0.148657
0.163488
0.212009
0.178734
0.210083
0.174860
0.198994
0.171707
0.171707
0.158588
0.158588
0.176264
0.176264
0.157527
0.157527
0.153159
0.153159
0.178585
0.178585
0.164653
0.187601
0.191093
0.208516
0.199425
0.215339
0.213680
0.275118
0.245571
0.257847
0.257847
0.232556
0.258432
0.245783
0.254994
0.305769
0.309281
0.279636
0.267326
0.258847
0.233889
0.314202
0.314202
0.281093
0.236108
0.236476
0.236476
0.251968
0.252790
0.255528
0.259891
0.297220
0.305668
0.306717
0.313755
0.289656
0.293377
0.358549
0.368159
0.333376
0.332265
0.368996
0.360503
0.416403
0.389623
0.376461
0.398540
0.369923
0.388995
0.438672
0.421555
0.427601
0.413926
0.410790
0.391586
0.407132
0.421191
0.419118
0.418815
0.411135
0.417886
0.449357
0.435370
0.454564
0.446229
0.440404
0.416002
0.460180
0.478189
0.448991
0.437599
0.422931
0.374340
0.322930
0.354940
0.330656
0.359059
0.354838
0.351397
0.357868
0.356452
0.330241
0.332773
0.342125
0.324282
0.361272
0.351145
0.338257
0.327529
0.307056
0.295018
0.316281
0.287723
0.288815
0.268227
0.278273
0.263195
0.335890
0.338316
0.334500
0.331129
0.317308
0.337565
0.371523
0.367706
0.382428
0.359752
0.355498
0.319248
0.360006
0.305796
0.285763
0.285041
0.255535
0.238203
0.224585
0.194032
0.180652
0.146671
0.151025
0.137392
0.187612
0.209610
0.202686
0.188330
0.183554
0.152461
0.195013
0.251159
0.251340
0.245454
0.239702
0.242245
0.307038
0.303953
0.258279
0.201448
0.188074
0.194556
0.222071
0.192985
0.208172
0.220760
0.203469
0.212568
0.265787
0.257180
0.257020
0.230379
0.214472
0.192548
0.227668
0.254196
0.215869
0.198615
0.188255
0.198742
0.240124
0.251134
0.273585
0.243780
0.244084
0.270957
0.316207
0.321606
0.306922
0.299995
0.311354
0.295528
0.340303
0.326315
0.328635
0.305415
0.316625
0.310918
0.347465
0.363042
0.342742
0.349027
0.354291
0.359266
0.398830
0.431664
0.408287
0.413033
0.409014
0.406627
0.455203
0.453005
0.450719
0.427913
0.430639
0.427735
0.440079
0.440164
0.437401
0.437670
0.431568
0.408076
0.411380
0.443954
0.379179
0.370030
0.343609
0.336266
0.374696
0.338107
0.355870
0.354819
0.347881
0.339754
0.373756
0.363911
0.318759
0.323458
0.291449
0.294978
0.278389
0.278322
0.291105
0.274112
0.313066
0.256720
0.283567
0.322050
0.374042
0.329396
0.340502
0.318555
0.335581
0.341643
0.335600
0.327913
0.269573
0.265064
0.279500
0.227813
0.258948
0.289428
0.278280
0.306479
0.282219
0.341972
0.308664
0.340833
0.329900
0.324437
0.353202
0.357042
0.352005
0.360795
0.360248
0.380651
0.369115
0.378611
0.357180
0.387215
0.370273
0.356611
0.413911
0.391163
0.406240
0.365798
0.356663
0.384116
0.388982
0.382338
0.385441
0.410203
0.396726
0.437254
0.450810
0.435124
0.459897
0.469440
0.462119
0.513462
0.496501
0.495646
0.502836
0.468361
0.467708
0.449054
0.444927
0.481803
0.496032
0.462294
0.465910
0.427806
0.486670
0.485238
0.459227
0.483726
0.489437
0.485069
0.472647
0.447318
0.440124
0.451138
0.467350
0.437522
0.489093
0.454872
0.483005
0.453101
0.444750
0.462629
0.452145
0.441077
0.466314
0.437073
0.432837
0.435954
0.413425
0.428541
0.427473
0.403628
0.405503
0.394251
0.444445
0.421461
0.419819
0.405333
0.421915
0.410191
0.467489
0.447988
0.430040
0.423752
0.449509
0.445548
0.451060
0.460384
0.430871
0.414052
0.447984
0.453335
0.453515
0.449235
0.438739
0.436080
0.442761
0.430478
0.475988
0.471674
0.484993
0.427387
0.438169
0.434150
0.422473
0.437930
0.435394
0.440169
0.423981
0.458179
0.455985
0.445426
0.451103
0.448170
0.444697
0.425484
0.455078
0.457474
0.446751
0.473663
0.470746
0.481124
0.480304
0.503037
0.501236
0.498799
0.504728
0.502835
0.505220
0.548372
0.519913
0.543085
0.542022
0.543802
0.542147
0.565251
0.528954
0.517229
0.536229
0.497346
0.555520
0.546465
0.534999
0.524418
0.521189
0.511714
0.533979
0.565062
0.528887
0.532757
0.487200
0.493361
0.505197
0.503718
0.488468
0.479901
0.499882
0.503215
0.529277
0.558836
0.542414
0.527124
0.532271
0.539545
0.550094
0.565044
0.536370
0.530733
0.567365
0.543753
0.565862
0.551467
0.545366
0.513299
0.557106
0.514259
0.554804
0.541942
0.514595
0.507293
0.480778
0.468633
0.510389
0.538724
0.503299
0.514741
0.509997
0.497074
0.490107
0.447957
0.468783
0.466009
0.472988
0.455654
0.480340
0.497010
0.500825
0.493439
0.462089
0.492280
0.528637
0.528071
0.512187
0.510225
0.533689
0.501699
0.525546
0.534414
0.525198
0.523307
0.517482
0.502484
0.523758
0.512042
0.512793
0.508590
0.519930
0.493804
0.511544
0.527433
0.510977
0.524467
0.522216
0.524826
0.520294
0.520012
0.526154
0.553782
0.549195
0.543526
0.536529
0.495858
0.544722
0.527715
0.508259
0.548564
0.542253
0.548642
0.528724
0.580430
0.547944
0.549546
0.576417
0.583590
0.564050
0.561305
0.549718
0.559495
0.603790
0.576692
0.576559
0.571222
0.594328
0.579625
0.599172
0.576725
0.578047
0.602299
0.594434
0.574661
0.567840
0.540144
0.547215
0.570134
0.551214
0.584450
0.568884
0.552103
0.531961
0.560280
0.567993
0.565742
0.568967
0.581599
0.564602
0.557592
0.559723
0.539212
0.565972
0.550224
0.552058
0.570833
0.570571
0.570188
0.545766
0.545606
0.548031
0.520716
0.557664
0.535668
0.560133
0.544582
0.538488
0.558648
0.540536
0.560695
0.557095
0.570900
0.558658
0.575897
0.591566
0.592950
0.598938
0.593084
0.568703
0.580698
0.548195
0.594849
0.595575
0.590273
0.598275
0.605087
0.612430
0.627860
0.597926
0.590349
0.602757
0.584102
0.572622
0.580427
0.563538
0.544664
0.573627
0.557951
0.583795
0.565718
0.577780
0.578628
0.568294
0.565522
0.549610
0.557730
0.559796
0.507482
0.520041
0.513919
0.510960
0.519420
0.535737
0.522746
0.497271
0.493583
0.505455
0.490630
0.500326
0.469103
0.448097
0.440629
0.449907
0.431523
0.454858
0.440667
0.461469
0.443394
0.473112
0.430604
0.479508
0.466441
0.447169
0.442363
0.437277
0.427660
0.432063
0.399911
0.408607
0.401306
0.380520
0.387481
0.417105
0.395297
0.394697
0.403020
0.383955
0.364247
0.421453
0.396395
0.386903
0.400323
0.391879
0.390944
0.394921
0.412464
0.392825
0.394901
0.365144
0.365097
0.384935
0.387968
0.391805
0.366197
0.373491
0.349053
0.382127
0.367766
0.368963
0.354543
0.351007
0.351181
0.370473
0.370084
0.351672
0.347910
0.349719
0.367756
0.397216
0.380681
0.386111
0.373016
0.385291
0.373949
0.400073
0.411138
0.421293
0.412909
0.395111
0.419862
0.435382
0.445880
0.455904
0.454825
0.448632
0.473248
0.514243
0.532536
0.517649
0.530606
0.511206
0.536277
0.571916
0.548288
0.568518
0.554220
0.566389
0.582866
0.595981
0.573599
0.601647
0.572982
0.574410
0.587905
0.589432
0.516123
0.529843
0.483502
0.460068
0.468786
0.448276
0.429790
0.409146
0.380789
0.377256
0.351431
0.363406
0.347309
0.336396
0.324789
0.310859
0.285863
0.323392
0.321165
0.332306
0.313408
0.354062
0.353589
0.402622
0.417155
0.429528
0.432158
0.433327
0.442591
0.473639
0.485880
0.506535
0.507741
0.500766
0.517335
0.535387
0.556696
0.542925
0.549410
0.532517
0.548064
0.556388
0.558475
0.544815
0.542348
0.547573
0.510949
0.570629
0.540417
0.564535
0.558636
0.530167
0.545064
0.566021
0.560098
0.540336
0.542128
0.531034
0.503156
0.526094
0.487971
0.481056
0.479228
0.459940
0.464304
0.476558
0.480700
0.486049
0.497062
0.472365
0.462843
0.477323
0.440058
0.387329
0.361227
0.356243
0.326269
0.343923
0.319169
0.300600
0.291628
0.297068
0.301814
0.305611
0.294920
0.276719
0.265875
0.254456
0.242865
0.253929
0.242372
0.240187
0.259055
0.232761
0.257989
0.322211
0.289413
0.270838
0.270771
0.238731
0.248132
0.288620
0.252179
0.241240
0.266302
0.232267
0.254287
0.302142
0.322262
0.343189
0.364707
0.355932
0.334476
0.320313
0.244707
0.225805
0.177316
0.180312
0.168438
0.168856
0.133129
0.102703
0.083704
0.137569
0.134301
0.145307
0.122607
0.122607
0.106907
0.133119
0.133119
0.109825
0.144556
0.144556
0.133272
0.133272
0.114308
0.114308
0.129574
0.129574
0.111954
0.111954
0.149850
0.132688
0.132688
0.149304
0.149304
0.135840
0.135840
0.115123
0.115123
0.137446
0.137446
0.102741
0.102741
0.096737
0.096737
0.131619
0.131619
0.098474
0.098474
0.115507
0.115507
0.139859
0.139859
0.103902
0.103902
0.114394
0.114394
0.133586
0.117743
0.117743
0.123949
0.122411
