265,141.9,57.667,120.3
262.9,141.2,57.667,120.3
261.82,141.35,57.667,120.3
259.15,139.69,57.667,120.3
258.66,139.98,57.667,120.3
255.12,135.76,57.667,120.3
255.09,139.07,57.667,120.3
250.07,131.44,57.667,120.3
250.1,136.18,57.667,120.3
243.7,127.4,57.667,120.3
241.01,133.9,57.667,120.3
236.66,124.11,57.667,120.3
231.16,132.42,57.667,120.3
232.89,126.08,57.667,120.3
225.23,129.49,57.667,120.3
226.81,123.87,57.667,120.3
223.18,122.98,57.667,120.3
223.53,118.68,57.667,120.3
221.96,120.6,57.667,120.3
222.25,116.69,57.667,120.3
218.56,116.55,57.667,120.3
220.57,113.31,57.667,120.3
216.17,112.16,57.667,120.3
216.42,110.42,57.667,120.3
212.7,109.54,57.667,120.3
211.92,108.19,57.667,120.3
208.1,107.57,57.667,120.3
206.05,107.56,57.667,120.3
201.93,106.06,57.667,120.3
199.23,104,57.667,120.3
193.07,103.93,57.667,120.3
192.56,102.54,57.667,120.3
186.17,102.95,57.667,120.3
185.81,99.921,57.667,120.3
183.2,100.06,57.667,120.3
181.09,98.41,57.667,120.3
182.43,99.109,57.667,120.3
179.01,96.362,57.667,120.3
182.11,97.939,57.667,120.3
179.38,93.189,57.667,120.3
181.04,97.241,57.667,120.3
182.03,91.693,57.667,120.3
181.68,96.572,57.667,120.3
183.44,91.207,57.667,120.3
183.36,94.256,57.667,120.3
185.02,91.105,57.667,120.3
187.22,93.098,57.667,120.3
186.42,91.114,57.667,120.3
191.77,92.065,57.667,120.3
192.23,90.263,57.667,120.3
197.47,91.75,57.667,120.3
198.89,90.52,57.667,120.3
205.62,90.532,57.667,120.3
205.81,90.23,57.667,120.3
213.08,89.907,57.667,120.3
213.02,89.26,57.667,120.3
219.27,89.22,57.667,120.3
217.95,88.476,57.667,120.3
225.48,89.093,57.667,120.3
222.62,87.642,57.667,120.3
230.32,90.413,57.667,120.3
226.92,88.158,57.667,120.3
235.88,90.699,57.667,120.3
233.32,89.119,57.667,120.3
239.01,89.477,57.667,120.3
240.27,89.961,57.667,120.3
244.28,86.839,57.667,120.3
246.73,90.711,57.667,120.3
252.17,84.219,57.667,120.3
253.66,87.626,57.667,120.3
257.33,82.41,57.667,120.3
258.61,86.273,57.667,120.3
263.03,79.546,57.667,120.3
263.57,85.792,57.667,120.3
266.68,77.025,57.667,120.3
267.28,82.603,57.667,120.3
271.27,76.624,57.667,120.3
271.75,81.075,57.667,120.3
277.23,73.46,57.667,120.3
276.2,83.215,54.921,114.57
283.45,74.264,54.921,114.57
282.2,80.584,54.921,114.57
287.95,78.2,52.306,109.12
284.32,82.255,52.306,109.12
291.41,76.837,52.306,109.12
284.65,80.818,52.306,109.12
294.52,76.562,52.306,109.12
284.73,81.588,52.306,109.12
295.72,77.247,52.306,109.12
285.46,82.872,52.306,109.12
295,77.248,52.306,109.12
284.81,81.705,52.306,109.12
295.45,78.709,52.306,109.12
288.65,79.891,52.306,109.12
294.16,81.194,52.306,109.12
291.62,78.267,52.306,109.12
295.92,81.503,52.306,109.12
293.06,76.837,52.306,109.12
299.11,81.623,52.306,109.12
295.53,74.893,52.306,109.12
299.66,81.111,52.306,109.12
298.72,76.072,52.306,109.12
302.1,80.505,52.306,109.12
299.55,77.233,52.306,109.12
304.77,83.162,52.306,109.12
305.35,79.575,52.306,109.12
308.4,82.867,52.306,109.12
310.79,81.988,52.306,109.12
314.77,85.275,52.306,109.12
315.58,84.929,52.306,109.12
320.28,85.888,52.306,109.12
319.51,83.847,52.306,109.12
321.68,86.419,52.306,109.12
325.79,84.443,52.306,109.12
326.07,85.121,52.306,109.12
328.77,86.519,52.306,109.12
329.68,83.928,52.306,109.12
336.63,85.737,52.306,109.12
335.87,82.742,52.306,109.12
342.9,83.05,52.306,109.12
342.12,83.117,52.306,109.12
344.21,81.45,52.306,109.12
345.91,81.04,52.306,109.12
346.34,81.419,52.306,109.12
348.51,81.018,52.306,109.12
347.39,79.691,52.306,109.12
350.27,78.358,52.306,109.12
347.82,79.907,52.306,109.12
349.08,78.088,52.306,109.12
347.3,76.359,52.306,109.12
348.16,77.277,52.306,109.12
346.87,75.208,52.306,109.12
347.27,76.184,52.306,109.12
347.64,75.585,52.306,109.12
348.42,74.242,52.306,109.12
347.63,75.177,52.306,109.12
348.97,73.718,52.306,109.12
348.09,72.439,52.306,109.12
350.55,72.742,52.306,109.12
352.05,68.075,52.306,109.12
351.38,70.155,52.306,109.12
354.51,65.245,52.306,109.12
354.33,65.862,52.306,109.12
354.13,59.724,52.306,109.12
353.66,62.322,52.306,109.12
353.77,59.323,52.306,109.12
354.51,61.253,52.306,109.12
352.76,59.274,52.306,109.12
354.51,59.955,52.306,109.12
352.31,58.858,52.306,109.12
353.88,60.576,52.306,109.12
352.09,58.848,52.306,109.12
354.19,60.854,52.306,109.12
352.75,57.819,52.306,109.12
354.5,61.035,52.306,109.12
353.01,57.318,52.306,109.12
353.05,62.061,52.306,109.12
353.93,57.4,52.306,109.12
352.34,62.572,52.306,109.12
355.06,57.452,52.306,109.12
350.89,63.012,52.306,109.12
355.6,57.989,52.306,109.12
352.46,62.452,52.306,109.12
355.84,57.782,52.306,109.12
353.06,61.803,52.306,109.12
355.31,58.405,52.306,109.12
353.82,63.248,52.306,109.12
356.99,59.566,52.306,109.12
352.81,61.759,52.306,109.12
358.33,60.151,52.306,109.12
353.11,62.247,52.306,109.12
356.94,60.834,52.306,109.12
354.15,61.287,52.306,109.12
356.54,62.147,52.306,109.12
355.43,60.523,52.306,109.12
356.1,60.744,52.306,109.12
354.9,61.765,52.306,109.12
355.38,60.541,52.306,109.12
355.8,60.978,52.306,109.12
355.48,61.852,52.306,109.12
355.14,59.583,52.306,109.12
355.14,61.281,52.306,109.12
355.45,61.909,52.306,109.12
354.99,61.635,52.306,109.12
354.73,61.226,52.306,109.12
356.01,62.414,52.306,109.12
353.22,61.54,52.306,109.12
355.7,60.955,52.306,109.12
355.02,61.622,52.306,109.12
353.93,60.819,52.306,109.12
354.15,62.148,52.306,109.12
354.21,62.34,52.306,109.12
353.51,62.929,52.306,109.12
354.16,62.412,52.306,109.12
352.25,65.028,52.306,109.12
352.29,63.633,52.306,109.12
352.08,66.02,52.306,109.12
351.2,66.113,52.306,109.12
350.98,68.416,52.306,109.12
350.12,69.04,52.306,109.12
351.01,69.154,52.306,109.12
350.3,70.647,52.306,109.12
351.4,69.158,52.306,109.12
351.17,72.185,52.306,109.12
351.37,70.233,52.306,109.12
351.98,72.779,52.306,109.12
351.26,70.509,52.306,109.12
352.62,72.761,52.306,109.12
352.63,72.999,52.306,109.12
352.51,75.255,52.306,109.12
352.61,74.863,52.306,109.12
352.97,75.312,52.306,109.12
351.73,75.738,52.306,109.12
353.9,74.22,52.306,109.12
350.53,76.561,52.306,109.12
354.49,73.524,52.306,109.12
350.68,76.083,52.306,109.12
353.65,74.596,52.306,109.12
350.35,75.902,52.306,109.12
351.63,75.931,52.306,109.12
350.67,76.542,52.306,109.12
351.31,75.958,52.306,109.12
349.64,77.576,52.306,109.12
350.93,75.695,52.306,109.12
348.38,77.694,52.306,109.12
350.21,75.697,52.306,109.12
348.13,77.223,52.306,109.12
348.8,76.736,52.306,109.12
348.62,76.221,52.306,109.12
348.01,77.11,52.306,109.12
346.12,75.319,52.306,109.12
347.22,76.951,52.306,109.12
345.97,73.936,52.306,109.12
346.66,75.505,52.306,109.12
347.35,71.902,52.306,109.12
346.28,74.318,52.306,109.12
346.59,71.915,52.306,109.12
346.44,72.308,52.306,109.12
346.22,71.581,52.306,109.12
345.56,69.662,52.306,109.12
346.12,70.464,52.306,109.12
344.89,69.183,52.306,109.12
345.74,70.645,52.306,109.12
346.48,68.241,52.306,109.12
345.33,71.691,52.306,109.12
346.25,66.581,52.306,109.12
345.86,71.197,52.306,109.12
345.43,67.557,52.306,109.12
347.07,69.548,52.306,109.12
345.26,67.586,52.306,109.12
347.42,69.207,52.306,109.12
346.41,68.766,52.306,109.12
348.13,68.705,52.306,109.12
347.14,68.904,52.306,109.12
348.17,69.206,52.306,109.12
347.95,69.662,52.306,109.12
347.98,69.319,52.306,109.12
348.24,70.669,52.306,109.12
348.67,68.504,52.306,109.12
349.74,70.262,52.306,109.12
348.72,69.986,52.306,109.12
349.98,70.408,52.306,109.12
348.64,70.904,52.306,109.12
352.01,69.514,52.306,109.12
348.87,70.542,52.306,109.12
351.11,70.21,52.306,109.12
349.4,71.525,52.306,109.12
351.25,68.581,52.306,109.12
348.05,71.167,52.306,109.12
350.95,68.596,52.306,109.12
348.98,69.392,52.306,109.12
349.93,70.684,52.306,109.12
348.59,66.67,52.306,109.12
349.38,68.856,52.306,109.12
348.44,65.164,52.306,109.12
348.33,68.215,52.306,109.12
348.35,63.922,52.306,109.12
348.48,67.33,52.306,109.12
348.68,63.671,52.306,109.12
349.53,66.051,52.306,109.12
348.11,63.582,52.306,109.12
349.19,63.405,52.306,109.12
349.1,63.902,52.306,109.12
349.86,63.894,52.306,109.12
348.61,64.332,52.306,109.12
351.02,63.994,52.306,109.12
346.93,64.408,52.306,109.12
350.42,63.793,52.306,109.12
348.27,63.194,52.306,109.12
349.29,62.316,52.306,109.12
348.61,64.898,52.306,109.12
349.92,61.288,52.306,109.12
347.81,65.611,52.306,109.12
351.08,60.22,52.306,109.12
347.09,66.484,52.306,109.12
350.2,59.923,52.306,109.12
348.54,66.858,52.306,109.12
350.72,61.186,52.306,109.12
349.27,68.712,52.306,109.12
349.85,60.958,52.306,109.12
348.67,68.096,52.306,109.12
351.15,61.834,52.306,109.12
347.39,66.481,52.306,109.12
350.88,60.669,52.306,109.12
346.33,65.237,52.306,109.12
351.42,62.923,52.306,109.12
347.03,62.36,52.306,109.12
349.57,62.796,52.306,109.12
348.22,61.199,52.306,109.12
349.02,62.495,52.306,109.12
347.79,60.776,52.306,109.12
350.89,62.512,52.306,109.12
346.48,61.031,52.306,109.12
351.29,62.948,52.306,109.12
347.17,61.422,52.306,109.12
350.92,64.166,52.306,109.12
347.24,61.235,52.306,109.12
351.45,63.831,52.306,109.12
348.32,60.193,52.306,109.12
351.11,64.26,52.306,109.12
349.03,60.771,52.306,109.12
350.01,62.859,52.306,109.12
349.82,61.534,52.306,109.12
352.14,62.387,52.306,109.12
349.53,63.176,52.306,109.12
352.51,62.167,52.306,109.12
350.03,62.268,52.306,109.12
351.23,61.198,52.306,109.12
350.52,62.889,52.306,109.12
352,61.263,52.306,109.12
349.91,62.321,52.306,109.12
351.49,63.187,52.306,109.12
351.89,62.05,52.306,109.12
350.41,62.437,52.306,109.12
352.89,63.153,52.306,109.12
349.67,62.604,52.306,109.12
353.12,63.107,52.306,109.12
349.83,62.996,52.306,109.12
354.17,62.763,52.306,109.12
349.87,61.598,52.306,109.12
353.64,62.298,52.306,109.12
351.8,61.939,52.306,109.12
353.68,61.725,52.306,109.12
351.91,60.446,52.306,109.12
352.31,60.751,52.306,109.12
352.98,61.279,52.306,109.12
352.09,61.55,52.306,109.12
352.9,60.483,52.306,109.12
352.13,60.162,52.306,109.12
353.31,62.073,52.306,109.12
352.7,60.736,52.306,109.12
353.98,61.955,52.306,109.12
351.68,60.7,52.306,109.12
354.97,62.455,52.306,109.12
351.51,55.059,54.921,114.57
353.78,61.751,54.921,114.57
353.8,49.947,57.667,120.3
353.62,58.423,57.667,120.3
353.47,52.642,57.667,120.3
353.5,58.796,57.667,120.3
353.75,54.417,57.667,120.3
354.09,58.378,57.667,120.3
354.49,54.919,57.667,120.3
353.72,58.145,57.667,120.3
354.24,56.599,57.667,120.3
352.85,58.974,57.667,120.3
355.17,55.841,57.667,120.3
353.66,61.15,57.667,120.3
353.92,55.282,57.667,120.3
353.97,61.019,57.667,120.3
353.38,55.744,57.667,120.3
352.76,61.664,57.667,120.3
353.91,56.368,57.667,120.3
353.43,61.962,57.667,120.3
352.91,55.764,57.667,120.3
354.5,62.212,57.667,120.3
353.04,56.432,57.667,120.3
354.03,59.687,57.667,120.3
354.29,58.325,57.667,120.3
352.8,58.602,57.667,120.3
354.97,57.405,57.667,120.3
353.66,58.332,57.667,120.3
354.62,56.496,57.667,120.3
353.99,58.241,57.667,120.3
355.11,54.98,57.667,120.3
354.47,57.222,57.667,120.3
353.98,56.401,57.667,120.3
355.14,55.859,57.667,120.3
354.82,55.7,57.667,120.3
354.66,57.443,57.667,120.3
354.24,54.587,57.667,120.3
353.83,57.719,57.667,120.3
354.69,54.128,57.667,120.3
354.15,55.066,57.667,120.3
355.23,53.614,57.667,120.3
352.62,56.831,57.667,120.3
355.3,53.533,57.667,120.3
352.73,55.885,57.667,120.3
355.3,54.285,57.667,120.3
351.69,58.49,54.921,114.57
356.9,59.055,52.306,109.12
353.63,61.393,52.306,109.12
358,59.389,52.306,109.12
353.5,62.071,52.306,109.12
358.64,58.134,52.306,109.12
354.17,62.15,52.306,109.12
357.32,58.232,52.306,109.12
355.18,62.99,52.306,109.12
357.46,58.135,52.306,109.12
355.27,61.644,52.306,109.12
357.24,58.167,52.306,109.12
355.2,61.831,52.306,109.12
357.01,57.576,52.306,109.12
354.28,60.803,52.306,109.12
357.54,58.434,52.306,109.12
354.69,61.501,52.306,109.12
357.33,57.412,52.306,109.12
355.1,65.776,49.815,103.92
357.64,60.596,49.815,103.92
356.54,63.041,49.815,103.92
356.83,60.013,49.815,103.92
356.87,63.854,49.815,103.92
356.46,60.901,49.815,103.92
355.78,62.695,49.815,103.92
356.52,60.807,49.815,103.92
355.03,62.433,49.815,103.92
356.69,61.489,49.815,103.92
353.63,61.526,49.815,103.92
355.05,62.199,49.815,103.92
352.73,62.426,49.815,103.92
352.98,63.871,49.815,103.92
353.44,62.776,49.815,103.92
351.86,65.373,49.815,103.92
352.8,63.303,49.815,103.92
352.79,67.719,49.815,103.92
352.13,69.364,49.815,103.92
351.22,72.261,49.815,103.92
350.19,69.402,52.306,109.12
348.62,71.897,52.306,109.12
348.85,68.871,52.306,109.12
347.34,71.95,52.306,109.12
344.45,73.297,52.306,109.12
344.15,74.297,52.306,109.12
339.7,74.46,52.306,109.12
313.72,60.214,52.306,109.12
311.93,64.761,52.306,109.12
310.3,59.796,52.306,109.12
311.1,64.034,52.306,109.12
310.56,63.53,52.306,109.12
311.08,64.186,52.306,109.12
310.95,69.753,52.306,109.12
311.46,69.095,52.306,109.12
309.46,71.47,52.306,109.12
309.9,69.867,52.306,109.12
305.62,72.02,52.306,109.12
308.33,70.208,52.306,109.12
301.11,73.276,52.306,109.12
302.47,70.76,52.306,109.12
293.97,72.13,52.306,109.12
290.21,68.62,52.306,109.12
285.65,70.269,52.306,109.12
279.95,66.865,52.306,109.12
270.52,62.934,52.306,109.12
274.17,66.376,52.306,109.12
270.56,68.781,52.306,109.12
270.54,65.686,52.306,109.12
267.74,69.113,52.306,109.12
267.44,68.452,52.306,109.12
263.78,68.286,52.306,109.12
262.94,71.125,52.306,109.12
258.48,68.308,52.306,109.12
256.26,70.334,52.306,109.12
251.56,69.184,52.306,109.12
248.88,68.957,52.306,109.12
243.96,68.352,52.306,109.12
241.45,70.393,52.306,109.12
240.43,68.687,52.306,109.12
234.43,68.639,52.306,109.12
234.41,68.986,52.306,109.12
230.98,69.541,52.306,109.12
230.37,68.509,52.306,109.12
228.63,69.446,52.306,109.12
228.36,68.445,52.306,109.12
226.39,69.591,52.306,109.12
226.14,68.407,52.306,109.12
223.87,71.639,52.306,109.12
222.62,68.127,52.306,109.12
221.67,73.126,52.306,109.12
220.43,69.296,52.306,109.12
218.91,72.029,52.306,109.12
217.61,68.71,52.306,109.12
218.59,71.027,52.306,109.12
215.7,69.961,52.306,109.12
215.89,70.789,52.306,109.12
212.82,69.443,52.306,109.12
216.59,69.428,52.306,109.12
211.31,70.895,52.306,109.12
215.51,70.581,52.306,109.12
211.21,69.377,52.306,109.12
214.94,72.91,52.306,109.12
210.51,69.562,52.306,109.12
215.5,72.975,52.306,109.12
211.28,70.81,52.306,109.12
212.96,73.814,52.306,109.12
210.15,73.056,52.306,109.12
211.8,74.681,52.306,109.12
211.71,72.473,52.306,109.12
210.37,75.006,52.306,109.12
210.17,74.08,52.306,109.12
209.68,75.176,52.306,109.12
211.16,75.334,52.306,109.12
209.76,76.2,52.306,109.12
213.42,76.456,52.306,109.12
210.19,75.739,52.306,109.12
213.57,77.201,52.306,109.12
212.87,76.804,52.306,109.12
213.28,76.612,52.306,109.12
215.21,75.816,52.306,109.12
214.61,76.547,52.306,109.12
216.8,74.091,52.306,109.12
215.84,76.36,52.306,109.12
217.25,74.204,52.306,109.12
213.64,75.277,52.306,109.12
216.18,73.815,52.306,109.12
210.15,74.639,52.306,109.12
210.91,73.993,52.306,109.12
204.87,76.306,52.306,109.12
204.19,75.125,52.306,109.12
199.84,75.08,52.306,109.12
198.79,74.009,52.306,109.12
194.23,74.409,52.306,109.12
191.32,74.22,52.306,109.12
188.64,73.941,52.306,109.12
186.11,72.633,52.306,109.12
181.85,72.805,52.306,109.12
181.58,72.12,52.306,109.12
176.42,72.388,52.306,109.12
175.22,72.388,52.306,109.12
170.42,70.935,52.306,109.12
169.49,70.883,52.306,109.12
165.11,70.196,52.306,109.12
162.93,70.63,52.306,109.12
157.35,68.486,52.306,109.12
155.85,70.227,52.306,109.12
150.25,69.715,52.306,109.12
150.24,68.89,52.306,109.12
145.18,69.249,52.306,109.12
143.59,69.361,52.306,109.12
140.43,69.151,52.306,109.12
137.2,68.473,52.306,109.12
132.23,68.188,52.306,109.12
130.6,69.79,52.306,109.12
126.57,68.393,52.306,109.12
123.12,70.629,52.306,109.12
119.27,68.66,52.306,109.12
115.58,71.882,52.306,109.12
113.81,70.563,52.306,109.12
109.32,73.084,52.306,109.12
106.63,73.612,52.306,109.12
102.33,73.638,52.306,109.12
100.11,75.476,52.306,109.12
94.667,74.178,52.306,109.12
93.641,78.313,52.306,109.12
88.491,76.196,52.306,109.12
87.199,78.105,52.306,109.12
82.941,78.392,52.306,109.12
80.935,78.831,52.306,109.12
76.889,77.649,52.306,109.12
76.191,79.73,52.306,109.12
72.464,78.868,52.306,109.12
71.344,82.811,52.306,109.12
68.442,79.864,52.306,109.12
67.258,84.165,52.306,109.12
63.287,82.585,52.306,109.12
62.589,83.179,52.306,109.12
59.896,83.904,52.306,109.12
58.312,82.959,52.306,109.12
56.868,84.222,52.306,109.12
54.569,84.821,52.306,109.12
54.89,83.538,52.306,109.12
50.245,84.423,52.306,109.12
52.479,86.803,52.306,109.12
48.613,84.992,52.306,109.12
50.39,88.364,52.306,109.12
45.428,86.142,52.306,109.12
48.903,87.547,52.306,109.12
42.989,86.887,52.306,109.12
48.187,88.895,52.306,109.12
41.533,87.277,52.306,109.12
48.172,89.258,52.306,109.12
41.78,88.1,52.306,109.12
48.306,89.571,52.306,109.12
42.284,86.91,52.306,109.12
47.88,90.761,52.306,109.12
44.729,87.091,52.306,109.12
49.954,91.44,52.306,109.12
46.763,88.166,52.306,109.12
55.337,90.274,52.306,109.12
49.472,85.903,52.306,109.12
58.235,88.894,52.306,109.12
53.571,84.072,52.306,109.12
61.245,88.002,52.306,109.12
58.778,83.54,52.306,109.12
66.734,86.523,52.306,109.12
65.349,82.74,52.306,109.12
69.854,86.417,52.306,109.12
69.44,84.358,52.306,109.12
75.865,85.808,52.306,109.12
73.177,83.097,52.306,109.12
79.79,86.238,52.306,109.12
79.616,83.497,52.306,109.12
83.156,84.276,52.306,109.12
82.219,83.795,52.306,109.12
88.186,82.658,52.306,109.12
88.941,82.785,52.306,109.12
93.425,80.929,52.306,109.12
95.645,81.229,52.306,109.12
100.43,79.785,52.306,109.12
103.75,77.68,52.306,109.12
109.41,77.203,52.306,109.12
111.77,76.673,52.306,109.12
118.08,74.65,52.306,109.12
119.29,75.889,52.306,109.12
126.53,74.085,52.306,109.12
129.55,74.691,52.306,109.12
134.73,71.907,52.306,109.12
138.77,74.155,52.306,109.12
142.7,70.281,52.306,109.12
147.66,73.526,52.306,109.12
150.95,69.01,52.306,109.12
154.07,73.578,52.306,109.12
159.38,68.475,52.306,109.12
161.84,73.893,52.306,109.12
167.76,69.488,52.306,109.12
169.38,72,52.306,109.12
174.99,71.476,52.306,109.12
175.77,72.347,52.306,109.12
182.5,73.631,52.306,109.12
181.73,71.854,52.306,109.12
189.12,74.362,52.306,109.12
186.91,74.132,52.306,109.12
193.62,74.565,52.306,109.12
194.21,73.826,52.306,109.12
197.74,75.997,52.306,109.12
200.21,76.44,52.306,109.12
200.46,77.271,52.306,109.12
204.86,76.743,52.306,109.12
203.41,77.763,52.306,109.12
209.12,77.286,52.306,109.12
207.21,80.228,52.306,109.12
213.75,78.273,52.306,109.12
213.61,81.675,52.306,109.12
217.48,78.734,52.306,109.12
218.15,81.573,52.306,109.12
221.25,79.733,52.306,109.12
222.66,81.665,52.306,109.12
226.46,79.879,52.306,109.12
226.35,81.707,52.306,109.12
229.27,79.511,52.306,109.12
230.51,80.817,52.306,109.12
233.28,79.817,52.306,109.12
234.09,80.564,52.306,109.12
236.4,79.22,52.306,109.12
239.18,81.215,52.306,109.12
240.39,79.658,52.306,109.12
244.12,80.318,52.306,109.12
244.38,81.226,52.306,109.12
249.33,80.892,52.306,109.12
249.59,81.174,52.306,109.12
255.23,82.219,52.306,109.12
255.19,82.842,52.306,109.12
260.96,82.431,52.306,109.12
260.47,84.791,52.306,109.12
266.84,81.794,52.306,109.12
267.54,85.021,52.306,109.12
271.41,81.867,52.306,109.12
273.21,85.085,52.306,109.12
276.04,83.642,52.306,109.12
278.08,84.049,52.306,109.12
281.04,85.721,52.306,109.12
282.97,84.081,52.306,109.12
285.41,86.332,52.306,109.12
288.3,84.696,52.306,109.12
289.24,85.078,52.306,109.12
292.42,85.834,52.306,109.12
293.73,84.547,52.306,109.12
297.7,84.774,52.306,109.12
297.86,84.994,52.306,109.12
299.69,85.062,52.306,109.12
303.21,84.388,52.306,109.12
303.47,85.438,52.306,109.12
307.54,83.857,52.306,109.12
308.19,83.819,52.306,109.12
310.53,82.307,52.306,109.12
312.88,83.441,52.306,109.12
313.23,81.141,52.306,109.12
317.45,80.908,52.306,109.12
318,81.024,52.306,109.12
320.54,80.615,52.306,109.12
322.11,79.583,52.306,109.12
323.71,79.462,52.306,109.12
327.07,79.163,52.306,109.12
326.66,80.772,52.306,109.12
332.4,77.189,52.306,109.12
330.95,81.652,52.306,109.12
336.58,76.009,52.306,109.12
336.8,82.285,52.306,109.12
342.54,76.148,52.306,109.12
341.58,81.603,52.306,109.12
348.99,75.01,52.306,109.12
346.7,80.996,52.306,109.12
356.62,75.047,52.306,109.12
353.28,79.902,52.306,109.12
361.45,73.82,52.306,109.12
359.69,78.15,52.306,109.12
367.6,74.35,52.306,109.12
366.27,76.41,52.306,109.12
370.39,73.568,52.306,109.12
372.52,73.132,52.306,109.12
375.19,73.388,52.306,109.12
376.12,71.932,52.306,109.12
379.02,70.461,52.306,109.12
380.36,69.807,52.306,109.12
383.49,69.575,52.306,109.12
384.18,68.712,52.306,109.12
387.44,68.942,52.306,109.12
388.56,68.106,52.306,109.12
391.69,67.734,52.306,109.12
392.99,66.991,52.306,109.12
395.16,67.543,52.306,109.12
397.02,65.036,52.306,109.12
398.91,68.297,52.306,109.12
399.78,64.936,52.306,109.12
405.64,67.026,52.306,109.12
403.69,65.605,52.306,109.12
408.78,66.311,52.306,109.12
407.65,67.408,52.306,109.12
411.99,67.287,52.306,109.12
410.15,67.265,52.306,109.12
417.45,69.603,49.815,103.92
415.49,69.132,49.815,103.92
420.2,68.834,49.815,103.92
419.62,70.48,49.815,103.92
423.58,67.94,49.815,103.92
423.14,71.073,49.815,103.92
425.56,66.301,49.815,103.92
426.37,70.713,49.815,103.92
428.92,66.658,49.815,103.92
430.87,69.906,49.815,103.92
432.49,67.562,49.815,103.92
433.97,69.311,49.815,103.92
437.42,67.692,49.815,103.92
436.33,69.99,49.815,103.92
440.78,69.631,49.815,103.92
440.94,70.851,49.815,103.92
443.72,71.912,49.815,103.92
444.2,72.967,49.815,103.92
444.86,73.182,49.815,103.92
447.97,72.876,49.815,103.92
446.35,74.774,49.815,103.92
448.05,73.207,49.815,103.92
449.37,74.006,49.815,103.92
448.28,74.383,49.815,103.92
448.73,72.473,49.815,103.92
448.77,74.978,49.815,103.92
448.86,72.401,49.815,103.92
449.37,73.353,49.815,103.92
447.2,71.9,49.815,103.92
446.26,73.927,49.815,103.92
444.96,71.681,49.815,103.92
444.9,74.116,49.815,103.92
443.03,69.988,49.815,103.92
442,76.426,49.815,103.92
440.95,69.456,49.815,103.92
439.47,76.456,49.815,103.92
438.98,70.238,49.815,103.92
438.38,75.697,49.815,103.92
437.09,71.372,49.815,103.92
436.29,74.914,49.815,103.92
435.5,73.618,49.815,103.92
436.61,74.324,49.815,103.92
435.6,73.301,49.815,103.92
435.96,74.389,49.815,103.92
436.66,73.43,49.815,103.92
435.33,75.13,49.815,103.92
436.51,72.853,49.815,103.92
435.69,76.946,49.815,103.92
437.1,73.554,49.815,103.92
434.86,75.918,49.815,103.92
438.87,75.123,49.815,103.92
435.71,74.417,49.815,103.92
438.1,75.559,49.815,103.92
435.29,74.979,49.815,103.92
438.8,76.637,49.815,103.92
436.65,74.241,49.815,103.92
438.44,75.603,49.815,103.92
437.39,74.959,49.815,103.92
438.19,75.976,49.815,103.92
437.7,74.506,49.815,103.92
439.9,74.897,49.815,103.92
438.91,74.702,49.815,103.92
439.62,74.474,49.815,103.92
439.26,73.752,49.815,103.92
439.36,74.515,49.815,103.92
439.45,73.519,49.815,103.92
440,74.205,49.815,103.92
440.52,72.548,49.815,103.92
440.08,74.668,49.815,103.92
441.2,73.588,49.815,103.92
439.11,73.96,49.815,103.92
440.97,74.459,49.815,103.92
440.8,72.93,49.815,103.92
441.1,74.779,49.815,103.92
439.7,72.528,49.815,103.92
442.42,74.169,49.815,103.92
439.9,71.778,49.815,103.92
443.28,75.315,49.815,103.92
439.72,70.73,49.815,103.92
443.27,76.095,49.815,103.92
439.27,69.776,49.815,103.92
443.04,76.961,49.815,103.92
441.06,70.43,49.815,103.92
442.28,75.211,49.815,103.92
439.88,70.256,49.815,103.92
442.74,75.401,49.815,103.92
440.03,70.705,49.815,103.92
442.47,75.962,49.815,103.92
439.13,71.382,49.815,103.92
441.48,74.735,49.815,103.92
439.89,72.191,49.815,103.92
441.97,73.597,49.815,103.92
440.51,73.116,49.815,103.92
440.95,73.072,49.815,103.92
441.49,72.801,49.815,103.92
440.43,74.907,49.815,103.92
441.16,72.952,49.815,103.92
440.38,75.151,49.815,103.92
441.83,71.648,49.815,103.92
441.9,76.055,49.815,103.92
442.27,70.881,49.815,103.92
441.18,77.325,49.815,103.92
442.27,70.345,49.815,103.92
441.8,76.855,49.815,103.92
443.78,71.998,49.815,103.92
442.41,76.854,49.815,103.92
443.33,72.082,49.815,103.92
442.84,74.932,49.815,103.92
444.49,74.415,49.815,103.92
443.13,74.166,49.815,103.92
444.02,74.162,49.815,103.92
445.8,74.121,49.815,103.92
444.67,73.957,49.815,103.92
446.32,75.506,49.815,103.92
445.12,73.084,49.815,103.92
446.97,74.339,49.815,103.92
447.5,73.362,49.815,103.92
447.09,74.147,49.815,103.92
449.04,72.743,49.815,103.92
447.87,75.192,49.815,103.92
448.84,71.933,49.815,103.92
448.67,76.474,49.815,103.92
448.78,71.111,49.815,103.92
449.2,75.867,49.815,103.92
447.95,72.626,49.815,103.92
450.57,75.057,49.815,103.92
447.25,71.716,49.815,103.92
449.55,76.064,49.815,103.92
447.81,70.695,49.815,103.92
449.86,76.732,49.815,103.92
447.93,71.161,49.815,103.92
449.49,75.42,49.815,103.92
447.28,71.649,49.815,103.92
448.36,75.796,49.815,103.92
447.34,72.498,49.815,103.92
448.53,75.281,49.815,103.92
447.49,72.367,49.815,103.92
448.09,75.501,49.815,103.92
448.39,72.88,49.815,103.92
446.83,76.249,49.815,103.92
449.01,72.002,49.815,103.92
447.24,77.293,49.815,103.92
447.13,71.235,49.815,103.92
447.03,76.504,49.815,103.92
449.14,72.348,49.815,103.92
445.67,75.433,49.815,103.92
449.88,72.699,49.815,103.92
446.96,75.802,49.815,103.92
449.5,73.248,49.815,103.92
446.93,74.336,49.815,103.92
450.24,73.444,49.815,103.92
445.85,74.492,49.815,103.92
451.31,73.505,49.815,103.92
445.49,74.296,49.815,103.92
451.53,72.875,49.815,103.92
446.3,75.387,49.815,103.92
450.62,71.763,49.815,103.92
447.17,75.788,49.815,103.92
449.95,72.012,49.815,103.92
449.02,75.836,49.815,103.92
450,71.661,49.815,103.92
449.05,75.282,49.815,103.92
450.32,71.134,49.815,103.92
447.94,75.035,49.815,103.92
451.8,73.032,49.815,103.92
448.07,75.167,49.815,103.92
452.21,71.772,49.815,103.92
446.96,76.303,49.815,103.92
453.42,71.47,49.815,103.92
446.83,76.642,49.815,103.92
453.86,72.573,49.815,103.92
447.53,76.172,49.815,103.92
452.91,72.731,49.815,103.92
449.2,77.308,49.815,103.92
451.28,72.704,49.815,103.92
449.54,78.372,49.815,103.92
451.91,72.516,49.815,103.92
450.51,78.631,49.815,103.92
451.14,72.911,49.815,103.92
450.11,78.905,49.815,103.92
451.42,73.266,49.815,103.92
450.77,77.202,49.815,103.92
452.3,73.634,49.815,103.92
450.62,77.776,49.815,103.92
452.52,73.897,49.815,103.92
451.28,78.052,49.815,103.92
452,72.132,49.815,103.92
453.09,77.451,49.815,103.92
452.82,72.682,49.815,103.92
453.14,77.513,49.815,103.92
452.03,72.032,49.815,103.92
454.66,77.855,49.815,103.92
451.98,71.639,49.815,103.92
454.87,76.136,49.815,103.92
452.29,70.817,49.815,103.92
453.36,76.209,49.815,103.92
452.77,69.869,49.815,103.92
453.65,76.39,49.815,103.92
453.14,69.166,49.815,103.92
452.54,75.455,49.815,103.92
454.14,69.882,49.815,103.92
451.62,76.113,49.815,103.92
455.5,68.299,49.815,103.92
451.63,75.83,49.815,103.92
455.88,70.028,49.815,103.92
452.2,76.252,49.815,103.92
454.54,68.978,49.815,103.92
452.72,77.175,49.815,103.92
454.52,68.473,49.815,103.92
452.46,77.268,49.815,103.92
454.1,69.141,49.815,103.92
451.95,76.714,49.815,103.92
455.55,70.869,49.815,103.92
451.46,77.493,49.815,103.92
455.19,70.807,49.815,103.92
450.99,77.709,49.815,103.92
456.47,70.951,49.815,103.92
450.12,78.194,49.815,103.92
455,69.671,49.815,103.92
452.34,78.922,49.815,103.92
453.16,70.994,49.815,103.92
452.08,78.687,49.815,103.92
454.46,71.205,49.815,103.92
450.48,77.127,49.815,103.92
454.07,71.051,49.815,103.92
451.45,76.543,49.815,103.92
452.51,72.829,49.815,103.92
450.9,77.053,49.815,103.92
453.1,71.474,49.815,103.92
449.29,77.747,49.815,103.92
453.17,71.475,49.815,103.92
449.49,77.66,49.815,103.92
453.79,71.638,49.815,103.92
450.08,77.961,49.815,103.92
454.36,71.827,49.815,103.92
448.78,77.747,49.815,103.92
455.19,71.76,49.815,103.92
448.19,77.737,49.815,103.92
454.79,71.749,49.815,103.92
450.1,77.763,49.815,103.92
453.53,71.739,49.815,103.92
451.04,77.85,49.815,103.92
454.86,71.958,49.815,103.92
450.54,77.848,49.815,103.92
454.23,71.701,49.815,103.92
450.12,77.559,49.815,103.92
454.03,70.935,49.815,103.92
452.09,77.77,49.815,103.92
454.15,71.444,49.815,103.92
450.57,76.404,49.815,103.92
454.88,70.859,49.815,103.92
451.12,77.313,49.815,103.92
453.04,70.381,49.815,103.92
453.01,76.495,49.815,103.92
453.31,70.893,49.815,103.92
451.59,77.017,49.815,103.92
453.57,71.269,49.815,103.92
451.67,75.491,49.815,103.92
453.72,71.866,49.815,103.92
451.48,75.726,49.815,103.92
453.03,72.268,49.815,103.92
453,74.184,49.815,103.92
452.83,72.568,49.815,103.92
453.16,74.792,49.815,103.92
451.23,73.073,49.815,103.92
453.36,73.533,49.815,103.92
451.94,73.75,49.815,103.92
454.46,74.352,49.815,103.92
451.34,72.95,49.815,103.92
454.43,75.145,49.815,103.92
452.93,71.528,49.815,103.92
454.75,76.308,49.815,103.92
453.56,70.707,49.815,103.92
454.44,76.913,49.815,103.92
454.35,71.638,49.815,103.92
454.64,75.913,49.815,103.92
456.06,72.256,49.815,103.92
456.19,73.941,49.815,103.92
454.77,73.274,49.815,103.92
457.31,72.563,49.815,103.92
454.93,73.085,49.815,103.92
458.31,71.659,49.815,103.92
454.46,74.213,49.815,103.92
458.32,70.714,49.815,103.92
454.91,74.858,49.815,103.92
459.6,71.061,49.815,103.92
454.91,73.392,49.815,103.92
459.45,71.333,49.815,103.92
454.63,73.773,49.815,103.92
459.25,72.053,49.815,103.92
455.09,72.78,49.815,103.92
460.59,73.247,49.815,103.92
455.19,72.071,49.815,103.92
459.67,72.242,49.815,103.92
457.19,72.618,49.815,103.92
458.43,73.037,49.815,103.92
458.05,73.576,49.815,103.92
459.61,71.852,49.815,103.92
457.86,74.085,49.815,103.92
459.11,70.859,49.815,103.92
456.91,75.352,49.815,103.92
460.43,70.142,49.815,103.92
456.03,75.255,49.815,103.92
461.07,70.317,49.815,103.92
456.67,75.521,49.815,103.92
459.57,70.917,49.815,103.92
456.61,76.251,49.815,103.92
458.96,70.487,49.815,103.92
457.55,76.601,49.815,103.92
457.91,71.458,49.815,103.92
458.17,76.673,49.815,103.92
456.36,72.193,49.815,103.92
457.54,76.253,49.815,103.92
456.96,72.819,49.815,103.92
458.02,77.642,49.815,103.92
456.91,72.714,49.815,103.92
457.13,77.73,49.815,103.92
455.61,73.032,49.815,103.92
457.27,78.759,49.815,103.92
454.99,72.891,49.815,103.92
457.87,79.231,49.815,103.92
454.82,72.331,49.815,103.92
457.28,79.073,49.815,103.92
453.74,72.828,49.815,103.92
458,80.048,49.815,103.92
454.01,71.886,49.815,103.92
457.51,81.075,49.815,103.92
452.59,71.775,49.815,103.92
457.34,81.45,49.815,103.92
451.75,72.117,49.815,103.92
457.66,79.845,49.815,103.92
451.2,74.522,49.815,103.92
456.17,78.856,49.815,103.92
451.25,75.239,49.815,103.92
455.46,77.691,49.815,103.92
451.65,76.195,49.815,103.92
455.2,76.532,49.815,103.92
450.66,76.564,49.815,103.92
455.59,76.451,49.815,103.92
450.66,76.026,49.815,103.92
454.78,77.998,49.815,103.92
451.19,75.784,49.815,103.92
453.06,77.433,49.815,103.92
452.93,75.108,49.815,103.92
452.51,76.594,49.815,103.92
452.13,76.028,49.815,103.92
451.55,77.391,49.815,103.92
452.54,74.781,49.815,103.92
451.35,78.002,49.815,103.92
451.85,75.651,49.815,103.92
451.95,77.088,49.815,103.92
451.97,74.637,49.815,103.92
451.8,78.099,49.815,103.92
451.63,73.682,49.815,103.92
451.45,78.986,49.815,103.92
451.02,74.447,49.815,103.92
452.33,77.602,49.815,103.92
450.29,74.907,49.815,103.92
451.46,77.745,49.815,103.92
450.88,74.881,49.815,103.92
452.21,77.659,49.815,103.92
450.16,74.967,49.815,103.92
451.97,78.022,49.815,103.92
451.91,76.003,49.815,103.92
452.14,77.659,49.815,103.92
450.67,75.637,49.815,103.92
453.37,76.962,49.815,103.92
450.77,76.825,49.815,103.92
453.97,76.614,49.815,103.92
451.69,76.292,49.815,103.92
453.54,75.558,49.815,103.92
451.59,76.446,49.815,103.92
453.52,75.277,49.815,103.92
451.79,75.841,49.815,103.92
453.78,76.199,49.815,103.92
452.21,74.486,49.815,103.92
452.53,76.377,49.815,103.92
452.77,74.364,49.815,103.92
453.04,76.006,49.815,103.92
453.42,75.655,49.815,103.92
452.04,75.649,49.815,103.92
454.46,75.37,49.815,103.92
451.27,75.13,49.815,103.92
453.68,74.876,49.815,103.92
452.5,76.543,49.815,103.92
453.44,74.524,49.815,103.92
452.66,76.062,49.815,103.92
453.93,73.85,49.815,103.92
453.36,77.527,49.815,103.92
452.79,73.269,49.815,103.92
454.21,76.761,49.815,103.92
452.05,74.193,49.815,103.92
455.62,75.604,49.815,103.92
451.63,74.769,49.815,103.92
455.23,75.937,49.815,103.92
451.27,75.011,49.815,103.92
455.07,75.881,49.815,103.92
453.39,74.954,49.815,103.92
453.55,75.597,49.815,103.92
453.71,74.202,49.815,103.92
454.11,74.818,49.815,103.92
452.81,75.084,49.815,103.92
455.4,73.295,49.815,103.92
452.04,75.23,49.815,103.92
456.39,73.027,49.815,103.92
451.22,76.81,49.815,103.92
455.64,72.715,49.815,103.92
452.52,76.386,49.815,103.92
454.97,72.172,49.815,103.92
453.75,75.709,49.815,103.92
454.43,73.34,49.815,103.92
453.3,75.018,49.815,103.92
454,74.733,49.815,103.92
454.8,74.405,49.815,103.92
453.93,74.275,49.815,103.92
454.87,74.314,49.815,103.92
454.12,74.184,49.815,103.92
453.37,74.01,49.815,103.92
454.41,75.761,49.815,103.92
453.58,73.617,49.815,103.92
454.63,75.766,49.815,103.92
453.86,73.947,49.815,103.92
454.74,76.146,49.815,103.92
453.77,72.382,49.815,103.92
454.45,76.501,49.815,103.92
453.14,72.936,49.815,103.92
453.54,77.146,49.815,103.92
453.88,71.346,49.815,103.92
454.17,77.656,49.815,103.92
452.72,72.13,49.815,103.92
454.38,76.531,49.815,103.92
452.35,73.156,49.815,103.92
453.89,75.808,49.815,103.92
453.48,74.685,49.815,103.92
453.06,75.311,49.815,103.92
454.49,74.24,49.815,103.92
452.08,75.187,49.815,103.92
455.15,74.596,49.815,103.92
450.44,76.17,49.815,103.92
455.39,74.131,49.815,103.92
450.07,76.298,49.815,103.92
456.01,74.844,49.815,103.92
449.86,77.465,49.815,103.92
454.33,74.935,49.815,103.92
447.95,78.662,49.815,103.92
453.49,75.06,49.815,103.92
445.8,77.727,49.815,103.92
450.44,77.311,49.815,103.92
442.35,77.255,52.306,109.12
445.95,76.282,52.306,109.12
440.04,77.537,52.306,109.12
438.74,75.309,52.306,109.12
436.65,75.313,54.921,114.57
434.12,70.69,57.667,120.3
428.34,72.359,57.667,120.3
419.17,70.128,57.667,120.3
416.72,71.367,57.667,120.3
411.96,69.392,57.667,120.3
410.43,72.517,57.667,120.3
405.61,70.587,57.667,120.3
404.98,72.632,57.667,120.3
401.13,71.954,57.667,120.3
401.06,71.283,57.667,120.3
397.42,72.752,57.667,120.3
396.95,71.583,57.667,120.3
394.9,72.401,57.667,120.3
394.77,71.988,57.667,120.3
393.36,72.371,57.667,120.3
391.57,73.169,57.667,120.3
391.47,71.64,57.667,120.3
388.58,71.425,60.55,126.32
389.71,67.54,63.578,132.63
386.84,68.217,63.578,132.63
388.97,67.524,63.578,132.63
387.14,69.086,63.578,132.63
388.67,66.915,63.578,132.63
386.77,67.417,63.578,132.63
388.47,66.998,63.578,132.63
386.86,66.624,63.578,132.63
388.81,66.744,63.578,132.63
387.92,64.438,63.578,132.63
389.2,66.566,63.578,132.63
389.97,64.498,63.578,132.63
388.24,62.959,66.757,139.26
388.84,60.614,66.757,139.26
387.83,61.78,66.757,139.26
389.38,60.797,66.757,139.26
387.99,63.405,66.757,139.26
388.44,62.654,66.757,139.26
383.28,62.539,70.095,146.23
387.87,61.38,70.095,146.23
385.65,61.714,70.095,146.23
387.93,62.033,70.095,146.23
391.14,63.71,70.095,146.23
388.82,66.616,70.095,146.23
393.07,64.53,70.095,146.23
390.53,64.527,70.095,146.23
395.62,63.664,70.095,146.23
395.63,65.918,70.095,146.23
400.57,64.061,70.095,146.23
405.77,66.968,70.095,146.23
412.95,65.437,73.599,153.54
418.26,64.615,77.279,161.21
425.54,65.048,77.279,161.21
429.84,70.291,77.279,161.21
441.2,71.499,77.279,161.21
454.05,78.839,77.279,161.21
474.51,77.953,81.143,169.27
489.56,85.302,81.143,169.27
507.67,91.022,81.143,169.27
509.47,95.184,81.143,169.27
520.63,97.787,81.143,169.27
555.71,103.65,81.143,169.27
555.37,106.21,81.143,169.27
