0.48947
0.30607
0.30695
0.30309
0.30806
0.306
0.3046
0.30635
0.30721
0.30568
0.30427
0.30138
0.29886
0.29847
0.29739
0.29646
0.29595
0.29904
0.29915
0.30019
0.29606
0.29136
0.28688
0.29506
0.2851
0.28427
0.28345
0.28387
0.28406
0.27923
0.28628
0.28533
0.28254
0.2813
0.28133
0.28258
0.27862
0.29174
0.2924
0.29538
0.29418
0.28741
0.2924
0.29172
0.29057
0.28805
0.2865
0.28978
0.29006
0.28776
0.29287
0.29816
0.29515
0.29684
0.29904
0.30398
0.31131
0.30643
0.30495
0.30225
0.3059
0.30491
0.30562
0.3085
0.30046
0.29743
0.2995
0.2993
0.30209
0.31157
0.32001
0.31086
0.3124
0.31279
0.31071
0.30867
0.3033
0.30397
0.30369
0.30348
0.30758
0.29464
0.29496
0.28737
0.28684
0.28789
0.28125
0.27712
0.28121
0.27951
0.2753
0.27386
0.26797
0.26269
0.2764
0.25695
0.25512
0.25911
0.25898
0.25557
0.25885
0.25565
0.25587
0.26104
0.25602
0.25115
0.23762
0.23637
0.22726
0.23236
0.22361
0.21778
0.21299
0.21489
0.20877
0.20597
0.20213
0.19903
0.19821
0.19624
0.19669
0.18981
0.1921
0.18378
0.18508
0.1821
0.18439
0.18402
0.18054
0.18203
0.18097
0.1761
0.1785
0.18038
0.17634
0.17681
0.18285
0.18043
0.17685
0.17799
0.17702
0.1782
0.1801
0.17835
0.17196
0.17978
0.17054
0.17103
0.17076
0.16696
0.16717
0.16329
0.16718
0.16314
0.15913
0.15718
0.15451
0.15415
0.15222
0.14974
0.148
0.14525
0.14336
0.14498
0.14771
0.14213
0.14466
0.14347
0.14023
0.14041
0.13951
0.13587
0.1392
0.13892
0.13686
0.13733
0.13844
0.14139
0.13783
0.1382
0.13788
0.13444
0.13403
0.1339
0.13574
0.13256
0.13662
0.13328
0.13111
0.12746
0.12785
0.13264
0.1325
0.12688
0.12508
0.12473
0.12462
0.12239
0.12413
0.12232
0.11748
0.11821
0.11487
0.11649
0.11508
0.12162
0.11682
0.11673
0.1145
0.11473
0.11794
0.11454
0.1136
0.11409
0.049733
0.077396
0.069606
0.085753
0.068284
0.076846
0.07638
0.077078
0.070879
0.085279
0.066823
0.077418
0.077108
0.077727
0.07201
0.091
0.067067
0.075825
0.077549
0.077967
0.069761
0.084912
0.065346
0.077753
0.10747
0.10717
0.10645
0.10425
0.10522
0.10976
0.10655
0.10711
0.10664
0.10695
0.11751
0.11229
0.11177
0.10858
0.10837
0.1126
0.11551
0.11156
0.11078
0.11706
0.11668
0.11445
0.11317
0.11271
0.11605
0.11187
0.11318
0.11174
0.11119
0.11172
0.11089
0.1123
0.10934
0.11112
0.11584
0.1129
0.11244
0.10951
0.1098
0.10628
0.10719
0.10517
0.10358
0.10414
0.10518
0.10562
0.10564
0.10164
0.10164
0.10062
0.10705
0.10094
0.10451
0.10174
0.10247
0.11308
0.10491
0.10491
0.10544
0.10639
0.10776
0.10415
0.10517
0.1053
0.10463
0.10452
0.10455
0.10479
0.1076
0.10604
0.10888
0.10856
0.10564
0.10478
0.10521
0.1023
0.10717
0.10785
0.10428
0.1042
0.10449
0.10299
0.10534
0.10407
0.10301
0.10161
0.11124
0.09689
0.095391
0.09502
0.097579
0.095862
0.095527
0.095177
0.096003
0.094711
0.092973
0.093122
0.092344
0.092442
0.094925
0.096203
0.092871
0.094027
0.09094
0.09311
0.091318
0.089863
0.090592
0.090273
0.091275
0.090711
0.091361
0.091445
0.091409
0.090862
0.089968
0.089299
0.088995
0.08823
0.088803
0.091895
0.091074
0.089686
0.088824
0.093803
0.088444
0.088421
0.090246
0.088211
0.088018
0.093329
0.088166
0.088941
0.087764
0.09017
0.10083
0.088413
0.089246
0.090378
0.089496
0.088448
0.087522
0.087269
0.087561
0.091162
0.088898
0.088463
0.087832
0.087839
0.088561
0.088575
0.088219
0.088188
0.088878
0.08756
0.090562
0.089009
0.090586
0.088539
0.087294
0.08809
0.087391
0.088444
0.088339
0.093649
0.088651
0.087898
0.086107
0.087034
0.089088
0.09334
0.088681
0.08952
0.090254
0.044372
0.126
0.087584
0.17738
0.076358
0.20713
0.3714
0.12867
0.088468
0.17989
0.077996
0.20563
0.36121
0.12864
0.085374
0.089755
0.089544
0.088978
0.087445
0.090455
0.089068
0.088943
0.091255
0.090492
0.091162
0.087608
0.089688
0.099812
0.089788
0.091431
0.097855
0.088419
0.10708
0.08834
0.088688
0.091142
0.088568
0.087018
0.087694
0.096074
0.099882
0.098369
0.096155
0.099802
0.092342
0.090184
0.093538
0.091791
0.10284
0.10532
0.088529
0.087989
0.088616
0.089538
0.091247
0.088097
0.089793
0.089828
0.094291
0.089721
0.089285
0.088155
0.090318
0.089986
0.093344
0.091179
0.091043
0.089573
0.089394
0.089407
0.089134
0.090839
0.08883
0.08856
0.092265
0.098923
0.089454
0.091147
0.087246
0.088156
0.089725
0.089261
0.088083
0.091921
0.089392
0.088368
0.089913
0.090583
0.091052
0.089235
0.088203
0.089009
0.09392
0.089667
0.091575
0.089209
0.088557
0.092529
0.090965
0.089086
0.088848
0.089769
0.088435
0.088153
0.089998
0.088882
0.089686
0.091025
0.095557
0.09187
0.10635
0.10721
0.09383
0.092025
0.089418
0.092387
0.091034
0.093262
0.088746
0.090844
0.092579
0.088198
0.088932
0.096511
0.045086
0.11893
0.091437
0.17956
0.090434
0.044328
0.1344
0.093136
0.17142
0.079586
0.23317
0.35715
0.13998
0.093821
0.16844
0.082479
0.23357
0.362
0.14145
0.093061
0.17203
0.081617
0.24186
0.093764
0.092765
0.088498
0.091043
0.088569
0.090327
0.087908
0.087526
0.089297
0.086376
0.086456
0.087814
0.088266
0.086505
0.086623
0.087065
0.089607
0.087843
0.088022
0.088068
0.08539
0.087505
0.087911
0.089519
0.088061
0.090623
0.087723
0.043934
0.12606
0.087338
0.15483
0.076083
0.20052
0.33968
0.12598
0.089523
0.15555
0.079621
0.19617
0.32989
0.12985
0.0884
0.15332
0.094089
0.046016
0.092074
0.093441
0.091713
0.093034
0.090924
0.091406
0.090709
0.088874
0.091013
0.087994
0.0876
0.08941
0.090939
0.045372
0.12873
0.087514
0.17912
0.081147
0.20895
0.36096
0.13011
0.089792
0.1806
0.086342
0.21674
0.35742
0.13198
0.086811
0.18213
0.078425
0.20982
0.36132
0.13499
0.086868
0.18344
0.078612
0.21031
0.36248
0.13001
0.087766
0.17806
0.076484
0.20452
0.36988
0.1288
0.086752
0.18329
0.079733
0.20764
0.36646
0.1318
0.086055
0.18308
0.079524
0.20733
0.36323
0.1274
0.084746
0.17688
0.078116
0.20814
0.37175
0.13023
0.092233
0.088253
0.087005
0.088244
0.088824
0.086207
0.088079
0.091003
0.085311
0.086243
0.08657
0.08486
0.086838
0.086536
0.043785
0.15109
0.12225
0.19344
0.081947
0.26546
0.52088
0.15797
0.12003
0.18457
0.086958
0.2628
0.51927
0.15824
0.1203
0.18994
0.086348
0.25985
0.50868
0.15645
0.1166
0.18822
0.085647
0.2636
0.5136
0.15753
0.11797
0.086136
0.087525
0.084823
0.084871
0.085029
0.085102
0.084391
0.042385
0.21293
0.13638
0.34993
0.22441
0.48344
0.095699
0.088785
0.088971
0.086558
0.089092
0.087657
0.088399
0.086091
0.091153
0.086389
0.088282
0.08855
0.087029
0.085986
0.088405
0.085732
0.087252
0.086528
0.088408
0.088003
0.087919
0.089958
0.090907
0.090703
0.087816
0.089691
0.092914
0.089065
0.089718
0.090105
0.087637
0.089437
0.09069
0.088377
0.087038
0.088413
0.089525
0.08847
0.08969
0.088928
0.086763
0.089761
0.087663
0.087673
0.087183
0.087101
0.097093
0.088205
0.090795
0.087426
0.087061
0.087297
0.089157
0.08774
0.086392
0.087526
0.08844
0.088499
0.090847
0.088277
0.086628
0.087033
0.087728
0.088033
0.087918
0.0861
0.08497
0.084865
0.086601
0.086115
0.086502
0.086625
0.085763
0.087646
0.08567
0.085286
0.085325
0.086026
0.091392
0.087853
0.087831
0.085823
0.085194
0.084349
0.085396
0.086042
0.088587
0.085482
0.0909
0.086382
0.086539
0.085727
0.085485
0.041636
0.084415
0.041822
0.15599
0.10388
0.22694
0.086288
0.27369
0.42726
0.16582
0.10452
0.21316
0.086808
0.2699
0.43098
0.16912
0.10382
0.21148
0.085363
0.27168
0.43946
0.16969
0.10226
0.20813
0.085277
0.31713
0.090594
0.092566
0.089743
0.089233
0.088197
0.088306
0.087053
0.088003
0.092399
0.089785
0.09055
0.088043
0.088458
0.090421
0.091347
0.090176
0.089602
0.090156
0.089411
0.088981
0.088932
0.091794
0.089229
0.091147
0.090623
0.090072
0.090254
0.090619
0.092422
0.090872
0.089631
0.090331
0.08946
0.089733
0.089619
0.089044
0.089168
0.091817
0.089566
0.087158
0.08639
0.08633
0.086302
0.089059
0.088359
0.091013
0.090236
0.087591
0.087294
0.088211
0.088747
0.043677
0.10994
0.086047
0.14026
0.071247
0.17266
0.26747
0.11312
0.087668
0.13232
0.093027
0.092625
0.089605
0.091363
0.093509
0.092824
0.093027
0.093796
0.092171
0.094636
0.092957
0.092408
0.095719
0.093909
0.091897
0.091042
0.092031
0.092338
0.091838
0.089225
0.090315
0.089457
0.092651
0.091987
0.092927
0.044377
0.091252
0.076807
0.11532
0.069272
0.13797
0.19899
0.092793
0.075066
0.11927
0.070375
0.13579
0.20123
0.092485
0.077211
0.11898
0.069458
0.13598
0.19922
0.094144
0.075478
0.11409
0.068674
0.13738
0.20025
0.098405
0.081059
0.12379
0.073137
0.14399
0.20496
0.0987
0.080558
0.12627
0.073298
0.13817
0.20776
0.097148
0.080771
0.11743
0.071223
0.14127
0.20282
0.098296
0.080459
0.11996
0.074024
0.13772
0.19682
0.095015
0.077689
0.11963
0.073038
0.13865
0.20207
0.094074
0.076282
0.11518
0.069866
0.13634
0.19679
0.095102
0.075775
0.11493
0.066852
0.13418
0.19708
0.094592
0.075743
0.17215
0.044
0.087388
0.073466
0.091256
0.068262
0.11496
0.095021
0.14621
0.10055
0.09969
0.099974
0.1015
0.10038
0.098292
0.10301
0.099026
0.099095
0.10102
0.10465
0.11993
0.10046
0.09983
0.10008
0.10483
0.10214
0.10211
0.10393
0.10251
0.10295
0.10329
0.10465
0.10071
0.10386
0.10573
0.10414
0.10699
0.10138
0.10182
0.10181
0.10212
0.10503
0.10119
0.10089
0.099662
0.10235
0.10254
0.10065
0.09888
0.099827
0.10387
0.10394
0.10133
0.10197
0.10169
0.10229
0.10481
0.10117
0.10326
0.10469
0.10123
0.10281
0.10337
0.10238
0.099707
0.10422
0.10221
0.10045
0.10372
0.10382
0.1025
0.10448
0.10071
0.1051
0.10223
0.10192
0.10338
0.10375
0.10073
0.10341
0.10221
0.10209
0.10204
0.10195
0.10462
0.10158
0.10178
0.10128
0.10121
0.10118
0.10128
0.10311
0.10482
0.10268
0.10357
0.10602
0.10129
0.10235
0.10228
0.10211
0.10497
0.1018
