-100
-100
-100
-100
-100
-100
0.082159
0.096471
0.058483
-0.029534
-0.004085
0.033342
0.12588
0.08156
0.023319
0.054972
0.070696
0.15623
0.13978
0.23806
0.28075
0.28519
0.32569
0.35142
0.33404
0.4738
0.41699
0.29875
0.27936
0.31598
0.23505
0.20889
0.11856
0.093051
0.10144
0.10589
0.13494
0.16651
0.067401
0.079293
0.077225
0.066464
0.033759
0.093164
0.0045763
-0.02633
-0.001895
-0.059768
-0.049381
-0.071588
-0.070293
-0.058746
-0.053224
-0.080141
-0.024412
-0.053068
-0.055024
-0.022239
-0.0059973
0.041702
0.10964
0.21779
0.36786
0.40019
0.55972
0.48182
0.58761
0.7383
0.7152
0.70577
0.69427
0.86628
0.82056
0.95793
0.87152
0.79308
0.67834
0.76642
0.71481
0.69089
0.75264
0.76163
0.71519
0.63006
0.64251
0.55463
0.596
0.56319
0.55895
0.51488
0.42851
0.37687
0.42783
0.40016
0.35505
0.50864
0.44502
0.50154
0.47011
0.46424
0.48428
0.51756
0.49379
0.64039
0.63336
0.5275
0.46214
0.50528
0.62091
0.61237
0.50114
0.54271
0.53206
0.58874
0.57409
0.44892
0.37498
0.45762
0.32269
0.3581
0.45167
0.35172
0.31307
0.43916
0.39281
0.36725
0.30749
0.33344
0.17182
0.1973
0.18853
0.25128
0.20016
0.095319
0.18689
0.089929
0.066507
0.020478
0.0041898
-0.071888
-0.12674
-0.14247
-0.19403
-0.1621
-0.15668
-0.15948
-0.15107
-0.17544
-0.18132
-0.16931
-0.14537
-0.14879
-0.11836
-0.075976
0.031385
-0.0043624
0.051616
0.10399
0.1014
0.13876
0.03286
0.075133
0.091993
0.036401
0.016443
-0.053674
-0.060089
-0.045248
-0.06149
-0.075339
-0.0659
-0.028545
-0.095895
-0.10647
-0.067335
-0.087076
-0.049034
-0.050044
0.022501
0.069167
0.049429
0.11512
0.1759
0.18933
0.1991
0.3001
0.22416
0.25987
0.265
0.28013
0.27941
0.2487
0.323
0.28533
0.40358
0.55144
0.62003
0.6334
0.76191
1.01
1.1875
1.3127
1.4237
1.6595
1.4563
1.4841
1.4116
1.2258
1.3026
1.3175
1.4807
1.3977
1.5517
1.6132
1.8519
2.1914
2.8362
3.0877
3.5715
4.2382
6.6393
7.8965
6.4541
4.0274
3.9864
3.8175
4.7669
4.5573
4.8979
5.3701
5.6751
5.9262
5.3316
5.0926
4.4855
4.1252
3.2127
1.8962
1.3499
1.0899
0.86247
0.59986
0.50916
0.34556
0.24888
0.13368
0.13392
0.057462
0.050223
0.050963
0.064685
0.073937
0.0816
0.12411
0.12327
0.146
0.083978
0.11873
0.10907
0.059445
0.099281
0.085518
0.039776
0.024133
-0.022069
-0.07835
-0.082776
-0.070148
-0.111
-0.13356
-0.16905
-0.11547
-0.15927
-0.14147
-0.14169
-0.083158
-0.058475
-0.025593
-0.11967
-0.1587
-0.15655
-0.17072
-0.23862
-0.17421
-0.19622
-0.21848
-0.22712
-0.16323
-0.2008
-0.16256
-0.24483
-0.28129
-0.33588
-0.32562
-0.33771
-0.27127
-0.26927
-0.24952
-0.18861
-0.18745
-0.065414
-0.066641
-0.071987
0.019579
-0.019876
-0.02511
-0.070051
-0.077784
0.0193
-0.089407
-0.09293
-0.049535
-0.041917
-0.17506
-0.1464
-0.19639
-0.26515
-0.27556
-0.25
-0.28151
-0.26037
-0.30035
-0.30627
-0.36856
-0.31915
-0.34154
-0.34665
-0.30692
-0.29903
-0.29437
-0.25126
-0.32403
-0.24755
-0.32639
-0.25833
-0.26176
-0.25591
-0.19074
-0.29974
-0.21062
-0.25987
-0.25498
-0.25278
-0.089574
-0.13976
-0.13882
-0.14708
-0.033183
-0.068147
-0.12658
-0.084805
0.027034
0.15126
0.148
0.12568
0.10759
-0.038333
0.093115
0.054995
0.20148
-0.05115
0.23267
0.11199
0.051218
-0.026402
0.077296
0.19639
0.11377
-0.035817
-0.075168
-0.077748
-0.062305
-0.16013
-0.054032
-0.0090102
-0.10187
0.11716
0.026129
0.12483
-0.069897
-0.15126
-0.17091
-0.20025
-0.23594
-0.20971
-0.18998
-0.17378
-0.12534
-0.22825
-0.23754
-0.23306
-0.27858
-0.28859
-0.28264
-0.24585
-0.25353
-0.25394
-0.25274
-0.18058
-0.20507
-0.2177
-0.11388
-0.21682
-0.17588
-0.15099
-0.14957
-0.062882
-0.10084
-0.03632
0.19975
0.51909
0.73017
1.5993
4.7962
21.569
32.316
32.842
32.513
28.364
34.627
23.757
19.511
25.881
28.392
23.779
23.801
6.496
2.9813
0.87565
0.25482
0.083928
0.052625
0.016935
-0.055775
-0.1565
-0.13288
-0.19794
-0.25983
-0.26745
-0.25259
-0.29696
-0.31888
-0.29505
-0.26912
-0.29089
-0.32963
-0.2838
-0.31001
-0.28579
-0.33841
-0.35245
-0.31669
-0.29532
-0.35464
-0.34251
-0.31997
-0.34061
-0.35463
-0.34247
-0.35897
-0.31632
-0.33349
-0.34184
-0.34776
-0.3567
-0.32387
-0.36414
-0.35371
-0.36744
-0.31237
-0.32216
-0.34694
-0.35789
-0.37984
-0.28097
-0.31738
-0.37
-0.36075
-0.30384
-0.32724
-0.34805
-0.32425
-0.36159
-0.30652
-0.30064
-0.31639
-0.31416
-0.29634
-0.31614
-0.29999
-0.17984
-0.28898
-0.2991
-0.24822
-0.17759
-0.23023
-0.27741
-0.19538
-0.23316
-0.23331
-0.18854
-0.16896
-0.16051
-0.132
-0.078091
-0.12846
-0.05536
0.0015057
-0.011544
-0.029717
-0.049471
-0.019699
0.041516
-0.0095353
0.036296
0.19232
0.23483
0.66514
0.63782
0.62694
0.79518
0.56998
0.67232
0.69422
0.98674
0.5966
0.57654
0.59636
0.49151
0.52022
0.69394
0.44902
0.51023
0.74823
0.59659
1.0683
1.3407
1.7576
2.0041
2.5535
1.7418
1.5967
2.1742
2.2432
2.5024
3.0499
2.2604
2.9836
4.888
3.8852
4.0015
3.5969
2.7949
2.5841
2.1485
2.1817
2.139
1.9053
1.9854
2.3352
1.3837
1.2021
0.86075
0.74128
0.77037
0.84052
0.70674
0.5087
0.64008
0.58852
0.52894
0.54724
0.62595
0.41538
0.7358
0.73048
0.80324
0.64081
0.83828
1.0564
0.94574
0.95006
1.2824
1.2735
0.99114
1.2827
1.5505
1.7857
2.0483
1.9976
2.2789
2.4344
2.612
2.356
2.6347
3.1082
2.2907
2.7304
2.8079
2.6536
2.4173
2.0403
1.733
1.5552
1.7033
1.509
0.88577
0.87767
0.80561
0.71773
0.77294
0.65874
0.67941
0.83875
0.83366
0.964
0.75454
1.152
1.9533
3.2055
4.4501
4.643
7.7868
8.962
15.39
21.684
19.632
11.784
8.7563
8.6541
8.9093
8.4374
9.6342
7.0163
5.8386
5.1864
4.1481
4.047
2.5434
3.1862
2.3399
2.3354
2.3985
1.8903
1.8303
1.8449
2.1272
3.1374
3.9043
4.4827
5.4722
8.1444
9.7497
8.5476
8.7148
8.6839
10.831
7.8604
7.8386
6.2469
3.6565
3.8237
2.9839
2.4555
2.5203
2.2852
1.8406
1.7021
1.4016
1.506
1.3626
1.4475
1.295
1.2703
1.4501
1.3004
1.2503
1.5104
1.1266
1.6094
1.6587
1.6451
2.27
3.0853
4.6379
7.2071
12.34
11.818
10.103
19.264
29.553
6.0414
5.1877
3.5407
6.2677
3.4385
5.6888
5.1321
6.2086
3.1465
4.0929
7.2278
4.5116
7.1241
5.3189
6.1509
7.3443
6.6283
6.6073
1.2444
0.82697
0.66698
0.75517
0.94297
1.2247
1.5696
1.8187
2.2739
2.8106
2.9724
3.8372
3.5571
1.0721
1.4632
1.2819
1.602
1.6712
1.6128
1.2415
1.1668
1.1877
1.1507
1.074
0.9525
1.1223
1.4066
1.0862
1.034
1.0573
0.8968
1.1122
0.75889
0.85482
0.56209
1.0487
0.68164
0.74201
0.47654
0.36284
0.38256
0.32535
0.25033
0.47815
0.44808
0.038708
0.21144
-0.037576
-0.060923
0.0065215
0.12567
-0.075972
-0.025636
0.023654
-0.034045
0.087027
-0.13041
-0.015091
-0.041499
0.11043
-0.16835
-0.07475
-0.023559
0.12623
-0.020196
0.15726
0.17271
0.35113
0.18059
0.50252
0.35359
0.32804
0.29466
0.4922
0.54797
0.55757
0.49576
0.61337
0.37293
0.67722
0.711
1.0287
0.7171
1.0605
1.0104
0.76747
0.89051
1.0237
1.5431
1.0118
1.1318
1.1823
1.197
1.2789
0.91274
0.47041
0.61522
0.66875
0.4988
0.69047
0.7053
0.93714
1.0525
1.1819
1.0903
1.4057
1.9458
1.5132
1.7043
2.0457
3.6733
4.9893
6.4622
8.6789
10.846
11.401
14.016
15.895
9.6387
7.368
6.4023
8.9886
13.791
21.407
23.99
14.535
28.723
14.724
33.419
30.716
30.826
1.1703
1.2258
0.77664
0.65277
0.63523
0.64405
0.95549
0.68376
0.57249
0.45358
0.39405
0.29703
0.24738
0.21024
0.24382
0.23537
0.2224
0.44304
0.26646
0.18918
0.054762
0.19928
0.021535
-0.0036099
-0.13186
-0.12979
-0.15156
-0.14724
-0.15546
-0.1501
-0.15608
-0.19337
-0.24088
-0.14854
-0.16451
-0.099391
-0.1835
-0.17647
-0.28719
-0.16548
-0.18158
-0.13174
-0.35846
-0.067174
-0.067162
0.0088576
0.14143
0.27684
0.2715
0.44296
0.7464
0.91453
2.0631
3.7812
7.3401
4.496
4.3649
4.4096
4.4046
3.4925
6.6069
5.5516
1.1284
0.87311
0.55447
0.51666
0.36593
0.4263
0.35195
0.1863
0.23428
0.28956
0.6044
0.44219
0.29925
0.14563
0.027193
0.0095522
0.10706
-0.06087
0.17292
0.083264
0.14249
0.34629
0.47229
0.9333
1.4728
2.0971
3.1378
10.772
20.152
2.211
2.1933
2.2829
2.0783
2.045
2.2438
1.9829
1.9575
2.3148
3.1904
4.1472
4.5141
3.9634
3.3314
4.2213
3.4074
2.3391
2.6333
4.786
5.4734
4.2273
2.5196
2.3109
2.4447
2.6675
2.9053
3.3276
3.5778
3.6633
5.2082
5.4185
7.6465
9.9243
2.9776
3.26
3.2291
3.2297
3.0832
3.2476
3.222
2.9821
3.2152
3.1434
3.4255
2.1538
2.1341
2.0667
1.9536
2.0355
2.1196
2.2855
1.9422
2.1008
1.9797
2.3774
2.4903
2.0455
2.2659
2.0655
2.3939
2.5006
2.3109
2.3556
2.6464
2.3878
1.5452
1.9192
1.7719
1.7906
1.8668
1.9808
1.9184
1.7965
1.4238
1.4611
1.0823
0.93511
0.72802
0.61359
0.42762
0.23697
0.19463
0.11103
0.045804
-0.068288
-0.072332
-0.17508
-0.22466
-0.25757
-0.32264
-0.32006
-0.35712
-0.3886
-0.39748
-0.41158
-0.42736
-0.47092
-0.51295
-0.52364
-0.54728
-0.54814
-0.55552
-0.57534
-0.58358
-0.61638
-0.6076
-0.59641
-0.63502
-0.63286
-0.62128
-0.63748
-0.65031
-0.6508
-0.65575
-0.65223
-0.64498
-0.65899
-0.64876
-0.65042
-0.67207
-0.67216
-0.67041
-0.66465
-0.67509
-0.66737
-0.65633
-0.67124
-0.66199
-0.6642
-0.65884
-0.68294
-0.66836
-0.65444
-0.65692
-0.67502
-0.61661
-0.65635
-0.64814
-0.64466
-0.64969
-0.64481
-0.63615
-0.60515
-0.63815
-0.63019
-0.59479
-0.62981
-0.61376
-0.59097
-0.58145
-0.54192
-0.52592
-0.48905
-0.53882
-0.45465
-0.48843
-0.43454
-0.45069
-0.41962
-0.44018
-0.43689
-0.38772
-0.42861
-0.40519
-0.38994
-0.38966
-0.32819
