188.000000,246.000000,239.000000,299.000000
191.966812,241.152924,242.966812,294.152924
191.302444,237.388519,242.302444,290.388519
190.429688,226.904587,242.449692,280.964600
191.340439,223.029984,242.340439,276.029968
198.095459,215.589355,250.115463,269.649353
200.680328,214.350174,252.700333,268.410187
205.179764,211.591156,256.179749,264.591156
201.576691,210.721252,252.576691,263.721252
200.140488,209.419739,251.140488,262.419739
211.912811,209.182251,261.912811,261.143036
216.533142,207.008774,266.533142,258.969543
223.999222,204.017090,274.999207,257.017090
228.315948,202.695068,279.315948,255.695068
237.700226,200.675140,288.700226,253.675140
241.693207,199.184647,292.693207,252.184647
251.297791,195.497940,302.297791,248.497940
259.240265,194.122772,310.240265,247.122772
280.448883,191.610031,331.448883,244.610031
292.607300,191.095215,343.607300,244.095215
312.433289,187.775742,363.433289,240.775742
319.438324,185.828735,370.438324,238.828735
334.389709,184.407913,385.389709,237.407913
338.700806,183.200180,389.700806,236.200180
340.194397,179.528137,391.194397,232.528137
341.742645,179.228699,392.742645,232.228699
342.408966,179.333496,393.408966,232.333496
342.834503,179.271454,393.834503,232.271454
341.518341,179.058395,392.518341,232.058395
333.281555,179.312393,384.281555,232.312393
309.243408,181.967133,361.263397,236.027130
298.616608,182.489685,350.636597,236.549683
284.281952,183.821259,335.281952,236.821259
281.104187,183.768463,332.104187,236.768463
271.956573,180.795166,322.956573,233.795166
267.709290,178.550323,318.709290,231.550323
261.397308,175.463043,311.397308,227.423828
258.267914,174.759552,308.267914,226.720337
252.179016,174.447311,303.179016,227.447311
250.058533,174.187714,301.058533,227.187714
247.503448,175.454254,298.503448,228.454254
246.750305,176.622833,297.750305,229.622833
247.920410,174.829208,297.920410,226.789993
249.639160,174.558075,299.639160,226.518860
251.675751,171.074966,301.675751,223.035751
249.939850,169.079544,300.939850,222.079544
250.425629,167.083054,301.425629,220.083054
252.771332,164.833511,303.771332,217.833511
252.188782,161.930374,303.188782,214.930374
251.686859,161.264206,302.686859,214.264206
251.946228,159.426331,302.946228,212.426331
254.396606,156.970444,305.396606,209.970444
256.462891,153.120911,307.462891,206.120911
257.979065,152.994415,308.979065,205.994415
263.305908,152.465591,313.305908,204.426376
266.772766,152.446838,315.792358,203.388779
274.367523,149.975845,322.425964,199.918930
277.410278,148.913177,325.468719,198.856262
283.699982,147.116211,331.758423,197.059296
287.385864,145.297852,336.405457,196.239792
292.000793,141.784775,341.020386,192.726715
293.581055,139.091782,342.600647,190.033722
294.831787,137.650375,343.851379,188.592316
297.543915,136.197708,346.563538,187.139648
297.883118,132.877716,346.902710,183.819656
298.172058,132.565414,346.230499,182.508499
297.397980,132.798309,345.456421,182.741394
298.185547,133.312103,346.243988,183.255188
298.441284,132.952881,345.557404,181.916687
298.522400,132.425964,345.638519,181.389771
297.207306,133.491959,343.399567,181.495697
297.025391,132.099213,343.217651,180.102951
296.512451,130.004684,342.704712,178.008423
298.317810,128.441238,343.604340,175.503723
298.334106,128.281387,343.620636,175.343872
298.840515,128.916946,344.127045,175.979431
298.737793,126.762016,344.024323,173.824493
298.347229,124.044167,343.633759,171.106659
298.173615,123.484627,343.460144,170.547119
298.171173,122.342537,343.457703,169.405029
301.093292,126.398964,345.491852,172.538651
302.680603,128.225433,347.079163,174.365128
304.968323,129.703857,348.496338,174.938843
308.189606,132.129242,351.717621,177.364227
310.950775,132.836639,354.478790,178.071625
316.168365,133.632568,359.696381,178.867554
