1.000000
0.182068
0.135972
0.177749
0.151836
0.155919
0.149293
0.139314
0.115986
0.137688
0.136702
0.156777
0.147408
0.147096
0.147203
0.149761
0.144716
0.145310
0.146953
0.144600
0.144047
0.147116
0.142196
0.132470
0.140563
0.129318
0.128225
0.137595
0.127490
0.126271
0.126635
0.126767
0.125868
0.127450
0.128640
0.126931
0.127598
0.128955
0.123300
0.129674
0.126596
0.123254
0.129572
0.124340
0.125203
0.128485
0.122277
0.122763
0.121884
0.121238
0.120296
0.117162
0.114992
0.115056
0.114524
0.110788
0.114595
0.113461
0.114658
0.115245
0.115934
0.118512
0.117074
0.119524
0.125546
0.127172
0.133105
0.135173
0.135317
0.136672
0.132681
0.133805
0.133201
0.129615
0.127191
0.130641
0.128987
0.125089
0.127112
0.133627
0.137358
0.138955
0.142229
0.145835
0.147281
0.152557
0.154196
0.160005
0.164528
0.164760
0.169619
0.173398
0.171731
0.174650
0.176546
0.178348
0.178588
0.178461
0.174378
0.170469
0.164437
0.158092
0.152734
0.144954
0.145407
0.141719
0.135996
0.128948
0.121444
0.122786
0.120946
0.116857
0.112173
0.106462
0.103344
0.107919
0.099754
0.103440
0.105230
0.103370
0.100998
0.097636
0.095561
0.092503
0.091733
0.086795
0.086532
0.084344
0.084105
0.082225
0.078993
0.074947
0.064898
0.057317
0.062886
0.061752
0.062677
0.060349
0.064526
0.060122
0.056153
0.057238
0.058766
0.059498
0.060300
0.061352
0.059729
0.057287
0.058970
0.058345
0.062989
0.058288
0.056465
0.055636
0.055159
0.057614
0.054136
0.056291
0.050716
0.053295
0.052517
0.055063
0.053704
0.053418
0.051693
0.049547
0.052532
0.056009
0.055426
0.053467
0.055902
0.055883
0.056163
0.058543
0.057787
0.059992
0.057352
0.057066
0.056993
0.058378
0.056783
0.056247
0.055763
0.056673
0.059235
0.041275
0.044412
0.045123
0.047311
0.046086
0.051522
0.054196
0.052179
0.047611
0.045349
0.049514
0.045852
0.058970
0.058900
0.056714
0.045581
0.053249
0.044131
0.053121
0.054027
0.055941
0.055652
0.052821
0.059862
0.047000
0.052210
0.047406
0.053269
0.047161
0.053065
0.056591
0.056757
0.060505
0.058677
0.057730
0.056752
0.059250
0.063366
0.055662
0.058472
0.059078
0.060294
0.063991
0.059996
0.057147
0.054534
0.059837
0.058038
0.060297
0.060389
0.057200
0.059757
0.059238
0.059954
0.060161
0.059698
0.059857
0.062789
0.065304
0.066714
0.063777
0.064238
0.064408
0.062729
0.060585
0.059507
0.046119
0.061274
0.046366
0.046667
0.066032
0.048676
0.059611
0.048662
0.043972
0.060381
0.060535
0.059438
0.063694
0.058329
0.063945
0.060987
0.062216
0.061622
0.064393
0.060500
0.060772
0.061405
0.061481
0.059738
0.060380
0.061444
0.062044
0.060807
0.057875
0.062661
0.060045
0.058918
0.057895
0.058406
0.063173
0.055938
0.056490
0.062159
0.062221
0.069220
0.074631
0.071920
0.079257
0.078226
0.083336
0.085909
0.088636
0.084520
0.083466
0.083767
0.085854
0.084890
0.082625
0.082888
0.086847
0.085793
0.088855
0.090672
0.090621
0.089567
0.091979
0.095723
0.098004
0.095375
0.096568
0.097821
0.098352
0.100419
0.102277
0.103874
0.102327
0.105203
0.106165
0.105081
0.102243
0.104006
0.103507
0.103863
0.104487
0.104719
0.107190
0.106482
0.105609
0.107208
0.108639
0.105967
0.108337
0.110513
0.108577
0.112509
0.110685
0.107562
0.107433
0.109470
0.106130
0.108684
0.103070
0.097722
0.096682
0.096116
0.093523
0.090468
0.089975
0.090701
0.087889
0.082837
0.081394
0.080242
0.075258
0.074505
0.072919
0.073978
0.071680
0.069379
0.068097
0.068636
0.065753
0.059393
0.054876
0.057093
0.053200
0.053050
0.055461
0.055288
0.053765
0.054290
0.051267
0.052685
0.051545
0.051909
0.052426
0.052607
0.051328
0.052838
0.052440
0.049212
0.050469
0.051986
0.050288
0.049851
0.050938
0.053708
0.048690
0.049080
0.046036
0.052362
0.052848
0.050976
0.048740
0.050073
0.050037
0.051693
0.052261
0.050482
0.052491
0.051646
0.050257
0.052575
0.051438
0.049853
0.049723
0.050913
0.049989
0.048924
0.048931
0.052644
0.053958
0.048636
0.049310
0.049073
0.049348
0.049869
0.051743
0.052522
0.049179
0.050395
0.050035
0.051219
0.051978
0.052237
0.052949
0.055203
0.053781
0.053756
0.055084
0.052902
0.055505
0.054807
0.061225
0.073880
0.090156
0.095763
0.098966
0.102767
0.107581
0.113536
0.118262
0.123803
0.131477
0.139096
0.146756
0.157109
0.171480
0.184916
0.194867
0.204277
0.214758
0.224864
0.219114
0.217119
0.214359
0.210100
0.207484
0.205582
0.204385
0.202931
0.200555
0.199135
0.198559
0.197798
0.200065
0.198838
0.198453
0.196623
0.197666
0.193060
0.194198
0.194738
0.195435
0.194189
0.194491
0.191513
0.193996
0.190616
0.192220
0.194009
0.190000
0.191316
0.191677
0.190327
0.187672
0.187673
0.186709
0.184530
0.186152
0.187120
0.185092
0.184931
0.187052
0.186412
0.185094
0.183800
0.184784
0.184422
0.183712
0.187829
0.186272
0.186790
0.188438
0.188991
0.189889
0.192579
0.185984
0.185952
0.187010
0.185562
0.187025
0.185071
0.187664
0.183222
0.187527
0.182319
0.187441
0.175956
0.179701
0.171486
0.171472
0.170775
0.166216
0.170524
0.171611
0.169447
0.174126
0.176345
0.174610
0.171382
0.169253
0.172579
0.162115
0.164059
0.167550
0.161368
0.167622
0.170163
0.167902
0.164143
0.166816
0.165572
0.160567
0.157289
0.168056
0.158537
0.163886
0.158317
0.165763
0.161202
0.165551
0.156605
0.159849
0.160679
0.164192
0.156462
0.162968
0.159241
0.162550
0.157996
0.162427
0.162815
0.160096
0.162488
0.165065
0.163334
0.153936
0.158359
0.161812
0.158063
0.156228
0.157885
0.160879
0.159707
0.159605
0.152260
0.150327
0.158258
0.160351
0.155095
0.159873
0.149697
0.159144
0.151745
0.161797
0.159283
0.158423
0.153577
0.155355
0.153803
0.154557
0.151752
0.155306
0.147092
0.153427
0.154518
0.153646
0.146804
0.153362
0.149418
0.155387
0.150839
0.154672
0.152936
0.149217
0.156314
0.156562
0.156668
0.149187
0.152076
0.155771
0.154081
0.156425
0.156136
0.153259
0.149450
0.150672
0.151720
0.151449
0.151027
0.149459
0.153386
0.150345
0.154010
0.150591
0.153968
0.153106
0.150809
0.154846
0.151242
0.151051
0.148420
0.154943
0.153051
0.149629
0.150482
0.151518
0.153726
0.153378
0.150420
0.152341
0.148612
0.152813
0.151075
0.148436
0.149447
0.149904
0.154101
0.150161
0.146496
0.147131
0.149627
0.146127
0.147102
0.152221
0.151512
0.147436
0.148864
0.150160
0.153744
0.135944
0.144580
0.151396
0.141474
0.148712
0.150515
0.147205
0.144461
0.149541
0.151668
0.141665
0.148372
0.149661
0.149977
0.149073
0.139854
0.148950
0.145594
0.147605
0.150651
0.149797
0.146930
0.142759
0.140130
0.143667
0.145695
0.148703
0.146229
0.148160
0.145955
0.140024
0.145501
0.148887
0.148659
0.145929
0.148600
0.147431
0.141167
0.147041
0.146546
0.149932
0.142895
0.150176
0.145080
0.146069
0.149996
0.146851
0.146764
0.147083
0.142844
0.145632
0.143453
0.144864
0.146774
0.146954
0.147664
0.145140
0.141531
0.137503
0.138289
0.140768
0.144977
0.143926
0.145552
0.142618
0.147567
0.145240
0.130368
0.144740
0.140202
0.140872
0.143823
0.141797
0.144761
0.137752
0.144182
0.144774
0.142321
0.137590
0.138425
0.141668
0.144345
0.123592
0.140970
0.139293
0.131866
0.132141
0.141982
0.142709
0.137765
0.139278
0.133273
0.138983
0.139371
0.136420
0.139559
0.133703
0.138534
0.128429
0.140696
0.139237
0.139147
0.135463
0.136643
0.140269
0.123394
0.136300
0.132533
0.137561
0.140694
0.142035
0.137870
0.136356
0.138364
0.135821
0.139848
0.137066
0.140089
0.142803
0.137758
0.137188
0.132969
0.124973
0.138731
0.140160
0.141320
0.137590
0.139291
0.139529
0.139402
0.138884
0.141851
0.138950
0.137428
0.122350
0.136550
0.133844
0.140061
0.131872
0.141295
0.133244
0.141011
0.142601
0.139400
0.140651
0.125989
0.137393
0.137462
0.139016
0.123592
0.138506
0.138840
0.118791
0.139944
0.140276
0.132667
0.139042
0.135803
0.118654
0.118156
0.137631
0.136730
0.139321
0.123190
0.136087
0.133491
0.118730
0.134356
0.133853
0.127663
0.125042
0.128766
0.130239
0.118864
0.125450
0.124899
0.117942
0.121595
0.112886
0.114265
0.107091
0.103010
0.100431
0.098512
0.094951
0.092446
0.093083
0.087827
0.080189
0.086750
0.085050
0.081441
0.080778
0.078922
0.077823
0.074146
0.074633
0.073588
0.075184
0.079371
0.079988
0.082309
0.079429
0.080978
0.084526
0.082323
0.084241
0.079126
0.072623
0.077268
0.078039
0.078816
0.083135
0.086134
0.090473
0.099354
0.100448
0.106047
0.104368
0.106803
0.108593
0.109939
0.110489
0.114225
0.111134
0.114268
0.108730
0.107630
0.108642
0.112109
0.112043
0.109023
0.111459
0.107509
0.111983
0.114861
0.109051
0.108328
0.104898
0.109124
0.109660
0.108686
0.111983
0.113786
0.110854
0.115287
0.108129
0.108414
0.115702
0.107357
0.113146
0.114043
0.111044
0.115471
0.113512
0.111797
0.116272
0.114762
0.110887
0.118437
0.118586
0.111154
0.111858
0.114002
0.110311
0.113441
0.109959
0.119873
0.120072
0.113762
0.116806
0.115627
0.113331
0.114177
0.123108
0.120746
0.112633
0.116636
0.119070
0.119190
0.118147
0.120602
0.112756
0.117652
0.122700
0.122296
0.121762
0.117938
0.122546
0.122207
0.122905
0.117878
0.122994
0.121541
0.123671
0.125485
0.120105
0.124067
0.121050
0.122133
0.118692
0.124442
0.124945
0.119416
0.124905
0.121853
0.120141
0.125548
0.124815
0.126117
0.126965
0.118882
0.128232
0.126652
0.126723
0.124635
0.128723
0.121660
0.127217
0.129712
0.118114
0.124851
0.125550
0.122252
0.125506
0.127883
0.125395
0.125563
0.125956
0.125573
0.127859
0.125815
