261.000000,118.000000,54.000000,41.000000
264.840000,117.350000,54.000000,41.000000
269.810000,117.750000,54.000000,41.000000
273.410000,119.720000,55.080000,41.820000
278.270000,122.560000,55.080000,41.820000
279.680000,124.410000,56.182000,42.656000
283.690000,125.790000,57.305000,43.510000
286.910000,127.440000,57.305000,43.510000
290.030000,128.790000,57.305000,43.510000
292.580000,128.770000,57.305000,43.510000
292.960000,127.880000,58.451000,44.380000
294.660000,126.010000,58.451000,44.380000
297.890000,124.170000,58.451000,44.380000
297.480000,123.480000,59.620000,45.267000
298.360000,123.140000,60.813000,46.173000
301.860000,124.370000,59.620000,45.267000
304.660000,125.640000,59.620000,45.267000
308.580000,129.580000,59.620000,45.267000
314.240000,135.010000,59.620000,45.267000
321.400000,140.290000,58.451000,44.380000
329.610000,146.130000,58.451000,44.380000
335.910000,151.500000,59.620000,45.267000
342.710000,157.370000,59.620000,45.267000
350.230000,168.120000,58.451000,44.380000
359.230000,175.060000,58.451000,44.380000
366.250000,180.960000,58.451000,44.380000
372.170000,182.720000,57.305000,43.510000
377.930000,182.810000,56.182000,42.656000
379.640000,181.940000,57.305000,43.510000
380.540000,179.610000,56.182000,42.656000
383.010000,179.240000,56.182000,42.656000
383.590000,178.540000,56.182000,42.656000
382.590000,180.920000,56.182000,42.656000
380.110000,180.150000,56.182000,42.656000
376.260000,179.580000,56.182000,42.656000
372.090000,175.830000,57.305000,43.510000
367.370000,170.330000,57.305000,43.510000
362.170000,164.950000,58.451000,44.380000
355.870000,158.800000,59.620000,45.267000
349.210000,153.890000,59.620000,45.267000
344.940000,149.660000,59.620000,45.267000
341.180000,146.590000,59.620000,45.267000
338.440000,146.080000,59.620000,45.267000
333.820000,145.150000,60.813000,46.173000
328.600000,143.660000,62.029000,47.096000
323.350000,142.910000,63.270000,48.038000
318.260000,142.920000,63.270000,48.038000
313.380000,142.150000,64.535000,48.999000
309.220000,141.850000,65.826000,49.979000
306.300000,141.830000,65.826000,49.979000
306.660000,142.420000,65.826000,49.979000
308.500000,142.250000,67.142000,50.978000
311.370000,142.440000,67.142000,50.978000
318.710000,143.930000,67.142000,50.978000
321.380000,144.120000,68.485000,51.998000
323.750000,143.470000,69.855000,53.038000
327.650000,143.440000,68.485000,51.998000
332.130000,141.280000,69.855000,53.038000
335.650000,141.040000,68.485000,51.998000
337.640000,138.510000,69.855000,53.038000
341.860000,138.840000,69.855000,53.038000
346.530000,139.010000,69.855000,53.038000
350.560000,139.100000,69.855000,53.038000
354.480000,139.920000,69.855000,53.038000
356.610000,140.240000,71.252000,54.099000
355.070000,139.900000,72.677000,55.181000
355.380000,140.620000,72.677000,55.181000
355.320000,141.160000,74.130000,56.284000
355.600000,143.990000,74.130000,56.284000
355.230000,148.730000,74.130000,56.284000
352.990000,154.350000,74.130000,56.284000
348.100000,157.680000,75.613000,57.410000
347.670000,162.730000,74.130000,56.284000
342.940000,167.080000,74.130000,56.284000
343.840000,167.190000,74.130000,56.284000
343.810000,168.050000,75.613000,57.410000
344.090000,168.730000,75.613000,57.410000
346.370000,171.760000,74.130000,56.284000
346.480000,173.700000,74.130000,56.284000
346.520000,175.400000,74.130000,56.284000
346.470000,175.830000,74.130000,56.284000
348.080000,176.360000,72.677000,55.181000
348.680000,176.750000,72.677000,55.181000
349.530000,176.620000,72.677000,55.181000
349.660000,176.240000,72.677000,55.181000
349.560000,176.410000,72.677000,55.181000
349.450000,176.720000,72.677000,55.181000
349.580000,175.220000,72.677000,55.181000
351.390000,175.310000,71.252000,54.099000
351.660000,172.910000,71.252000,54.099000
395.410000,179.980000,49.876000,37.869000
398.560000,184.520000,49.876000,37.869000
346.660000,184.260000,35.626000,27.049000
346.620000,183.050000,36.338000,27.590000
242.170000,145.620000,142.500000,108.200000
376.210000,178.960000,71.252000,54.099000
383.160000,195.520000,71.252000,54.099000
382.920000,204.530000,71.252000,54.099000
397.300000,208.530000,35.626000,27.049000
395.320000,217.490000,35.626000,27.049000
238.550000,150.850000,142.500000,108.200000
373.210000,191.630000,71.252000,54.099000
327.400000,181.390000,49.876000,37.869000
327.110000,186.980000,49.876000,37.869000
335.090000,184.050000,35.626000,27.049000
335.150000,185.030000,35.626000,27.049000
339.100000,190.270000,35.626000,27.049000
318.320000,188.840000,71.252000,54.099000
319.690000,185.720000,49.876000,37.869000
334.690000,189.120000,49.876000,37.869000
353.770000,167.550000,35.626000,27.049000
349.410000,168.330000,35.626000,27.049000
349.060000,168.010000,35.626000,27.049000
349.980000,167.440000,35.626000,27.049000
352.290000,169.980000,36.338000,27.590000
348.210000,231.690000,85.502000,64.918000
369.960000,165.390000,35.626000,27.049000
358.340000,158.850000,106.880000,81.148000
229.070000,163.580000,142.500000,108.200000
433.290000,239.200000,71.252000,54.099000
434.120000,239.250000,71.252000,54.099000
434.520000,238.100000,71.252000,54.099000
433.560000,237.460000,71.252000,54.099000
433.290000,237.950000,71.252000,54.099000
433.310000,238.490000,71.252000,54.099000
433.310000,237.380000,71.252000,54.099000
434.720000,236.640000,71.252000,54.099000
320.650000,83.944000,85.502000,64.918000
381.520000,212.850000,35.626000,27.049000
351.900000,197.650000,106.880000,81.148000
321.260000,70.344000,142.500000,108.200000
332.870000,95.069000,71.252000,54.099000
335.870000,95.318000,71.252000,54.099000
360.720000,198.300000,85.502000,64.918000
486.920000,225.880000,35.626000,27.049000
255.010000,166.500000,106.880000,81.148000
256.390000,165.130000,104.780000,79.557000
329.240000,94.295000,71.252000,54.099000
335.970000,93.160000,71.252000,54.099000
334.680000,93.008000,69.855000,53.038000
336.470000,90.213000,67.142000,50.978000
327.140000,80.830000,67.142000,50.978000
328.910000,81.551000,67.142000,50.978000
447.060000,203.070000,71.252000,54.099000
446.670000,202.830000,72.677000,55.181000
440.750000,206.140000,74.130000,56.284000
441.340000,205.460000,75.613000,57.410000
440.140000,204.360000,77.125000,58.558000
436.790000,207.140000,78.668000,59.729000
326.550000,180.460000,71.252000,54.099000
327.410000,176.610000,69.855000,53.038000
327.760000,174.480000,69.855000,53.038000
329.740000,173.330000,69.855000,53.038000
331.370000,172.000000,69.855000,53.038000
331.820000,172.050000,68.485000,51.998000
331.840000,172.490000,68.485000,51.998000
331.620000,174.850000,67.142000,50.978000
331.420000,176.170000,67.142000,50.978000
333.460000,176.710000,65.826000,49.979000
334.170000,176.650000,65.826000,49.979000
333.710000,177.370000,65.826000,49.979000
334.500000,176.530000,65.826000,49.979000
335.530000,176.430000,64.535000,48.999000
335.890000,176.190000,64.535000,48.999000
337.120000,175.200000,64.535000,48.999000
338.370000,174.770000,64.535000,48.999000
341.070000,173.610000,64.535000,48.999000
342.720000,173.080000,63.270000,48.038000
343.480000,172.980000,63.270000,48.038000
344.240000,173.440000,63.270000,48.038000
345.060000,173.600000,63.270000,48.038000
381.310000,201.320000,62.029000,47.096000
384.890000,202.130000,60.813000,46.173000
397.080000,211.580000,60.813000,46.173000
397.360000,211.730000,60.813000,46.173000
387.250000,202.030000,60.813000,46.173000
387.360000,198.130000,59.620000,45.267000
354.170000,157.920000,44.289000,33.627000
350.840000,160.550000,44.289000,33.627000
354.520000,157.410000,45.174000,34.299000
352.460000,157.330000,45.174000,34.299000
354.370000,157.060000,45.174000,34.299000
354.430000,156.890000,45.174000,34.299000
356.000000,160.530000,44.289000,33.627000
355.330000,185.480000,75.924000,57.646000
344.590000,161.940000,31.635000,24.019000
344.060000,164.870000,31.635000,24.019000
343.560000,166.200000,31.635000,24.019000
351.740000,157.550000,63.270000,48.038000
359.290000,159.590000,44.289000,33.627000
358.440000,157.110000,45.174000,34.299000
383.740000,168.260000,31.635000,24.019000
262.260000,139.440000,94.904000,72.057000
378.200000,153.520000,126.540000,96.076000
285.520000,135.400000,63.270000,48.038000
340.580000,159.100000,44.289000,33.627000
277.160000,136.570000,75.924000,57.646000
341.570000,162.260000,31.635000,24.019000
259.730000,137.810000,94.904000,72.057000
419.020000,199.490000,126.540000,96.076000
353.410000,118.550000,63.270000,48.038000
350.640000,118.950000,63.270000,48.038000
351.070000,120.290000,63.270000,48.038000
349.920000,119.240000,62.029000,47.096000
354.020000,117.450000,62.029000,47.096000
350.370000,120.930000,62.029000,47.096000
320.700000,181.060000,63.270000,48.038000
304.860000,223.470000,44.289000,33.627000
315.620000,181.070000,75.924000,57.646000
315.930000,178.120000,74.435000,56.515000
369.970000,192.520000,94.904000,72.057000
280.260000,128.970000,126.540000,96.076000
317.510000,181.950000,63.270000,48.038000
370.540000,105.010000,44.289000,33.627000
368.750000,107.650000,44.289000,33.627000
368.980000,108.720000,44.289000,33.627000
368.930000,108.240000,44.289000,33.627000
368.810000,107.840000,44.289000,33.627000
369.720000,108.370000,43.420000,32.967000
368.460000,108.260000,43.420000,32.967000
367.710000,108.770000,43.420000,32.967000
367.500000,108.770000,43.420000,32.967000
365.670000,108.040000,43.420000,32.967000
365.780000,107.960000,43.420000,32.967000
370.030000,219.150000,63.270000,48.038000
360.300000,97.627000,44.289000,33.627000
364.300000,96.089000,43.420000,32.967000
359.280000,107.470000,43.420000,32.967000
359.650000,107.370000,43.420000,32.967000
363.040000,106.510000,43.420000,32.967000
362.510000,100.590000,43.420000,32.967000
363.240000,105.610000,43.420000,32.967000
361.070000,105.650000,43.420000,32.967000
361.320000,95.862000,43.420000,32.967000
360.640000,96.024000,42.569000,32.321000
361.120000,94.444000,42.569000,32.321000
348.820000,98.567000,63.270000,48.038000
349.730000,95.597000,63.270000,48.038000
351.170000,94.284000,62.029000,47.096000
350.460000,96.516000,62.029000,47.096000
350.280000,95.114000,62.029000,47.096000
351.610000,95.683000,62.029000,47.096000
352.980000,95.453000,62.029000,47.096000
354.110000,94.836000,60.813000,46.173000
355.760000,95.910000,59.620000,45.267000
354.810000,94.790000,58.451000,44.380000
310.440000,197.130000,94.904000,72.057000
297.540000,197.670000,126.540000,96.076000
343.960000,99.721000,63.270000,48.038000
343.460000,96.895000,63.270000,48.038000
342.650000,97.451000,62.029000,47.096000
341.950000,97.337000,62.029000,47.096000
336.380000,122.650000,94.904000,72.057000
333.330000,197.860000,126.540000,96.076000
336.250000,100.220000,63.270000,48.038000
339.180000,96.479000,63.270000,48.038000
338.040000,96.296000,63.270000,48.038000
338.260000,96.863000,62.029000,47.096000
337.660000,97.430000,60.813000,46.173000
335.970000,98.943000,60.813000,46.173000
436.390000,243.310000,63.270000,48.038000
436.150000,242.970000,62.029000,47.096000
435.340000,243.950000,62.029000,47.096000
435.060000,243.160000,62.029000,47.096000
433.980000,243.400000,62.029000,47.096000
434.540000,244.880000,62.029000,47.096000
350.350000,160.100000,63.270000,48.038000
326.740000,211.280000,44.289000,33.627000
326.550000,210.420000,44.289000,33.627000
326.420000,206.300000,44.289000,33.627000
419.540000,244.070000,94.904000,72.057000
410.770000,238.640000,96.802000,73.498000
330.110000,98.349000,63.270000,48.038000
329.800000,94.389000,63.270000,48.038000
338.450000,196.850000,75.924000,57.646000
339.030000,194.300000,75.924000,57.646000
341.330000,193.580000,75.924000,57.646000
343.660000,193.470000,74.435000,56.515000
348.380000,193.530000,74.435000,56.515000
348.230000,192.360000,74.435000,56.515000
347.610000,191.860000,74.435000,56.515000
348.280000,190.230000,74.435000,56.515000
347.760000,190.320000,74.435000,56.515000
346.710000,190.700000,74.435000,56.515000
344.710000,191.030000,74.435000,56.515000
343.420000,190.480000,74.435000,56.515000
341.010000,190.820000,74.435000,56.515000
339.220000,190.150000,74.435000,56.515000
338.600000,190.200000,74.435000,56.515000
337.680000,189.820000,74.435000,56.515000
336.450000,189.910000,74.435000,56.515000
335.130000,189.290000,74.435000,56.515000
335.600000,190.570000,72.975000,55.407000
334.740000,190.900000,72.975000,55.407000
334.530000,191.740000,71.544000,54.321000
334.720000,192.740000,71.544000,54.321000
333.740000,163.720000,50.081000,38.025000
333.960000,163.150000,49.099000,37.279000
336.440000,164.030000,49.099000,37.279000
335.260000,173.570000,49.099000,37.279000
335.400000,164.200000,49.099000,37.279000
321.520000,169.390000,71.544000,54.321000
338.010000,199.060000,50.081000,38.025000
273.880000,186.670000,85.853000,65.185000
347.710000,169.420000,35.772000,27.160000
345.300000,176.930000,35.772000,27.160000
279.880000,155.050000,143.090000,108.640000
324.390000,166.340000,71.544000,54.321000
368.770000,170.330000,50.081000,38.025000
320.000000,163.440000,85.853000,65.185000
348.550000,163.760000,35.772000,27.160000
342.090000,164.580000,34.383000,26.106000
313.790000,186.630000,143.090000,108.640000
338.790000,195.840000,71.544000,54.321000
371.690000,206.230000,50.081000,38.025000
404.550000,173.240000,85.853000,65.185000
379.750000,207.210000,35.772000,27.160000
377.620000,148.530000,107.320000,81.481000
341.670000,140.400000,143.090000,108.640000
351.510000,180.410000,71.544000,54.321000
351.750000,179.200000,71.544000,54.321000
350.740000,178.830000,71.544000,54.321000
351.420000,179.120000,71.544000,54.321000
352.760000,176.130000,71.544000,54.321000
342.390000,140.030000,143.090000,108.640000
347.810000,174.500000,71.544000,54.321000
347.410000,173.130000,71.544000,54.321000
356.570000,165.690000,71.544000,54.321000
356.670000,164.180000,71.544000,54.321000
320.720000,51.944000,107.320000,81.481000
320.650000,51.612000,105.210000,79.883000
410.700000,164.650000,71.544000,54.321000
421.020000,170.920000,70.142000,53.256000
419.190000,168.560000,70.142000,53.256000
419.130000,167.930000,70.142000,53.256000
418.190000,167.100000,70.142000,53.256000
337.830000,109.950000,143.090000,108.640000
359.920000,156.370000,71.544000,54.321000
381.670000,221.440000,50.081000,38.025000
373.610000,214.660000,85.853000,65.185000
396.440000,132.700000,35.772000,27.160000
369.790000,139.440000,107.320000,81.481000
438.810000,202.280000,143.090000,108.640000
405.820000,154.940000,71.544000,54.321000
412.990000,164.130000,71.544000,54.321000
414.620000,162.600000,71.544000,54.321000
413.720000,162.630000,72.975000,55.407000
414.010000,160.340000,74.435000,56.515000
359.780000,204.180000,143.090000,108.640000
245.140000,152.340000,71.544000,54.321000
383.890000,216.950000,50.081000,38.025000
406.140000,154.410000,85.853000,65.185000
408.920000,155.430000,84.170000,63.907000
375.110000,140.710000,107.320000,81.481000
344.780000,153.460000,143.090000,108.640000
239.740000,159.450000,71.544000,54.321000
240.540000,163.430000,70.142000,53.256000
241.820000,163.940000,70.142000,53.256000
243.410000,171.770000,70.142000,53.256000
242.320000,171.960000,70.142000,53.256000
239.800000,177.730000,70.142000,53.256000
415.940000,152.590000,71.544000,54.321000
415.870000,156.340000,71.544000,54.321000
414.010000,153.020000,72.975000,55.407000
413.730000,154.290000,74.435000,56.515000
414.180000,153.930000,75.924000,57.646000
413.160000,153.790000,75.924000,57.646000
411.060000,152.770000,75.924000,57.646000
411.440000,151.640000,77.442000,58.799000
305.430000,73.343000,85.853000,65.185000
305.040000,73.986000,85.853000,65.185000
308.570000,77.049000,85.853000,65.185000
329.640000,146.140000,143.090000,108.640000
399.360000,149.840000,71.544000,54.321000
406.440000,154.340000,71.544000,54.321000
383.970000,145.560000,85.853000,65.185000
395.470000,148.200000,85.853000,65.185000
393.600000,150.140000,85.853000,65.185000
396.310000,150.340000,85.853000,65.185000
392.470000,150.840000,71.544000,54.321000
396.600000,232.920000,50.081000,38.025000
381.490000,148.470000,85.853000,65.185000
391.010000,149.060000,85.853000,65.185000
393.140000,165.790000,85.853000,65.185000
392.060000,153.790000,85.853000,65.185000
392.510000,154.010000,85.853000,65.185000
394.490000,154.610000,84.170000,63.907000
394.720000,152.670000,84.170000,63.907000
392.600000,153.230000,84.170000,63.907000
382.250000,149.070000,85.853000,65.185000
392.340000,156.330000,85.853000,65.185000
374.260000,149.830000,103.020000,78.222000
424.240000,167.860000,42.927000,32.592000
400.630000,203.440000,128.780000,97.777000
318.360000,135.690000,171.710000,130.370000
381.720000,146.000000,85.853000,65.185000
409.220000,164.990000,60.097000,45.629000
367.710000,140.990000,103.020000,78.222000
425.170000,163.770000,42.927000,32.592000
424.500000,164.960000,42.927000,32.592000
328.160000,139.600000,171.710000,130.370000
380.590000,150.070000,85.853000,65.185000
418.760000,156.270000,60.097000,45.629000
369.210000,143.040000,103.020000,78.222000
403.290000,143.620000,42.927000,32.592000
345.600000,138.970000,128.780000,97.777000
317.210000,94.721000,171.710000,130.370000
380.330000,147.530000,85.853000,65.185000
409.000000,165.540000,60.097000,45.629000
413.890000,162.160000,58.919000,44.735000
413.040000,165.580000,58.919000,44.735000
412.750000,166.040000,57.764000,43.858000
417.640000,163.610000,56.631000,42.998000
417.830000,160.430000,56.631000,42.998000
412.980000,168.710000,56.631000,42.998000
415.840000,171.420000,56.631000,42.998000
419.610000,160.080000,56.631000,42.998000
416.440000,172.170000,56.631000,42.998000
417.300000,170.740000,56.631000,42.998000
416.300000,170.920000,56.631000,42.998000
419.420000,177.630000,55.521000,42.155000
418.990000,176.140000,54.432000,41.328000
418.360000,174.820000,55.521000,42.155000
418.600000,177.010000,54.432000,41.328000
418.360000,175.900000,55.521000,42.155000
386.390000,148.160000,85.853000,65.185000
402.070000,241.490000,60.097000,45.629000
374.020000,146.500000,103.020000,78.222000
399.540000,144.870000,42.927000,32.592000
348.770000,206.010000,128.780000,97.777000
434.260000,193.890000,171.710000,130.370000
311.660000,71.859000,85.853000,65.185000
295.970000,87.475000,84.170000,63.907000
296.300000,88.582000,84.170000,63.907000
299.050000,91.397000,82.520000,62.654000
302.210000,95.505000,82.520000,62.654000
301.550000,95.033000,84.170000,63.907000
305.040000,95.834000,82.520000,62.654000
307.070000,95.319000,82.520000,62.654000
308.260000,95.672000,82.520000,62.654000
309.790000,96.477000,82.520000,62.654000
309.590000,97.473000,82.520000,62.654000
310.540000,97.669000,80.902000,61.425000
316.600000,98.037000,80.902000,61.425000
315.200000,99.211000,80.902000,61.425000
320.680000,102.830000,80.902000,61.425000
321.690000,102.680000,80.902000,61.425000
321.780000,103.230000,82.520000,62.654000
331.650000,108.980000,82.520000,62.654000
334.210000,113.530000,80.902000,61.425000
344.620000,98.030000,41.260000,31.327000
352.500000,134.900000,123.780000,93.981000
331.200000,133.670000,165.040000,125.310000
334.680000,133.640000,82.520000,62.654000
322.260000,62.785000,57.764000,43.858000
333.140000,74.922000,57.764000,43.858000
320.710000,69.581000,41.260000,31.327000
343.020000,136.470000,123.780000,93.981000
325.110000,137.640000,165.040000,125.310000
320.150000,71.712000,82.520000,62.654000
313.390000,56.566000,82.520000,62.654000
315.260000,65.016000,99.023000,75.184000
312.880000,80.482000,41.260000,31.327000
313.860000,80.784000,40.451000,30.713000
339.330000,141.370000,165.040000,125.310000
318.550000,73.544000,82.520000,62.654000
316.540000,71.811000,82.520000,62.654000
316.600000,71.170000,80.902000,61.425000
313.670000,71.317000,80.902000,61.425000
313.870000,70.779000,80.902000,61.425000
356.690000,155.180000,165.040000,125.310000
435.680000,189.350000,165.040000,125.310000
436.470000,191.540000,165.040000,125.310000
437.390000,192.660000,165.040000,125.310000
436.710000,193.180000,165.040000,125.310000
433.360000,196.630000,165.040000,125.310000
433.640000,194.610000,165.040000,125.310000
350.470000,86.192000,82.520000,62.654000
314.720000,59.277000,57.764000,43.858000
352.280000,147.780000,99.023000,75.184000
336.190000,79.492000,41.260000,31.327000
195.570000,153.390000,123.780000,93.981000
165.780000,154.270000,165.040000,125.310000
310.390000,74.195000,82.520000,62.654000
340.370000,100.780000,57.764000,43.858000
406.100000,149.240000,99.023000,75.184000
413.550000,155.370000,99.023000,75.184000
413.880000,155.960000,99.023000,75.184000
414.430000,155.410000,99.023000,75.184000
426.260000,162.050000,82.520000,62.654000
317.240000,192.450000,57.764000,43.858000
407.300000,145.850000,99.023000,75.184000
435.330000,170.590000,41.260000,31.327000
279.150000,53.997000,123.780000,93.981000
334.100000,136.880000,165.040000,125.310000
239.100000,155.850000,82.520000,62.654000
241.410000,164.840000,57.764000,43.858000
346.130000,153.940000,99.023000,75.184000
438.640000,167.120000,41.260000,31.327000
294.100000,46.520000,123.780000,93.981000
335.510000,144.280000,165.040000,125.310000
323.400000,162.390000,82.520000,62.654000
326.280000,160.490000,82.520000,62.654000
321.330000,160.630000,82.520000,62.654000
322.850000,160.430000,82.520000,62.654000
321.080000,159.150000,82.520000,62.654000
323.060000,158.370000,82.520000,62.654000
426.270000,159.140000,82.520000,62.654000
234.830000,170.990000,57.764000,43.858000
408.010000,147.770000,99.023000,75.184000
349.100000,62.265000,41.260000,31.327000
391.640000,141.780000,123.780000,93.981000
390.640000,139.530000,123.780000,93.981000
239.140000,156.270000,82.520000,62.654000
323.920000,108.330000,57.764000,43.858000
400.250000,140.730000,99.023000,75.184000
402.930000,141.130000,97.082000,73.710000
402.080000,141.450000,95.178000,72.265000
255.980000,46.901000,165.040000,125.310000
412.390000,143.090000,82.520000,62.654000
424.000000,154.180000,82.520000,62.654000
316.520000,106.170000,99.023000,75.184000
315.800000,101.210000,99.023000,75.184000
321.520000,104.600000,97.082000,73.710000
279.970000,56.122000,165.040000,125.310000
328.390000,102.670000,82.520000,62.654000
341.660000,112.370000,57.764000,43.858000
307.010000,89.597000,99.023000,75.184000
319.100000,99.500000,97.082000,73.710000
297.980000,86.833000,123.780000,93.981000
343.500000,161.940000,165.040000,125.310000
313.820000,160.810000,82.520000,62.654000
313.760000,159.330000,82.520000,62.654000
311.640000,158.990000,82.520000,62.654000
321.130000,159.080000,82.520000,62.654000
317.730000,159.830000,80.902000,61.425000
313.150000,160.930000,80.902000,61.425000
331.520000,182.430000,82.520000,62.654000
343.600000,202.840000,57.764000,43.858000
290.290000,289.470000,99.023000,75.184000
288.970000,281.530000,99.023000,75.184000
298.040000,266.930000,123.780000,93.981000
237.680000,161.370000,165.040000,125.310000
340.850000,211.310000,82.520000,62.654000
337.040000,211.610000,82.520000,62.654000
330.910000,181.330000,99.023000,75.184000
454.730000,197.710000,41.260000,31.327000
329.820000,161.510000,123.780000,93.981000
353.130000,158.580000,165.040000,125.310000
344.830000,158.110000,82.520000,62.654000
353.880000,187.730000,57.764000,43.858000
333.420000,164.530000,99.023000,75.184000
326.630000,175.380000,99.023000,75.184000
323.670000,175.030000,123.780000,93.981000
271.400000,45.681000,165.040000,125.310000
460.040000,197.600000,82.520000,62.654000
354.060000,190.410000,57.764000,43.858000
333.210000,184.550000,99.023000,75.184000
343.510000,62.467000,41.260000,31.327000
395.980000,136.440000,123.780000,93.981000
431.090000,192.700000,165.040000,125.310000
427.620000,193.450000,168.340000,127.810000
430.690000,193.820000,168.340000,127.810000
426.760000,194.220000,168.340000,127.810000
429.430000,192.560000,168.340000,127.810000
428.160000,194.900000,168.340000,127.810000
423.680000,198.830000,168.340000,127.810000
410.570000,150.550000,82.520000,62.654000
412.140000,150.160000,82.520000,62.654000
399.370000,143.130000,99.023000,75.184000
406.450000,151.220000,99.023000,75.184000
440.950000,203.880000,123.780000,93.981000
316.210000,96.703000,165.040000,125.310000
406.100000,149.260000,82.520000,62.654000
294.900000,216.640000,57.764000,43.858000
295.700000,224.770000,56.631000,42.998000
365.130000,260.100000,41.260000,31.327000
249.680000,193.460000,123.780000,93.981000
314.730000,92.004000,165.040000,125.310000
410.120000,150.740000,82.520000,62.654000
414.690000,156.840000,82.520000,62.654000
328.840000,133.170000,99.023000,75.184000
447.360000,209.550000,41.260000,31.327000
363.360000,186.980000,123.780000,93.981000
307.290000,81.512000,165.040000,125.310000
403.710000,147.050000,82.520000,62.654000
321.900000,88.978000,57.764000,43.858000
320.260000,75.210000,57.764000,43.858000
320.660000,73.060000,57.764000,43.858000
321.440000,73.833000,56.631000,42.998000
321.970000,72.663000,56.631000,42.998000
320.770000,73.320000,55.521000,42.155000
320.070000,72.929000,55.521000,42.155000
321.190000,73.180000,54.432000,41.328000
322.170000,73.798000,54.432000,41.328000
320.210000,74.358000,54.432000,41.328000
322.940000,73.861000,54.432000,41.328000
324.360000,73.547000,54.432000,41.328000
324.810000,72.948000,54.432000,41.328000
325.740000,73.881000,53.365000,40.518000
324.680000,72.820000,53.365000,40.518000
325.330000,73.344000,52.318000,39.723000
325.730000,73.781000,51.292000,38.944000
326.100000,73.977000,50.287000,38.181000
327.050000,73.814000,49.301000,37.432000
329.640000,74.972000,49.301000,37.432000
322.830000,90.373000,48.334000,36.698000
325.370000,90.768000,48.334000,36.698000
326.100000,90.782000,48.334000,36.698000
297.990000,76.824000,82.520000,62.654000
311.040000,82.016000,57.764000,43.858000
324.780000,90.485000,56.631000,42.998000
324.990000,90.327000,56.631000,42.998000
325.790000,91.232000,56.631000,42.998000
236.210000,45.346000,165.040000,125.310000
263.240000,98.387000,82.520000,62.654000
274.040000,98.447000,84.170000,63.907000
286.970000,65.786000,99.023000,75.184000
300.050000,53.195000,99.023000,75.184000
333.530000,182.250000,123.780000,93.981000
238.810000,164.980000,165.040000,125.310000
307.850000,83.053000,82.520000,62.654000
307.660000,83.279000,82.520000,62.654000
315.300000,76.508000,80.902000,61.425000
317.160000,69.763000,80.902000,61.425000
316.560000,69.672000,80.902000,61.425000
308.840000,52.386000,80.902000,61.425000
280.670000,175.550000,82.520000,62.654000
299.150000,171.600000,82.520000,62.654000
352.450000,176.000000,99.023000,75.184000
359.940000,283.860000,41.260000,31.327000
336.200000,178.950000,123.780000,93.981000
248.560000,160.620000,165.040000,125.310000
285.580000,200.720000,82.520000,62.654000
322.640000,61.593000,57.764000,43.858000
328.320000,72.980000,57.764000,43.858000
328.520000,74.914000,56.631000,42.998000
329.540000,73.960000,56.631000,42.998000
330.670000,74.383000,56.631000,42.998000
330.780000,73.270000,56.631000,42.998000
329.360000,70.859000,56.631000,42.998000
330.430000,70.828000,56.631000,42.998000
330.020000,70.697000,56.631000,42.998000
345.310000,78.329000,28.316000,21.499000
345.540000,78.132000,28.316000,21.499000
345.850000,78.870000,28.316000,21.499000
338.290000,74.636000,56.631000,42.998000
331.670000,74.714000,55.521000,42.155000
330.490000,76.150000,55.521000,42.155000
330.860000,75.190000,55.521000,42.155000
312.110000,61.297000,84.947000,64.496000
314.920000,67.249000,83.281000,63.232000
308.500000,82.666000,56.631000,42.998000
347.450000,78.467000,39.642000,30.098000
339.420000,78.590000,39.642000,30.098000
340.230000,78.821000,39.642000,30.098000
340.610000,79.037000,39.642000,30.098000
339.980000,78.260000,39.642000,30.098000
341.350000,78.419000,39.642000,30.098000
343.430000,78.395000,39.642000,30.098000
342.420000,78.751000,38.864000,29.508000
336.430000,90.192000,28.316000,21.499000
317.940000,69.010000,84.947000,64.496000
319.130000,70.776000,83.281000,63.232000
318.600000,75.196000,83.281000,63.232000
347.280000,97.582000,39.642000,30.098000
346.110000,91.403000,40.435000,30.700000
345.030000,107.220000,28.316000,21.499000
241.460000,102.330000,84.947000,64.496000
323.090000,139.940000,113.260000,85.995000
357.030000,88.100000,56.631000,42.998000
373.250000,72.758000,56.631000,42.998000
381.720000,72.517000,55.521000,42.155000
390.820000,72.644000,54.432000,41.328000
399.280000,72.623000,53.365000,40.518000
409.480000,73.077000,52.318000,39.723000
417.870000,72.778000,52.318000,39.723000
426.760000,73.236000,52.318000,39.723000
436.080000,72.251000,52.318000,39.723000
443.190000,73.289000,51.292000,38.944000
450.370000,73.924000,51.292000,38.944000
455.170000,74.134000,50.287000,38.181000
460.300000,74.684000,49.301000,37.432000
463.300000,75.798000,48.334000,36.698000
465.360000,75.539000,48.334000,36.698000
466.390000,76.844000,47.386000,35.979000
466.910000,77.816000,46.457000,35.273000
465.880000,77.847000,46.457000,35.273000
464.030000,78.196000,46.457000,35.273000
461.020000,79.159000,46.457000,35.273000
456.380000,78.549000,46.457000,35.273000
451.540000,77.687000,46.457000,35.273000
443.720000,78.523000,46.457000,35.273000
436.480000,78.880000,46.457000,35.273000
427.810000,80.922000,46.457000,35.273000
417.890000,81.751000,46.457000,35.273000
409.630000,81.907000,46.457000,35.273000
401.450000,85.100000,45.546000,34.581000
393.220000,85.622000,45.546000,34.581000
385.180000,89.104000,44.653000,33.903000
377.170000,89.057000,44.653000,33.903000
371.370000,89.880000,43.778000,33.239000
364.310000,90.517000,43.778000,33.239000
357.340000,89.889000,43.778000,33.239000
351.380000,90.068000,42.919000,32.587000
348.280000,89.793000,42.078000,31.948000
341.950000,91.831000,42.078000,31.948000
337.670000,92.565000,41.253000,31.321000
332.990000,92.220000,41.253000,31.321000
328.360000,92.874000,40.444000,30.707000
323.810000,93.158000,40.444000,30.707000
319.810000,92.775000,40.444000,30.707000
316.270000,92.870000,39.651000,30.105000
310.860000,95.060000,39.651000,30.105000
305.790000,95.053000,39.651000,30.105000
300.590000,95.002000,39.651000,30.105000
295.970000,95.444000,39.651000,30.105000
291.410000,96.364000,38.873000,29.515000
286.600000,95.844000,38.873000,29.515000
280.610000,95.517000,38.873000,29.515000
275.270000,94.141000,38.873000,29.515000
273.180000,94.882000,38.111000,28.936000
268.090000,95.636000,38.873000,29.515000
262.950000,97.674000,38.873000,29.515000
261.160000,98.341000,38.873000,29.515000
260.790000,98.332000,38.873000,29.515000
259.070000,99.487000,38.873000,29.515000
259.350000,99.457000,38.873000,29.515000
259.950000,99.690000,38.873000,29.515000
258.550000,99.526000,38.873000,29.515000
259.140000,99.539000,38.873000,29.515000
258.670000,100.200000,38.873000,29.515000
257.690000,101.480000,39.651000,30.105000
258.010000,101.850000,39.651000,30.105000
257.420000,102.710000,39.651000,30.105000
253.240000,102.560000,40.444000,30.707000
251.810000,103.900000,39.651000,30.105000
247.950000,104.040000,39.651000,30.105000
243.850000,103.510000,39.651000,30.105000
238.640000,104.180000,39.651000,30.105000
232.390000,103.880000,39.651000,30.105000
224.560000,104.390000,39.651000,30.105000
216.210000,104.090000,39.651000,30.105000
207.400000,104.250000,39.651000,30.105000
195.570000,104.920000,39.651000,30.105000
181.670000,106.500000,38.873000,29.515000
165.510000,107.690000,38.873000,29.515000
148.740000,110.490000,38.873000,29.515000
131.660000,113.760000,38.873000,29.515000
114.780000,117.730000,38.873000,29.515000
99.436000,122.470000,38.873000,29.515000
85.454000,125.960000,38.873000,29.515000
73.032000,130.010000,38.873000,29.515000
60.573000,134.460000,38.873000,29.515000
51.401000,137.180000,38.873000,29.515000
43.025000,142.270000,38.873000,29.515000
36.942000,143.690000,38.873000,29.515000
29.429000,147.170000,38.873000,29.515000
