542.000000,231.000000,50.000000,72.000000
527.000000,233.000000,49.000000,71.000000
513.000000,233.000000,49.000000,71.000000
503.000000,230.000000,50.000000,72.000000
496.000000,230.000000,50.000000,72.000000
491.000000,227.000000,51.000000,74.000000
485.000000,227.000000,51.000000,74.000000
480.000000,228.000000,50.000000,72.000000
473.000000,228.000000,50.000000,72.000000
465.000000,228.000000,50.000000,72.000000
458.000000,230.000000,50.000000,72.000000
451.000000,231.000000,50.000000,72.000000
445.000000,233.000000,49.000000,70.000000
439.000000,232.000000,49.000000,70.000000
434.000000,232.000000,48.000000,69.000000
429.000000,233.000000,47.000000,67.000000
422.000000,233.000000,46.000000,66.000000
416.000000,232.000000,47.000000,67.000000
410.000000,233.000000,46.000000,67.000000
404.000000,232.000000,46.000000,66.000000
398.000000,232.000000,46.000000,66.000000
393.000000,232.000000,46.000000,67.000000
390.000000,232.000000,46.000000,67.000000
380.000000,234.000000,45.000000,65.000000
375.000000,235.000000,45.000000,65.000000
369.000000,235.000000,45.000000,65.000000
363.000000,234.000000,45.000000,65.000000
361.000000,232.000000,45.000000,65.000000
353.000000,230.000000,46.000000,66.000000
350.000000,229.000000,46.000000,66.000000
346.000000,230.000000,46.000000,67.000000
343.000000,229.000000,47.000000,67.000000
341.000000,226.000000,48.000000,69.000000
339.000000,227.000000,47.000000,68.000000
337.000000,227.000000,46.000000,67.000000
335.000000,227.000000,46.000000,66.000000
334.000000,226.000000,47.000000,67.000000
333.000000,226.000000,47.000000,67.000000
333.000000,225.000000,47.000000,68.000000
333.000000,224.000000,47.000000,67.000000
334.000000,224.000000,46.000000,66.000000
335.000000,224.000000,46.000000,66.000000
339.000000,224.000000,45.000000,65.000000
339.000000,225.000000,44.000000,63.000000
343.000000,227.000000,43.000000,63.000000
345.000000,227.000000,44.000000,63.000000
346.000000,227.000000,44.000000,63.000000
348.000000,224.000000,43.000000,62.000000
349.000000,226.000000,42.000000,61.000000
350.000000,225.000000,42.000000,60.000000
353.000000,224.000000,42.000000,61.000000
354.000000,225.000000,42.000000,60.000000
359.000000,224.000000,41.000000,60.000000
363.000000,225.000000,42.000000,61.000000
368.000000,225.000000,42.000000,60.000000
375.000000,228.000000,41.000000,59.000000
378.000000,229.000000,40.000000,58.000000
384.000000,228.000000,39.000000,57.000000
387.000000,226.000000,39.000000,57.000000
381.000000,226.000000,38.000000,56.000000
402.000000,228.000000,38.000000,55.000000
410.000000,232.000000,38.000000,55.000000
443.000000,234.000000,39.000000,56.000000
487.000000,220.000000,40.000000,57.000000
504.000000,212.000000,39.000000,56.000000
508.000000,203.000000,38.000000,56.000000
508.000000,203.000000,39.000000,57.000000
508.000000,200.000000,40.000000,57.000000
510.000000,202.000000,40.000000,59.000000
510.000000,200.000000,40.000000,58.000000
510.000000,200.000000,40.000000,59.000000
510.000000,200.000000,40.000000,59.000000
510.000000,201.000000,40.000000,59.000000
509.000000,201.000000,40.000000,57.000000
509.000000,200.000000,40.000000,59.000000
510.000000,201.000000,40.000000,59.000000
510.000000,199.000000,40.000000,59.000000
510.000000,200.000000,41.000000,59.000000
510.000000,200.000000,40.000000,59.000000
509.000000,200.000000,40.000000,59.000000
509.000000,200.000000,40.000000,59.000000
510.000000,201.000000,41.000000,59.000000
510.000000,200.000000,40.000000,59.000000
509.000000,201.000000,40.000000,59.000000
510.000000,200.000000,40.000000,59.000000
509.000000,200.000000,40.000000,59.000000
509.000000,200.000000,40.000000,59.000000
509.000000,200.000000,40.000000,59.000000
510.000000,200.000000,40.000000,59.000000
510.000000,200.000000,40.000000,59.000000
509.000000,200.000000,40.000000,59.000000
509.000000,200.000000,40.000000,59.000000
509.000000,201.000000,41.000000,59.000000
510.000000,200.000000,41.000000,59.000000
509.000000,200.000000,40.000000,59.000000
509.000000,200.000000,40.000000,59.000000
509.000000,200.000000,40.000000,59.000000
509.000000,200.000000,40.000000,59.000000
509.000000,200.000000,40.000000,59.000000
509.000000,200.000000,40.000000,59.000000
509.000000,200.000000,40.000000,59.000000
509.000000,200.000000,40.000000,59.000000
509.000000,200.000000,40.000000,59.000000
509.000000,200.000000,40.000000,59.000000
509.000000,200.000000,40.000000,59.000000
509.000000,200.000000,40.000000,59.000000
509.000000,200.000000,40.000000,59.000000
509.000000,200.000000,40.000000,59.000000
509.000000,200.000000,40.000000,59.000000
509.000000,200.000000,40.000000,59.000000
509.000000,200.000000,40.000000,59.000000
509.000000,200.000000,40.000000,59.000000
509.000000,200.000000,40.000000,59.000000
509.000000,200.000000,40.000000,59.000000
509.000000,200.000000,40.000000,59.000000
509.000000,200.000000,40.000000,59.000000
509.000000,200.000000,40.000000,59.000000
509.000000,200.000000,40.000000,59.000000
509.000000,200.000000,40.000000,59.000000
509.000000,200.000000,40.000000,59.000000
509.000000,200.000000,40.000000,59.000000
509.000000,200.000000,40.000000,59.000000
509.000000,200.000000,40.000000,59.000000
509.000000,200.000000,40.000000,59.000000
509.000000,200.000000,40.000000,59.000000
509.000000,200.000000,40.000000,59.000000
509.000000,200.000000,40.000000,59.000000
509.000000,200.000000,40.000000,59.000000
509.000000,200.000000,40.000000,59.000000
509.000000,200.000000,40.000000,59.000000
509.000000,200.000000,40.000000,59.000000
509.000000,200.000000,40.000000,59.000000
509.000000,200.000000,40.000000,59.000000
509.000000,200.000000,40.000000,59.000000
509.000000,200.000000,40.000000,59.000000
509.000000,200.000000,40.000000,59.000000
509.000000,200.000000,40.000000,59.000000
509.000000,200.000000,40.000000,59.000000
509.000000,200.000000,40.000000,59.000000
509.000000,200.000000,40.000000,59.000000
509.000000,200.000000,40.000000,59.000000
509.000000,200.000000,40.000000,59.000000
509.000000,200.000000,40.000000,59.000000
509.000000,200.000000,40.000000,59.000000
509.000000,200.000000,40.000000,59.000000
509.000000,200.000000,40.000000,59.000000
509.000000,200.000000,40.000000,59.000000
509.000000,200.000000,40.000000,59.000000
509.000000,200.000000,40.000000,59.000000
509.000000,200.000000,40.000000,59.000000
509.000000,200.000000,40.000000,59.000000
509.000000,200.000000,40.000000,59.000000
509.000000,200.000000,40.000000,59.000000
509.000000,200.000000,40.000000,59.000000
509.000000,200.000000,40.000000,59.000000
509.000000,200.000000,40.000000,59.000000
509.000000,200.000000,40.000000,59.000000
509.000000,199.000000,40.000000,59.000000
509.000000,200.000000,41.000000,59.000000
509.000000,200.000000,40.000000,59.000000
509.000000,200.000000,40.000000,59.000000
509.000000,200.000000,40.000000,59.000000
509.000000,200.000000,40.000000,59.000000
509.000000,200.000000,40.000000,59.000000
509.000000,200.000000,40.000000,59.000000
509.000000,200.000000,40.000000,59.000000
508.000000,200.000000,40.000000,59.000000
509.000000,200.000000,40.000000,59.000000
509.000000,200.000000,40.000000,59.000000
509.000000,200.000000,40.000000,59.000000
509.000000,200.000000,40.000000,59.000000
509.000000,200.000000,40.000000,59.000000
509.000000,200.000000,40.000000,59.000000
509.000000,200.000000,40.000000,59.000000
509.000000,200.000000,40.000000,59.000000
510.000000,200.000000,40.000000,59.000000
510.000000,200.000000,40.000000,59.000000
509.000000,200.000000,40.000000,59.000000
509.000000,200.000000,40.000000,59.000000
509.000000,200.000000,40.000000,59.000000
509.000000,200.000000,40.000000,59.000000
509.000000,200.000000,40.000000,59.000000
509.000000,200.000000,40.000000,59.000000
509.000000,200.000000,40.000000,59.000000
509.000000,200.000000,40.000000,59.000000
509.000000,200.000000,40.000000,59.000000
509.000000,200.000000,40.000000,59.000000
509.000000,200.000000,40.000000,59.000000
509.000000,200.000000,40.000000,59.000000
509.000000,200.000000,40.000000,59.000000
509.000000,200.000000,40.000000,59.000000
509.000000,200.000000,40.000000,59.000000
509.000000,200.000000,40.000000,59.000000
509.000000,200.000000,40.000000,59.000000
509.000000,200.000000,40.000000,59.000000
509.000000,200.000000,40.000000,59.000000
509.000000,200.000000,40.000000,59.000000
509.000000,200.000000,40.000000,59.000000
509.000000,200.000000,40.000000,59.000000
509.000000,200.000000,40.000000,59.000000
509.000000,200.000000,40.000000,59.000000
509.000000,200.000000,40.000000,59.000000
509.000000,200.000000,40.000000,59.000000
509.000000,200.000000,40.000000,59.000000
509.000000,200.000000,40.000000,59.000000
509.000000,200.000000,40.000000,59.000000
509.000000,200.000000,40.000000,59.000000
509.000000,200.000000,40.000000,59.000000
509.000000,200.000000,40.000000,59.000000
509.000000,200.000000,40.000000,59.000000
509.000000,200.000000,40.000000,59.000000
509.000000,200.000000,40.000000,59.000000
509.000000,200.000000,40.000000,59.000000
509.000000,200.000000,40.000000,59.000000
509.000000,200.000000,40.000000,59.000000
509.000000,200.000000,40.000000,59.000000
509.000000,200.000000,40.000000,59.000000
509.000000,200.000000,40.000000,59.000000
509.000000,200.000000,40.000000,59.000000
509.000000,200.000000,40.000000,59.000000
509.000000,200.000000,40.000000,59.000000
509.000000,200.000000,40.000000,59.000000
509.000000,200.000000,40.000000,59.000000
509.000000,200.000000,40.000000,59.000000
509.000000,200.000000,40.000000,59.000000
509.000000,200.000000,40.000000,59.000000
509.000000,200.000000,40.000000,59.000000
509.000000,200.000000,40.000000,59.000000
509.000000,200.000000,40.000000,59.000000
509.000000,200.000000,40.000000,59.000000
509.000000,200.000000,40.000000,59.000000
509.000000,200.000000,40.000000,59.000000
509.000000,200.000000,40.000000,59.000000
509.000000,200.000000,40.000000,59.000000
509.000000,200.000000,40.000000,59.000000
509.000000,200.000000,40.000000,59.000000
509.000000,200.000000,40.000000,59.000000
509.000000,200.000000,40.000000,59.000000
509.000000,200.000000,40.000000,59.000000
509.000000,200.000000,40.000000,59.000000
509.000000,200.000000,40.000000,59.000000
509.000000,200.000000,40.000000,59.000000
509.000000,200.000000,40.000000,59.000000
509.000000,200.000000,40.000000,59.000000
509.000000,200.000000,40.000000,59.000000
509.000000,200.000000,40.000000,59.000000
509.000000,200.000000,40.000000,59.000000
509.000000,200.000000,40.000000,59.000000
509.000000,200.000000,40.000000,59.000000
509.000000,200.000000,40.000000,59.000000
509.000000,200.000000,40.000000,59.000000
509.000000,200.000000,40.000000,59.000000
509.000000,200.000000,40.000000,59.000000
509.000000,200.000000,40.000000,59.000000
509.000000,200.000000,40.000000,59.000000
509.000000,200.000000,40.000000,59.000000
509.000000,200.000000,40.000000,59.000000
509.000000,200.000000,40.000000,59.000000
509.000000,200.000000,40.000000,59.000000
509.000000,200.000000,40.000000,59.000000
509.000000,200.000000,40.000000,59.000000
509.000000,200.000000,40.000000,59.000000
509.000000,200.000000,40.000000,59.000000
509.000000,200.000000,40.000000,59.000000
509.000000,200.000000,40.000000,59.000000
509.000000,200.000000,40.000000,59.000000
509.000000,200.000000,40.000000,59.000000
509.000000,200.000000,40.000000,59.000000
509.000000,200.000000,40.000000,59.000000
509.000000,200.000000,40.000000,59.000000
509.000000,200.000000,40.000000,59.000000
509.000000,200.000000,40.000000,59.000000
509.000000,200.000000,40.000000,59.000000
509.000000,200.000000,40.000000,59.000000
509.000000,200.000000,40.000000,59.000000
509.000000,200.000000,40.000000,59.000000
509.000000,200.000000,40.000000,59.000000
509.000000,200.000000,40.000000,59.000000
509.000000,200.000000,40.000000,59.000000
509.000000,200.000000,40.000000,59.000000
509.000000,200.000000,40.000000,59.000000
509.000000,200.000000,40.000000,59.000000
509.000000,200.000000,40.000000,59.000000
509.000000,200.000000,40.000000,59.000000
509.000000,200.000000,40.000000,59.000000
509.000000,200.000000,40.000000,59.000000
509.000000,200.000000,40.000000,59.000000
509.000000,200.000000,40.000000,59.000000
509.000000,200.000000,40.000000,59.000000
509.000000,200.000000,40.000000,59.000000
509.000000,200.000000,40.000000,59.000000
509.000000,200.000000,40.000000,59.000000
509.000000,200.000000,40.000000,59.000000
509.000000,200.000000,40.000000,59.000000
509.000000,200.000000,40.000000,59.000000
509.000000,200.000000,40.000000,59.000000
509.000000,200.000000,40.000000,59.000000
509.000000,200.000000,40.000000,59.000000
509.000000,200.000000,40.000000,59.000000
509.000000,200.000000,40.000000,59.000000
509.000000,200.000000,40.000000,59.000000
509.000000,200.000000,40.000000,59.000000
509.000000,200.000000,40.000000,59.000000
509.000000,200.000000,40.000000,59.000000
509.000000,200.000000,40.000000,59.000000
509.000000,200.000000,40.000000,59.000000
509.000000,200.000000,40.000000,59.000000
509.000000,200.000000,40.000000,59.000000
509.000000,200.000000,40.000000,59.000000
509.000000,200.000000,40.000000,59.000000
509.000000,200.000000,40.000000,59.000000
509.000000,200.000000,40.000000,59.000000
509.000000,200.000000,40.000000,59.000000
509.000000,200.000000,40.000000,59.000000
509.000000,200.000000,40.000000,59.000000
510.000000,200.000000,40.000000,59.000000
510.000000,200.000000,40.000000,59.000000
510.000000,200.000000,40.000000,59.000000
509.000000,200.000000,40.000000,59.000000
510.000000,200.000000,40.000000,59.000000
509.000000,200.000000,40.000000,59.000000
509.000000,200.000000,40.000000,59.000000
509.000000,200.000000,40.000000,59.000000
509.000000,200.000000,40.000000,59.000000
509.000000,200.000000,40.000000,59.000000
509.000000,200.000000,40.000000,59.000000
509.000000,200.000000,40.000000,59.000000
509.000000,200.000000,40.000000,59.000000
509.000000,200.000000,40.000000,59.000000
509.000000,200.000000,40.000000,59.000000
509.000000,200.000000,40.000000,59.000000
509.000000,200.000000,40.000000,59.000000
509.000000,200.000000,40.000000,59.000000
509.000000,200.000000,40.000000,59.000000
509.000000,200.000000,40.000000,59.000000
509.000000,200.000000,40.000000,59.000000
509.000000,200.000000,40.000000,59.000000
509.000000,200.000000,40.000000,59.000000
509.000000,200.000000,40.000000,59.000000
509.000000,200.000000,40.000000,59.000000
509.000000,200.000000,40.000000,59.000000
509.000000,200.000000,40.000000,59.000000
509.000000,200.000000,40.000000,59.000000
509.000000,200.000000,40.000000,59.000000
509.000000,200.000000,40.000000,59.000000
509.000000,200.000000,40.000000,59.000000
509.000000,200.000000,40.000000,59.000000
509.000000,200.000000,40.000000,59.000000
509.000000,200.000000,40.000000,59.000000
509.000000,200.000000,40.000000,59.000000
509.000000,200.000000,40.000000,59.000000
509.000000,200.000000,40.000000,59.000000
509.000000,200.000000,40.000000,59.000000
509.000000,200.000000,40.000000,59.000000
509.000000,200.000000,40.000000,59.000000
509.000000,200.000000,40.000000,59.000000
509.000000,200.000000,40.000000,59.000000
509.000000,200.000000,40.000000,59.000000
509.000000,200.000000,40.000000,59.000000
509.000000,200.000000,40.000000,59.000000
509.000000,200.000000,40.000000,59.000000
509.000000,200.000000,40.000000,59.000000
509.000000,200.000000,40.000000,59.000000
509.000000,200.000000,40.000000,59.000000
509.000000,200.000000,40.000000,59.000000
509.000000,200.000000,40.000000,59.000000
509.000000,200.000000,40.000000,59.000000
509.000000,200.000000,40.000000,59.000000
509.000000,200.000000,40.000000,59.000000
509.000000,200.000000,40.000000,59.000000
509.000000,200.000000,40.000000,59.000000
509.000000,200.000000,40.000000,59.000000
509.000000,200.000000,40.000000,59.000000
509.000000,200.000000,40.000000,59.000000
509.000000,200.000000,40.000000,59.000000
509.000000,200.000000,40.000000,59.000000
509.000000,200.000000,40.000000,59.000000
509.000000,200.000000,40.000000,59.000000
509.000000,200.000000,40.000000,59.000000
509.000000,200.000000,40.000000,59.000000
509.000000,200.000000,40.000000,59.000000
510.000000,200.000000,40.000000,59.000000
510.000000,200.000000,40.000000,59.000000
510.000000,200.000000,40.000000,59.000000
510.000000,201.000000,40.000000,59.000000
510.000000,201.000000,40.000000,58.000000
511.000000,201.000000,41.000000,59.000000
511.000000,201.000000,41.000000,59.000000
510.000000,201.000000,40.000000,58.000000
511.000000,201.000000,41.000000,59.000000
510.000000,200.000000,41.000000,59.000000
510.000000,200.000000,40.000000,59.000000
510.000000,200.000000,40.000000,59.000000
510.000000,200.000000,40.000000,59.000000
509.000000,200.000000,40.000000,59.000000
509.000000,200.000000,40.000000,59.000000
509.000000,200.000000,40.000000,59.000000
509.000000,200.000000,40.000000,59.000000
509.000000,199.000000,40.000000,59.000000
510.000000,200.000000,40.000000,59.000000
509.000000,200.000000,40.000000,59.000000
509.000000,200.000000,40.000000,59.000000
509.000000,200.000000,40.000000,59.000000
509.000000,200.000000,40.000000,59.000000
509.000000,200.000000,40.000000,59.000000
509.000000,200.000000,40.000000,59.000000
509.000000,200.000000,40.000000,59.000000
509.000000,200.000000,40.000000,59.000000
509.000000,200.000000,40.000000,59.000000
509.000000,200.000000,40.000000,59.000000
509.000000,200.000000,40.000000,59.000000
509.000000,200.000000,40.000000,59.000000
509.000000,200.000000,40.000000,59.000000
509.000000,200.000000,40.000000,59.000000
509.000000,200.000000,40.000000,59.000000
509.000000,200.000000,40.000000,59.000000
509.000000,200.000000,40.000000,59.000000
509.000000,200.000000,40.000000,59.000000
509.000000,200.000000,40.000000,59.000000
509.000000,200.000000,40.000000,59.000000
509.000000,200.000000,40.000000,59.000000
509.000000,200.000000,40.000000,59.000000
509.000000,200.000000,40.000000,59.000000
509.000000,200.000000,40.000000,59.000000
509.000000,200.000000,40.000000,59.000000
509.000000,200.000000,40.000000,59.000000
509.000000,200.000000,40.000000,59.000000
509.000000,200.000000,40.000000,59.000000
509.000000,200.000000,40.000000,59.000000
509.000000,200.000000,40.000000,59.000000
509.000000,200.000000,40.000000,59.000000
509.000000,200.000000,40.000000,59.000000
509.000000,200.000000,40.000000,59.000000
509.000000,200.000000,40.000000,59.000000
509.000000,200.000000,40.000000,59.000000
509.000000,200.000000,40.000000,59.000000
509.000000,200.000000,40.000000,59.000000
509.000000,200.000000,40.000000,59.000000
509.000000,200.000000,40.000000,59.000000
509.000000,200.000000,40.000000,59.000000
509.000000,200.000000,40.000000,59.000000
509.000000,200.000000,40.000000,59.000000
509.000000,200.000000,40.000000,59.000000
509.000000,200.000000,40.000000,59.000000
509.000000,200.000000,40.000000,59.000000
509.000000,200.000000,40.000000,59.000000
509.000000,200.000000,40.000000,59.000000
509.000000,200.000000,40.000000,59.000000
509.000000,200.000000,40.000000,59.000000
509.000000,200.000000,40.000000,59.000000
509.000000,200.000000,40.000000,59.000000
509.000000,200.000000,40.000000,59.000000
509.000000,200.000000,40.000000,59.000000
509.000000,200.000000,40.000000,59.000000
509.000000,200.000000,40.000000,59.000000
509.000000,200.000000,40.000000,59.000000
509.000000,200.000000,40.000000,59.000000
509.000000,200.000000,40.000000,59.000000
509.000000,200.000000,40.000000,59.000000
509.000000,200.000000,40.000000,59.000000
509.000000,200.000000,40.000000,59.000000
509.000000,200.000000,40.000000,59.000000
509.000000,200.000000,40.000000,59.000000
509.000000,200.000000,40.000000,59.000000
509.000000,200.000000,40.000000,59.000000
509.000000,200.000000,40.000000,59.000000
509.000000,200.000000,40.000000,59.000000
509.000000,200.000000,40.000000,59.000000
509.000000,200.000000,40.000000,59.000000
509.000000,200.000000,40.000000,59.000000
509.000000,200.000000,40.000000,59.000000
509.000000,200.000000,40.000000,59.000000
509.000000,200.000000,40.000000,59.000000
509.000000,200.000000,40.000000,59.000000
509.000000,200.000000,40.000000,59.000000
509.000000,200.000000,40.000000,59.000000
508.000000,200.000000,40.000000,59.000000
509.000000,200.000000,40.000000,59.000000
509.000000,200.000000,40.000000,59.000000
509.000000,200.000000,40.000000,59.000000
509.000000,200.000000,40.000000,59.000000
509.000000,200.000000,40.000000,59.000000
509.000000,200.000000,40.000000,59.000000
509.000000,200.000000,40.000000,59.000000
509.000000,200.000000,40.000000,59.000000
509.000000,200.000000,40.000000,59.000000
509.000000,200.000000,40.000000,59.000000
509.000000,200.000000,40.000000,59.000000
509.000000,200.000000,40.000000,59.000000
509.000000,200.000000,40.000000,59.000000
509.000000,200.000000,40.000000,59.000000
509.000000,200.000000,40.000000,59.000000
509.000000,200.000000,40.000000,59.000000
509.000000,200.000000,40.000000,59.000000
509.000000,200.000000,40.000000,59.000000
509.000000,200.000000,40.000000,59.000000
509.000000,200.000000,40.000000,59.000000
509.000000,200.000000,40.000000,59.000000
509.000000,200.000000,40.000000,59.000000
509.000000,200.000000,40.000000,59.000000
509.000000,200.000000,40.000000,59.000000
509.000000,200.000000,40.000000,59.000000
509.000000,200.000000,40.000000,59.000000
509.000000,200.000000,40.000000,59.000000
510.000000,200.000000,40.000000,59.000000
509.000000,200.000000,40.000000,59.000000
509.000000,200.000000,40.000000,59.000000
509.000000,200.000000,40.000000,59.000000
509.000000,200.000000,40.000000,59.000000
509.000000,200.000000,40.000000,59.000000
509.000000,200.000000,40.000000,59.000000
509.000000,200.000000,40.000000,59.000000
509.000000,200.000000,40.000000,59.000000
509.000000,200.000000,40.000000,59.000000
509.000000,200.000000,40.000000,59.000000
509.000000,200.000000,40.000000,59.000000
509.000000,200.000000,40.000000,59.000000
510.000000,200.000000,40.000000,59.000000
509.000000,200.000000,40.000000,59.000000
509.000000,200.000000,40.000000,59.000000
509.000000,200.000000,40.000000,59.000000
509.000000,200.000000,40.000000,59.000000
509.000000,200.000000,40.000000,59.000000
509.000000,200.000000,40.000000,59.000000
509.000000,200.000000,40.000000,59.000000
509.000000,200.000000,40.000000,59.000000
509.000000,200.000000,40.000000,59.000000
509.000000,200.000000,40.000000,59.000000
509.000000,200.000000,40.000000,59.000000
509.000000,200.000000,40.000000,59.000000
509.000000,200.000000,40.000000,59.000000
509.000000,200.000000,40.000000,59.000000
509.000000,200.000000,40.000000,59.000000
509.000000,200.000000,40.000000,59.000000
509.000000,200.000000,40.000000,59.000000
509.000000,200.000000,40.000000,59.000000
509.000000,200.000000,40.000000,59.000000
509.000000,200.000000,40.000000,59.000000
510.000000,200.000000,40.000000,59.000000
510.000000,200.000000,40.000000,59.000000
510.000000,200.000000,40.000000,59.000000
510.000000,199.000000,40.000000,59.000000
510.000000,200.000000,40.000000,59.000000
510.000000,199.000000,40.000000,59.000000
509.000000,198.000000,40.000000,57.000000
510.000000,198.000000,40.000000,58.000000
511.000000,197.000000,39.000000,57.000000
508.000000,184.000000,39.000000,57.000000
509.000000,183.000000,39.000000,56.000000
510.000000,187.000000,38.000000,56.000000
509.000000,186.000000,38.000000,55.000000
509.000000,186.000000,38.000000,56.000000
509.000000,187.000000,38.000000,55.000000
509.000000,187.000000,38.000000,56.000000
509.000000,187.000000,39.000000,57.000000
509.000000,186.000000,39.000000,57.000000
507.000000,183.000000,40.000000,58.000000
507.000000,182.000000,40.000000,57.000000
508.000000,179.000000,39.000000,56.000000
507.000000,179.000000,38.000000,55.000000
507.000000,178.000000,38.000000,56.000000
507.000000,179.000000,38.000000,56.000000
507.000000,178.000000,39.000000,57.000000
507.000000,177.000000,39.000000,57.000000
506.000000,177.000000,39.000000,57.000000
506.000000,178.000000,40.000000,57.000000
506.000000,179.000000,40.000000,58.000000
507.000000,179.000000,40.000000,59.000000
507.000000,180.000000,40.000000,59.000000
508.000000,185.000000,41.000000,59.000000
507.000000,187.000000,40.000000,58.000000
508.000000,188.000000,40.000000,57.000000
508.000000,187.000000,40.000000,58.000000
509.000000,192.000000,40.000000,59.000000
509.000000,198.000000,41.000000,60.000000
509.000000,199.000000,40.000000,59.000000
510.000000,199.000000,41.000000,59.000000
509.000000,200.000000,40.000000,59.000000
509.000000,200.000000,40.000000,59.000000
509.000000,200.000000,40.000000,59.000000
509.000000,200.000000,40.000000,59.000000
509.000000,200.000000,40.000000,59.000000
509.000000,200.000000,40.000000,59.000000
509.000000,200.000000,40.000000,59.000000
509.000000,200.000000,40.000000,59.000000
509.000000,200.000000,40.000000,59.000000
509.000000,200.000000,40.000000,59.000000
509.000000,200.000000,40.000000,59.000000
509.000000,200.000000,40.000000,59.000000
509.000000,200.000000,40.000000,59.000000
509.000000,200.000000,40.000000,59.000000
509.000000,200.000000,40.000000,59.000000
509.000000,200.000000,40.000000,59.000000
509.000000,200.000000,40.000000,59.000000
509.000000,200.000000,40.000000,59.000000
509.000000,200.000000,40.000000,59.000000
509.000000,200.000000,40.000000,59.000000
509.000000,200.000000,40.000000,59.000000
509.000000,200.000000,40.000000,59.000000
509.000000,200.000000,40.000000,59.000000
509.000000,200.000000,40.000000,59.000000
509.000000,200.000000,40.000000,59.000000
509.000000,200.000000,40.000000,59.000000
509.000000,200.000000,40.000000,59.000000
509.000000,200.000000,40.000000,59.000000
509.000000,200.000000,40.000000,59.000000
509.000000,200.000000,40.000000,59.000000
509.000000,200.000000,40.000000,59.000000
509.000000,200.000000,40.000000,59.000000
509.000000,200.000000,40.000000,59.000000
509.000000,200.000000,40.000000,59.000000
509.000000,200.000000,40.000000,59.000000
509.000000,200.000000,40.000000,59.000000
509.000000,200.000000,40.000000,59.000000
509.000000,200.000000,40.000000,59.000000
509.000000,200.000000,40.000000,59.000000
509.000000,200.000000,40.000000,59.000000
509.000000,200.000000,40.000000,59.000000
509.000000,200.000000,40.000000,59.000000
509.000000,200.000000,40.000000,59.000000
509.000000,200.000000,40.000000,59.000000
509.000000,200.000000,40.000000,59.000000
509.000000,200.000000,40.000000,59.000000
509.000000,200.000000,40.000000,59.000000
509.000000,200.000000,40.000000,59.000000
509.000000,200.000000,40.000000,59.000000
509.000000,200.000000,40.000000,59.000000
509.000000,200.000000,40.000000,59.000000
509.000000,200.000000,40.000000,59.000000
509.000000,200.000000,40.000000,59.000000
509.000000,200.000000,40.000000,59.000000
509.000000,200.000000,40.000000,59.000000
509.000000,200.000000,40.000000,59.000000
509.000000,200.000000,40.000000,59.000000
509.000000,200.000000,40.000000,59.000000
509.000000,200.000000,40.000000,59.000000
509.000000,200.000000,40.000000,59.000000
509.000000,200.000000,40.000000,59.000000
509.000000,200.000000,40.000000,59.000000
509.000000,200.000000,40.000000,59.000000
509.000000,200.000000,40.000000,59.000000
509.000000,200.000000,40.000000,59.000000
509.000000,200.000000,40.000000,59.000000
509.000000,200.000000,40.000000,59.000000
509.000000,200.000000,40.000000,59.000000
509.000000,200.000000,40.000000,59.000000
509.000000,200.000000,40.000000,59.000000
509.000000,200.000000,40.000000,59.000000
509.000000,200.000000,40.000000,59.000000
509.000000,200.000000,40.000000,59.000000
509.000000,200.000000,40.000000,59.000000
509.000000,200.000000,40.000000,59.000000
509.000000,200.000000,40.000000,59.000000
509.000000,200.000000,40.000000,59.000000
509.000000,200.000000,40.000000,59.000000
509.000000,200.000000,40.000000,59.000000
509.000000,200.000000,40.000000,59.000000
509.000000,200.000000,40.000000,59.000000
509.000000,200.000000,40.000000,59.000000
509.000000,200.000000,40.000000,59.000000
509.000000,200.000000,40.000000,59.000000
509.000000,200.000000,40.000000,59.000000
509.000000,200.000000,40.000000,59.000000
509.000000,200.000000,40.000000,59.000000
509.000000,200.000000,40.000000,59.000000
509.000000,200.000000,40.000000,59.000000
509.000000,200.000000,40.000000,59.000000
509.000000,200.000000,40.000000,59.000000
509.000000,200.000000,40.000000,59.000000
509.000000,200.000000,40.000000,59.000000
509.000000,200.000000,40.000000,59.000000
509.000000,200.000000,40.000000,59.000000
509.000000,200.000000,40.000000,59.000000
509.000000,200.000000,40.000000,59.000000
509.000000,200.000000,40.000000,59.000000
509.000000,200.000000,40.000000,59.000000
509.000000,200.000000,40.000000,59.000000
509.000000,200.000000,40.000000,59.000000
509.000000,200.000000,40.000000,59.000000
509.000000,200.000000,40.000000,59.000000
509.000000,200.000000,40.000000,59.000000
509.000000,200.000000,40.000000,59.000000
509.000000,200.000000,40.000000,59.000000
509.000000,200.000000,40.000000,59.000000
509.000000,200.000000,40.000000,59.000000
509.000000,200.000000,40.000000,59.000000
509.000000,200.000000,40.000000,59.000000
509.000000,200.000000,40.000000,59.000000
509.000000,200.000000,40.000000,59.000000
509.000000,200.000000,40.000000,59.000000
509.000000,200.000000,40.000000,59.000000
509.000000,200.000000,40.000000,59.000000
509.000000,200.000000,40.000000,59.000000
509.000000,200.000000,40.000000,59.000000
509.000000,200.000000,40.000000,59.000000
509.000000,200.000000,40.000000,59.000000
509.000000,200.000000,40.000000,59.000000
509.000000,200.000000,40.000000,59.000000
509.000000,200.000000,40.000000,59.000000
509.000000,200.000000,40.000000,59.000000
509.000000,200.000000,40.000000,59.000000
509.000000,200.000000,40.000000,59.000000
509.000000,200.000000,40.000000,59.000000
509.000000,200.000000,40.000000,59.000000
509.000000,200.000000,40.000000,59.000000
509.000000,200.000000,40.000000,59.000000
509.000000,200.000000,40.000000,59.000000
509.000000,200.000000,40.000000,59.000000
509.000000,200.000000,40.000000,59.000000
509.000000,200.000000,40.000000,59.000000
509.000000,200.000000,40.000000,59.000000
509.000000,200.000000,40.000000,59.000000
509.000000,200.000000,40.000000,59.000000
509.000000,200.000000,40.000000,59.000000
509.000000,200.000000,40.000000,59.000000
509.000000,200.000000,40.000000,59.000000
509.000000,200.000000,40.000000,59.000000
509.000000,200.000000,40.000000,59.000000
509.000000,200.000000,40.000000,59.000000
509.000000,200.000000,40.000000,59.000000
509.000000,200.000000,40.000000,59.000000
509.000000,200.000000,40.000000,59.000000
509.000000,200.000000,40.000000,59.000000
509.000000,200.000000,40.000000,59.000000
509.000000,200.000000,40.000000,59.000000
509.000000,200.000000,40.000000,59.000000
509.000000,200.000000,40.000000,59.000000
509.000000,200.000000,40.000000,59.000000
509.000000,200.000000,40.000000,59.000000
509.000000,200.000000,40.000000,59.000000
509.000000,200.000000,40.000000,59.000000
509.000000,200.000000,40.000000,59.000000
509.000000,200.000000,40.000000,59.000000
509.000000,200.000000,40.000000,59.000000
509.000000,200.000000,40.000000,59.000000
509.000000,200.000000,40.000000,59.000000
509.000000,200.000000,40.000000,59.000000
509.000000,200.000000,40.000000,59.000000
509.000000,200.000000,40.000000,59.000000
509.000000,200.000000,40.000000,59.000000
509.000000,200.000000,40.000000,59.000000
509.000000,200.000000,40.000000,59.000000
509.000000,200.000000,40.000000,59.000000
509.000000,200.000000,40.000000,59.000000
509.000000,200.000000,40.000000,59.000000
509.000000,200.000000,40.000000,59.000000
509.000000,200.000000,40.000000,59.000000
509.000000,200.000000,40.000000,59.000000
509.000000,200.000000,40.000000,59.000000
509.000000,200.000000,40.000000,59.000000
509.000000,200.000000,40.000000,59.000000
509.000000,200.000000,40.000000,59.000000
509.000000,200.000000,40.000000,59.000000
509.000000,200.000000,40.000000,59.000000
509.000000,200.000000,40.000000,59.000000
509.000000,200.000000,40.000000,59.000000
509.000000,200.000000,40.000000,59.000000
509.000000,200.000000,40.000000,59.000000
509.000000,200.000000,40.000000,59.000000
509.000000,200.000000,40.000000,59.000000
509.000000,200.000000,40.000000,59.000000
509.000000,200.000000,40.000000,59.000000
509.000000,200.000000,40.000000,59.000000
509.000000,200.000000,40.000000,59.000000
509.000000,200.000000,40.000000,59.000000
509.000000,200.000000,40.000000,59.000000
509.000000,200.000000,40.000000,59.000000
509.000000,200.000000,40.000000,59.000000
509.000000,200.000000,40.000000,59.000000
509.000000,200.000000,40.000000,59.000000
509.000000,200.000000,40.000000,59.000000
509.000000,200.000000,40.000000,59.000000
509.000000,200.000000,40.000000,59.000000
509.000000,200.000000,40.000000,59.000000
509.000000,200.000000,40.000000,59.000000
509.000000,200.000000,40.000000,59.000000
509.000000,200.000000,40.000000,59.000000
509.000000,200.000000,40.000000,59.000000
509.000000,200.000000,40.000000,59.000000
509.000000,200.000000,40.000000,59.000000
509.000000,200.000000,40.000000,59.000000
509.000000,200.000000,40.000000,59.000000
509.000000,200.000000,40.000000,59.000000
509.000000,200.000000,40.000000,59.000000
509.000000,200.000000,40.000000,59.000000
509.000000,200.000000,40.000000,59.000000
509.000000,200.000000,40.000000,59.000000
509.000000,200.000000,40.000000,59.000000
509.000000,200.000000,40.000000,59.000000
509.000000,200.000000,40.000000,59.000000
509.000000,200.000000,40.000000,59.000000
509.000000,200.000000,40.000000,59.000000
509.000000,200.000000,40.000000,59.000000
509.000000,200.000000,40.000000,59.000000
509.000000,200.000000,40.000000,59.000000
509.000000,200.000000,40.000000,59.000000
509.000000,200.000000,40.000000,59.000000
509.000000,200.000000,40.000000,59.000000
509.000000,200.000000,40.000000,59.000000
509.000000,200.000000,40.000000,59.000000
509.000000,200.000000,40.000000,59.000000
509.000000,200.000000,40.000000,59.000000
509.000000,200.000000,40.000000,59.000000
509.000000,200.000000,40.000000,59.000000
509.000000,200.000000,40.000000,59.000000
509.000000,200.000000,40.000000,59.000000
509.000000,200.000000,40.000000,59.000000
509.000000,200.000000,40.000000,59.000000
509.000000,200.000000,40.000000,59.000000
509.000000,200.000000,40.000000,59.000000
509.000000,200.000000,40.000000,59.000000
509.000000,200.000000,40.000000,59.000000
509.000000,200.000000,40.000000,59.000000
509.000000,200.000000,40.000000,59.000000
509.000000,200.000000,40.000000,59.000000
509.000000,200.000000,40.000000,59.000000
509.000000,200.000000,40.000000,59.000000
509.000000,200.000000,40.000000,59.000000
509.000000,200.000000,40.000000,59.000000
509.000000,200.000000,40.000000,59.000000
509.000000,200.000000,40.000000,59.000000
509.000000,200.000000,40.000000,59.000000
509.000000,200.000000,40.000000,59.000000
509.000000,200.000000,40.000000,59.000000
509.000000,200.000000,40.000000,59.000000
509.000000,200.000000,40.000000,59.000000
509.000000,200.000000,40.000000,59.000000
509.000000,200.000000,40.000000,59.000000
509.000000,200.000000,40.000000,59.000000
509.000000,200.000000,40.000000,59.000000
509.000000,200.000000,40.000000,59.000000
509.000000,200.000000,40.000000,59.000000
509.000000,200.000000,40.000000,59.000000
509.000000,200.000000,40.000000,59.000000
509.000000,200.000000,40.000000,59.000000
509.000000,200.000000,40.000000,59.000000
509.000000,200.000000,40.000000,59.000000
509.000000,200.000000,40.000000,59.000000
509.000000,200.000000,40.000000,59.000000
509.000000,200.000000,40.000000,59.000000
509.000000,200.000000,40.000000,59.000000
509.000000,200.000000,40.000000,59.000000
509.000000,200.000000,40.000000,59.000000
509.000000,200.000000,40.000000,59.000000
509.000000,200.000000,40.000000,59.000000
509.000000,200.000000,40.000000,59.000000
509.000000,200.000000,40.000000,59.000000
509.000000,200.000000,40.000000,59.000000
509.000000,200.000000,40.000000,59.000000
509.000000,200.000000,40.000000,59.000000
509.000000,200.000000,40.000000,59.000000
509.000000,200.000000,40.000000,59.000000
509.000000,200.000000,40.000000,59.000000
509.000000,200.000000,40.000000,59.000000
509.000000,200.000000,40.000000,59.000000
509.000000,200.000000,40.000000,59.000000
509.000000,200.000000,40.000000,59.000000
509.000000,200.000000,40.000000,59.000000
509.000000,200.000000,40.000000,59.000000
509.000000,200.000000,40.000000,59.000000
509.000000,200.000000,40.000000,59.000000
509.000000,200.000000,40.000000,59.000000
509.000000,200.000000,40.000000,59.000000
509.000000,200.000000,40.000000,59.000000
509.000000,200.000000,40.000000,59.000000
509.000000,200.000000,40.000000,59.000000
509.000000,200.000000,40.000000,59.000000
509.000000,200.000000,40.000000,59.000000
509.000000,200.000000,40.000000,59.000000
509.000000,200.000000,40.000000,59.000000
509.000000,200.000000,40.000000,59.000000
509.000000,200.000000,40.000000,59.000000
509.000000,200.000000,40.000000,59.000000
509.000000,200.000000,40.000000,59.000000
509.000000,200.000000,40.000000,59.000000
509.000000,200.000000,40.000000,59.000000
509.000000,200.000000,40.000000,59.000000
509.000000,200.000000,40.000000,59.000000
509.000000,200.000000,40.000000,59.000000
509.000000,200.000000,40.000000,59.000000
509.000000,200.000000,40.000000,59.000000
509.000000,200.000000,40.000000,59.000000
509.000000,200.000000,40.000000,59.000000
509.000000,200.000000,40.000000,59.000000
509.000000,200.000000,40.000000,59.000000
509.000000,200.000000,40.000000,59.000000
509.000000,200.000000,40.000000,59.000000
509.000000,200.000000,40.000000,59.000000
509.000000,200.000000,40.000000,59.000000
509.000000,200.000000,40.000000,59.000000
509.000000,200.000000,40.000000,59.000000
509.000000,200.000000,40.000000,59.000000
509.000000,200.000000,40.000000,59.000000
509.000000,200.000000,40.000000,59.000000
509.000000,200.000000,40.000000,59.000000
509.000000,200.000000,40.000000,59.000000
509.000000,200.000000,40.000000,59.000000
509.000000,200.000000,40.000000,59.000000
509.000000,200.000000,40.000000,59.000000
509.000000,200.000000,40.000000,59.000000
509.000000,200.000000,40.000000,59.000000
509.000000,200.000000,40.000000,59.000000
509.000000,200.000000,40.000000,59.000000
509.000000,200.000000,40.000000,59.000000
509.000000,200.000000,40.000000,59.000000
509.000000,200.000000,40.000000,59.000000
509.000000,200.000000,40.000000,59.000000
509.000000,200.000000,40.000000,59.000000
509.000000,200.000000,40.000000,59.000000
509.000000,200.000000,40.000000,59.000000
509.000000,200.000000,40.000000,59.000000
509.000000,200.000000,40.000000,59.000000
509.000000,200.000000,40.000000,59.000000
509.000000,200.000000,40.000000,59.000000
509.000000,200.000000,40.000000,59.000000
509.000000,200.000000,40.000000,59.000000
509.000000,200.000000,40.000000,59.000000
509.000000,200.000000,40.000000,59.000000
509.000000,200.000000,40.000000,59.000000
509.000000,200.000000,40.000000,59.000000
509.000000,200.000000,40.000000,59.000000
509.000000,200.000000,40.000000,59.000000
509.000000,200.000000,40.000000,59.000000
509.000000,200.000000,40.000000,59.000000
509.000000,200.000000,40.000000,59.000000
509.000000,200.000000,40.000000,59.000000
509.000000,200.000000,40.000000,59.000000
509.000000,200.000000,40.000000,59.000000
509.000000,200.000000,40.000000,59.000000
509.000000,200.000000,40.000000,59.000000
509.000000,200.000000,40.000000,59.000000
509.000000,200.000000,40.000000,59.000000
509.000000,200.000000,40.000000,59.000000
509.000000,200.000000,40.000000,59.000000
509.000000,200.000000,40.000000,59.000000
509.000000,200.000000,40.000000,59.000000
509.000000,200.000000,40.000000,59.000000
509.000000,200.000000,40.000000,59.000000
509.000000,200.000000,40.000000,59.000000
509.000000,200.000000,40.000000,59.000000
509.000000,200.000000,40.000000,59.000000
509.000000,200.000000,40.000000,59.000000
509.000000,200.000000,40.000000,59.000000
509.000000,200.000000,40.000000,59.000000
509.000000,200.000000,40.000000,59.000000
509.000000,200.000000,40.000000,59.000000
509.000000,200.000000,40.000000,59.000000
509.000000,200.000000,40.000000,59.000000
509.000000,200.000000,40.000000,59.000000
509.000000,200.000000,40.000000,59.000000
509.000000,200.000000,40.000000,59.000000
509.000000,200.000000,40.000000,59.000000
509.000000,200.000000,40.000000,59.000000
509.000000,200.000000,40.000000,59.000000
509.000000,200.000000,40.000000,59.000000
509.000000,200.000000,40.000000,59.000000
509.000000,200.000000,40.000000,59.000000
509.000000,200.000000,40.000000,59.000000
509.000000,200.000000,40.000000,59.000000
509.000000,200.000000,40.000000,59.000000
509.000000,200.000000,40.000000,59.000000
509.000000,200.000000,40.000000,59.000000
509.000000,200.000000,40.000000,59.000000
509.000000,200.000000,40.000000,59.000000
509.000000,200.000000,40.000000,59.000000
509.000000,200.000000,40.000000,59.000000
509.000000,200.000000,40.000000,59.000000
509.000000,200.000000,40.000000,59.000000
509.000000,200.000000,40.000000,59.000000
509.000000,200.000000,40.000000,59.000000
509.000000,200.000000,40.000000,59.000000
509.000000,200.000000,40.000000,59.000000
509.000000,200.000000,40.000000,59.000000
509.000000,200.000000,40.000000,59.000000
509.000000,200.000000,40.000000,59.000000
509.000000,200.000000,40.000000,59.000000
509.000000,200.000000,40.000000,59.000000
509.000000,200.000000,40.000000,59.000000
509.000000,200.000000,40.000000,59.000000
509.000000,200.000000,40.000000,59.000000
509.000000,200.000000,40.000000,59.000000
509.000000,200.000000,40.000000,59.000000
509.000000,200.000000,40.000000,59.000000
509.000000,200.000000,40.000000,59.000000
508.000000,200.000000,40.000000,59.000000
509.000000,200.000000,40.000000,59.000000
509.000000,200.000000,40.000000,59.000000
509.000000,200.000000,40.000000,59.000000
509.000000,200.000000,40.000000,59.000000
509.000000,200.000000,40.000000,59.000000
509.000000,200.000000,40.000000,59.000000
509.000000,200.000000,40.000000,59.000000
509.000000,200.000000,40.000000,59.000000
509.000000,200.000000,40.000000,59.000000
509.000000,200.000000,40.000000,59.000000
509.000000,200.000000,40.000000,59.000000
509.000000,200.000000,40.000000,59.000000
509.000000,200.000000,40.000000,59.000000
509.000000,200.000000,40.000000,59.000000
509.000000,200.000000,40.000000,59.000000
509.000000,200.000000,40.000000,59.000000
509.000000,200.000000,40.000000,59.000000
509.000000,200.000000,40.000000,59.000000
509.000000,200.000000,40.000000,59.000000
509.000000,200.000000,40.000000,59.000000
509.000000,200.000000,40.000000,59.000000
509.000000,200.000000,40.000000,59.000000
509.000000,200.000000,40.000000,59.000000
509.000000,200.000000,40.000000,59.000000
509.000000,200.000000,40.000000,59.000000
509.000000,200.000000,40.000000,59.000000
509.000000,200.000000,40.000000,59.000000
509.000000,200.000000,40.000000,59.000000
509.000000,200.000000,40.000000,59.000000
509.000000,200.000000,40.000000,59.000000
509.000000,200.000000,40.000000,59.000000
509.000000,200.000000,40.000000,59.000000
508.000000,200.000000,40.000000,59.000000
509.000000,200.000000,40.000000,59.000000
509.000000,200.000000,40.000000,59.000000
509.000000,200.000000,40.000000,59.000000
509.000000,200.000000,40.000000,59.000000
509.000000,200.000000,40.000000,59.000000
509.000000,200.000000,40.000000,59.000000
509.000000,200.000000,40.000000,59.000000
509.000000,200.000000,40.000000,59.000000
509.000000,200.000000,40.000000,59.000000
509.000000,200.000000,40.000000,59.000000
509.000000,200.000000,40.000000,59.000000
509.000000,200.000000,40.000000,59.000000
509.000000,200.000000,40.000000,59.000000
509.000000,200.000000,40.000000,59.000000
509.000000,200.000000,40.000000,59.000000
509.000000,200.000000,40.000000,59.000000
509.000000,200.000000,40.000000,59.000000
509.000000,200.000000,40.000000,59.000000
509.000000,200.000000,40.000000,59.000000
509.000000,200.000000,40.000000,59.000000
509.000000,200.000000,40.000000,59.000000
509.000000,199.000000,40.000000,59.000000
509.000000,200.000000,41.000000,59.000000
509.000000,200.000000,40.000000,59.000000
509.000000,200.000000,40.000000,59.000000
509.000000,200.000000,40.000000,59.000000
509.000000,200.000000,40.000000,59.000000
509.000000,200.000000,40.000000,59.000000
509.000000,200.000000,40.000000,59.000000
509.000000,200.000000,40.000000,59.000000
509.000000,200.000000,40.000000,59.000000
509.000000,200.000000,40.000000,59.000000
509.000000,200.000000,40.000000,59.000000
509.000000,200.000000,40.000000,59.000000
509.000000,200.000000,40.000000,59.000000
509.000000,200.000000,40.000000,59.000000
509.000000,200.000000,40.000000,59.000000
509.000000,200.000000,40.000000,59.000000
509.000000,200.000000,40.000000,59.000000
509.000000,200.000000,40.000000,59.000000
509.000000,200.000000,40.000000,59.000000
509.000000,200.000000,40.000000,59.000000
509.000000,200.000000,40.000000,59.000000
509.000000,200.000000,40.000000,59.000000
509.000000,200.000000,40.000000,59.000000
509.000000,200.000000,40.000000,59.000000
509.000000,200.000000,40.000000,59.000000
509.000000,200.000000,40.000000,59.000000
509.000000,200.000000,40.000000,59.000000
509.000000,200.000000,40.000000,59.000000
509.000000,200.000000,40.000000,59.000000
509.000000,200.000000,40.000000,59.000000
509.000000,200.000000,40.000000,59.000000
509.000000,200.000000,40.000000,59.000000
509.000000,200.000000,40.000000,59.000000
509.000000,200.000000,40.000000,59.000000
509.000000,200.000000,40.000000,59.000000
509.000000,200.000000,40.000000,59.000000
509.000000,200.000000,40.000000,59.000000
509.000000,200.000000,40.000000,59.000000
509.000000,200.000000,40.000000,59.000000
509.000000,200.000000,40.000000,59.000000
509.000000,200.000000,40.000000,59.000000
509.000000,200.000000,40.000000,59.000000
509.000000,200.000000,40.000000,59.000000
509.000000,200.000000,40.000000,59.000000
509.000000,200.000000,40.000000,59.000000
509.000000,200.000000,40.000000,59.000000
509.000000,200.000000,40.000000,59.000000
509.000000,200.000000,40.000000,59.000000
509.000000,200.000000,40.000000,59.000000
509.000000,200.000000,40.000000,59.000000
509.000000,200.000000,40.000000,59.000000
509.000000,200.000000,40.000000,59.000000
509.000000,200.000000,40.000000,59.000000
509.000000,200.000000,40.000000,59.000000
509.000000,200.000000,40.000000,59.000000
509.000000,200.000000,40.000000,59.000000
509.000000,200.000000,40.000000,59.000000
509.000000,200.000000,40.000000,59.000000
509.000000,200.000000,40.000000,59.000000
509.000000,200.000000,40.000000,59.000000
509.000000,200.000000,40.000000,59.000000
509.000000,200.000000,40.000000,59.000000
509.000000,200.000000,40.000000,59.000000
509.000000,200.000000,40.000000,59.000000
509.000000,199.000000,40.000000,59.000000
510.000000,199.000000,40.000000,59.000000
511.000000,201.000000,41.000000,60.000000
515.000000,203.000000,40.000000,59.000000
525.000000,203.000000,40.000000,59.000000
531.000000,211.000000,40.000000,59.000000
541.000000,211.000000,40.000000,57.000000
550.000000,208.000000,40.000000,58.000000
563.000000,207.000000,39.000000,57.000000
572.000000,211.000000,38.000000,56.000000
568.000000,246.000000,38.000000,56.000000
553.000000,239.000000,39.000000,57.000000
508.000000,202.000000,40.000000,57.000000
508.000000,200.000000,40.000000,58.000000
508.000000,200.000000,40.000000,59.000000
509.000000,200.000000,40.000000,59.000000
509.000000,200.000000,40.000000,59.000000
509.000000,200.000000,40.000000,59.000000
509.000000,200.000000,40.000000,59.000000
509.000000,200.000000,40.000000,59.000000
509.000000,200.000000,40.000000,59.000000
509.000000,200.000000,40.000000,59.000000
509.000000,200.000000,40.000000,59.000000
509.000000,200.000000,40.000000,59.000000
509.000000,200.000000,40.000000,59.000000
509.000000,200.000000,40.000000,59.000000
509.000000,200.000000,40.000000,59.000000
509.000000,200.000000,40.000000,59.000000
509.000000,200.000000,40.000000,59.000000
