338,324.45,182.5,180.9
337,321,183,181
336,318,183,181
336,315,183,181
335,313,183,181
334,310,183,181
334,307,183,181
333,304,183,181
332,301,183,181
332,298,183,181
331,295,183,181
331,253,183,181
330,251,183,181
329,248,183,181
327,246,183,181
326,244,183,181
325,242,183,181
324,241,183,181
324,241,183,181
321,241,183,181
320,241,183,181
318,241,183,181
316,241,183,181
315,240,183,181
316,239,183,181
316,237,183,181
316,236,183,181
315,235,183,181
314,234,183,181
310,231,183,181
309,231,183,181
309,230,183,181
309,230,183,181
307,230,183,181
306,230,183,181
305,229,183,181
303,229,183,181
303,228,183,181
302,228,183,181
300,227,183,181
300,227,183,181
299,227,183,181
298,227,183,181
299,225,183,181
298,224,183,181
298,224,183,181
296,223,183,181
293,223,183,181
292,223,183,181
291,222,183,181
290,222,183,181
289,222,183,181
288,221,183,181
289,221,183,181
288,220,183,181
287,220,183,181
286,220,183,181
286,219,183,181
286,219,183,181
287,219,183,181
287,219,183,181
288,218,183,181
289,218,183,181
289,218,183,181
289,218,183,181
288,217,183,181
290,217,183,181
292,217,183,181
293,217,183,181
294,216,183,181
295,216,183,181
293,215,183,181
294,215,183,181
296,215,183,181
298,214,183,181
298,214,183,181
299,213,183,181
299,213,183,181
299,212,183,181
300,212,183,181
300,212,183,181
303,212,183,181
304,211,183,181
305,211,183,181
306,210,183,181
307,210,183,181
309,209,183,181
315,209,183,181
317,209,183,181
318,209,183,181
318,210,183,181
319,210,183,181
320,210,183,181
318,210,183,181
314,211,183,181
308,213,183,181
308,214,183,181
307,214,183,181
306,214,183,181
305,214,183,181
305,213,183,181
304,213,183,181
302,213,183,181
310,213,183,181
309,213,183,181
309,212,183,181
311,212,183,181
310,212,183,181
308,212,183,181
316,211,183,181
316,211,183,181
318,211,183,181
320,211,183,181
305,208,183,181
311,208,183,181
310,208,183,181
310,208,183,181
312,208,183,181
314,208,183,181
341,210,183,181
342,210,183,181
346,208,183,181
347,208,183,181
341,210,183,181
341,210,183,181
324,212,183,181
326,212,183,181
332,213,183,181
333,213,183,181
362,210,183,181
362,211,183,181
364,210,183,181
361,211,183,181
361,211,183,181
366,211,183,181
364,212,183,181
365,212,183,181
362,213,183,181
368,213,183,181
370,213,183,181
370,214,183,181
368,214,183,181
372,216,183,181
371,216,183,181
350,218,183,181
350,218,183,181
344,219,183,181
341,219,183,181
340,220,183,181
344,221,183,181
342,221,183,181
341,221,183,181
339,222,183,181
340,222,183,181
337,222,183,181
337,222,183,181
339,222,183,181
338,223,183,181
338,223,183,181
338,224,183,181
335,224,183,181
333,224,183,181
333,225,183,181
353,225,183,181
359,225,183,181
358,226,183,181
357,226,183,181
356,227,183,181
352,227,183,181
350,227,183,181
352,227,183,181
352,228,183,181
352,229,183,181
357,229,183,181
354,230,183,181
355,231,183,181
353,231,183,181
355,232,183,181
353,233,183,181
350,233,183,181
349,233,183,181
346,234,183,181
341,235,183,181
338,236,183,181
328,240,183,181
328,240,183,181
326,241,183,181
325,241,183,181
327,241,183,181
324,241,183,181
322,241,183,181
323,240,183,181
321,239,183,181
319,238,183,181
317,236,183,181
315,233,183,181
314,231,183,181
314,229,183,181
313,226,183,181
316,224,183,181
317,222,183,181
315,218,183,181
316,215,183,181
322,214,183,181
324,225,183,181
325,224,183,181
327,227,183,181
323,231,183,181
335,231,183,181
337,229,183,181
339,227,183,181
342,226,183,181
345,223,183,181
343,221,183,181
342,191,183,181
364,184,183,181
365,182,183,181
366,181,183,181
367,180,183,181
369,178,183,181
369,177,183,181
369,175,183,181
369,174,183,181
369,172,183,181
369,170,183,181
369,169,183,181
369,168,183,181
369,166,183,181
368,165,183,181
369,164,183,181
369,162,183,181
370,160,183,181
371,159,183,181
371,157,183,181
372,156,183,181
372,154,183,181
374,153,183,181
375,152,183,181
376,150,183,181
376,149,183,181
376,148,183,181
376,147,183,181
376,146,183,181
376,145,183,181
378,151,183,181
378,153,183,181
377,157,183,181
375,156,183,181
372,155,183,181
371,153,183,181
370,152,183,181
377,130,183,181
376,129,183,181
377,127,183,181
377,126,183,181
377,124,183,181
377,123,183,181
376,121,183,181
374,120,183,181
374,119,183,181
376,117,183,181
377,116,183,181
377,115,183,181
377,114,183,181
378,113,183,181
368,112,183,181
366,111,183,181
367,110,183,181
368,110,183,181
368,109,183,181
368,109,183,181
368,108,183,181
367,108,183,181
366,108,183,181
374,107,183,181
373,107,183,181
371,107,183,181
377,106,183,181
370,106,183,181
383,105,183,181
382,105,183,181
375,105,183,181
376,105,183,181
380,104,183,181
383,104,183,181
387,103,183,181
389,103,183,181
390,103,183,181
392,102,183,181
391,102,183,181
394,102,183,181
398,101,183,181
401,101,183,181
406,100,183,181
409,100,183,181
412,99,183,181
415,99,183,181
415,98,183,181
392,89,183,181
390,88,183,181
389,88,183,181
390,87,183,181
390,86,183,181
390,86,183,181
390,85,183,181
390,85,183,181
389,85,183,181
390,84,183,181
390,84,183,181
389,84,183,181
390,84,183,181
390,83,183,181
390,83,183,181
390,83,183,181
390,83,183,181
390,83,183,181
390,83,183,181
390,83,183,181
390,83,183,181
392,82,183,181
391,82,183,181
390,82,183,181
390,82,183,181
390,82,183,181
391,82,183,181
390,82,183,181
390,82,183,181
390,82,183,181
392,82,183,181
481,92,183,181
482,92,183,181
482,92,183,181
482,92,183,181
483,92,183,181
482,92,183,181
482,92,183,181
481,92,183,181
482,92,183,181
482,92,183,181
482,92,183,181
482,92,183,181
482,92,183,181
482,92,183,181
482,92,183,181
483,92,183,181
485,92,183,181
485,91,183,181
485,91,183,181
486,91,183,181
486,91,183,181
487,91,183,181
486,91,183,181
486,91,183,181
486,91,183,181
486,91,183,181
486,91,183,181
486,91,183,181
486,90,183,181
487,91,183,181
486,90,183,181
487,90,183,181
487,90,183,181
487,91,183,181
487,91,183,181
491,91,183,181
400,79,183,181
380,104,183,181
379,104,183,181
382,105,183,181
385,105,183,181
386,105,183,181
389,105,183,181
391,104,183,181
390,104,183,181
389,103,183,181
390,103,183,181
381,121,183,181
384,122,183,181
385,123,183,181
384,121,183,181
385,122,183,181
385,122,183,181
385,123,183,181
370,153,183,181
368,154,183,181
369,154,183,181
369,154,183,181
369,154,183,181
369,154,183,181
370,154,183,181
369,154,183,181
369,153,183,181
369,154,183,181
370,154,183,181
373,153,183,181
376,152,183,181
379,153,183,181
382,152,183,181
384,151,183,181
385,152,183,181
387,152,183,181
387,152,183,181
387,151,183,181
387,151,183,181
387,152,183,181
387,152,183,181
387,152,183,181
387,153,183,181
387,152,183,181
387,152,183,181
387,153,183,181
387,152,183,181
387,152,183,181
387,152,183,181
387,152,183,181
387,152,183,181
387,152,183,181
387,152,183,181
387,152,183,181
387,152,183,181
387,152,183,181
387,152,183,181
387,152,183,181
387,152,183,181
387,152,183,181
387,152,183,181
387,152,183,181
387,152,183,181
387,152,183,181
387,153,183,181
387,152,183,181
387,153,183,181
387,153,183,181
387,152,183,181
387,152,183,181
387,152,183,181
386,153,183,181
386,153,183,181
387,153,183,181
386,153,183,181
387,153,183,181
387,152,183,181
387,152,183,181
387,153,183,181
387,152,183,181
387,152,183,181
387,152,183,181
387,152,183,181
387,153,183,181
387,153,183,181
387,152,183,181
387,152,183,181
387,152,183,181
387,152,183,181
387,153,183,181
387,152,183,181
387,153,183,181
387,152,183,181
387,153,183,181
387,153,183,181
387,152,183,181
387,153,183,181
387,153,183,181
387,152,183,181
387,152,183,181
387,153,183,181
387,152,183,181
386,153,183,181
387,152,183,181
387,153,183,181
387,153,183,181
387,153,183,181
387,152,183,181
387,152,183,181
387,153,183,181
387,152,183,181
387,152,183,181
387,152,183,181
387,152,183,181
387,152,183,181
387,152,183,181
387,152,183,181
387,152,183,181
387,152,183,181
387,152,183,181
387,152,183,181
386,153,183,181
387,152,183,181
387,152,183,181
387,152,183,181
387,153,183,181
387,153,183,181
387,152,183,181
387,153,183,181
387,152,183,181
387,152,183,181
387,152,183,181
387,152,183,181
387,152,183,181
387,152,183,181
387,152,183,181
387,152,183,181
387,152,183,181
387,151,183,181
387,152,183,181
387,152,183,181
387,152,183,181
387,152,183,181
387,152,183,181
387,152,183,181
386,153,183,181
387,152,183,181
387,153,183,181
387,152,183,181
387,152,183,181
387,152,183,181
387,152,183,181
387,152,183,181
387,152,183,181
386,153,183,181
387,152,183,181
386,153,183,181
387,152,183,181
387,152,183,181
387,152,183,181
386,153,183,181
387,152,183,181
387,152,183,181
386,153,183,181
387,152,183,181
387,152,183,181
387,152,183,181
387,152,183,181
387,152,183,181
387,152,183,181
387,152,183,181
387,152,183,181
387,152,183,181
387,152,183,181
386,152,183,181
387,152,183,181
387,152,183,181
387,152,183,181
387,152,183,181
387,152,183,181
387,152,183,181
387,152,183,181
386,152,183,181
387,153,183,181
386,153,183,181
387,152,183,181
387,152,183,181
387,152,183,181
387,152,183,181
387,152,183,181
386,153,183,181
387,152,183,181
387,152,183,181
387,153,183,181
388,152,183,181
388,152,183,181
387,152,183,181
387,153,183,181
387,153,183,181
387,152,183,181
385,152,183,181
384,153,183,181
382,153,183,181
381,153,183,181
380,153,183,181
379,153,183,181
378,154,183,181
378,154,183,181
375,154,183,181
372,183,183,181
368,257,183,181
360,350,183,181
357,357,183,181
356,357,183,181
357,357,183,181
356,357,183,181
356,357,183,181
357,357,183,181
358,357,183,181
359,357,183,181
357,357,183,181
357,357,183,181
356,357,183,181
357,357,183,181
356,357,183,181
356,357,183,181
357,357,183,181
357,357,183,181
357,357,183,181
356,357,183,181
357,357,183,181
361,357,183,181
357,357,183,181
357,357,183,181
357,357,183,181
357,357,183,181
357,357,183,181
356,357,183,181
357,357,183,181
357,357,183,181
357,357,183,181
360,357,183,181
356,357,183,181
357,357,183,181
356,357,183,181
357,357,183,181
357,357,183,181
357,357,183,181
356,357,183,181
357,357,183,181
357,357,183,181
356,357,183,181
357,357,183,181
357,357,183,181
357,357,183,181
357,357,183,181
360,357,183,181
361,357,183,181
358,357,183,181
356,357,183,181
360,357,183,181
361,357,183,181
361,357,183,181
360,357,183,181
358,357,183,181
357,357,183,181
361,357,183,181
361,357,183,181
358,357,183,181
356,357,183,181
360,357,183,181
360,357,183,181
357,357,183,181
358,357,183,181
357,357,183,181
357,357,183,181
358,357,183,181
361,357,183,181
361,357,183,181
358,357,183,181
356,357,183,181
357,357,183,181
359,357,183,181
359,357,183,181
361,357,183,181
357,357,183,181
362,357,183,181
357,357,183,181
358,357,183,181
357,357,183,181
357,357,183,181
358,357,183,181
357,357,183,181
360,357,183,181
357,357,183,181
360,357,183,181
356,357,183,181
361,357,183,181
357,357,183,181
358,357,183,181
360,357,183,181
360,357,183,181
356,357,183,181
357,357,183,181
357,357,183,181
356,357,183,181
357,357,183,181
357,357,183,181
357,357,183,181
356,357,183,181
361,357,183,181
358,357,183,181
357,357,183,181
357,357,183,181
356,357,183,181
361,357,183,181
357,357,183,181
357,357,183,181
356,357,183,181
357,357,183,181
357,357,183,181
357,357,183,181
357,357,183,181
358,357,183,181
357,357,183,181
361,357,183,181
357,357,183,181
356,357,183,181
357,357,183,181
357,357,183,181
357,357,183,181
357,357,183,181
357,357,183,181
357,357,183,181
357,357,183,181
357,357,183,181
357,357,183,181
357,357,183,181
357,357,183,181
360,357,183,181
357,357,183,181
360,357,183,181
357,357,183,181
357,357,183,181
358,357,183,181
358,357,183,181
361,357,183,181
358,357,183,181
357,357,183,181
363,357,183,181
357,357,183,181
361,357,183,181
360,357,183,181
358,357,183,181
357,357,183,181
357,357,183,181
360,357,183,181
357,357,183,181
361,357,183,181
361,357,183,181
361,357,183,181
357,357,183,181
357,357,183,181
358,357,183,181
357,357,183,181
356,357,183,181
358,357,183,181
357,357,183,181
357,357,183,181
357,357,183,181
357,357,183,181
357,357,183,181
356,357,183,181
356,357,183,181
357,357,183,181
357,357,183,181
357,357,183,181
357,357,183,181
356,357,183,181
357,357,183,181
356,357,183,181
356,357,183,181
357,357,183,181
357,357,183,181
357,357,183,181
356,357,183,181
357,357,183,181
357,357,183,181
357,357,183,181
356,357,183,181
357,357,183,181
356,357,183,181
357,357,183,181
357,357,183,181
357,357,183,181
358,357,183,181
361,357,183,181
357,357,183,181
357,357,183,181
357,357,183,181
361,357,183,181
357,357,183,181
357,357,183,181
357,357,183,181
357,357,183,181
357,357,183,181
357,357,183,181
361,357,183,181
357,357,183,181
357,357,183,181
356,357,183,181
358,357,183,181
358,357,183,181
358,357,183,181
361,357,183,181
358,357,183,181
361,357,183,181
357,357,183,181
361,357,183,181
357,357,183,181
357,357,183,181
357,357,183,181
357,357,183,181
358,357,183,181
357,357,183,181
358,357,183,181
357,357,183,181
356,357,183,181
360,357,183,181
358,357,183,181
357,357,183,181
356,357,183,181
357,357,183,181
357,357,183,181
357,357,183,181
357,357,183,181
357,357,183,181
357,357,183,181
357,357,183,181
357,357,183,181
357,357,183,181
357,357,183,181
357,357,183,181
357,357,183,181
358,357,183,181
357,357,183,181
358,357,183,181
357,357,183,181
356,357,183,181
356,357,183,181
357,357,183,181
357,357,183,181
357,357,183,181
358,357,183,181
357,357,183,181
357,357,183,181
357,357,183,181
357,357,183,181
356,357,183,181
357,357,183,181
357,357,183,181
357,357,183,181
357,357,183,181
360,357,183,181
357,357,183,181
357,357,183,181
360,357,183,181
357,357,183,181
357,357,183,181
357,357,183,181
356,357,183,181
357,357,183,181
357,357,183,181
357,357,183,181
357,357,183,181
357,357,183,181
357,357,183,181
357,357,183,181
358,357,183,181
357,357,183,181
358,357,183,181
357,357,183,181
361,357,183,181
356,357,183,181
358,357,183,181
357,357,183,181
357,357,183,181
357,357,183,181
360,357,183,181
357,357,183,181
356,357,183,181
360,357,183,181
356,357,183,181
357,357,183,181
357,357,183,181
357,357,183,181
357,357,183,181
357,357,183,181
357,357,183,181
357,357,183,181
357,357,183,181
358,357,183,181
357,357,183,181
357,357,183,181
358,357,183,181
357,357,183,181
357,357,183,181
357,357,183,181
357,357,183,181
357,357,183,181
357,357,183,181
357,357,183,181
357,357,183,181
357,357,183,181
357,357,183,181
357,357,183,181
357,357,183,181
357,357,183,181
357,357,183,181
358,357,183,181
357,357,183,181
357,357,183,181
358,357,183,181
357,357,183,181
361,357,183,181
358,357,183,181
360,357,183,181
358,357,183,181
357,357,183,181
357,357,183,181
358,357,183,181
357,357,183,181
356,357,183,181
357,357,183,181
357,357,183,181
357,357,183,181
358,357,183,181
356,357,183,181
357,357,183,181
357,357,183,181
357,357,183,181
357,357,183,181
361,357,183,181
357,357,183,181
357,357,183,181
358,357,183,181
358,357,183,181
357,357,183,181
361,357,183,181
358,357,183,181
357,357,183,181
356,357,183,181
357,357,183,181
357,357,183,181
357,357,183,181
358,357,183,181
357,357,183,181
358,357,183,181
358,357,183,181
357,357,183,181
357,357,183,181
357,357,183,181
357,357,183,181
356,357,183,181
356,357,183,181
357,357,183,181
357,357,183,181
361,357,183,181
358,357,183,181
357,357,183,181
357,357,183,181
360,357,183,181
357,357,183,181
356,357,183,181
357,357,183,181
356,357,183,181
357,357,183,181
358,357,183,181
357,357,183,181
357,357,183,181
358,357,183,181
357,357,183,181
357,357,183,181
357,357,183,181
356,357,183,181
357,357,183,181
357,357,183,181
357,357,183,181
356,357,183,181
357,357,183,181
357,357,183,181
357,357,183,181
357,357,183,181
357,357,183,181
356,357,183,181
358,357,183,181
356,357,183,181
357,357,183,181
359,357,183,181
357,357,183,181
357,357,183,181
357,357,183,181
357,357,183,181
357,357,183,181
357,357,183,181
358,357,183,181
357,357,183,181
357,357,183,181
358,357,183,181
357,357,183,181
361,357,183,181
356,357,183,181
357,357,183,181
357,357,183,181
358,357,183,181
357,357,183,181
357,357,183,181
357,357,183,181
357,357,183,181
357,357,183,181
357,357,183,181
356,357,183,181
357,357,183,181
357,357,183,181
357,357,183,181
357,357,183,181
357,357,183,181
357,357,183,181
357,357,183,181
357,357,183,181
357,357,183,181
360,357,183,181
357,357,183,181
356,357,183,181
357,357,183,181
357,357,183,181
357,357,183,181
358,357,183,181
356,357,183,181
356,357,183,181
357,357,183,181
357,357,183,181
357,357,183,181
357,357,183,181
357,357,183,181
357,357,183,181
359,357,183,181
360,357,183,181
358,357,183,181
357,357,183,181
357,357,183,181
358,357,183,181
359,357,183,181
357,357,183,181
357,357,183,181
357,357,183,181
357,357,183,181
358,357,183,181
357,357,183,181
356,357,183,181
357,357,183,181
356,357,183,181
356,357,183,181
357,357,183,181
357,357,183,181
357,357,183,181
357,357,183,181
357,357,183,181
357,357,183,181
357,357,183,181
357,357,183,181
357,357,183,181
357,357,183,181
357,357,183,181
361,357,183,181
361,357,183,181
357,357,183,181
357,357,183,181
357,357,183,181
358,357,183,181
357,357,183,181
357,357,183,181
357,357,183,181
357,357,183,181
357,357,183,181
357,357,183,181
357,357,183,181
357,357,183,181
356,357,183,181
357,357,183,181
357,357,183,181
357,357,183,181
357,357,183,181
357,357,183,181
357,357,183,181
357,357,183,181
357,357,183,181
358,357,183,181
358,357,183,181
357,357,183,181
360,357,183,181
358,357,183,181
357,357,183,181
357,357,183,181
357,357,183,181
357,357,183,181
357,357,183,181
357,357,183,181
357,357,183,181
357,357,183,181
357,357,183,181
357,357,183,181
356,357,183,181
356,357,183,181
358,357,183,181
357,357,183,181
357,357,183,181
357,357,183,181
357,357,183,181
360,357,183,181
357,357,183,181
357,357,183,181
357,357,183,181
357,357,183,181
357,357,183,181
356,357,183,181
357,357,183,181
360,357,183,181
361,357,183,181
357,357,183,181
356,357,183,181
356,357,183,181
357,357,183,181
357,357,183,181
357,357,183,181
357,357,183,181
357,357,183,181
356,357,183,181
357,357,183,181
358,357,183,181
357,357,183,181
357,357,183,181
357,357,183,181
357,357,183,181
358,357,183,181
356,357,183,181
361,357,183,181
358,357,183,181
357,357,183,181
357,357,183,181
358,357,183,181
357,357,183,181
357,357,183,181
356,357,183,181
357,357,183,181
357,357,183,181
357,357,183,181
360,357,183,181
357,357,183,181
358,357,183,181
357,357,183,181
357,357,183,181
357,357,183,181
357,357,183,181
357,357,183,181
357,357,183,181
360,357,183,181
357,357,183,181
357,357,183,181
357,357,183,181
357,357,183,181
357,357,183,181
357,357,183,181
357,357,183,181
357,357,183,181
356,357,183,181
358,357,183,181
357,357,183,181
357,357,183,181
357,357,183,181
357,357,183,181
357,357,183,181
357,357,183,181
357,357,183,181
358,357,183,181
357,357,183,181
357,357,183,181
361,357,183,181
358,357,183,181
357,357,183,181
361,357,183,181
356,357,183,181
356,357,183,181
357,357,183,181
356,357,183,181
357,357,183,181
358,357,183,181
360,357,183,181
357,357,183,181
357,357,183,181
357,357,183,181
357,357,183,181
360,357,183,181
357,357,183,181
357,357,183,181
357,357,183,181
357,357,183,181
357,357,183,181
358,357,183,181
357,357,183,181
357,357,183,181
360,357,183,181
361,357,183,181
356,357,183,181
360,357,183,181
357,357,183,181
360,357,183,181
358,357,183,181
357,357,183,181
359,357,183,181
357,357,183,181
358,357,183,181
357,357,183,181
356,357,183,181
357,357,183,181
358,357,183,181
357,357,183,181
357,357,183,181
357,357,183,181
357,357,183,181
357,357,183,181
357,357,183,181
356,357,183,181
357,357,183,181
357,357,183,181
358,357,183,181
357,357,183,181
356,357,183,181
357,357,183,181
357,357,183,181
357,357,183,181
357,357,183,181
357,357,183,181
357,357,183,181
356,357,183,181
357,357,183,181
357,357,183,181
357,357,183,181
357,357,183,181
357,357,183,181
357,357,183,181
358,357,183,181
357,357,183,181
356,357,183,181
357,357,183,181
357,357,183,181
357,357,183,181
358,357,183,181
357,357,183,181
357,357,183,181
357,357,183,181
357,357,183,181
357,357,183,181
357,357,183,181
357,357,183,181
357,357,183,181
360,357,183,181
357,357,183,181
356,357,183,181
357,357,183,181
360,357,183,181
356,357,183,181
356,357,183,181
357,357,183,181
361,357,183,181
357,357,183,181
357,357,183,181
358,357,183,181
357,357,183,181
357,357,183,181
357,357,183,181
357,357,183,181
357,357,183,181
357,357,183,181
357,357,183,181
357,357,183,181
357,357,183,181
358,357,183,181
357,357,183,181
357,357,183,181
359,357,183,181
358,357,183,181
357,357,183,181
356,357,183,181
356,357,183,181
356,357,183,181
357,357,183,181
358,357,183,181
357,357,183,181
357,357,183,181
360,357,183,181
357,357,183,181
356,357,183,181
356,357,183,181
356,357,183,181
357,357,183,181
358,357,183,181
357,357,183,181
357,357,183,181
357,357,183,181
357,357,183,181
356,357,183,181
357,357,183,181
357,357,183,181
356,357,183,181
356,357,183,181
359,357,183,181
357,357,183,181
357,357,183,181
356,357,183,181
357,357,183,181
356,357,183,181
357,357,183,181
357,357,183,181
357,357,183,181
357,357,183,181
356,357,183,181
356,357,183,181
358,357,183,181
360,357,183,181
357,357,183,181
357,357,183,181
358,357,183,181
357,357,183,181
357,357,183,181
356,357,183,181
357,357,183,181
357,357,183,181
360,357,183,181
357,357,183,181
356,357,183,181
357,357,183,181
357,357,183,181
357,357,183,181
356,357,183,181
357,357,183,181
356,357,183,181
357,357,183,181
357,357,183,181
357,357,183,181
358,357,183,181
357,357,183,181
358,357,183,181
357,357,183,181
371,265,183,181
357,357,183,181
372,265,183,181
372,265,183,181
374,257,183,181
372,265,183,181
357,357,183,181
356,357,183,181
357,357,183,181
358,357,183,181
361,357,183,181
356,357,183,181
357,357,183,181
357,357,183,181
356,357,183,181
357,357,183,181
357,357,183,181
361,357,183,181
360,357,183,181
357,357,183,181
357,357,183,181
357,357,183,181
356,357,183,181
357,357,183,181
357,357,183,181
356,357,183,181
356,357,183,181
357,357,183,181
356,357,183,181
356,357,183,181
357,357,183,181
357,357,183,181
357,357,183,181
357,357,183,181
356,357,183,181
357,357,183,181
357,357,183,181
357,357,183,181
357,357,183,181
357,357,183,181
357,357,183,181
356,357,183,181
357,357,183,181
357,357,183,181
357,357,183,181
356,357,183,181
356,357,183,181
357,357,183,181
357,357,183,181
356,357,183,181
357,357,183,181
357,357,183,181
358,357,183,181
357,357,183,181
356,357,183,181
357,357,183,181
361,357,183,181
356,357,183,181
357,357,183,181
357,357,183,181
357,357,183,181
361,357,183,181
356,357,183,181
357,357,183,181
357,357,183,181
356,357,183,181
358,357,183,181
357,357,183,181
356,357,183,181
357,357,183,181
358,357,183,181
357,357,183,181
357,357,183,181
357,357,183,181
357,357,183,181
357,357,183,181
357,357,183,181
357,357,183,181
357,357,183,181
357,357,183,181
356,357,183,181
361,357,183,181
357,357,183,181
357,357,183,181
356,357,183,181
356,357,183,181
356,357,183,181
357,357,183,181
357,357,183,181
357,357,183,181
357,357,183,181
357,357,183,181
360,357,183,181
356,357,183,181
357,357,183,181
357,357,183,181
357,357,183,181
356,357,183,181
358,357,183,181
361,357,183,181
357,357,183,181
356,357,183,181
358,357,183,181
358,357,183,181
357,357,183,181
357,357,183,181
357,357,183,181
357,357,183,181
357,357,183,181
357,357,183,181
356,357,183,181
357,357,183,181
357,357,183,181
357,357,183,181
357,357,183,181
357,357,183,181
357,357,183,181
357,357,183,181
357,357,183,181
358,357,183,181
357,357,183,181
357,357,183,181
357,357,183,181
358,357,183,181
357,357,183,181
357,357,183,181
357,357,183,181
357,357,183,181
356,357,183,181
357,357,183,181
357,357,183,181
357,357,183,181
357,357,183,181
357,357,183,181
357,357,183,181
357,357,183,181
357,357,183,181
361,357,183,181
357,357,183,181
357,357,183,181
357,357,183,181
357,357,183,181
358,357,183,181
357,357,183,181
357,357,183,181
357,357,183,181
356,357,183,181
357,357,183,181
357,357,183,181
357,357,183,181
356,357,183,181
357,357,183,181
358,357,183,181
357,357,183,181
357,357,183,181
356,357,183,181
357,357,183,181
357,357,183,181
357,357,183,181
356,357,183,181
357,357,183,181
357,357,183,181
357,357,183,181
357,357,183,181
357,357,183,181
357,357,183,181
357,357,183,181
357,357,183,181
356,357,183,181
357,357,183,181
357,357,183,181
357,357,183,181
357,357,183,181
357,357,183,181
357,357,183,181
357,357,183,181
357,357,183,181
356,357,183,181
357,357,183,181
357,357,183,181
356,357,183,181
358,357,183,181
358,357,183,181
357,357,183,181
356,357,183,181
357,357,183,181
357,357,183,181
358,357,183,181
357,357,183,181
357,357,183,181
357,357,183,181
357,357,183,181
357,357,183,181
356,357,183,181
358,357,183,181
357,357,183,181
358,357,183,181
357,357,183,181
357,357,183,181
357,357,183,181
357,357,183,181
356,357,183,181
357,357,183,181
357,357,183,181
357,357,183,181
362,357,183,181
360,357,183,181
357,357,183,181
358,357,183,181
357,357,183,181
361,357,183,181
372,265,183,181
373,256,183,181
375,256,183,181
374,257,183,181
376,256,183,181
376,256,183,181
376,256,183,181
376,256,183,181
375,256,183,181
377,256,183,181
376,256,183,181
375,256,183,181
376,256,183,181
374,258,183,181
374,259,183,181
376,260,183,181
372,265,183,181
357,357,183,181
357,357,183,181
356,357,183,181
356,357,183,181
357,357,183,181
357,357,183,181
357,357,183,181
357,357,183,181
358,357,183,181
356,357,183,181
358,357,183,181
357,357,183,181
360,357,183,181
360,357,183,181
358,357,183,181
357,357,183,181
357,357,183,181
357,357,183,181
357,357,183,181
357,357,183,181
357,357,183,181
358,357,183,181
360,357,183,181
361,357,183,181
361,357,183,181
361,357,183,181
357,357,183,181
358,357,183,181
361,357,183,181
357,357,183,181
358,357,183,181
357,357,183,181
357,357,183,181
360,357,183,181
358,357,183,181
361,357,183,181
358,357,183,181
357,357,183,181
360,357,183,181
357,357,183,181
357,357,183,181
357,357,183,181
357,357,183,181
357,357,183,181
357,357,183,181
359,357,183,181
357,357,183,181
357,357,183,181
357,357,183,181
357,357,183,181
356,357,183,181
358,357,183,181
357,357,183,181
357,357,183,181
357,357,183,181
357,357,183,181
361,357,183,181
357,357,183,181
357,357,183,181
357,357,183,181
360,357,183,181
357,357,183,181
360,357,183,181
360,357,183,181
357,357,183,181
358,357,183,181
361,357,183,181
357,357,183,181
366,357,183,181
367,357,183,181
376,357,183,181
379,357,183,181
382,357,183,181
381,357,183,181
380,357,183,181
365,357,183,181
364,357,183,181
383,357,183,181
396,357,183,181
398,357,183,181
408,357,183,181
408,357,183,181
410,357,183,181
410,357,183,181
451,265,183,181
375,180,183,181
371,129,183,181
373,129,183,181
372,148,183,181
372,153,183,181
372,155,183,181
373,156,183,181
372,158,183,181
373,159,183,181
373,161,183,181
372,163,183,181
372,165,183,181
364,172,183,181
364,174,183,181
365,175,183,181
365,177,183,181
365,179,183,181
364,181,183,181
365,182,183,181
365,184,183,181
363,190,183,181
363,191,183,181
362,192,183,181
362,194,183,181
362,196,183,181
362,198,183,181
359,199,183,181
354,200,183,181
355,197,183,181
354,199,183,181
352,201,183,181
351,203,183,181
350,205,183,181
350,207,183,181
349,209,183,181
366,209,183,181
366,211,183,181
366,213,183,181
366,214,183,181
347,220,183,181
346,223,183,181
353,232,183,181
356,236,183,181
356,236,183,181
356,238,183,181
354,239,183,181
353,240,183,181
352,241,183,181
351,243,183,181
349,245,183,181
349,248,183,181
349,250,183,181
349,253,183,181
348,256,183,181
348,258,183,181
347,261,183,181
346,264,183,181
346,266,183,181
345,269,183,181
344,272,183,181
343,275,183,181
343,278,183,181
343,281,183,181
342,284,183,181
342,286,183,181
342,289,183,181
341,292,183,181
341,295,183,181
342,299,183,181
341,298,183,181
341,298,183,181
347,315,183,181
346,319,183,181
346,323,183,181
345,327,183,181
344,332,183,181
344,336,183,181
343,340,183,181
343,344,183,181
343,348,183,181
344,352,183,181
344,356,183,181
336,342,183,181
336,342,183,181
337,346,183,181
336,349,183,181
335,354,183,181
334,357,183,181
336,357,183,181
374,269,183,181
371,273,183,181
348,282,183,181
347,287,183,181
345,291,183,181
345,312,183,181
345,313,183,181
351,320,183,181
353,324,183,181
351,328,183,181
351,332,183,181
351,336,183,181
351,340,183,181
351,344,183,181
347,348,183,181
347,352,183,181
347,356,183,181
347,357,183,181
347,357,183,181
347,357,183,181
348,357,183,181
348,357,183,181
348,357,183,181
349,357,183,181
372,265,183,181
380,184,183,181
387,152,183,181
388,152,183,181
387,152,183,181
387,152,183,181
387,152,183,181
387,152,183,181
388,152,183,181
387,152,183,181
387,152,183,181
387,151,183,181
387,152,183,181
387,152,183,181
387,151,183,181
387,152,183,181
387,152,183,181
387,152,183,181
387,152,183,181
387,151,183,181
387,152,183,181
387,152,183,181
388,152,183,181
387,152,183,181
387,152,183,181
387,152,183,181
387,152,183,181
387,152,183,181
387,152,183,181
387,152,183,181
387,152,183,181
387,152,183,181
387,152,183,181
387,152,183,181
387,152,183,181
387,152,183,181
387,152,183,181
388,152,183,181
388,152,183,181
387,152,183,181
387,152,183,181
387,152,183,181
387,151,183,181
387,152,183,181
387,153,183,181
387,152,183,181
387,152,183,181
387,152,183,181
387,152,183,181
387,152,183,181
387,152,183,181
387,152,183,181
387,152,183,181
387,153,183,181
387,152,183,181
387,152,183,181
387,152,183,181
388,152,183,181
387,152,183,181
387,152,183,181
387,152,183,181
387,152,183,181
387,152,183,181
387,151,183,181
388,152,183,181
387,152,183,181
387,152,183,181
387,152,183,181
387,152,183,181
387,152,183,181
387,152,183,181
387,152,183,181
387,152,183,181
387,152,183,181
