0.979000
0.054979
0.054039
0.053622
0.053227
0.053164
0.053687
0.053294
0.053512
0.053679
0.103932
0.053198
0.053463
0.054174
0.057439
0.059011
0.053735
0.053618
0.053589
0.053534
0.121282
0.053497
0.054466
0.053412
0.052913
0.054725
0.053220
0.053070
0.052597
0.052344
0.126064
0.052036
0.052189
0.052336
0.052464
0.052660
0.051895
0.052389
0.052353
0.052376
0.142626
0.051843
0.052247
0.052048
0.052142
0.052000
0.051817
0.052734
0.054316
0.052530
0.149860
0.052963
0.053896
0.052333
0.052782
0.052359
0.052547
0.052028
0.051994
0.051982
0.164238
0.051871
0.051665
0.051899
0.052191
0.052022
0.051664
0.051706
0.051622
0.051816
0.172311
0.051816
0.051599
0.051675
0.052006
0.051818
0.051550
0.051584
0.051938
0.051874
0.186168
0.051531
0.053187
0.053486
0.052036
0.052042
0.051871
0.052152
0.052419
0.051940
0.228718
0.052001
0.051821
0.052371
0.051599
0.052193
0.052218
0.051769
0.051785
0.051605
0.238674
0.052065
0.051985
0.051880
0.051937
0.051358
0.054821
0.052087
0.051907
0.051615
0.256265
0.051826
0.052050
0.051626
0.051602
0.051359
0.051457
0.051693
0.051382
0.051017
0.272384
0.051760
0.051530
0.051632
0.051924
0.051669
0.051121
0.051637
0.051311
0.051537
0.283851
0.051810
0.051765
0.051696
0.051684
0.051833
0.051927
0.051875
0.051758
0.051621
0.300689
0.052035
0.051980
0.052119
0.052002
0.052102
0.052156
0.051875
0.052008
0.051591
0.309106
0.051813
0.051542
0.051720
0.051238
0.051439
0.051311
0.051504
0.051489
0.051674
0.272616
0.051611
0.051853
0.051208
0.051693
0.051560
0.052198
0.051802
0.051764
0.051682
0.286730
0.058630
0.052723
0.051773
0.051043
0.050994
0.051620
0.052179
0.051530
0.051510
0.293847
0.056160
0.052810
0.051991
0.050834
0.051485
0.051893
0.051590
0.051709
0.051978
0.310324
0.051534
0.051250
0.051349
0.051375
0.051266
0.051556
0.051067
0.051279
0.051373
0.316694
0.050960
0.051352
0.058173
0.051390
0.051561
0.051684
0.051721
0.051714
0.052622
0.332865
0.053626
0.052873
0.052896
0.052817
0.052438
0.052891
0.052885
0.052525
0.052902
0.342367
0.053325
0.052989
0.053074
0.052654
0.052700
0.052583
0.052830
0.052925
0.052667
0.341877
0.052925
0.052999
0.052590
0.052611
0.053099
0.053063
0.052765
0.053094
0.052593
0.342062
0.053199
0.053285
0.052890
0.053206
0.052958
0.053296
0.052925
0.053248
0.052866
0.341234
0.053042
0.052732
0.052795
0.052822
0.052955
0.053077
0.052648
0.053331
0.053086
0.341683
0.053407
0.053108
0.053296
0.053038
0.052843
0.053573
0.052588
0.053151
0.053295
0.342212
0.053444
0.052798
0.051123
0.051681
0.051508
0.051430
0.052050
0.052018
0.051731
0.340328
0.051817
0.052578
0.053029
0.052822
0.052851
0.052880
0.052943
0.053229
0.051370
0.340382
0.051591
0.051314
0.053022
0.051340
0.051248
0.051206
0.051181
0.051185
0.051291
0.340616
0.052236
0.052670
0.053080
0.052339
0.053174
0.052958
0.052536
0.052601
0.053091
0.341798
0.053023
0.052906
0.051946
0.053683
0.055323
0.053024
0.051408
0.051586
0.051790
0.339811
0.051870
0.051562
0.051803
0.053024
0.055437
0.052901
0.052743
0.052728
0.052879
0.341727
0.053650
0.053774
0.052922
0.055709
0.054993
0.055081
0.054960
0.052924
0.051716
0.339840
0.051733
0.051328
0.051351
0.051661
0.051824
0.051656
0.051619
0.051657
0.051256
0.339814
0.051837
0.051441
0.051846
0.051275
0.051388
0.053165
0.052485
0.053022
0.052380
0.341393
0.052513
0.052687
0.052747
0.052534
0.052730
0.053103
0.052285
0.052895
0.052562
0.341671
0.052745
0.052922
0.051282
0.051166
0.051029
0.052080
0.052276
0.051134
0.051532
0.340488
0.053677
0.051518
0.051851
0.051473
0.052137
0.051802
0.051429
0.051671
0.051694
0.340404
0.051663
0.051553
0.051411
0.051808
0.052139
0.052643
0.052874
0.053204
0.052889
0.341647
0.053300
0.053211
0.052804
0.052916
0.052701
0.053147
0.052792
0.052735
0.052647
0.341089
0.053173
0.053023
0.052242
0.052856
0.053412
0.052294
0.054789
0.051891
0.051848
0.339843
0.052576
0.052945
0.052948
0.052922
0.052736
0.052695
0.052800
0.052702
0.052876
0.342672
0.053483
0.052474
0.051481
0.050886
0.051217
0.051447
0.051371
0.051754
0.052073
0.341458
0.053100
0.053043
0.052842
0.052962
0.052703
0.053555
0.051500
0.051735
0.051919
0.341110
0.051762
0.051771
0.052276
0.052874
0.052641
0.053229
0.052452
0.052385
0.053174
0.342014
0.053229
0.053065
0.053212
0.053358
0.052651
0.052778
0.052494
0.053440
0.053243
0.341635
0.053725
0.053556
0.054485
0.055401
0.054278
0.051485
0.051649
0.051421
0.051604
0.341344
0.059345
0.054382
0.051481
0.052044
0.051556
0.051654
0.051758
0.051414
0.051223
0.339339
0.051516
0.052161
0.051847
0.051682
0.051803
0.051646
0.051628
0.051784
0.051692
0.340496
0.051870
0.052812
0.051670
0.051649
0.052341
0.052906
0.053028
0.053060
0.053095
0.341851
0.052577
0.052733
0.051226
0.051241
0.051069
0.051449
0.051066
0.051282
0.051460
0.340138
0.051852
0.052836
0.053713
0.050999
0.051769
0.051456
0.051616
0.051563
0.051542
0.341894
0.053199
0.052742
0.051446
0.051552
0.052359
0.051359
0.051643
0.051812
0.051721
0.339901
0.052495
0.052018
0.051901
0.052186
0.051595
0.051801
0.051667
0.051971
0.052229
0.340568
0.052047
0.051775
0.051831
0.052054
0.051830
0.051826
0.053144
0.051876
0.051922
0.340544
0.052407
0.051800
0.051905
0.052307
0.051863
0.052114
0.051860
0.052255
0.051982
0.340582
0.052119
0.052033
0.052979
0.052092
0.051842
0.052028
0.051976
0.051972
0.052108
0.339110
0.052425
0.051783
0.051844
0.052013
0.052327
0.051945
0.052110
0.052112
0.051924
0.340572
0.052283
0.052339
0.051934
0.052182
0.052095
0.052100
0.052340
0.052046
0.052010
0.340961
0.053525
0.052920
0.053498
0.053539
0.053097
0.053321
0.053266
0.053631
0.053203
0.342063
0.053215
0.053260
0.053511
0.052994
0.053786
0.053355
0.055296
0.052013
0.051856
0.340755
0.052340
0.052084
0.052529
0.052266
0.051963
0.052113
0.052199
0.051975
0.052238
0.340577
0.052369
0.051989
0.051832
0.052113
0.052032
0.052312
0.051849
0.051806
0.052022
0.340670
0.052037
0.051643
0.052938
0.054047
0.053124
0.053301
0.052975
0.053129
0.053255
0.342474
0.053271
0.053726
0.053497
0.053236
0.052872
0.053211
0.053302
0.053181
0.053329
0.342769
0.052030
0.051919
0.051870
0.052108
0.051681
0.052009
0.051983
0.052048
0.052078
0.341215
0.052279
0.052082
0.052082
0.051845
0.052032
0.051764
0.052565
0.052344
0.052024
0.340987
0.052639
0.052786
0.052694
0.052496
0.052715
0.052341
0.052270
0.052056
0.052838
0.340777
0.052387
0.051852
0.050690
0.052309
0.052506
0.053262
0.053249
0.053521
0.051469
0.340474
0.051865
0.051295
0.051774
0.051259
0.051719
0.051816
0.051983
0.051738
0.051044
0.341123
0.053278
0.050595
0.051795
0.052108
0.052078
0.051867
0.052099
0.052155
0.051876
0.340741
0.052500
0.051819
0.052248
0.051721
0.052264
0.052380
0.052122
0.052135
0.052289
0.340798
0.052728
0.052050
0.051598
0.052004
0.052107
0.051958
0.051935
0.053149
0.052009
0.340850
0.051810
0.051430
0.051824
0.051635
0.051979
0.051478
0.051636
0.052204
0.051981
0.340240
0.052131
0.052249
0.051870
0.052147
0.051778
0.051808
0.052091
0.052195
0.052112
0.340811
0.052131
0.052797
0.052620
0.056673
0.053978
0.051840
0.052216
0.051402
0.051694
0.338938
0.051931
0.051885
0.051988
0.051630
0.052014
0.052028
0.050728
0.052186
0.052296
0.341090
0.053623
0.052673
0.051665
0.051615
0.051462
0.051678
0.051429
0.051475
0.051644
0.340235
0.052320
0.052221
0.052457
0.051784
0.052027
0.051583
0.051764
0.051693
0.052222
0.340808
0.052406
0.052173
0.051589
0.051316
0.051453
0.051656
0.051182
0.051981
0.051595
0.339643
0.051722
0.051498
0.052155
0.051871
0.051528
0.051767
0.051317
0.051585
0.050047
0.340151
0.052903
0.051709
0.051334
0.051006
0.051859
0.051355
0.049970
0.051547
0.051623
0.340183
0.052037
0.051681
0.051402
0.051160
0.051649
0.051840
0.052464
0.051919
0.052564
0.340798
0.051740
0.052135
0.051821
0.051659
0.051459
0.051586
0.051444
0.051857
0.052106
0.340012
0.052164
0.051498
0.051259
0.051806
0.051303
0.051722
0.051835
0.051847
0.051850
0.341486
0.051835
0.051641
0.051961
0.051907
0.051940
0.052464
0.052151
0.051682
0.052325
0.340554
0.052547
0.052511
0.051904
0.053090
0.053813
0.053588
0.054408
0.051857
0.051801
0.341328
0.052557
0.052144
0.052435
0.052311
0.052078
0.051985
0.052110
0.052477
0.052768
0.341995
0.053164
0.053082
0.053241
0.052766
0.052962
0.053130
0.052792
0.052859
0.052965
0.342366
0.053067
