289.000000,89.000000,395.000000,201.000000
289.698090,88.998718,395.698090,200.998718
289.647369,88.457436,399.929779,204.982239
293.014648,90.338791,399.014648,202.338791
291.731262,88.738899,399.851257,202.978897
293.007477,88.948051,401.127472,203.188049
293.086731,88.496239,401.206726,202.736237
293.508331,88.932991,401.628326,203.172989
294.245941,88.700768,402.365936,202.940765
294.617126,89.290565,402.737122,203.530563
295.164581,89.334343,403.284576,203.574341
294.917969,89.385689,403.037964,203.625687
295.051666,89.588326,403.171661,203.828323
294.034760,89.616585,402.154755,203.856583
293.038116,89.611046,401.158112,203.851044
292.406830,89.628242,400.526825,203.868240
291.419189,89.600945,399.539185,203.840942
290.868408,89.594902,398.988403,203.834900
290.122375,89.539406,398.242371,203.779404
288.446320,89.313713,396.566315,203.553711
288.074799,89.117104,396.194794,203.357101
286.869751,88.845421,394.989746,203.085419
288.249359,90.575333,394.249359,202.575333
288.521667,91.140747,392.443237,200.944672
288.195709,90.643707,392.117279,200.447632
288.649170,91.940048,390.533051,199.590942
288.393311,92.114853,390.277191,199.765747
287.537933,92.312393,389.421814,199.963287
288.339813,92.201523,388.225983,197.741623
287.492462,93.004837,387.378632,198.544937
287.368256,92.969986,387.254425,198.510086
288.328400,93.786781,386.256012,197.257477
289.592133,94.311073,385.599609,195.752930
289.700653,93.969048,385.708130,195.410889
292.602539,96.345016,384.881927,193.847748
295.412994,97.156250,384.109070,190.872833
297.119781,98.157600,384.076691,190.036621
295.824188,97.192749,384.520264,190.909332
294.076569,96.519035,384.546539,192.109955
295.357208,97.034256,384.053284,190.750854
298.003723,99.283829,383.255615,189.361298
297.115997,98.688713,384.072906,190.567719
296.863922,98.731941,383.820831,190.610962
295.937561,98.545128,382.894470,190.424133
295.434967,98.147942,382.391876,190.026947
294.807861,97.872719,381.764771,189.751740
296.177704,100.186714,379.757996,188.497955
295.662933,100.093071,379.243225,188.404297
295.799652,100.242149,377.741089,186.821793
293.862122,99.710732,377.442383,188.021973
293.004547,99.820778,376.584839,188.132019
290.562836,98.784668,375.814728,188.862122
289.530731,98.627838,374.782623,188.705292
290.497589,99.703819,374.077881,188.015045
290.387604,99.946785,373.967896,188.258026
289.540955,97.994995,374.792847,188.072449
289.911499,97.720749,375.163391,187.798218
289.804138,97.752251,376.761047,189.631256
290.309143,97.977547,377.266052,189.856567
288.892426,96.730362,377.588501,190.446960
287.424133,95.468712,377.894104,191.059631
287.689911,94.574486,378.159882,190.165405
286.727509,93.850983,379.006897,191.353729
286.620270,93.854446,380.745239,193.307251
285.606964,92.929924,381.614441,194.371765
285.524994,92.504021,383.452606,195.974701
285.202240,91.527084,385.088409,197.067184
285.775909,91.567795,385.662079,197.107895
286.988190,91.478485,386.874359,197.018585
288.133209,91.374313,388.019379,196.914413
287.434784,90.960449,389.318665,198.611359
288.170532,91.580811,390.054413,199.231720
287.392914,90.688782,391.314484,200.492706
287.918610,90.889328,391.840179,200.693253
288.519135,90.993164,392.440704,200.797089
288.418793,91.105240,392.340363,200.909164
288.268433,90.390198,392.190002,200.194122
288.196075,90.502960,392.117645,200.306885
288.170990,90.541306,392.092560,200.345230
288.318237,90.654984,392.239807,200.458908
288.442566,90.919678,392.364136,200.723602
288.615387,91.193222,392.536957,200.997147
287.834320,89.984985,393.834320,201.984985
288.173981,90.768539,394.173981,202.768539
287.672913,90.560089,393.672913,202.560089
287.811554,90.479218,393.811554,202.479218
287.856842,90.360916,393.856842,202.360916
287.761047,90.326416,393.761047,202.326416
287.540771,90.366119,393.540771,202.366119
286.913086,90.568710,392.913086,202.568710
286.876465,90.839600,392.876465,202.839600
286.168884,91.414948,392.168884,203.414948
285.089417,91.300583,391.089417,203.300583
284.214996,91.383682,390.214996,203.383682
283.918213,91.614075,389.918213,203.614075
283.837372,91.840424,389.837372,203.840424
283.588623,91.994217,389.588623,203.994217
283.342773,92.095215,389.342773,204.095215
283.152557,91.520554,389.152557,203.520554
283.430878,91.766159,389.430878,203.766159
283.869476,92.015442,389.869476,204.015442
284.884003,91.623169,390.884003,203.623169
285.584747,92.047028,391.584747,204.047028
286.261841,91.578217,392.261841,203.578217
286.605774,91.937012,392.605774,203.937012
287.738770,92.144470,393.738770,204.144470
288.489532,91.427216,394.489532,203.427216
289.006927,91.342804,395.006927,203.342804
289.936188,91.970444,393.857758,201.774368
289.936401,91.257156,395.936401,203.257156
290.187195,90.659866,396.187195,202.659866
290.183716,91.425735,394.105286,201.229660
289.676117,91.220917,393.597687,201.024841
289.609131,91.066025,393.530701,200.869949
290.131439,92.350555,392.015320,200.001465
289.365234,91.925766,391.249115,199.576660
289.370148,92.670914,389.256317,198.211014
289.490967,93.393379,387.418579,196.864075
289.392761,93.104424,387.320374,196.575104
289.604156,93.683006,387.531769,197.153687
289.436615,93.425774,387.364227,196.896454
289.269836,92.864235,387.197449,196.334930
289.454437,92.785057,387.382050,196.255737
289.382935,92.611061,387.310547,196.081757
289.162262,92.219795,387.089874,195.690491
288.510071,92.698341,386.437683,196.169037
288.362671,92.357719,386.290283,195.828400
287.243805,91.875984,385.171417,195.346680
286.562836,92.233665,384.490448,195.704346
286.184204,93.498283,382.191681,194.940125
285.107056,92.729836,381.114532,194.171692
284.240662,93.080025,380.248138,194.521881
283.907257,93.321297,379.914734,194.763153
284.061127,93.016365,380.068604,194.458221
283.640747,93.094734,379.648224,194.536591
284.046509,93.349785,380.053986,194.791626
283.499664,92.758232,379.507141,194.200073
283.861359,93.047935,379.868835,194.489777
284.293457,93.472893,380.300934,194.914734
283.378113,92.420738,381.305725,195.891418
282.947815,91.787735,382.833984,197.327835
283.050110,92.328873,382.936279,197.868973
283.182434,91.627411,385.066315,199.278320
282.167542,91.103683,386.089111,200.907608
281.375061,90.033096,387.375061,202.033096
281.516296,89.966095,387.516296,201.966095
280.481110,89.579033,388.601105,203.819031
280.352081,89.468163,388.472076,203.708160
280.053650,89.491600,388.173645,203.731598
276.461548,90.496452,386.743958,207.021255
276.855286,91.399696,384.975281,205.639694
278.598236,92.086227,384.598236,204.086227
278.787170,92.159637,384.787170,204.159637
279.072693,92.021500,385.072693,204.021500
278.601288,92.131042,384.601288,204.131042
279.380615,92.356415,385.380615,204.356415
277.884552,91.420799,386.004547,205.660797
279.802216,92.742340,385.802216,204.742340
278.345398,91.531960,386.465393,205.771957
277.919464,91.598167,386.039459,205.838165
279.663422,92.558640,385.663422,204.558640
280.205261,92.559769,386.205261,204.559769
280.070374,92.582535,386.070374,204.582535
281.148529,92.615479,387.148529,204.615479
282.743683,92.703995,388.743683,204.703995
283.871674,92.784348,389.871674,204.784348
285.703369,93.104462,391.703369,205.104462
286.590027,92.551208,392.590027,204.551208
288.134949,92.977509,394.134949,204.977509
288.716248,93.202927,394.716248,205.202927
290.025543,92.519836,396.025543,204.519836
290.037720,92.407440,396.037720,204.407440
290.263489,92.052872,396.263489,204.052872
290.623260,91.570526,396.623260,203.570526
291.055756,91.849823,397.055756,203.849823
290.991394,91.920059,396.991394,203.920059
291.686859,92.127365,397.686859,204.127365
291.736389,91.496460,397.736389,203.496460
291.731232,91.579681,397.731232,203.579681
291.516205,91.703217,397.516205,203.703217
291.206940,91.671310,397.206940,203.671310
290.555847,91.620804,396.555847,203.620804
290.483917,91.728867,396.483917,203.728867
289.892334,91.689209,395.892334,203.689209
289.970001,91.813889,395.970001,203.813889
289.694031,91.983704,395.694031,203.983704
289.242157,92.205994,395.242157,204.205994
288.180237,91.619614,394.180237,203.619614
287.589996,91.966019,393.589996,203.966019
286.837524,92.265442,392.837524,204.265442
286.513092,91.759155,392.513092,203.759155
285.084808,91.751480,391.084808,203.751480
284.000153,91.609161,390.000153,203.609161
282.753540,91.354965,388.753540,203.354965
282.766022,91.227371,388.766022,203.227371
281.700989,91.157471,387.700989,203.157471
280.872742,91.152191,386.872742,203.152191
279.701355,91.243561,385.701355,203.243561
278.772614,91.142273,384.772614,203.142273
277.525421,90.860992,383.525421,202.860992
276.477509,91.410324,382.477509,203.410324
275.402893,90.981934,381.402893,202.981934
274.730560,91.188385,380.730560,203.188385
274.020447,90.382553,380.020447,202.382553
274.056030,90.834366,377.977600,200.638290
273.505463,90.858505,377.427032,200.662430
273.920624,90.933289,377.842194,200.737213
274.198761,90.536240,378.120331,200.340164
273.868225,90.391830,377.789795,200.195755
274.859650,90.016754,378.781219,199.820679
275.375244,90.209579,379.296814,200.013504
275.836700,89.815216,379.758270,199.619141
276.746246,90.321304,380.667816,200.125229
277.436829,90.236420,381.358398,200.040344
277.689545,90.230408,381.611115,200.034332
279.266602,90.874817,383.188171,200.678741
279.453613,91.343872,383.375183,201.147797
279.981659,91.100327,383.903229,200.904251
280.702484,91.040039,384.624054,200.843964
281.030640,91.919662,384.952209,201.723587
281.880676,92.208466,385.802246,202.012390
281.681671,91.584381,385.603241,201.388306
282.121887,92.107330,386.043457,201.911255
281.332550,91.659119,385.254120,201.463043
281.615021,93.089951,385.536591,202.893875
281.921875,93.498627,385.843445,203.302551
282.553925,91.842361,386.475494,201.646286
282.940582,92.414246,386.862152,202.218170
283.412628,92.550018,387.334198,202.353943
283.042175,92.109024,386.963745,201.912949
282.805573,91.608582,386.727142,201.412506
283.277008,92.333649,387.198578,202.137573
282.822388,91.680908,386.743958,201.484833
282.886627,91.742142,386.808197,201.546066
282.410156,91.968369,386.331726,201.772293
281.631439,92.260559,385.553009,202.064484
281.257568,91.594925,385.179138,201.398849
280.544922,91.642029,384.466492,201.445953
280.002014,91.835251,383.923584,201.639175
280.036255,92.120010,383.957825,201.923935
279.460327,91.365692,383.381897,201.169617
278.655609,91.700256,382.577179,201.504181
278.647369,92.088196,382.568939,201.892120
278.409851,92.294632,382.331421,202.098557
278.182404,91.752670,382.103973,201.556595
