189.000000,204.000000,261.000000,265.000000
231.794312,209.386368,303.794312,270.386353
232.750977,209.470673,304.750977,270.470673
266.019043,208.872025,339.459045,271.092041
266.754272,209.704285,337.342499,269.508209
292.806519,205.007706,363.394745,264.811615
294.018829,203.890305,368.927612,267.354706
NaN,NaN,NaN,NaN
NaN,NaN,NaN,NaN
NaN,NaN,NaN,NaN
NaN,NaN,NaN,NaN
NaN,NaN,NaN,NaN
NaN,NaN,NaN,NaN
NaN,NaN,NaN,NaN
NaN,NaN,NaN,NaN
NaN,NaN,NaN,NaN
NaN,NaN,NaN,NaN
250.891541,200.987473,317.731750,257.615967
250.986023,200.703857,317.826233,257.332367
224.026947,200.474945,292.203949,258.236023
207.970367,200.838623,276.147369,258.599701
177.846390,201.440643,246.023392,259.201721
163.000107,202.128967,231.177109,259.890045
129.774094,201.480713,202.124084,262.777222
117.355309,202.404282,191.152283,264.926727
98.926262,206.713943,172.723236,269.236389
92.031601,207.088394,167.304520,270.861267
87.560287,209.370285,162.833206,273.143188
92.331322,211.125336,166.128296,273.647766
108.391350,214.101089,182.188324,276.623535
121.417572,215.532135,193.767548,276.828644
156.138214,219.356964,228.488190,280.653473
174.091019,219.600540,246.441010,280.897034
215.019470,223.485565,285.950806,283.580200
234.472748,225.093857,304.013306,284.010162
268.311462,227.960587,337.851990,286.876892
280.186432,229.197708,349.726990,288.114014
NaN,NaN,NaN,NaN
NaN,NaN,NaN,NaN
NaN,NaN,NaN,NaN
NaN,NaN,NaN,NaN
NaN,NaN,NaN,NaN
NaN,NaN,NaN,NaN
NaN,NaN,NaN,NaN
NaN,NaN,NaN,NaN
NaN,NaN,NaN,NaN
341.534729,106.866837,396.847626,153.729141
341.357544,106.192261,396.670441,153.054565
337.541534,91.404144,392.854431,138.266449
337.041443,91.235451,392.354340,138.097748
332.642120,83.345215,387.955017,130.207520
331.956604,82.789841,388.375732,130.589386
331.607544,75.289116,388.026672,123.088669
331.162140,74.896339,388.709656,123.651886
331.286865,75.775314,388.834381,124.530853
330.464508,75.424896,388.012024,124.180435
333.417999,84.703430,390.965515,133.458969
332.612305,84.301552,391.310791,134.032196
336.641357,94.465248,395.339844,144.195892
340.882965,107.953995,399.581451,157.684647
343.310608,121.465698,402.009094,171.196350
347.082397,136.600235,405.780884,186.330887
341.151855,114.340958,399.850342,164.071609
340.223450,112.777596,400.095886,163.502869
NaN,NaN,NaN,NaN
NaN,NaN,NaN,NaN
NaN,NaN,NaN,NaN
NaN,NaN,NaN,NaN
267.479706,218.909821,333.611725,274.938354
258.661560,219.955795,324.793579,275.984314
235.982376,222.062469,299.546417,275.915344
222.497314,222.621552,286.061340,276.474426
196.061768,220.007553,260.897095,274.937469
182.628723,218.718445,248.760742,274.746979
159.454407,214.781387,226.909073,271.930481
147.110809,211.997513,215.914581,270.289581
131.433640,206.376450,201.613480,265.834381
125.955811,204.472839,197.539246,265.119904
120.645233,203.638000,192.228668,264.285065
119.480392,203.990662,191.063828,264.637726
121.237457,206.359100,192.820892,267.006165
132.204132,219.300781,203.787567,279.947845
133.167877,219.660858,203.347717,279.118774
152.656174,232.757278,222.836014,292.215210
154.117447,233.693771,222.921204,291.985840
178.599655,242.044449,247.403412,300.336517
178.183014,241.459854,246.986786,299.751923
204.723938,241.558121,273.527710,299.850189
203.714737,241.138657,273.894592,300.596588
231.198685,236.220322,301.378540,295.678253
231.907776,237.191452,300.711548,295.483521
256.238434,226.904587,325.042206,285.196655
256.258453,226.676102,325.062225,284.968170
274.012817,212.498764,342.816589,270.790833
273.945496,212.528091,341.400146,269.677185
286.556274,191.745300,354.010925,248.894394
287.216003,192.398315,353.348022,248.426849
293.750305,168.633499,359.882324,224.662018
294.192383,168.882324,360.324402,224.910858
298.028900,154.488205,365.483582,211.637299
303.999176,136.003052,371.453857,193.152145
304.014526,136.028000,371.469177,193.177094
306.229462,122.988991,373.684143,180.138092
305.895050,122.974281,373.349731,180.123383
304.108948,103.023003,371.563599,160.172089
304.948181,103.981499,371.080200,160.010025
304.823944,84.581413,370.955963,140.609940
306.483795,84.782005,371.319122,139.711929
305.850372,78.440506,370.685699,133.370438
302.591003,62.074558,366.155029,115.927429
303.358307,58.423115,365.675995,111.220047
302.332520,55.416035,364.650208,108.212967
302.842834,55.408558,363.938599,107.170258
303.864655,56.253468,363.762482,107.000229
304.434631,58.713558,364.332458,109.460320
305.197266,64.954079,365.095093,115.700836
306.106628,70.753883,366.004456,121.500641
307.768066,86.100357,367.665894,136.847122
308.630371,95.296738,368.528198,146.043503
308.672211,114.708900,369.767975,166.470596
308.696442,127.076942,369.792206,178.838638
NaN,NaN,NaN,NaN
NaN,NaN,NaN,NaN
NaN,NaN,NaN,NaN
NaN,NaN,NaN,NaN
NaN,NaN,NaN,NaN
NaN,NaN,NaN,NaN
276.302094,252.347076,336.542633,303.384186
270.217072,259.883209,330.457611,310.920319
263.104034,270.585022,322.163391,320.621399
257.971466,275.457123,317.030823,325.493530
242.722427,280.921692,301.781769,330.958069
221.947708,283.044067,281.007050,333.080444
211.209488,282.524689,270.268829,332.561096
185.347549,278.405029,245.588089,329.442139
170.489868,276.104950,231.935211,328.162811
143.021637,269.685425,205.695892,322.784454
128.778854,264.352356,192.706589,318.513367
104.582993,253.942581,169.789276,309.186798
92.275505,248.524277,158.785919,304.873383
76.771202,237.656754,143.281616,294.005859
69.804108,231.802826,137.644745,289.278900
62.912167,222.978958,132.109604,281.604553
61.670109,219.552887,130.867554,278.178497
63.970448,214.297668,133.167892,272.923279
66.247940,210.301407,135.445374,268.927002
73.564125,203.413239,142.761566,262.038849
76.600067,199.013412,145.797516,257.639008
85.020081,191.847641,154.217529,250.473251
89.303604,190.257584,158.501038,248.883194
101.585808,189.200150,170.783249,247.825760
110.047234,189.463577,179.244675,248.089188
129.931580,189.837128,199.129028,248.462738
141.176025,190.272018,210.373474,248.897629
166.303879,190.666153,235.501312,249.291763
189.984070,191.018967,257.824707,248.495056
201.729691,190.116714,268.240112,246.465820
224.249710,185.138550,290.760132,241.487656
233.868912,181.572937,300.379333,237.922043
252.533310,176.420609,319.043732,232.769714
262.361023,173.020798,328.871429,229.369904
278.940460,169.543350,345.450867,225.892456
284.563080,169.868027,349.769379,225.112244
298.186218,169.951004,362.113953,224.112000
NaN,NaN,NaN,NaN
NaN,NaN,NaN,NaN
NaN,NaN,NaN,NaN
NaN,NaN,NaN,NaN
NaN,NaN,NaN,NaN
NaN,NaN,NaN,NaN
NaN,NaN,NaN,NaN
NaN,NaN,NaN,NaN
NaN,NaN,NaN,NaN
NaN,NaN,NaN,NaN
NaN,NaN,NaN,NaN
NaN,NaN,NaN,NaN
NaN,NaN,NaN,NaN
NaN,NaN,NaN,NaN
NaN,NaN,NaN,NaN
NaN,NaN,NaN,NaN
NaN,NaN,NaN,NaN
NaN,NaN,NaN,NaN
NaN,NaN,NaN,NaN
NaN,NaN,NaN,NaN
NaN,NaN,NaN,NaN
NaN,NaN,NaN,NaN
NaN,NaN,NaN,NaN
NaN,NaN,NaN,NaN
NaN,NaN,NaN,NaN
NaN,NaN,NaN,NaN
NaN,NaN,NaN,NaN
NaN,NaN,NaN,NaN
NaN,NaN,NaN,NaN
NaN,NaN,NaN,NaN
NaN,NaN,NaN,NaN
NaN,NaN,NaN,NaN
NaN,NaN,NaN,NaN
325.208191,120.904854,382.392120,169.352356
324.948975,111.867317,382.132904,160.314819
323.697083,95.711960,380.881012,144.159454
323.510895,91.639900,380.694824,140.087402
323.481140,89.433228,380.665070,137.880722
323.497833,91.832283,380.681763,140.279785
325.042877,101.563507,382.226807,150.011002
325.898804,109.920692,383.082733,158.368195
328.121277,129.056213,385.305206,177.503708
327.240356,141.902969,385.567963,191.319412
321.599335,179.593338,381.093506,229.998108
320.990417,180.182465,380.484589,230.587250
NaN,NaN,NaN,NaN
NaN,NaN,NaN,NaN
NaN,NaN,NaN,NaN
NaN,NaN,NaN,NaN
NaN,NaN,NaN,NaN
NaN,NaN,NaN,NaN
NaN,NaN,NaN,NaN
NaN,NaN,NaN,NaN
NaN,NaN,NaN,NaN
NaN,NaN,NaN,NaN
NaN,NaN,NaN,NaN
332.473785,108.917465,386.605865,154.779373
331.062561,92.583694,385.194641,138.445602
330.641846,92.126358,384.773926,137.988266
329.480133,79.830956,383.612213,125.692863
330.747192,92.135376,384.879272,137.997284
332.909088,109.662582,387.041168,155.524490
336.082275,133.801315,390.214355,179.663223
NaN,NaN,NaN,NaN
NaN,NaN,NaN,NaN
NaN,NaN,NaN,NaN
NaN,NaN,NaN,NaN
NaN,NaN,NaN,NaN
NaN,NaN,NaN,NaN
NaN,NaN,NaN,NaN
NaN,NaN,NaN,NaN
NaN,NaN,NaN,NaN
NaN,NaN,NaN,NaN
NaN,NaN,NaN,NaN
NaN,NaN,NaN,NaN
NaN,NaN,NaN,NaN
NaN,NaN,NaN,NaN
NaN,NaN,NaN,NaN
335.135956,110.717522,388.345123,155.797516
333.969971,98.702675,387.179138,143.782684
330.280518,80.598930,383.489685,125.678932
329.350494,73.764717,382.559662,118.844719
327.545044,66.463158,380.754211,111.543159
326.701691,65.460655,379.910858,110.540657
328.203186,70.105415,380.369049,114.301498
331.789795,91.367432,383.955658,135.563507
332.317871,91.871613,384.483734,136.067688
334.093018,113.783249,386.258881,157.979324
334.914490,123.255707,387.080353,167.451782
NaN,NaN,NaN,NaN
NaN,NaN,NaN,NaN
NaN,NaN,NaN,NaN
NaN,NaN,NaN,NaN
NaN,NaN,NaN,NaN
NaN,NaN,NaN,NaN
NaN,NaN,NaN,NaN
NaN,NaN,NaN,NaN
341.755035,118.646790,394.241455,163.114441
341.192688,108.869156,393.679108,153.336823
338.166992,88.462875,390.653412,132.930542
337.037140,79.868713,389.523560,124.336372
333.676910,63.622005,386.163330,108.089661
333.019684,58.952435,385.506104,103.420090
330.052307,52.772732,382.538727,97.240387
330.133972,52.964535,382.620392,97.432190
332.415710,60.194317,384.902130,104.661972
336.135071,75.526863,388.621490,119.994522
338.169098,86.622955,390.655518,131.090607
341.644135,112.938477,394.130554,157.406128
345.167908,140.448441,397.654327,184.916107
341.221802,116.046356,393.708221,160.514008
343.335724,114.537109,395.822144,159.004761
343.107697,115.323227,395.594116,159.790894
343.092712,115.325378,395.579132,159.793030
343.171783,115.074661,395.658203,159.542328
342.759216,114.710068,395.245636,159.177734
342.654785,115.296463,395.141205,159.764130
343.442688,114.973183,394.899963,158.568924
342.913849,115.160568,395.400269,159.628235
342.937195,114.882721,395.423615,159.350372
342.961334,114.367722,395.447754,158.835388
342.712830,115.177216,395.199249,159.644867
343.947266,115.941299,396.433685,160.408966
341.107697,93.947418,393.594116,138.415070
339.373291,84.303986,390.830566,127.899734
336.653473,70.139275,388.110748,113.735016
335.924957,66.618652,387.382233,110.214401
335.431854,64.496132,386.889130,108.091873
335.689087,66.868355,387.146362,110.464096
338.874939,78.116188,390.332214,121.711929
341.185211,86.203064,392.642487,129.798813
344.838257,106.965584,396.295532,150.561325
346.419586,119.516762,397.876862,163.112503
351.213593,118.854301,402.670868,162.450043
NaN,NaN,NaN,NaN
NaN,NaN,NaN,NaN
NaN,NaN,NaN,NaN
NaN,NaN,NaN,NaN
NaN,NaN,NaN,NaN
NaN,NaN,NaN,NaN
NaN,NaN,NaN,NaN
NaN,NaN,NaN,NaN
NaN,NaN,NaN,NaN
NaN,NaN,NaN,NaN
NaN,NaN,NaN,NaN
354.331665,129.989105,403.066803,171.278595
353.848694,119.338593,402.583832,160.628082
351.916229,99.732414,400.651367,141.021912
349.781494,82.686150,398.516632,123.975639
350.025665,81.069252,398.760803,122.358742
353.285431,85.182045,402.020569,126.471535
355.215302,90.386688,403.950439,131.676178
360.111725,106.763977,408.846863,148.053467
366.342590,129.510223,415.077728,170.799713
NaN,NaN,NaN,NaN
NaN,NaN,NaN,NaN
NaN,NaN,NaN,NaN
NaN,NaN,NaN,NaN
NaN,NaN,NaN,NaN
NaN,NaN,NaN,NaN
NaN,NaN,NaN,NaN
NaN,NaN,NaN,NaN
NaN,NaN,NaN,NaN
NaN,NaN,NaN,NaN
NaN,NaN,NaN,NaN
NaN,NaN,NaN,NaN
NaN,NaN,NaN,NaN
NaN,NaN,NaN,NaN
NaN,NaN,NaN,NaN
NaN,NaN,NaN,NaN
391.547424,136.858826,440.049500,177.950867
391.630554,127.398384,440.132629,168.490433
391.873901,115.240074,439.424988,155.526398
392.641632,106.976158,439.260315,146.472549
394.621429,108.668930,440.326050,147.390884
397.113190,115.977386,441.921631,153.940094
399.748413,128.380508,444.556854,166.343216
400.707703,134.939453,445.516144,172.902161
NaN,NaN,NaN,NaN
NaN,NaN,NaN,NaN
NaN,NaN,NaN,NaN
NaN,NaN,NaN,NaN
NaN,NaN,NaN,NaN
NaN,NaN,NaN,NaN
NaN,NaN,NaN,NaN
NaN,NaN,NaN,NaN
NaN,NaN,NaN,NaN
NaN,NaN,NaN,NaN
NaN,NaN,NaN,NaN
NaN,NaN,NaN,NaN
NaN,NaN,NaN,NaN
NaN,NaN,NaN,NaN
NaN,NaN,NaN,NaN
NaN,NaN,NaN,NaN
NaN,NaN,NaN,NaN
NaN,NaN,NaN,NaN
NaN,NaN,NaN,NaN
NaN,NaN,NaN,NaN
NaN,NaN,NaN,NaN
NaN,NaN,NaN,NaN
NaN,NaN,NaN,NaN
51.444313,201.384094,124.877800,263.598572
59.044960,201.840103,132.478455,264.054596
77.772148,207.661499,151.205627,269.875977
88.948769,211.740540,162.382263,273.955017
113.827477,222.966522,187.260956,285.181000
125.632332,226.893890,199.065826,289.108368
152.657349,233.942688,226.090836,296.157166
178.479095,238.304474,251.912582,300.518951
200.999756,238.080444,274.433228,300.294922
224.697998,232.680023,298.131470,294.894501
240.482452,220.851410,313.915955,283.065887
255.049133,204.853424,328.482605,267.067902
264.945129,184.692429,338.378601,246.906906
270.171082,174.560226,343.604553,236.774704
276.969513,153.360687,350.403015,215.575165
284.249176,115.688652,356.242798,176.683243
283.991760,114.950050,355.985382,175.944641
284.665588,87.897293,355.247559,147.695908
281.747803,74.590126,352.329773,134.388733
276.040131,70.946167,346.622101,130.744781
278.186188,77.552261,348.768158,137.350876
281.085175,92.678299,350.283203,151.304398
282.418884,113.108093,350.260071,170.584656
282.714142,140.262711,349.225098,196.612274
283.901825,155.454514,349.108643,210.699188
277.518799,184.587738,342.725647,239.832413
271.696075,199.661392,336.902893,254.906067
259.185272,226.803818,324.392090,282.048492
252.552475,239.310333,317.759308,294.555023
235.524643,262.262268,302.035614,318.611847
225.757126,268.964752,292.268097,325.314331
200.265076,281.958801,266.776062,338.308380
199.762314,281.157227,266.273285,337.506805
171.483398,276.511322,237.994370,332.860901
168.870697,276.030365,236.711884,333.506927
151.704117,257.291962,219.545303,314.768524
151.184235,256.662537,219.025421,314.139099
143.583466,239.694427,211.424652,297.170990
143.522659,239.593262,211.363846,297.069824
