43.000000,221.000000,122.000000,462.000000
46.484169,221.362854,125.484169,462.362854
56.056076,221.842499,135.056076,462.842499
58.629448,222.070862,137.629456,463.070862
67.553879,222.470993,145.004852,458.745483
71.169670,224.539062,147.102005,456.180725
81.929947,225.526917,156.373413,452.626587
81.407631,224.773376,155.851105,451.873047
86.634773,222.128479,162.567108,453.770142
82.755028,223.032990,158.687363,454.674683
NaN,NaN,NaN,NaN
NaN,NaN,NaN,NaN
NaN,NaN,NaN,NaN
NaN,NaN,NaN,NaN
125.419281,229.169006,196.809784,446.955200
127.781815,229.804993,199.172302,447.591187
136.001526,230.800507,207.392029,448.586731
137.978409,229.682510,210.796722,451.824432
146.891876,229.735794,219.710175,451.877716
151.790405,232.131256,223.180908,449.917480
159.310226,230.377228,230.700714,448.163452
160.337570,230.594177,231.728058,448.380371
164.769440,230.455841,236.159943,448.242065
167.268555,232.620773,237.259247,446.136658
170.977615,231.474258,240.968292,444.990143
174.296005,230.987625,244.286682,444.503510
178.610550,231.032272,248.601227,444.548157
179.789749,231.291885,249.780426,444.807770
182.921387,233.372284,251.539703,442.701599
182.862183,232.836029,251.480499,442.165344
184.267059,234.281342,252.885376,443.610657
185.595047,235.007690,254.213364,444.336975
187.596359,234.385834,256.214661,443.715149
188.928238,233.135193,257.546570,442.464478
189.325790,232.992004,257.944092,442.321289
189.956390,231.966080,259.947083,445.481964
191.212524,231.471329,261.203217,444.987213
192.067703,230.713028,262.058380,444.228912
193.698059,232.164398,262.316376,441.493713
194.987442,234.594482,262.260315,439.819275
198.644852,233.834137,265.917725,439.058960
200.628662,234.615265,267.901520,439.840088
207.038254,232.497375,275.656555,441.826660
209.955246,231.833740,278.573547,441.163025
212.338379,231.578827,280.956696,440.908142
213.727539,230.873840,282.345856,440.203125
218.126144,234.942261,286.744446,444.271545
216.947861,232.063644,286.938538,445.579529
222.439407,235.944641,291.057739,445.273926
206.551682,232.762390,275.169983,442.091675
NaN,NaN,NaN,NaN
NaN,NaN,NaN,NaN
NaN,NaN,NaN,NaN
NaN,NaN,NaN,NaN
NaN,NaN,NaN,NaN
NaN,NaN,NaN,NaN
NaN,NaN,NaN,NaN
NaN,NaN,NaN,NaN
NaN,NaN,NaN,NaN
NaN,NaN,NaN,NaN
NaN,NaN,NaN,NaN
NaN,NaN,NaN,NaN
NaN,NaN,NaN,NaN
NaN,NaN,NaN,NaN
NaN,NaN,NaN,NaN
NaN,NaN,NaN,NaN
NaN,NaN,NaN,NaN
NaN,NaN,NaN,NaN
NaN,NaN,NaN,NaN
NaN,NaN,NaN,NaN
233.338074,240.227814,292.662842,421.205933
234.110596,241.898010,293.435364,422.876099
236.743042,242.318481,296.067810,423.296570
238.119919,244.078430,296.281464,421.507935
240.237381,243.441956,298.398926,420.871460
241.707260,242.246338,299.868805,419.675842
242.795319,241.187469,302.120087,422.165588
243.124176,241.141235,302.448944,422.119324
243.421051,241.407715,302.745819,422.385803
243.806702,241.685699,303.131470,422.663818
244.799286,240.358185,304.124054,421.336304
245.581894,242.353973,303.743439,419.783478
247.830032,241.760925,305.991577,419.190430
249.665359,242.997009,307.826904,420.426514
250.857376,243.264771,309.018921,420.694275
252.193924,243.526398,310.355469,420.955902
253.206100,243.495697,311.367645,420.925201
255.212585,245.435242,312.233704,419.385742
258.522186,245.681396,315.543304,419.631897
259.858795,245.887238,316.879913,419.837738
265.123901,246.634308,322.145020,420.584808
267.971130,246.850159,324.992249,420.800659
273.225922,246.262573,330.247040,420.213074
275.384460,244.877106,332.405579,418.827606
279.900726,244.865723,336.921844,418.816223
281.675720,244.821930,338.696838,418.772430
285.463623,244.910889,342.484741,418.861389
288.020294,245.170319,345.041412,419.120819
290.494476,244.301208,347.515594,418.251709
292.319611,243.693878,349.340729,417.644379
295.293701,243.784027,352.314819,417.734528
297.075562,245.779495,352.978607,416.319214
299.065338,245.186722,354.968384,415.726440
300.021942,245.287552,355.924988,415.827271
305.861847,246.097916,361.764893,416.637634
306.477173,245.158890,362.380219,415.698608
308.250122,245.421646,364.153168,415.961365
312.246307,246.703140,368.149353,417.242859
314.509766,246.785995,370.412811,417.325684
319.175446,247.607025,373.982361,414.802795
321.047119,246.203705,375.854034,413.399475
325.319183,248.656754,379.051453,412.574188
326.192749,248.805435,379.925018,412.722870
329.434540,249.343643,383.166809,413.261078
330.706329,248.975082,384.438599,412.892517
333.251831,249.690170,386.984100,413.607605
334.836426,249.884811,388.568695,413.802246
337.575287,250.685898,391.307556,414.603333
339.873901,249.789459,394.680817,416.985229
346.093170,249.968262,400.900085,417.164062
350.603210,249.957520,405.410126,417.153320
357.522217,250.241577,412.329132,417.437378
361.719757,250.845154,416.526672,418.040955
368.511200,251.449509,422.243469,415.366943
371.474182,250.846786,425.206451,414.764221
378.704681,250.704117,432.436951,414.621552
381.229187,249.973709,434.961456,413.891144
386.520630,250.266464,440.252899,414.183899
389.507965,249.053299,443.240234,412.970734
396.408875,250.965942,449.087585,411.669312
399.311737,250.987457,451.990448,411.690826
403.746155,251.327850,456.424866,412.031219
407.863464,251.875275,460.542175,412.578644
410.447449,253.673050,462.093231,411.225372
416.645447,254.088089,468.291229,411.640411
421.802185,255.359039,472.435303,409.822083
423.968597,254.318604,474.601715,408.781677
429.352448,253.790588,479.985565,408.253662
431.721863,251.391312,483.367645,408.943634
436.269867,250.929977,487.915649,408.482300
438.038177,250.363968,489.683960,407.916290
444.272705,250.194138,495.918488,407.746460
445.804840,250.318802,497.450623,407.871124
451.298492,250.813126,502.944275,408.365448
453.383606,251.162094,505.029388,408.714417
459.752747,252.469437,511.398529,410.021759
462.986816,252.325455,514.632568,409.877777
471.226532,252.546494,522.872314,410.098816
474.247925,252.131149,525.893677,409.683472
477.626373,252.019180,529.272156,409.571503
484.855072,252.296402,536.500854,409.848724
488.062531,251.087326,539.708313,408.639648
493.663666,251.843704,545.309448,409.396027
498.091644,253.183319,548.724792,407.646362
502.708954,252.606293,553.342102,407.069336
506.488068,253.264771,557.121216,407.727844
509.602081,252.521515,560.235229,406.984558
515.055847,253.424835,565.688965,407.887878
516.319641,253.010651,566.952759,407.473694
522.640808,253.205017,573.273926,407.668091
525.789795,252.530426,576.422913,406.993469
532.298035,252.568390,582.931152,407.031433
534.685608,251.755554,585.318726,406.218628
539.903198,251.612457,590.536316,406.075500
541.827454,250.490784,592.460571,404.953857
546.238831,250.099915,596.871948,404.562988
548.952209,248.951630,599.585327,403.414673
554.282593,249.960083,604.915710,404.423157
556.863586,250.477142,607.496704,404.940186
563.424133,252.505280,614.057251,406.968323
567.700562,254.126556,618.333679,408.589600
574.761292,253.518860,625.394409,407.981934
578.925781,254.547058,629.558899,409.010132
586.791687,252.162628,637.424805,406.625671
590.686584,252.539551,641.319702,407.002625
597.220032,251.565491,647.853149,406.028564
600.244751,250.905365,650.877869,405.368408
NaN,NaN,NaN,NaN
465.698883,236.130295,546.622192,482.997498
456.402100,226.870041,537.325378,473.737244
460.362305,226.492142,541.285583,473.359344
463.954681,224.656876,544.877930,471.524078
464.639771,225.952438,545.563049,472.819641
460.503754,219.924118,541.427002,466.791321
461.774200,215.304016,544.315918,467.108582
463.181091,212.216797,547.373657,469.057434
464.704529,210.583588,548.897095,467.424225
466.858337,210.835052,551.050903,467.675690
468.953491,208.617737,553.146057,465.458374
