1
1.0158
1.0559
1.0817
1.1428
1.2543
1.4861
1.463
1.637
1.4657
1.5647
1.6657
1.7398
1.709
1.6723
1.5057
1.5358
1.5559
1.5967
1.6639
1.7072
1.6834
1.6776
1.7459
1.7987
1.8415
1.8645
1.8599
1.8691
1.8786
1.882
1.9059
1.94
1.3616
1.3636
1.0039
1.021
1.0375
1.0934
1.1025
1.239
1.248
1.2514
1.3562
1.354
1.4285
1.4102
1.3948
1.3598
1.5525
1.5348
1.8266
1.9709
1.626
1.9355
1.9525
1.6227
1.7569
1.8005
1.8014
1.8187
1.8333
1.843
1.8724
1.8799
1.8763
1.8769
1.8921
1.9052
1.8888
1.8556
1.8444
1.8095
1.7766
1.7348
1.7045
1.6903
1.7152
1.8362
1.9736
2.0838
2.1552
2.2555
2.328
2.4223
2.5193
2.7106
2.9739
3.1599
3.1185
2.9688
2.8617
3.2529
3.8721
4.6449
3.2937
1000
1000
1000
1000
1000
1000
1000
1000
1000
1000
1000
1000
1000
1000
1000
1000
1000
1000
1000
1000
1000
1000
1000
1000
1000
1000
1000
1000
1000
1000
1000
1000
1000
1000
1000
1000
1000
1000
1000
1000
1000
1000
1000
1000
1000
1000
1000
1000
1000
1000
1000
1000
1000
1000
1000
1000
1000
1000
1000
1000
1000
1000
1000
1000
1000
1000
1000
1000
1000
1000
1000
1000
1000
1000
1000
1000
1000
1000
1000
1000
1000
1000
1000
1000
1000
1000
1000
1000
1000
1000
1000
1000
1000
1000
1000
1000
1000
1000
1000
1000
1000
1000
1000
1000
1000
1000
1000
1000
1000
1000
1000
1000
1.9237
1.9138
1.8739
1.9476
1.9435
1.9385
1.946
1.9635
2.0334
2.0756
2.0947
2.1573
2.1477
2.1875
2.2636
2.2817
2.2911
2.3465
2.3681
2.3674
2.3772
2.3635
2.354
2.3527
2.3573
2.3624
2.3592
2.3697
2.4186
2.4274
2.4242
2.4266
2.4256
2.4286
2.4349
2.4432
2.4285
2.3728
2.3775
2.4466
2.3767
2.3732
2.3779
2.3776
2.3826
2.3794
2.3775
2.3792
2.3822
2.3853
2.3757
2.3893
2.3826
2.3777
2.3932
2.3802
2.3941
2.3857
2.3985
2.3871
2.3831
2.388
2.394
2.3918
2.379
2.3865
2.4523
2.3837
2.3816
2.3897
2.3866
2.4545
2.4395
2.444
2.4434
2.4478
2.4422
2.4361
2.3822
2.3834
2.4483
2.445
2.4335
2.4462
2.4448
2.4348
2.4401
2.4434
2.4389
2.4363
2.4441
2.4468
2.4365
2.4409
2.4304
2.4406
2.452
2.443
2.4388
2.4476
2.4403
2.44
2.4327
2.4428
2.444
2.4504
2.4495
2.4451
2.4481
2.441
2.4399
2.4411
2.4457
2.4224
2.4315
2.4283
2.4324
2.4289
2.4195
2.4265
2.4246
2.4268
2.4386
2.4381
2.4273
2.4329
2.4242
2.4248
2.4203
2.4218
2.4106
2.4175
2.4128
2.3415
2.2143
2.0828
2.065
2.0794
2.0844
2.0981
2.1145
2.1095
2.0387
1.9564
1.9383
1.9228
1.9621
1.9813
1.9193
2.0177
2.0836
2.1266
2.1431
2.2163
2.2658
2.2543
2.2542
2.2822
2.3076
2.3089
2.3394
2.3402
2.3353
2.3296
2.3262
2.3223
2.3225
2.3143
2.3149
2.3195
2.3162
2.3206
2.3182
2.3182
2.3243
2.3277
2.3256
2.3319
2.3359
2.3357
2.3436
2.3446
2.3434
2.3565
2.3637
2.3676
2.3793
2.3827
2.3906
2.3894
2.4012
2.4036
2.4049
2.4141
2.4145
2.4189
2.4319
2.4327
2.4254
2.4173
1.9574
1.9605
1.954
1.9567
1.9623
1.9647
1.9652
1.9982
2.0163
2.0229
2.0338
2.0314
1.9994
1.9643
1.9597
1.9589
1.9908
2.0302
2.0563
2.0897
2.097
2.1306
2.1295
2.0938
2.0535
2.0387
2.0904
2.1584
2.236
2.2978
2.3427
2.3653
2.3837
2.3753
2.3148
2.213
2.2647
2.2967
2.2821
2.2585
2.2653
2.2868
2.3126
2.3222
2.3075
2.2854
2.2602
2.2001
2.0925
2.0125
2.0595
2.0933
2.1156
2.0989
2.0609
2.0284
2.0009
1.9916
1.9842
1.9786
1.9693
1.9628
2.0096
2.0508
2.0622
2.0435
2.0152
1.9775
1.9512
1.9539
1.9556
1.9653
1.9706
1.9686
1.9611
1.9471
1.9364
1.9422
1.948
1.9497
1.9531
1.9589
1.9669
1.9797
2.0098
2.0604
2.1211
2.1865
2.2363
2.2553
2.3069
2.3435
2.3725
2.4158
2.4276
2.4107
2.3866
2.3797
2.3824
2.3886
2.4083
2.437
2.4661
2.5142
2.5954
2.6716
2.7129
2.7302
2.7306
2.7132
2.6771
2.6599
2.6257
2.5758
2.5566
2.5532
2.5124
2.4636
2.4003
2.3954
2.4062
2.4006
2.4051
2.4004
2.3881
2.3948
2.3993
2.4054
2.4112
2.4041
2.4052
2.3984
2.4015
2.4071
2.4251
2.4386
2.4628
2.5279
2.5874
2.6159
2.6342
2.6366
2.6485
2.656
2.6695
2.6789
2.6759
2.6586
2.6391
2.594
2.5531
1.5242
1.4857
1.62
1.7582
1.9381
2.1042
2.2491
2.2519
2.3025
2.2485
2.2274
2.1793
2.1353
2.0318
1.9349
1.8662
1.7974
1.7085
1.679
1.6529
1.6342
1.5886
1.5892
1.6057
1.5891
1.6507
1.7417
1.7683
1.9686
2.0286
2.2105
2.2986
2.3003
2.2842
2.2435
2.2128
2.1953
2.0881
1.9418
1.7975
1.6738
1.5598
1.5038
1.4719
1.5082
1.6033
1.5742
1.605
1.6812
1.7487
1.8277
1.8885
2.0338
2.2201
2.3172
2.2953
2.3405
2.3408
2.3076
2.2326
2.1441
2.0721
2.0713
2.0311
1.9853
1.924
1.8743
1.8562
1.808
1.6573
1.6659
1.7035
1.7259
1.7579
1.7778
1.7685
2.3144
3.0223
3.1038
3.0369
3.165
3.4203
3.4456
1000
1000
1000
1000
1000
1000
1000
1000
1000
1000
1000
1000
1000
1000
1000
1000
1000
1000
1000
1000
1000
1000
1000
1000
1000
1000
1000
1000
1000
1000
1000
1000
1000
1000
1000
1000
1000
1000
1000
1000
1000
1000
1000
1000
1000
1000
1000
1000
1000
1000
1000
1000
1000
1000
1000
1000
1000
1000
1000
1000
1000
1000
1000
1000
1000
1000
1000
1000
1000
1000
1000
1000
1000
1000
1000
1000
1000
1000
1000
1000
1000
1000
1000
1000
1000
1000
1000
1000
1000
1000
1000
1000
1000
1000
1000
1000
1000
1000
1000
1000
1000
1000
1000
1000
1000
1000
1000
1000
1000
1000
1000
1000
1000
1000
1000
1000
1000
1000
1000
1000
1000
1000
1000
1000
1000
1000
1000
1000
1000
1000
1000
1000
1000
1000
1000
1000
1000
1000
1000
1000
1000
1000
1000
1000
1000
1000
1000
1000
1000
1000
1000
1000
1000
1000
1000
1000
1000
1000
1000
1000
1000
1000
1000
1000
1000
1000
1000
1000
1000
1000
1000
1000
1000
1000
1000
1000
1000
1000
1000
1000
1000
1000
1000
1000
1000
1000
1000
1000
1000
1000
1000
1000
1000
1000
1000
1000
1000
1000
1000
1000
1000
1000
1000
1000
1000
1000
1000
1000
1000
1000
1000
1.7076
1.7611
1.7908
1.8636
1.7815
1.7699
1.7643
1.7501
1.7501
1.7512
1.7222
1.7021
1.6681
1.6711
1.6731
1.6805
1.6519
1.635
1.6051
1.6207
1.5963
1.6394
1.6161
1.6181
1.6179
1.6357
1.6535
1.6726
1.696
1.7061
1.702
1.7099
1.7258
1.7099
1.7073
1.6609
1.648
1.6346
1.6786
1.6715
1.6469
1.684
1.698
1.7426
1.743
1.7051
1.6665
1.6931
1.681
1.7102
1.7794
1.8382
1.864
1.8809
1.8895
1.9007
1.8851
1.8689
1.8691
1.8849
1.8895
1.8915
1.918
1.9261
1.9673
1.9772
2.0075
2.0278
1.9459
1.9175
2.0231
2.0595
2.0464
2.044
2.0638
2.0337
2.1475
2.201
2.1422
2.1617
2.1151
2.0555
2.0318
1.9454
1.923
1.9449
2.0067
2.0652
2.0489
2.0452
2.0801
2.1924
2.3727
2.4419
2.4967
2.5773
2.55
2.7253
2.8396
2.9131
2.8914
2.8654
2.8624
2.8527
2.808
2.5019
2.472
2.4108
2.3474
2.1927
2.1799
2.1867
2.1933
2.2043
2.229
2.2983
2.298
2.3045
2.2131
2.2057
2.2105
2.2445
2.2213
2.2218
2.2018
2.2089
2.2129
2.218
2.2258
2.2106
2.2032
2.212
2.1929
2.1919
2.1855
2.2317
2.3707
2.3893
2.4589
2.4075
2.3791
2.3639
2.3698
2.4139
2.4679
2.5173
2.5794
2.6192
2.5683
2.5505
2.5752
2.5796
2.5494
2.5589
2.5457
2.5607
2.6024
2.5825
2.5725
2.5746
2.5731
2.5702
2.5902
2.609
2.6515
2.7284
2.7233
2.6481
2.5438
2.4665
1000
1000
1000
1000
1000
1000
1000
1000
1000
1000
1000
1000
1000
1000
1000
1000
1000
2.1642
2.2907
2.3044
2.2784
2.2287
2.2264
2.2105
2.181
2.1787
2.2133
2.2091
2.1918
2.2098
2.2424
2.3726
2.5025
2.5337
2.5339
2.5172
2.6459
2.5206
2.6512
2.6468
2.6537
2.6334
2.6366
2.6227
2.6277
2.6293
2.5788
2.5943
2.6077
2.6257
2.6035
2.5834
2.6142
2.6106
2.6134
2.6282
2.6257
2.6285
2.6431
2.636
2.6299
2.7391
2.7513
2.7704
2.7711
2.7499
2.7628
2.7517
2.7786
2.7696
2.779
2.7629
2.7569
2.7509
2.7735
2.7522
2.7219
2.7322
2.6937
2.6877
2.6726
2.6448
2.6296
2.6235
2.5944
2.5879
2.5338
2.5646
2.5768
2.5708
2.5691
2.5622
2.5598
2.539
2.5832
2.5612
2.3724
2.2517
2.2193
2.2104
2.1857
2.1535
2.1319
2.1525
2.1797
2.2015
2.1879
2.1535
2.1062
2.1611
2.355
2.1595
2.0482
1000
1000
1000
1000
1000
1000
1000
1000
1000
1000
1000
1000
1000
1000
1000
1000
1000
1000
1000
1000
1000
1000
1000
1000
1000
1000
1000
1000
1000
1000
1000
1000
1000
1000
1000
1000
1000
1000
1000
1000
1000
1000
1000
1000
1000
1000
1000
1000
1000
1000
1000
1000
1000
1000
1000
1000
1000
1000
1000
1000
1000
1000
1000
1000
1000
1000
1000
1000
1000
1000
1000
1000
1000
1000
1000
1000
1000
1000
1000
1000
1000
1000
1000
1000
1000
1000
1000
1000
1000
1000
1000
1000
1000
1000
1000
1000
1000
1000
1000
1000
1000
1000
1000
1000
1000
1000
1000
1000
1000
1000
1000
1000
1000
1000
1000
1000
1000
1000
1000
1000
1000
1000
1000
1000
1000
1000
1000
1000
1000
1000
1000
1000
1000
1000
1000
1000
1000
1000
1000
1000
1000
1000
1000
1000
1000
1000
1000
1000
1000
1000
1000
1000
1000
1000
1000
1000
1000
1000
1000
1000
1000
1000
1000
1000
1000
1000
1000
1000
1000
1000
1000
1000
1000
1000
1000
1000
1000
1000
1000
1000
1000
1000
1000
1000
1000
1000
1000
1000
1000
1000
1000
1000
1000
1000
1000
1000
1000
1000
1000
1000
1000
1000
1000
1000
1000
1000
1000
1000
1000
1000
1000
1000
1000
1000
1000
1000
1000
1000
1000
1000
1000
1000
1000
1000
