96.000000,128.400000,247.666667,131.400000
96.962357,118.375397,248.000000,131.000000
98.430038,109.739746,248.000000,131.000000
98.384109,101.790558,248.000000,131.000000
98.979858,95.470886,248.000000,131.000000
103.410851,93.598999,243.137253,128.431366
108.003944,90.449921,238.369858,125.913109
107.502922,88.262009,238.369858,125.913109
113.134178,88.569878,229.113663,121.023750
116.827347,88.778221,224.621246,118.650734
116.066605,88.608696,224.621246,118.650734
113.663376,89.254066,224.621246,118.650734
112.718613,89.497292,224.621246,118.650734
111.353767,91.006256,220.216904,116.324249
114.503647,94.346855,211.665619,111.807236
111.221085,96.602440,211.665619,111.807236
107.324562,99.537468,207.515305,109.614937
107.718819,102.954895,199.457230,105.358459
101.347511,106.013367,199.457230,105.358459
93.253151,106.239540,207.515305,109.614937
85.291687,105.137901,215.898926,114.043381
76.907822,106.135841,224.621246,118.650734
68.093513,106.536461,233.695938,123.444229
60.979973,106.598083,243.137253,128.431366
53.860931,107.667633,248.000000,131.000000
50.134838,107.180557,252.960007,133.619995
49.516460,108.030258,252.960007,133.619995
46.262829,106.447166,258.019196,136.292404
42.716606,105.085724,263.179596,139.018250
43.654472,104.941971,263.179596,139.018250
47.629696,105.576500,258.019196,136.292404
50.790936,104.999702,258.019196,136.292404
56.781628,105.110504,252.960007,133.619995
58.735546,105.493774,252.960007,133.619995
60.829784,103.517036,258.019196,136.292404
65.192215,103.192574,258.019196,136.292404
67.277756,102.028267,258.019196,136.292404
70.020996,102.529823,258.019196,136.292404
72.949890,103.374519,258.019196,136.292404
78.913231,106.544006,252.960007,133.619995
84.494278,108.012924,248.000000,131.000000
90.240898,108.774689,243.137253,128.431366
100.539299,111.598198,233.695938,123.444229
106.592201,113.067970,229.113663,121.023750
119.865150,116.613464,220.216904,116.324249
132.338928,118.848778,211.665619,111.807236
148.923553,123.955017,199.457230,105.358459
140.743332,102.690132,187.953003,99.281631
140.997665,102.185890,187.953003,99.281631
158.020142,98.346046,187.953003,99.281631
171.196182,106.168694,180.654556,95.426399
184.486542,113.466629,177.112320,93.555298
188.312805,114.094246,173.639526,91.720879
197.798111,125.392944,170.234833,89.922432
148.930969,144.106506,177.112320,93.555298
148.326111,145.767456,177.112320,93.555298
150.014359,144.135437,173.639526,91.720879
149.696976,146.328339,173.639526,91.720879
123.908195,142.722809,183.919083,97.150803
131.431885,142.015854,183.919083,97.150803
128.828934,142.044601,187.597458,99.093819
129.381714,143.412628,187.597458,99.093819
132.130402,146.087341,183.919083,97.150803
131.895538,147.691895,183.919083,97.150803
129.203171,147.514038,191.349411,101.075699
124.954468,145.475174,203.061523,107.262337
122.011665,145.543701,211.265213,111.595734
118.147476,144.601105,219.800323,116.104202
115.120750,144.200333,224.196335,118.426292
114.171852,144.252426,228.680252,120.794815
116.601311,144.926483,228.680252,120.794815
115.808342,144.601166,233.253860,123.210709
117.786064,145.844070,233.253860,123.210709
116.653397,145.489212,237.918945,125.674927
118.495377,146.297226,237.918945,125.674927
119.808395,147.424255,237.918945,125.674927
121.527649,148.274155,237.918945,125.674927
121.358070,147.709366,242.677322,128.188431
120.349281,148.426559,242.677322,128.188431
122.376534,148.605453,242.677322,128.188431
121.156334,147.962631,247.530869,130.752197
117.785576,146.696396,252.481491,133.367233
114.195030,146.840729,252.481491,133.367233
116.910866,148.074554,247.530869,130.752197
116.805183,148.920532,242.677322,128.188431
121.253395,151.023026,233.253860,123.210709
122.691048,153.140289,228.680252,120.794815
124.374191,156.606293,219.800323,116.104202
128.746994,160.092590,211.265213,111.595734
110.518562,161.302368,207.122757,109.407585
106.533852,163.101059,211.265213,111.595734
106.231331,165.500656,211.265213,111.595734
103.381989,167.773605,215.490509,113.827652
97.669312,172.255646,215.490509,113.827652
88.429153,169.062775,219.800323,116.104202
90.877815,167.950027,228.680252,120.794815
94.558403,167.535034,228.680252,120.794815
99.328423,167.093628,228.680252,120.794815
101.880440,168.273056,224.196335,118.426292
90.861450,168.984695,219.800323,116.104202
91.992828,164.697876,219.800323,116.104202
92.757401,164.662048,219.800323,116.104202
93.489853,164.268982,219.800323,116.104202
93.110153,163.436279,219.800323,116.104202
90.706665,163.596970,219.800323,116.104202
94.974930,165.479736,215.490509,113.827652
99.846237,165.735046,215.490509,113.827652
104.140900,166.451691,215.490509,113.827652
106.399338,167.360901,215.490509,113.827652
105.989502,167.270111,219.800323,116.104202
109.819565,169.024734,219.800323,116.104202
110.685928,170.391006,219.800323,116.104202
112.266418,172.779663,219.800323,116.104202
113.528442,174.593796,219.800323,116.104202
114.050507,175.513306,219.800323,116.104202
116.112030,176.491714,219.800323,116.104202
114.629707,175.310272,224.196335,118.426292
116.087624,176.073990,224.196335,118.426292
118.049034,177.138550,224.196335,118.426292
120.366661,178.407089,224.196335,118.426292
122.375237,180.766327,224.196335,118.426292
124.458565,182.956177,224.196335,118.426292
125.750359,184.561951,224.196335,118.426292
129.273010,187.624496,224.196335,118.426292
131.689835,190.158478,224.196335,118.426292
136.187027,192.909760,224.196335,118.426292
139.012375,195.629547,224.196335,118.426292
143.072021,197.665573,224.196335,118.426292
153.562454,200.464828,219.800323,116.104202
155.237961,200.998734,219.800323,116.104202
154.950485,201.822342,219.800323,116.104202
156.132553,204.164261,219.800323,116.104202
156.570938,203.985336,219.800323,116.104202
160.503433,205.024170,215.490509,113.827652
130.794937,178.266418,167.164230,88.300461
137.915024,176.685196,167.164230,88.300461
143.204498,174.795563,170.507507,90.066467
151.140274,174.749420,167.164230,88.300461
155.797516,173.451691,167.164230,88.300461
161.514618,172.306686,167.164230,88.300461
170.269608,171.802933,163.886505,86.569077
177.631134,170.292511,160.673035,84.871643
155.767120,112.890068,182.492706,96.397354
154.828812,114.099213,181.994537,96.134216
154.717712,113.436409,181.581482,95.916023
117.606873,213.205994,183.413116,96.883537
117.227936,213.867203,187.540558,99.063759
123.032120,215.784470,190.578369,100.668411
122.312805,215.882889,190.578369,100.668411
123.400345,216.087570,190.578369,100.668411
123.282623,216.529007,190.578369,100.668411
119.338951,215.518723,194.389938,102.681786
117.217690,215.437790,194.389938,102.681786
115.207886,214.317322,198.277740,104.735420
114.785858,213.559174,198.277740,104.735420
112.942841,214.234558,198.277740,104.735420
112.687744,214.245117,198.277740,104.735420
112.954605,214.219421,198.277740,104.735420
110.495560,214.883850,202.243286,106.830124
107.443779,213.995209,206.288162,108.966728
106.893303,214.493683,206.288162,108.966728
106.499748,214.934814,206.288162,108.966728
106.170738,215.081909,206.288162,108.966728
105.733452,216.029419,206.288162,108.966728
105.529381,217.508270,206.288162,108.966728
106.588219,219.102997,206.288162,108.966728
106.299858,220.267212,206.288162,108.966728
106.986015,221.074524,206.288162,108.966728
110.054291,223.331909,202.243286,106.830124
109.505722,224.408478,202.243286,106.830124
111.129852,224.874268,202.243286,106.830124
112.816025,224.550568,202.243286,106.830124
114.696136,225.122833,202.243286,106.830124
117.740860,224.800293,198.277740,104.735420
118.313354,222.677307,198.277740,104.735420
119.395874,221.403503,198.277740,104.735420
120.906738,220.291962,198.277740,104.735420
121.418137,218.415924,198.277740,104.735420
124.709488,216.725922,198.277740,104.735420
123.981598,212.739075,202.243286,106.830124
124.011345,207.783691,206.288162,108.966728
123.358498,202.534576,210.413925,111.146065
122.594452,195.249222,214.622192,113.368980
121.976715,190.285034,218.914642,115.636360
119.489212,181.546967,223.292938,117.949089
120.973328,176.960327,223.292938,117.949089
122.759369,170.806183,223.292938,117.949089
120.729996,163.760483,223.292938,117.949089
118.795792,153.989670,223.292938,117.949089
123.127960,150.319244,218.914642,115.636360
120.738602,142.702026,223.292938,117.949089
116.051117,137.874100,227.758789,120.308075
116.507492,133.021500,227.758789,120.308075
115.230194,130.714569,227.758789,120.308075
115.079742,127.608841,227.758789,120.308075
112.391678,123.438339,232.313965,122.714233
112.493286,120.817368,232.313965,122.714233
106.818504,115.649475,236.960251,125.168518
107.943687,113.311829,236.960251,125.168518
106.610390,111.464615,236.960251,125.168518
108.350487,109.051208,236.960251,125.168518
109.327568,107.908585,236.960251,125.168518
141.353455,122.060455,172.127365,90.922119
142.926300,121.504089,172.647385,91.196808
148.397461,124.030952,177.551712,93.787392
148.825516,124.782867,177.472931,93.745789
136.909531,122.526207,178.502457,94.289604
147.344009,124.820549,178.502457,94.289604
66.790359,269.341766,176.767120,93.372955
138.580521,123.198273,183.497253,96.927979
138.607681,122.696297,183.581467,96.972466
136.955200,122.742439,183.581467,96.972466
139.509033,123.319183,183.413116,96.883537
76.480614,278.065735,176.222031,93.085022
142.946503,123.841309,176.767120,93.372955
142.370636,125.912529,177.001770,93.496902
145.816879,126.220245,177.709457,93.870728
142.890167,127.083511,177.788437,93.912445
68.180176,268.902954,177.630554,93.829041
150.964554,163.736252,184.173111,97.284988
152.257599,163.241501,184.173111,97.284988
149.424744,162.099945,183.919083,97.150803
74.019722,273.678497,175.141861,92.514450
152.548431,160.918976,183.329056,96.839142
151.588959,159.931671,183.245071,96.794777
152.465424,154.484344,183.413116,96.883537
171.853485,150.931091,182.993591,96.661942
172.059967,146.910599,182.659363,96.485390
161.176056,138.430588,182.077377,96.177971
170.561783,139.360275,181.746475,96.003181
169.121277,135.181839,181.581482,95.916023
155.698685,129.424011,181.252380,95.742188
161.339630,126.076759,181.088272,95.655502
175.166397,122.520775,181.416779,95.829025
174.790848,116.359215,179.382965,94.754707
71.806503,275.741058,174.835663,92.352707
77.627167,281.112488,174.759277,92.312363
71.190125,277.919800,174.606720,92.231773
141.802338,133.145248,180.924469,95.568970
152.448318,131.283722,182.160294,96.221764
142.617538,128.716415,183.161179,96.750458
149.275452,126.044952,183.161179,96.750458
140.829651,122.876862,182.909927,96.617744
139.943512,120.896347,183.329056,96.839142
146.940948,119.274185,183.329056,96.839142
139.527573,117.759262,183.077347,96.706177
137.561768,114.838692,182.492706,96.397354
141.834976,113.475952,183.077347,96.706177
143.405670,112.546539,182.659363,96.485390
143.241791,110.390366,183.497253,96.927979
141.457565,111.632568,183.497253,96.927979
140.830505,113.244720,182.909927,96.617744
138.232452,114.515907,181.911774,96.090492
136.702332,116.308144,181.911774,96.090492
134.068756,116.916832,181.911774,96.090492
133.633575,118.800117,181.911774,96.090492
129.579956,119.602180,181.911774,96.090492
130.395157,120.064934,181.911774,96.090492
127.839981,119.639061,181.911774,96.090492
127.686676,120.429604,181.911774,96.090492
126.201614,120.888130,181.911774,96.090492
126.274902,122.355553,181.911774,96.090492
125.518524,122.804970,181.911774,96.090492
126.115860,123.068230,181.911774,96.090492
124.084869,121.387733,181.911774,96.090492
124.527008,120.708946,181.911774,96.090492
123.471924,120.522896,181.911774,96.090492
126.288895,121.365181,178.344879,94.206367
125.704514,120.823418,178.344879,94.206367
126.486694,121.315376,178.344879,94.206367
124.674667,121.010658,178.344879,94.206367
125.652740,121.840874,178.344879,94.206367
124.740189,123.835976,178.344879,94.206367
122.888351,126.525139,178.344879,94.206367
119.361450,128.201630,178.344879,94.206367
121.373230,132.219910,178.344879,94.206367
122.020279,135.052628,178.344879,94.206367
123.398605,138.992249,178.344879,94.206367
124.803802,142.705780,178.344879,94.206367
124.046875,144.912430,178.344879,94.206367
123.205627,146.664780,178.344879,94.206367
124.189995,149.981506,174.847916,92.359184
122.155388,150.052811,174.847916,92.359184
122.963257,151.334076,171.419525,90.548218
120.970291,151.356262,171.419525,90.548218
119.116531,151.397141,171.419525,90.548218
117.749374,151.180725,171.419525,90.548218
115.163223,150.534302,171.419525,90.548218
115.060165,151.389221,171.419525,90.548218
115.367699,152.650345,168.058365,88.772766
113.871483,153.178757,168.058365,88.772766
101.725288,160.452682,168.058365,88.772766
107.124397,158.317642,168.058365,88.772766
109.642647,160.737457,168.058365,88.772766
107.642570,159.967529,168.058365,88.772766
111.032066,162.775192,164.763107,87.032120
109.009605,161.575684,164.763107,87.032120
110.093361,162.448013,164.763107,87.032120
111.055519,163.144119,164.763107,87.032120
110.932991,162.587128,164.763107,87.032120
112.661720,162.830704,164.763107,87.032120
114.038933,163.208939,164.763107,87.032120
116.516289,164.041122,164.763107,87.032120
117.781532,163.183075,164.763107,87.032120
118.997688,161.899292,164.763107,87.032120
218.006332,142.172287,164.763107,87.032120
227.445938,135.052643,164.763107,87.032120
219.513748,132.495560,164.763107,87.032120
225.776993,122.652550,164.763107,87.032120
217.804672,120.986046,164.763107,87.032120
212.104614,115.627151,168.058365,88.772766
209.156540,111.893661,171.419525,90.548218
209.196793,110.104752,171.419525,90.548218
210.555862,108.781586,171.419525,90.548218
213.279770,107.731476,171.419525,90.548218
219.071457,106.253998,171.419525,90.548218
223.017410,106.927109,171.419525,90.548218
225.623611,106.746155,171.419525,90.548218
226.111221,106.336670,171.419525,90.548218
228.955856,106.540802,171.419525,90.548218
230.028244,105.814636,171.419525,90.548218
232.110367,105.035721,171.419525,90.548218
231.830154,104.319077,171.419525,90.548218
231.707565,104.249771,171.419525,90.548218
231.086075,103.634460,171.419525,90.548218
231.330276,102.832474,171.419525,90.548218
229.070602,101.005814,171.419525,90.548218
228.160538,100.528778,171.419525,90.548218
226.593887,99.567673,171.419525,90.548218
219.904160,98.852997,171.419525,90.548218
215.191238,95.686508,171.419525,90.548218
215.694214,96.096283,168.058365,88.772766
211.227570,95.455444,168.058365,88.772766
208.412903,94.839020,168.058365,88.772766
182.434784,173.341568,168.058365,88.772766
182.623993,172.971329,168.058365,88.772766
178.471329,170.778534,171.419525,90.548218
174.484573,169.197388,174.847916,92.359184
174.215927,168.717590,174.847916,92.359184
170.786728,167.677582,178.344879,94.206367
166.717178,166.302429,181.911774,96.090492
164.298386,165.071014,181.911774,96.090492
157.105743,162.522354,185.550018,98.012306
154.983719,161.681488,185.550018,98.012306
151.062332,159.522888,189.261017,99.972549
145.080872,159.429459,189.261017,99.972549
131.643890,157.039276,193.046234,101.972000
131.102371,156.095856,189.261017,99.972549
129.167404,154.401520,189.261017,99.972549
129.444092,154.005173,185.550018,98.012306
124.044479,152.262054,189.261017,99.972549
122.007599,153.274612,185.550018,98.012306
119.247406,154.073990,185.550018,98.012306
112.131393,155.273483,185.550018,98.012306
111.359146,155.304398,181.911774,96.090492
107.240524,155.016769,181.911774,96.090492
107.947754,156.251480,178.344879,94.206367
109.303413,156.926208,174.847916,92.359184
109.940781,157.479233,171.419525,90.548218
112.900383,160.337891,168.058365,88.772766
116.010475,161.382553,164.763107,87.032120
116.950478,163.250000,161.532455,85.325607
119.536667,165.269684,158.365143,83.652557
120.768860,165.740784,158.365143,83.652557
121.983505,167.258392,158.365143,83.652557
121.523239,167.676300,158.365143,83.652557
123.692001,168.776154,158.365143,83.652557
125.289261,170.181015,158.365143,83.652557
129.826477,171.903946,155.259949,82.012314
133.224564,173.705109,152.215637,80.404228
136.817337,174.562408,152.215637,80.404228
140.380554,176.693741,149.231018,78.827675
141.601669,176.281250,149.231018,78.827675
122.183357,166.303650,190.125473,100.429184
123.260368,165.917831,189.674728,100.191086
130.247040,165.481445,190.578369,100.668411
143.426483,166.693237,191.766052,101.295784
147.642838,165.340942,192.689789,101.783722
142.286453,167.536438,193.154999,102.029457
143.752533,170.477768,192.504333,101.685753
292.449127,277.402985,206.304276,108.975243
292.929321,276.957092,203.730072,107.615486
292.351044,279.262177,202.032318,106.718689
186.594254,131.482407,202.236603,106.826591
182.644730,134.511948,200.312469,105.810219
183.249527,135.976349,198.424606,104.812996
198.430893,18.885157,127.355621,67.272522
187.478668,137.612793,194.753647,102.873901
295.615540,283.716522,181.252380,95.742188
144.900696,172.782425,189.674728,100.191086
205.902847,20.981617,120.962807,63.895676
196.148148,142.685059,189.854767,100.286186
196.577484,140.998169,188.779617,99.718262
222.620987,49.494556,187.892914,99.249886
220.601761,139.065704,186.665421,98.601494
211.206940,142.493805,185.884766,98.189125
227.060989,140.453979,185.282074,97.870773
217.693314,51.059837,184.173111,97.284988
207.617630,141.125122,184.512909,97.464485
207.633774,139.884338,184.598068,97.509460
208.401413,143.953629,184.598068,97.509460
243.511612,153.169891,184.598068,97.509460
241.636276,153.406036,184.853973,97.644638
199.076508,161.257141,185.367935,97.916122
517.104919,82.119667,149.231018,78.827675
210.019562,179.680405,185.367935,97.916122
210.729431,183.494171,185.884766,98.189125
160.599976,54.515823,129.625412,68.471481
164.678787,126.697861,184.939438,97.689781
174.591278,177.192856,188.335220,99.483521
169.868271,176.291687,190.669205,100.716400
338.217194,197.712646,125.438698,66.259956
338.851776,197.892319,125.281555,66.176949
338.555176,197.681274,125.163956,66.114830
337.573181,197.749039,125.085678,66.073486
107.553093,115.791580,184.427841,97.419548
134.424759,157.820786,197.591507,104.372932
133.580139,153.827347,198.227951,104.709122
309.088379,253.786331,125.046577,66.052826
132.302124,150.766708,198.720322,104.969200
132.444092,149.739136,198.523071,104.865013
136.139526,150.806030,195.706451,103.377205
92.461189,113.116570,184.088364,97.240219
137.879364,152.489700,184.173111,97.284988
138.818497,149.309097,193.061783,101.980209
137.591339,149.059326,190.760132,100.764427
140.137756,145.267593,191.307510,101.053566
337.023468,198.802673,125.360077,66.218430
141.388733,141.250824,188.957962,99.812469
142.234924,140.349457,188.601608,99.624237
338.442627,197.635284,125.517418,66.301537
103.022087,115.782234,183.919083,97.150803
112.441658,181.978928,181.499100,95.872505
337.336090,198.432907,125.793709,66.447487
160.802048,139.281342,184.088364,97.240219
339.800537,197.686981,125.952141,66.531174
337.354248,197.139389,126.031509,66.573097
111.690544,169.071732,182.160294,96.221764
113.093102,168.114441,182.160294,96.221764
106.015320,167.084930,183.750122,97.061554
104.427155,168.124207,184.683289,97.554482
109.733109,169.162598,184.512909,97.464485
111.594330,167.902618,186.404480,98.463654
117.056763,167.645294,187.189514,98.878334
120.296677,168.062485,187.189514,98.878334
124.354042,166.486191,186.491379,98.509560
128.464401,164.314255,186.578354,98.555504
123.765106,161.077698,184.768585,97.599541
131.579224,157.576035,184.173111,97.284988
132.870377,156.381378,184.173111,97.284988
135.207733,154.407867,184.173111,97.284988
135.777328,154.478607,180.561874,95.377441
134.677261,153.641861,180.561874,95.377441
135.555908,152.480927,180.561874,95.377441
137.326233,151.911530,177.021439,93.507294
136.153275,150.653076,177.021439,93.507294
136.092056,148.634232,177.021439,93.507294
135.218689,146.703903,177.021439,93.507294
135.007111,144.633896,177.021439,93.507294
135.815643,143.246475,173.550430,91.673820
135.160660,140.755249,173.550430,91.673820
135.079605,138.960953,173.550430,91.673820
134.662338,136.780106,173.550430,91.673820
134.755188,134.434738,173.550430,91.673820
134.015839,132.564728,173.550430,91.673820
133.316635,131.355499,173.550430,91.673820
133.271027,129.273453,173.550430,91.673820
136.517181,127.176994,173.550430,91.673820
255.215424,155.088623,182.909927,96.617744
260.709198,157.641174,169.861572,89.725266
177.561340,168.657257,188.246582,99.436707
297.330994,177.786591,114.259926,60.355042
252.824661,152.660355,183.161179,96.750458
194.314346,127.056694,183.665741,97.016991
249.437561,152.749832,183.497253,96.927979
113.870239,141.317062,183.834564,97.106155
179.723984,171.941666,183.329056,96.839142
200.811554,124.896072,183.077347,96.706177
192.087570,125.469292,183.245071,96.794777
117.560509,130.095840,180.516251,95.353340
167.677170,177.972412,187.540558,99.063759
167.546829,177.964310,187.452667,99.017342
167.727600,178.155792,186.752563,98.647522
168.349548,178.619797,186.578354,98.555504
172.115158,178.816452,187.628525,99.110222
168.627686,176.544281,188.069580,99.343208
332.740173,297.594147,128.418625,67.834030
171.010620,177.990341,188.069580,99.343208
176.269821,178.162170,188.423935,99.530380
174.491730,177.535675,188.246582,99.436707
175.816162,179.300949,188.246582,99.436707
181.082352,178.926193,188.158051,99.389931
179.194275,182.351089,187.804688,99.203285
188.548004,182.303055,186.752563,98.647522
189.086548,185.830582,185.971176,98.234772
192.215500,132.824173,180.272202,95.224426
199.453690,137.501144,180.272202,95.224426
159.507584,135.412125,182.659363,96.485390
306.282349,257.530701,128.377411,67.812256
160.531662,136.230972,177.158554,93.579720
160.076065,138.926254,177.788437,93.912445
118.190697,168.940002,177.080124,93.538292
166.268188,144.290909,181.829086,96.046822
166.592072,144.423157,181.581482,95.916023
106.072517,167.762314,178.184402,94.121605
102.568405,165.715103,171.684113,90.687981
108.716324,164.271347,178.025818,94.037827
118.840698,157.579330,181.994537,96.134216
127.924164,155.642792,182.742798,96.529465
114.303734,157.187363,180.353470,95.267357
112.182930,155.200424,183.329056,96.839142
131.276932,153.008743,182.742798,96.529465
117.923935,152.833466,180.028809,95.095863
121.956779,151.003845,181.746475,96.003181
123.346809,149.106293,181.829086,96.046822
122.558876,147.577805,181.006332,95.612221
130.171768,145.015991,179.947815,95.053078
132.558411,144.118027,178.741730,94.415993
141.246201,140.592667,178.105072,94.079697
138.020126,143.515259,177.551712,93.787392
140.355698,142.146011,177.080124,93.538292
140.300110,141.478378,176.222031,93.085022
139.058548,141.137054,175.526108,92.717422
137.123718,140.514496,175.526108,92.717422
141.251740,139.979431,172.084427,90.899429
138.667419,139.482376,172.084427,90.899429
139.623535,138.765945,172.084427,90.899429
138.227539,139.851532,172.084427,90.899429
138.148544,140.532547,172.084427,90.899429
135.660721,141.763290,172.084427,90.899429
134.501709,141.519379,172.084427,90.899429
133.262848,143.172821,172.084427,90.899429
130.741516,142.862015,172.084427,90.899429
128.274963,142.219131,172.084427,90.899429
127.324547,141.661148,172.084427,90.899429
127.079308,140.116684,172.084427,90.899429
127.459053,139.185913,172.084427,90.899429
128.230469,138.062119,172.084427,90.899429
129.256378,136.772339,172.084427,90.899429
130.198456,135.301590,172.084427,90.899429
130.310013,135.150497,172.084427,90.899429
131.670898,134.314377,172.084427,90.899429
134.272079,134.195633,172.084427,90.899429
136.589355,135.890182,168.710220,89.117088
137.425339,137.859711,168.710220,89.117088
136.055542,140.581589,168.710220,89.117088
131.886566,142.540359,172.084427,90.899429
131.064209,145.744476,172.084427,90.899429
128.282410,147.077927,172.084427,90.899429
127.336281,148.095825,175.526108,92.717422
125.154305,149.324219,175.526108,92.717422
124.845985,149.018692,175.526108,92.717422
123.333351,146.969635,175.526108,92.717422
52.813072,114.203758,175.526108,92.717422
48.168922,112.569939,175.526108,92.717422
46.047451,110.824318,179.036636,94.571770
45.146496,108.923027,179.036636,94.571770
163.778137,179.457443,184.683289,97.554482
142.158081,112.972328,177.867493,93.954201
218.979034,220.195633,186.578354,98.555504
218.555862,220.480347,186.665421,98.601494
388.492432,-3.740680,175.526108,92.717422
-48.554638,105.765259,207.051758,109.370079
241.011597,151.430038,184.257950,97.329803
196.610352,18.680897,124.968445,66.011559
199.843658,19.992928,120.525459,63.664658
116.681969,134.013550,177.394241,93.704216
126.405540,172.314270,176.144424,93.044037
171.889175,239.135132,184.088364,97.240219
111.051811,120.329895,173.696915,91.751198
170.304886,240.569870,184.342850,97.374657
125.360306,166.500137,173.170563,91.473160
131.450958,108.301910,175.989441,92.962166
141.904205,157.579269,177.080124,93.538292
143.814636,158.230286,177.158554,93.579720
141.211304,157.406555,177.709457,93.870728
141.321198,155.459412,178.422836,94.247543
138.143906,155.218948,178.821640,94.458206
142.116699,153.453232,178.821640,94.458206
138.450500,150.786530,178.502457,94.289604
138.063766,147.959167,178.661896,94.373825
130.402267,147.530411,178.901611,94.500450
139.719925,143.923035,176.845276,93.414238
133.324661,143.293793,176.144424,93.044037
128.413620,141.608154,174.226486,92.030922
127.495186,140.268967,174.226486,92.030922
131.027512,136.429352,174.226486,92.030922
131.660797,135.427521,174.226486,92.030922
132.382812,134.325485,174.226486,92.030922
129.269669,133.517181,177.711014,93.871544
127.813988,133.509338,177.711014,93.871544
127.387093,132.770081,177.711014,93.871544
125.412926,132.785248,177.711014,93.871544
124.700096,132.150345,177.711014,93.871544
124.588814,130.861847,177.711014,93.871544
124.116951,130.941544,177.711014,93.871544
125.459023,129.931641,177.711014,93.871544
126.270973,129.403412,177.711014,93.871544
125.698700,126.872871,181.265228,95.748970
121.931625,125.835426,184.890533,97.663956
124.298553,124.177452,184.890533,97.663956
126.661041,123.170906,184.890533,97.663956
129.409210,122.482002,184.890533,97.663956
134.052582,122.795692,184.890533,97.663956
133.670074,122.969109,188.588348,99.617233
134.900955,124.179451,188.588348,99.617233
135.252731,126.862083,188.588348,99.617233
136.579636,128.577820,188.588348,99.617233
138.106262,130.937973,188.588348,99.617233
141.016785,135.875122,184.890533,97.663956
141.732803,138.059616,184.890533,97.663956
143.134430,140.974106,184.890533,97.663956
145.383560,143.457321,184.890533,97.663956
147.374664,144.786697,184.890533,97.663956
148.807114,146.158157,184.890533,97.663956
149.015472,147.653915,184.890533,97.663956
149.434250,147.540985,184.890533,97.663956
104.996819,152.059174,177.788437,93.912445
109.827431,148.949783,179.705307,94.924980
117.916679,147.660736,180.353470,95.267357
116.188637,144.166992,180.353470,95.267357
120.112228,141.604996,178.981659,94.542732
129.821274,142.496582,178.981659,94.542732
137.090927,141.894791,178.981659,94.542732
143.731323,140.363007,178.981659,94.542732
150.615570,139.329483,175.472214,92.688950
158.373657,138.284836,172.031586,90.871521
162.332550,135.323883,172.031586,90.871521
167.753571,134.334030,168.658417,89.089722
173.175247,133.629410,168.658417,89.089722
177.731674,132.523483,168.658417,89.089722
181.061081,133.355835,168.658417,89.089722
184.112625,136.994019,168.658417,89.089722
188.227768,140.071747,168.658417,89.089722
192.874283,144.737091,172.031586,90.871521
196.134293,148.682968,172.031586,90.871521
198.527328,153.711441,172.031586,90.871521
202.755600,156.644348,172.031586,90.871521
205.872360,160.024796,175.472214,92.688950
212.629471,165.578659,178.981659,94.542732
213.338547,169.352921,178.981659,94.542732
215.733124,172.274185,182.561295,96.433586
216.801544,177.074783,182.561295,96.433586
218.364716,179.819992,182.561295,96.433586
220.207550,182.391373,182.561295,96.433586
223.348709,187.369385,178.981659,94.542732
226.956375,188.798157,178.981659,94.542732
227.924759,190.132782,178.981659,94.542732
229.993637,191.306229,178.981659,94.542732
234.887314,193.785675,175.472214,92.688950
237.551285,194.166290,175.472214,92.688950
240.157333,194.638336,175.472214,92.688950
246.044235,195.353027,172.031586,90.871521
251.018753,193.608932,172.031586,90.871521
253.797348,186.869217,172.031586,90.871521
259.987946,175.230133,172.031586,90.871521
258.115753,162.485062,172.031586,90.871521
250.988937,150.844315,172.031586,90.871521
227.450699,203.218811,172.031586,90.871521
220.368301,193.257660,168.658417,89.089722
222.340485,172.873016,165.351379,87.342865
217.815125,156.315475,162.109207,85.630264
213.772491,135.770630,162.109207,85.630264
207.941498,120.785469,162.109207,85.630264
197.263000,108.447426,162.109207,85.630264
183.659912,105.220619,162.109207,85.630264
172.413910,98.165276,162.109207,85.630264
159.235580,106.637108,162.109207,85.630264
149.382065,118.196274,158.930588,83.951241
138.230392,133.155533,155.814301,82.305138
126.437775,149.268539,155.814301,82.305138
115.140198,167.445496,155.814301,82.305138
107.409500,183.927704,155.814301,82.305138
99.738571,201.569778,155.814301,82.305138
94.100601,216.942154,155.814301,82.305138
88.150681,232.335068,155.814301,82.305138
128.240463,193.900467,155.814301,82.305138
131.383896,221.420822,155.814301,82.305138
131.036789,249.622787,155.814301,82.305138
131.065231,268.945312,155.814301,82.305138
133.713547,285.121704,155.814301,82.305138
129.832550,296.801392,155.814301,82.305138
132.899307,303.800781,155.814301,82.305138
135.994080,308.505798,155.814301,82.305138
136.032013,310.957581,155.814301,82.305138
145.410263,313.499115,155.814301,82.305138
157.746414,310.265564,155.814301,82.305138
165.959824,302.279694,155.814301,82.305138
179.150009,293.599884,155.814301,82.305138
191.006119,285.947205,155.814301,82.305138
212.359695,276.244171,155.814301,82.305138
226.985550,265.093842,155.814301,82.305138
239.325027,247.045883,155.814301,82.305138
243.966904,231.573929,155.814301,82.305138
214.001022,280.417389,155.814301,82.305138
221.270248,271.752136,155.814301,82.305138
229.932632,261.295105,155.814301,82.305138
237.065384,250.971909,155.814301,82.305138
243.211624,241.624893,155.814301,82.305138
235.967972,240.098618,155.814301,82.305138
243.649185,231.399673,155.814301,82.305138
236.590591,230.406448,155.814301,82.305138
231.056503,228.127090,155.814301,82.305138
224.330582,226.707748,155.814301,82.305138
220.159836,226.457932,155.814301,82.305138
210.316025,227.836655,152.759125,80.691307
204.401260,228.799850,152.759125,80.691307
194.515244,230.209061,152.759125,80.691307
180.507034,229.530136,152.759125,80.691307
170.136063,231.520828,152.759125,80.691307
161.479828,231.771866,152.759125,80.691307
153.189178,231.947708,152.759125,80.691307
144.557190,232.365646,152.759125,80.691307
138.022598,232.595627,152.759125,80.691307
133.501511,232.493027,152.759125,80.691307
130.549164,233.952408,152.759125,80.691307
130.361572,233.049759,152.759125,80.691307
129.095688,232.047775,152.759125,80.691307
129.955917,232.196167,149.763840,79.109123
130.214935,231.230896,149.763840,79.109123
130.752075,229.686737,149.763840,79.109123
133.425446,226.780334,149.763840,79.109123
134.968124,224.979248,149.763840,79.109123
139.719955,224.087402,149.763840,79.109123
139.547394,219.814041,146.827301,77.557968
147.287689,218.654709,146.827301,77.557968
151.949554,215.848953,143.948334,76.037224
155.194153,215.253220,141.125809,74.546295
157.564514,213.296844,141.125809,74.546295
135.716110,198.947357,138.358643,73.084602
140.770905,200.393234,138.358643,73.084602
145.702454,200.630829,138.358643,73.084602
151.296402,201.399033,138.358643,73.084602
146.090958,193.842056,138.358643,73.084602
163.954407,201.936371,135.645721,71.651573
157.860977,192.811417,135.645721,71.651573
158.983902,190.443054,138.358643,73.084602
158.981964,189.024323,141.125809,74.546295
168.726562,194.099426,143.948334,76.037224
143.151855,175.771072,185.367935,97.916122
288.064758,175.705124,125.556808,66.322350
246.086639,153.763077,176.611038,93.290504
306.398315,256.072937,125.596230,66.343170
337.530334,197.890381,125.438698,66.259956
307.283783,256.891937,125.478043,66.280739
338.086914,197.179047,125.281555,66.176949
129.955917,112.518158,180.924469,95.568970
129.427780,111.027481,182.826324,96.573586
136.066605,110.347832,181.088272,95.655502
135.577377,109.068573,181.170288,95.698822
134.551132,110.892288,180.924469,95.568970
135.292328,109.982635,181.006332,95.612221
136.407913,109.427635,181.416779,95.829025
137.943100,111.581978,181.581482,95.916023
136.056625,111.364235,181.911774,96.090492
138.957352,110.918091,184.512909,97.464485
144.748444,108.913124,183.834564,97.106155
199.662674,22.863607,123.330971,65.146599
198.861404,22.438044,122.970795,64.956345
161.535889,103.057236,184.683289,97.554482
197.653198,22.741150,124.115417,65.560966
195.759109,21.933249,124.231056,65.622047
196.763153,21.867588,124.153938,65.581314
196.614502,22.198086,124.115417,65.560966
196.519745,21.561981,124.968445,66.011559
196.534195,22.291182,124.579262,65.805977
292.687561,178.370010,126.150742,66.636078
195.715164,21.638445,124.695763,65.867516
195.521057,21.708292,124.909912,65.980637
195.712875,21.461725,124.618065,65.826477
193.124954,20.914660,124.793015,65.918892
194.156937,22.340990,124.462975,65.744553
194.184570,22.006392,124.501709,65.765015
193.253983,21.734825,124.773552,65.908607
194.759186,21.812943,124.540474,65.785492
160.759216,174.248245,190.215881,100.476936
160.277084,173.664612,194.280716,102.624092
162.932037,171.581406,197.250488,104.192802
154.478958,173.293564,210.428192,111.153603
164.178040,173.545456,206.623962,109.144112
153.316681,177.923477,215.298172,113.726051
162.585342,173.693726,215.879120,114.032921
155.264999,175.582428,223.727066,118.178413
164.448608,170.203003,228.454590,120.675613
170.605133,175.536728,223.977600,118.310753
165.852310,178.045654,224.354462,118.509811
166.543091,173.982681,230.163406,121.578247
171.439056,175.983749,229.240112,121.090546
170.516983,180.152542,230.428574,121.718315
174.777191,180.807404,230.295914,121.648247
175.642883,183.104645,229.898849,121.438507
177.529388,183.117126,228.977676,120.951920
180.033859,186.562531,228.324203,120.606735
184.807816,187.949173,226.642487,119.718414
193.265289,187.546906,221.988907,117.260269
191.575531,197.494751,218.472961,115.403061
192.466278,196.791061,216.815170,114.527374
194.782990,194.744095,217.286255,114.776207
194.198242,200.009338,216.346130,114.279610
195.261795,200.350113,215.182358,113.664871
192.562347,200.661865,214.720337,113.420830
192.340652,201.652054,215.182358,113.664871
191.895264,201.648972,214.260315,113.177826
184.012863,201.006134,214.145615,113.117241
180.782486,201.361481,214.031036,113.056717
177.483063,201.951111,212.552597,112.275772
176.841873,202.666107,210.096634,110.978470
169.655991,203.974731,210.096634,110.978470
167.508438,204.900299,210.096634,110.978470
159.907333,206.845795,210.096634,110.978470
157.149185,207.498383,210.096634,110.978470
152.408585,209.056763,210.096634,110.978470
147.617310,209.615540,210.096634,110.978470
145.095657,209.808929,210.096634,110.978470
141.254944,209.564728,210.096634,110.978470
137.025955,209.232574,210.096634,110.978470
133.660583,209.090607,210.096634,110.978470
131.685394,208.924408,210.096634,110.978470
131.892700,208.727051,205.977097,108.802422
132.593826,209.182205,201.938324,106.669037
134.203186,209.274643,197.978760,104.577484
135.421509,209.349716,194.096817,102.526947
137.068909,209.031952,190.291000,100.516617
139.735016,208.147614,186.559799,98.545700
139.041687,206.743469,186.559799,98.545700
137.151566,205.890625,186.559799,98.545700
136.348114,205.188980,186.559799,98.545700
136.275772,202.853851,190.291000,100.516617
100.384590,179.746857,171.169876,90.416344
109.242393,180.388214,171.169876,90.416344
118.091347,179.176224,171.169876,90.416344
123.837288,176.224533,174.593277,92.224670
132.058151,174.262848,174.593277,92.224670
139.197067,171.827286,178.085144,94.069168
146.647537,171.177582,178.085144,94.069168
154.653458,169.116562,181.646835,95.950546
149.200775,162.371017,185.279785,97.869560
160.498444,162.387726,185.279785,97.869560
85.363632,191.071701,191.399048,101.101913
93.132439,192.140152,196.475449,103.783401
95.037727,190.944244,200.916122,106.129082
93.146095,187.452835,209.217575,110.514122
82.372505,180.564804,219.672714,116.036797
81.150925,177.066864,226.899597,119.854225
81.020721,175.393417,232.978455,123.065231
80.377335,177.516174,232.978455,123.065231
82.043167,175.798767,232.978455,123.065231
85.271774,175.455475,232.978455,123.065231
85.781616,176.053314,232.978455,123.065231
88.202713,174.341385,232.978455,123.065231
88.588440,174.076569,232.978455,123.065231
89.989822,173.053040,232.978455,123.065231
91.364288,172.609695,232.978455,123.065231
93.188644,170.775436,232.978455,123.065231
94.621811,169.485275,232.978455,123.065231
95.094589,168.826065,232.978455,123.065231
97.294769,168.147202,232.978455,123.065231
99.030518,167.709976,232.978455,123.065231
102.868393,167.811981,228.410248,120.652184
106.734070,167.768509,223.931610,118.286461
111.169693,167.515335,219.540802,115.967117
115.277687,167.113205,215.236069,113.693253
116.642204,167.320801,215.236069,113.693253
119.050652,166.317383,215.236069,113.693253
121.267845,164.457596,215.236069,113.693253
124.177284,163.580734,215.236069,113.693253
126.753502,163.755203,215.236069,113.693253
129.462646,163.201889,215.236069,113.693253
130.236374,161.156876,219.540802,115.967117
135.093567,161.728699,215.236069,113.693253
139.068527,160.038803,215.236069,113.693253
140.851746,160.761948,215.236069,113.693253
144.892868,159.820663,215.236069,113.693253
148.344635,159.374725,215.236069,113.693253
154.077209,156.508820,215.236069,113.693253
157.001038,157.050934,215.236069,113.693253
169.946655,165.480865,215.236069,113.693253
379.421204,-10.384948,215.236069,113.693253
224.050858,175.012283,169.429901,89.497246
226.959976,171.664124,170.513214,90.069481
250.459595,163.944931,171.610474,90.649078
240.484360,167.594345,172.498489,91.118156
245.517700,166.760696,172.275620,91.000427
-78.991333,282.427155,215.236069,113.693253
252.974854,164.488739,171.536880,90.610207
254.217010,163.416824,171.536880,90.610207
255.443909,162.484833,173.020767,91.394028
107.687592,94.438110,169.000427,89.270386
108.801857,95.162628,169.214890,89.383675
105.890877,96.157555,169.933731,89.763382
188.114960,255.609818,171.610474,90.649078
182.836380,257.300873,171.757843,90.726921
99.984566,264.019989,171.536880,90.610207
65.278656,256.515564,171.684113,90.687981
186.775024,250.354935,171.536880,90.610207
71.312119,260.724274,171.610474,90.649078
206.570969,164.454834,184.003677,97.195496
68.525894,256.727142,171.610474,90.649078
99.391518,266.311859,171.536880,90.610207
270.450439,232.784378,185.453873,97.961517
269.561188,231.492020,184.939438,97.689781
94.174362,109.998680,167.865723,88.671005
94.475830,108.065071,168.431152,88.969681
275.192871,226.399353,184.003677,97.195496
246.178986,213.253632,182.575989,96.441353
219.934677,165.113052,180.597748,95.396385
225.921478,161.891800,180.109863,95.138680
234.042969,164.112946,179.302551,94.712234
236.982895,159.895035,178.343292,94.205528
239.903290,158.643555,177.551712,93.787392
245.536621,155.402191,176.845276,93.414238
251.775909,154.042618,177.001770,93.496902
259.881134,153.446274,177.315598,93.662674
258.202484,148.564072,175.989441,92.962166
261.574341,145.511566,175.757477,92.839630
258.896942,140.492584,175.526108,92.717422
268.509155,138.375565,176.066895,93.003082
260.996399,132.892548,177.315598,93.662674
265.844543,130.830292,177.315598,93.662674
265.920868,128.625916,177.315598,93.662674
271.295441,126.418480,177.315598,93.662674
272.507050,123.339912,177.315598,93.662674
268.913177,119.455666,180.861908,95.535934
264.747681,117.212410,180.861908,95.535934
261.283844,114.868202,180.861908,95.535934
258.908173,113.964668,180.861908,95.535934
252.387131,113.194374,180.861908,95.535934
250.166245,113.012032,180.861908,95.535934
247.339310,112.308739,180.861908,95.535934
244.789474,109.596550,180.861908,95.535934
244.723083,110.413277,177.315598,93.662674
240.122589,110.394936,177.315598,93.662674
242.873917,112.108864,173.838821,91.826157
243.621994,113.332787,173.838821,91.826157
239.790466,113.466164,177.315598,93.662674
239.962036,114.416588,177.315598,93.662674
237.436737,114.272194,177.315598,93.662674
234.904572,114.391197,177.315598,93.662674
232.430710,113.883507,180.861908,95.535934
232.252945,114.262093,180.861908,95.535934
230.136612,114.370522,180.861908,95.535934
229.118652,115.389381,177.315598,93.662674
226.512756,116.539543,177.315598,93.662674
222.451874,118.094475,177.315598,93.662674
218.867523,120.495583,177.315598,93.662674
215.709351,122.452354,177.315598,93.662674
212.233185,124.349190,177.315598,93.662674
208.301270,125.686943,177.315598,93.662674
205.145935,127.616814,177.315598,93.662674
197.714630,127.967964,177.315598,93.662674
192.639252,130.262924,177.315598,93.662674
194.459122,130.633209,173.838821,91.826157
189.118698,130.909225,173.838821,91.826157
185.629639,133.133804,170.430222,90.025642
184.204071,136.495316,167.088455,88.260429
184.943207,138.340866,163.812210,86.529839
181.244232,137.776672,167.088455,88.260429
180.310974,137.909546,167.088455,88.260429
180.581055,135.377426,170.430222,90.025642
179.882416,134.779709,170.430222,90.025642
164.193298,123.723663,170.430222,90.025642
165.965240,121.655823,170.430222,90.025642
153.711456,113.776138,170.430222,90.025642
206.441406,178.908630,188.246582,99.436707
207.503418,173.474869,190.215881,100.476936
208.332153,166.496109,191.766052,101.295784
235.065491,149.738693,191.124695,100.957001
214.988403,150.496918,191.307510,101.053566
203.398590,138.425858,191.307510,101.053566
206.866669,134.597198,190.760132,100.764427
201.189545,131.547379,190.125473,100.429184
208.573471,126.439133,187.892914,99.249886
208.493973,123.187050,184.853973,97.644638
209.109207,116.717506,183.665741,97.016991
208.974854,113.238579,185.024979,97.734970
208.759247,110.228424,185.625992,98.052437
-1050.779419,118.130692,2424.387939,1280.624268
129.999908,-6.158579,173.838821,91.826157
65.527573,69.592476,232.301971,122.707901
61.164268,67.184776,235.863205,124.589035
63.297581,66.683342,235.031723,124.149826
55.217506,63.622757,239.678848,126.604553
56.694454,65.703293,237.967880,125.700775
82.788231,84.959488,238.962967,126.226402
106.106834,98.870621,237.967880,125.700775
73.629417,83.080605,243.619980,128.686356
71.326271,90.338455,249.702866,131.899506
79.716553,95.912231,243.694183,128.725555
82.168114,98.713257,244.214890,129.000610
79.824509,102.798935,246.776062,130.353485
76.789017,106.940163,247.004639,130.474228
75.095261,112.594650,246.776062,130.353485
73.192497,116.446732,248.307877,131.162628
73.971443,121.421661,249.080948,131.570984
72.218864,122.439758,252.221939,133.230133
72.916382,123.010391,254.306427,134.331207
75.050041,121.576233,257.250153,135.886169
75.271935,122.474380,257.250153,135.886169
74.249687,121.061760,262.395172,138.603897
74.627663,121.847481,262.395172,138.603897
80.286293,123.077415,262.395172,138.603897
86.140358,124.033180,262.395172,138.603897
88.138893,125.153114,262.395172,138.603897
94.396828,125.985603,262.395172,138.603897
98.007637,125.827126,262.395172,138.603897
102.845589,125.243752,262.395172,138.603897
108.097557,124.595299,262.395172,138.603897
112.605171,123.642525,262.395172,138.603897
118.178001,122.459297,262.395172,138.603897
121.356331,121.137169,262.395172,138.603897
122.924095,120.187202,262.395172,138.603897
124.516762,119.702599,262.395172,138.603897
126.296715,119.124123,262.395172,138.603897
126.879143,119.508369,262.395172,138.603897
127.225761,119.551613,262.395172,138.603897
125.741028,118.327332,267.643066,141.375977
127.118561,117.233810,267.643066,141.375977
128.515869,116.833740,267.643066,141.375977
128.965759,115.391541,267.643066,141.375977
128.192749,114.092743,267.643066,141.375977
125.920410,113.800751,267.643066,141.375977
120.687614,111.556931,272.995941,144.203491
115.051231,111.785416,272.995941,144.203491
110.053871,111.715012,272.995941,144.203491
105.108513,111.574265,272.995941,144.203491
103.253738,113.944168,267.643066,141.375977
97.473145,114.900192,267.643066,141.375977
93.291946,116.487381,267.643066,141.375977
85.229813,115.791306,267.643066,141.375977
81.228203,119.235023,262.395172,138.603897
77.195961,123.014450,257.250153,135.886169
74.281822,125.974533,252.206039,133.221741
69.920219,126.852890,252.206039,133.221741
65.236534,127.185959,252.206039,133.221741
62.370506,126.355682,252.206039,133.221741
58.267570,126.238708,252.206039,133.221741
56.662880,125.393570,252.206039,133.221741
53.229088,124.672150,252.206039,133.221741
50.447651,127.171379,247.260818,130.609543
48.135258,125.967918,247.260818,130.609543
45.875660,125.294151,247.260818,130.609543
43.099018,127.439873,247.260818,130.609543
39.189777,127.527840,247.260818,130.609543
36.401783,127.785255,247.260818,130.609543
33.908787,125.936775,247.260818,130.609543
30.779089,129.219406,247.260818,130.609543
30.669424,128.278122,247.260818,130.609543
28.260809,129.185989,247.260818,130.609543
26.805822,128.613617,247.260818,130.609543
25.281240,127.868416,247.260818,130.609543
24.168188,127.864021,247.260818,130.609543
24.806356,125.521431,247.260818,130.609543
25.001043,124.436424,247.260818,130.609543
24.992788,122.772636,247.260818,130.609543
54.134083,99.419167,247.260818,130.609543
53.284489,99.111443,247.260818,130.609543
52.697712,100.005928,247.260818,130.609543
50.690296,98.269432,247.260818,130.609543
50.942921,99.252419,247.260818,130.609543
49.457249,98.994621,247.260818,130.609543
47.867847,98.724648,247.260818,130.609543
47.194904,99.227180,247.260818,130.609543
47.057362,101.473320,247.260818,130.609543
45.020695,101.587212,247.260818,130.609543
44.328205,102.803566,247.260818,130.609543
42.344746,102.903603,247.260818,130.609543
41.013004,103.733772,247.260818,130.609543
38.237888,103.735283,247.260818,130.609543
39.053570,104.127716,242.412567,128.048584
40.697330,105.155067,237.659378,125.537819
43.105045,107.558372,237.659378,125.537819
44.401112,108.844765,237.659378,125.537819
46.322681,110.347847,237.659378,125.537819
45.880985,110.676414,237.659378,125.537819
46.205280,111.630180,237.659378,125.537819
47.312794,112.639977,237.659378,125.537819
47.170094,114.188042,237.659378,125.537819
50.092457,115.570488,237.659378,125.537819
52.442463,116.245094,237.659378,125.537819
53.445530,116.161583,237.659378,125.537819
54.408787,116.317223,237.659378,125.537819
54.189732,115.416328,237.659378,125.537819
54.596912,112.948570,237.659378,125.537819
53.453144,111.244514,237.659378,125.537819
52.439182,109.324928,237.659378,125.537819
50.663181,107.491508,237.659378,125.537819
51.918118,106.754868,232.999390,123.076294
52.929905,105.008812,228.430786,120.663033
52.703266,103.441147,223.951752,118.297089
50.903496,101.139862,219.560532,115.977539
46.953041,96.747940,219.560532,115.977539
43.270012,91.149246,219.560532,115.977539
39.038929,84.041908,215.255432,113.703468
36.780460,79.555367,215.255432,113.703468
28.697298,71.595253,215.255432,113.703468
25.293978,67.390915,215.255432,113.703468
22.371462,63.536526,215.255432,113.703468
91.661667,93.429787,235.724213,124.515617
85.735855,91.751099,237.543945,125.476837
81.190964,96.906654,236.840729,125.105385
81.835770,97.398743,237.685089,125.551399
80.789230,97.285591,238.251343,125.850510
79.312630,100.229614,238.962967,126.226402
75.450905,105.590523,241.560379,127.598427
0.976799,59.000607,242.145279,127.907387
29.042772,74.642960,183.919083,97.150803
28.895876,76.123375,183.919083,97.150803
30.703112,77.638710,183.919083,97.150803
32.854317,78.773140,183.919083,97.150803
31.391932,81.351326,183.919083,97.150803
33.966896,82.245415,183.919083,97.150803
38.421608,82.132195,183.919083,97.150803
41.781990,82.785164,183.919083,97.150803
48.681938,84.730003,183.919083,97.150803
56.921394,85.105827,183.919083,97.150803
64.304070,84.692986,187.597458,99.093819
123.299599,147.116074,191.349411,101.075699
132.143845,137.517838,191.349411,101.075699
135.622467,130.414963,191.349411,101.075699
163.632172,143.205429,187.597458,99.093819
168.286987,144.112457,187.597458,99.093819
144.387970,128.423111,245.564148,129.713318
265.032166,275.331421,215.414108,113.787292
115.409187,120.921616,238.962967,126.226402
123.243614,119.076508,239.678848,126.604553
84.459244,80.082687,205.351135,108.471764
135.571762,122.054497,235.031723,124.149826
264.325806,272.366486,221.497238,117.000557
144.306503,115.565971,240.254654,126.908707
143.946838,132.951324,237.402969,125.402374
146.260284,120.305954,237.543945,125.476837
266.767365,273.920685,218.951279,115.655724
157.377289,108.539780,238.962967,126.226402
160.263718,135.155869,238.535477,126.000595
86.385948,128.204605,206.304276,108.975243
82.876129,125.785103,208.129028,109.939125
86.308624,124.380547,207.912689,109.824844
90.196327,123.573250,208.237381,109.996353
87.265327,123.433510,209.766129,110.803879
93.810394,123.058266,207.912689,109.824844
92.566956,124.666954,207.912689,109.824844
94.474480,126.554100,210.871902,111.387978
100.953461,133.409225,208.998962,110.398643
110.059044,137.804214,207.158981,109.426720
115.536430,140.921524,206.304276,108.975243
110.552765,143.916183,206.197937,108.919075
114.301636,144.997986,206.197937,108.919075
113.192642,143.656677,206.197937,108.919075
110.379501,142.406052,210.321899,111.097450
107.522705,141.088943,210.321899,111.097450
104.426613,139.997787,214.528336,113.319405
101.097672,139.351440,218.818909,115.585793
100.046997,140.349625,218.818909,115.585793
100.260300,141.077606,218.818909,115.585793
100.357956,141.153473,223.195282,117.897507
102.125412,141.263519,223.195282,117.897507
103.567459,141.653305,223.195282,117.897507
105.026230,142.601654,223.195282,117.897507
106.798813,143.155060,223.195282,117.897507
106.634644,143.949005,223.195282,117.897507
107.885010,144.546738,223.195282,117.897507
108.445221,144.240891,223.195282,117.897507
110.582108,143.686050,218.818909,115.585793
111.132355,142.699997,218.818909,115.585793
112.695679,142.560547,218.818909,115.585793
116.255531,143.814896,214.528336,113.319405
118.756905,146.006836,214.528336,113.319405
122.385834,151.334641,210.321899,111.097450
123.307022,154.256439,210.321899,111.097450
123.501984,156.040543,210.321899,111.097450
123.406097,157.514618,210.321899,111.097450
124.798981,158.107666,210.321899,111.097450
125.288773,159.188965,210.321899,111.097450
126.662186,159.168304,210.321899,111.097450
126.619034,158.361267,210.321899,111.097450
124.394188,155.541367,214.528336,113.319405
125.200996,153.010513,214.528336,113.319405
125.749153,150.307846,214.528336,113.319405
129.925247,149.597672,210.321899,111.097450
132.767593,146.247864,210.321899,111.097450
138.601486,144.465881,210.321899,111.097450
141.302673,142.693344,210.321899,111.097450
146.644104,142.628586,206.197937,108.919075
155.847168,142.326080,202.154846,106.783401
160.738708,140.973923,202.154846,106.783401
165.403168,139.595871,202.154846,106.783401
169.114899,139.893082,202.154846,106.783401
176.054001,139.430237,198.191025,104.689613
183.308807,138.435654,194.304916,102.636871
189.796814,136.860901,194.304916,102.636871
196.252396,135.615845,190.495026,100.624390
200.482483,134.548569,186.759827,98.651360
204.290924,132.261520,186.759827,98.651360
207.469238,130.102432,186.759827,98.651360
211.277451,130.341003,183.097870,96.717018
213.100510,129.626724,183.097870,96.717018
215.181351,130.522217,179.507721,94.820610
217.717575,130.878510,179.507721,94.820610
219.432816,131.420349,175.987961,92.961380
224.351395,133.873505,172.537216,91.138611
227.911377,135.886459,169.154129,89.351578
230.201797,137.976944,165.837387,87.599586
230.322678,139.162964,165.837387,87.599586
231.701767,140.438248,165.837387,87.599586
234.992508,141.704330,162.585663,85.881943
238.640076,142.880569,159.397720,84.197983
241.685516,143.309174,156.272263,82.547043
244.937927,142.436005,156.272263,82.547043
249.199051,142.743011,153.208099,80.928474
252.494034,141.413193,153.208099,80.928474
257.842926,141.063126,150.204025,79.341644
263.448273,139.298340,150.204025,79.341644
269.376312,139.186218,147.258850,77.785927
274.893738,140.050201,144.371414,76.260712
282.491913,140.616119,141.540604,74.765404
285.927582,142.609314,141.540604,74.765404
289.380524,143.765778,141.540604,74.765404
290.896454,144.077316,141.540604,74.765404
293.312012,145.465210,141.540604,74.765404
293.360352,146.514542,141.540604,74.765404
294.124207,147.613632,141.540604,74.765404
295.170593,148.701141,141.540604,74.765404
295.309845,149.186798,141.540604,74.765404
294.336334,150.165970,141.540604,74.765404
294.291229,151.003464,141.540604,74.765404
294.695404,152.049026,141.540604,74.765404
294.489166,152.897308,141.540604,74.765404
293.700958,153.735550,141.540604,74.765404
292.517822,154.328796,141.540604,74.765404
291.681366,155.281342,141.540604,74.765404
291.457733,156.035477,141.540604,74.765404
290.655609,156.339752,141.540604,74.765404
288.671387,155.172974,144.371414,76.260712
330.109039,190.082047,144.371414,76.260712
319.283417,298.440063,129.373871,68.338615
345.091522,197.455887,115.347176,60.929356
337.619019,196.557892,125.833282,66.468384
196.297989,233.334061,138.464523,73.140533
346.605713,197.230820,115.848251,61.194035
334.705444,195.991714,126.310074,66.720238
345.773254,196.897842,119.303314,63.019089
309.951721,298.724579,126.429832,66.783501
337.139496,195.719604,126.509804,66.825745
519.146301,83.606987,144.371414,76.260712
520.975647,82.518082,144.371414,76.260712
339.852417,196.937042,126.549828,66.846886
341.354065,196.563583,126.509804,66.825745
340.493317,196.856155,126.469810,66.804619
519.919067,81.045708,144.371414,76.260712
234.342407,157.658630,140.408569,74.167427
346.113220,196.464523,126.469810,66.804619
230.357956,157.094299,140.605972,74.271706
231.668442,156.702011,140.655411,74.297821
240.027817,160.451935,140.952789,74.454895
238.143326,160.738434,141.002472,74.481140
240.556854,160.132294,141.201553,74.586304
239.937546,160.932129,141.451202,74.718178
237.838791,160.985947,141.451202,74.718178
239.491669,162.055283,142.003555,75.009941
240.030945,163.274963,143.121292,75.600357
240.274979,163.623474,143.893524,76.008270
239.065079,164.622559,144.726486,76.448265
238.816055,165.211075,146.047470,77.146042
238.793076,166.401184,148.266861,78.318382
239.199142,166.894470,148.266861,78.318382
238.019028,166.572556,151.232208,79.884750
238.954330,167.717102,151.232208,79.884750
240.922531,168.861053,151.232208,79.884750
240.079987,168.323212,154.256851,81.482445
241.604340,167.949539,154.256851,81.482445
243.773560,168.561218,154.256851,81.482445
246.054871,168.509293,154.256851,81.482445
247.389404,168.357010,154.256851,81.482445
249.934296,168.239014,154.256851,81.482445
251.263763,168.589371,154.256851,81.482445
253.601105,168.114502,154.256851,81.482445
257.921539,169.966675,151.232208,79.884750
259.000061,169.975098,151.232208,79.884750
259.876038,170.294769,151.232208,79.884750
260.660187,170.239700,151.232208,79.884750
261.249847,170.147903,151.232208,79.884750
261.914001,170.412277,151.232208,79.884750
261.602661,171.143585,151.232208,79.884750
261.814331,171.458282,151.232208,79.884750
261.374207,171.920731,151.232208,79.884750
263.167999,172.908997,151.232208,79.884750
264.933044,173.999207,148.266861,78.318382
266.592590,174.236115,145.359665,76.782730
271.267059,173.079315,145.359665,76.782730
271.253601,173.637924,148.266861,78.318382
273.527252,172.941772,148.266861,78.318382
176.332855,118.431892,135.143250,71.386147
176.267792,119.244164,135.417740,71.531143
173.968979,119.182838,135.280350,71.458572
175.848801,119.745811,135.509491,71.579605
175.310791,119.014549,135.280350,71.458572
340.936707,197.654144,118.175484,62.423340
341.230011,197.717789,116.795326,61.694305
175.015762,118.738289,135.785477,71.725388
177.876312,117.725075,135.831573,71.749748
334.230988,193.078934,134.915344,71.265770
175.950821,118.192497,135.831573,71.749748
335.005585,192.179733,144.074921,76.104088
249.374649,181.842087,143.971207,76.049309
240.634888,181.423706,143.841782,75.980942
247.530792,184.094391,144.621841,76.392982
250.798813,184.008087,145.728226,76.977417
246.959961,185.128922,145.675171,76.949379
247.899292,185.234100,146.528931,77.400368
249.347824,184.695007,147.067642,77.684929
246.834946,185.281982,147.447113,77.885368
246.844711,184.325989,147.447113,77.885368
246.625610,181.472168,147.937866,78.144600
246.965744,180.671768,148.818451,78.609749
243.769943,176.441635,150.668167,79.586815
244.485107,175.489349,152.216141,80.404488
243.519257,172.383987,153.973831,81.332947
241.872711,168.856354,155.954773,82.379333
240.169510,163.729156,157.489761,83.190155
238.790237,160.132431,158.550934,83.750694
238.159653,156.425949,158.550934,83.750694
237.937912,153.876770,158.550934,83.750694
237.901077,150.856628,158.550934,83.750694
237.314163,147.891190,158.550934,83.750694
239.634628,145.519516,158.550934,83.750694
239.988083,143.531464,158.550934,83.750694
239.260880,142.338120,158.550934,83.750694
239.244827,141.021194,158.550934,83.750694
238.591812,141.003433,158.550934,83.750694
241.159760,141.701157,155.442093,82.108521
241.255371,141.549683,155.442093,82.108521
241.258240,142.192459,155.442093,82.108521
241.873840,142.574097,155.442093,82.108521
241.358948,143.452469,155.442093,82.108521
240.088715,143.845444,155.442093,82.108521
242.788345,145.551575,152.394211,80.498550
245.077286,146.768555,152.394211,80.498550
243.226624,146.439377,155.442093,82.108521
247.121445,148.814194,152.394211,80.498550
245.976654,148.213867,155.442093,82.108521
247.531036,148.978119,155.442093,82.108521
248.944672,149.576981,155.442093,82.108521
251.495285,151.865341,152.394211,80.498550
252.545364,152.886139,152.394211,80.498550
204.784988,117.711266,152.394211,80.498550
202.793411,119.618980,152.394211,80.498550
204.128922,120.774239,152.394211,80.498550
203.917160,120.454399,152.394211,80.498550
203.866104,120.277321,152.394211,80.498550
203.294449,119.568916,152.394211,80.498550
204.038101,119.363106,152.394211,80.498550
202.979233,119.529549,152.394211,80.498550
202.675003,119.892021,152.394211,80.498550
201.401550,119.142715,155.442093,82.108521
200.404785,120.125931,155.442093,82.108521
200.250244,120.963181,155.442093,82.108521
200.285965,121.057655,158.550934,83.750694
199.805435,123.180992,158.550934,83.750694
201.856979,123.319572,158.550934,83.750694
199.132950,122.953941,161.721954,85.425705
199.505814,123.887260,161.721954,85.425705
196.865189,123.290848,164.956390,87.134224
196.388443,123.753662,164.956390,87.134224
196.632797,123.252411,164.956390,87.134224
195.106277,123.507339,164.956390,87.134224
196.059952,122.832993,164.956390,87.134224
195.797501,122.744064,164.956390,87.134224
194.619217,122.294250,164.956390,87.134224
193.530167,121.935318,164.956390,87.134224
193.542862,120.943222,164.956390,87.134224
193.138870,120.139191,164.956390,87.134224
193.202560,119.574951,164.956390,87.134224
192.985336,118.584000,164.956390,87.134224
193.555862,118.640671,164.956390,87.134224
245.654709,101.715332,164.956390,87.134224
246.119827,101.980194,164.956390,87.134224
245.152451,103.115601,164.956390,87.134224
242.712112,104.373795,164.956390,87.134224
241.977127,105.618240,164.956390,87.134224
242.500870,106.061188,164.956390,87.134224
243.301651,108.390190,161.721954,85.425705
244.520798,110.791786,158.550934,83.750694
246.426605,113.699020,155.442093,82.108521
246.904160,118.499458,152.394211,80.498550
254.362106,124.714668,152.394211,80.498550
247.080338,126.984261,152.394211,80.498550
244.435806,130.874924,152.394211,80.498550
244.689957,133.382141,152.394211,80.498550
244.987137,136.121033,152.394211,80.498550
246.471451,137.198883,152.394211,80.498550
249.874527,138.089615,149.406082,78.920151
251.072037,137.909088,149.406082,78.920151
250.885422,137.321991,149.406082,78.920151
251.279312,137.136749,149.406082,78.920151
252.285355,137.029755,149.406082,78.920151
251.815994,138.134445,149.406082,78.920151
251.727707,139.389969,149.406082,78.920151
251.793594,141.024521,149.406082,78.920151
251.303391,142.484100,149.406082,78.920151
250.760696,144.021896,149.406082,78.920151
252.544540,145.259094,149.406082,78.920151
251.195694,147.845978,149.406082,78.920151
251.959579,149.440201,149.406082,78.920151
253.326584,151.739639,149.406082,78.920151
253.232346,152.495941,149.406082,78.920151
252.691788,154.991119,149.406082,78.920151
252.776260,156.791733,149.406082,78.920151
254.065689,157.905487,149.406082,78.920151
254.598343,159.296783,149.406082,78.920151
254.782425,124.598183,149.406082,78.920151
256.555420,126.048775,152.394211,80.498550
156.591568,136.442139,139.721970,73.804749
158.470901,138.097717,139.575714,73.727493
160.992706,139.261978,139.527039,73.701782
160.295670,137.027405,139.575714,73.727493
311.124084,254.973099,126.310074,66.720238
175.835144,206.488937,141.651566,74.824005
201.885925,112.661499,134.552307,71.073997
161.065613,135.583801,139.090408,73.471138
160.997528,133.019806,138.945465,73.394585
161.078690,133.960236,138.993744,73.420082
160.326889,135.130585,139.187195,73.522270
181.319702,218.425644,141.751953,74.877037
159.605499,142.422440,139.575714,73.727493
157.891861,143.501297,139.284119,73.573471
154.905365,143.396973,139.527039,73.701782
154.539322,141.870117,139.478378,73.676079
154.507339,142.331543,139.575714,73.727493
152.454376,143.690079,139.624435,73.753227
272.899994,163.220337,131.760208,69.599144
269.413116,163.335358,131.760208,69.599144
267.914795,163.882294,131.760208,69.599144
265.653809,164.943314,131.760208,69.599144
267.860046,165.948807,129.176682,68.234451
269.908264,166.120789,129.176682,68.234451
269.512299,167.165359,129.176682,68.234451
269.298126,167.634583,129.176682,68.234451
270.028717,167.865036,129.176682,68.234451
269.319580,168.101151,129.176682,68.234451
275.615112,168.786850,129.176682,68.234451
275.965790,168.819366,129.176682,68.234451
277.155731,168.739883,129.176682,68.234451
276.595062,169.547363,129.176682,68.234451
275.926361,170.867142,129.176682,68.234451
275.990784,171.292496,129.176682,68.234451
273.920471,172.424103,129.176682,68.234451
271.195282,172.563110,131.760208,69.599144
267.892029,172.345245,134.395416,70.991127
263.502747,171.534134,134.395416,70.991127
254.551666,170.993820,137.083328,72.410950
249.291718,171.030090,137.083328,72.410950
257.990631,179.559921,134.395416,70.991127
253.147507,178.203720,134.395416,70.991127
245.324051,178.589127,134.395416,70.991127
243.215317,180.143646,134.395416,70.991127
239.155106,178.605331,134.395416,70.991127
234.303970,178.659332,134.395416,70.991127
239.290726,184.399780,131.760208,69.599144
231.404343,185.679565,131.760208,69.599144
227.797318,186.921143,129.176682,68.234451
230.853409,191.053314,129.176682,68.234451
224.023605,192.399643,129.176682,68.234451
221.897232,195.248093,129.176682,68.234451
219.712875,196.312607,129.176682,68.234451
217.053055,197.753052,129.176682,68.234451
216.771484,199.815002,126.643799,66.896523
216.339050,200.086029,126.643799,66.896523
216.411987,201.706100,126.643799,66.896523
216.403198,201.566162,126.643799,66.896523
214.949280,201.063843,126.643799,66.896523
213.349335,201.639862,126.643799,66.896523
213.299744,200.607330,126.643799,66.896523
212.006561,200.476974,126.643799,66.896523
211.329346,200.931747,126.643799,66.896523
212.084442,198.979797,126.643799,66.896523
212.531586,197.217529,126.643799,66.896523
213.479797,195.878174,126.643799,66.896523
213.799377,194.796173,126.643799,66.896523
214.036896,194.424759,126.643799,66.896523
214.531586,194.139740,126.643799,66.896523
215.307037,193.552689,126.643799,66.896523
216.192627,193.214172,126.643799,66.896523
216.615143,193.266357,126.643799,66.896523
217.444366,192.790070,126.643799,66.896523
219.422668,191.797836,126.643799,66.896523
219.689087,190.427765,126.643799,66.896523
218.625366,190.123718,126.643799,66.896523
220.949829,188.183884,126.643799,66.896523
220.412323,187.501465,126.643799,66.896523
221.573120,185.547867,126.643799,66.896523
221.868256,184.647858,126.643799,66.896523
222.211548,182.591660,126.643799,66.896523
221.952881,181.000504,126.643799,66.896523
222.215088,179.298462,126.643799,66.896523
221.899658,177.233337,126.643799,66.896523
221.440491,175.022781,126.643799,66.896523
216.349854,169.180115,126.643799,66.896523
217.235229,168.301956,126.643799,66.896523
216.804993,167.354156,126.643799,66.896523
215.467834,165.838379,126.643799,66.896523
215.616241,163.421997,126.643799,66.896523
214.828979,163.219360,126.643799,66.896523
214.659332,162.774857,126.643799,66.896523
215.198853,163.156693,126.643799,66.896523
215.201294,164.944580,126.643799,66.896523
221.573395,170.215439,126.643799,66.896523
221.469788,171.666733,126.643799,66.896523
220.199097,172.444427,126.643799,66.896523
216.889847,173.056427,129.176682,68.234451
219.041733,175.343475,129.176682,68.234451
225.145203,181.422607,126.643799,66.896523
233.479553,186.948135,126.643799,66.896523
178.411896,217.580933,140.903137,74.428673
187.157410,113.291992,138.704575,73.267334
184.663864,114.124367,138.993744,73.420082
183.787994,114.320229,138.897217,73.369095
184.891510,113.994743,139.235641,73.547859
210.208710,171.628159,142.104446,75.063232
208.902527,174.091660,141.751953,74.877037
210.684418,176.091827,141.751953,74.877037
210.093719,179.080170,141.751953,74.877037
211.340149,181.906052,141.751953,74.877037
212.281509,184.865051,138.972504,73.408859
213.874649,187.043701,138.972504,73.408859
212.570282,188.285645,141.751953,74.877037
211.278564,189.388000,144.586990,76.374580
211.755768,191.181793,144.586990,76.374580
211.649872,193.468475,144.586990,76.374580
212.781708,195.166138,144.586990,76.374580
212.608948,197.030701,144.586990,76.374580
213.904144,198.069977,144.586990,76.374580
213.775848,200.119385,144.586990,76.374580
214.641083,201.533569,144.586990,76.374580
216.213654,202.113037,144.586990,76.374580
216.744629,201.569336,144.586990,76.374580
216.411163,202.394562,144.586990,76.374580
217.565491,202.184738,144.586990,76.374580
218.285858,202.676666,144.586990,76.374580
218.690704,203.643768,144.586990,76.374580
219.713379,203.666382,144.586990,76.374580
219.215088,204.501953,144.586990,76.374580
220.462433,203.910767,144.586990,76.374580
221.288879,203.345627,144.586990,76.374580
222.376282,202.967758,144.586990,76.374580
223.911896,201.611603,144.586990,76.374580
224.480682,201.887436,144.586990,76.374580
227.200439,199.468109,144.586990,76.374580
227.915253,199.265106,144.586990,76.374580
229.837952,197.330704,144.586990,76.374580
231.338226,196.107666,144.586990,76.374580
233.798828,194.527863,144.586990,76.374580
234.980103,193.374481,144.586990,76.374580
237.365387,190.815445,144.586990,76.374580
238.887573,187.754227,144.586990,76.374580
238.109375,186.885757,144.586990,76.374580
239.999542,182.699371,144.586990,76.374580
237.525238,182.092178,144.586990,76.374580
236.905777,178.223816,147.478729,77.902069
235.272629,177.468903,147.478729,77.902069
233.544693,176.273331,147.478729,77.902069
233.377670,174.105743,147.478729,77.902069
231.644058,173.321625,147.478729,77.902069
231.666641,171.336853,147.478729,77.902069
231.845673,170.997253,144.586990,76.374580
231.460999,169.385635,144.586990,76.374580
231.238129,168.376053,144.586990,76.374580
231.370483,167.193039,144.586990,76.374580
231.283325,165.788071,144.586990,76.374580
230.399353,165.365402,144.586990,76.374580
231.648071,165.044418,141.751953,74.877037
232.071396,165.407761,138.972504,73.408859
232.970520,165.357529,136.247543,71.969467
231.811798,166.409210,136.247543,71.969467
232.590332,166.890533,136.247543,71.969467
233.939377,170.045013,133.576035,70.558304
235.602280,171.384216,133.576035,70.558304
242.023849,178.464371,133.576035,70.558304
242.823471,178.599197,133.576035,70.558304
251.083054,184.170639,133.576035,70.558304
255.431839,185.577530,133.576035,70.558304
257.188751,186.230042,133.576035,70.558304
260.296570,186.601303,133.576035,70.558304
258.436401,187.599472,133.576035,70.558304
258.428589,188.126114,133.576035,70.558304
228.172256,172.572937,133.576035,70.558304
239.420364,171.831543,133.576035,70.558304
243.003098,170.743317,133.576035,70.558304
265.379608,172.502655,133.576035,70.558304
269.601257,173.235031,136.247543,71.969467
276.264740,173.392517,136.247543,71.969467
161.169464,132.249008,136.340836,72.018745
161.681061,131.725266,136.526962,72.117065
163.319122,130.775925,136.526962,72.117065
202.976486,110.025696,134.011383,70.788277
163.270386,132.374832,136.807114,72.265045
205.820496,108.564850,132.283066,69.875328
-450.378296,-320.223297,1550.480591,819.003906
225.163498,187.692932,143.223770,75.654495
220.718765,183.459579,143.377777,75.735840
217.346008,184.505310,143.429184,75.763000
219.227921,181.526947,144.152786,76.145226
214.356918,177.908890,144.726486,76.448265
239.233170,163.439453,147.555878,77.942825
212.541977,176.225098,147.664825,78.000366
215.593765,166.320358,150.159164,79.317940
163.320709,130.877884,137.088409,72.413643
221.275330,152.018188,156.137390,82.475800
226.021332,149.519669,153.973831,81.332947
227.721756,148.126404,151.352249,79.948166
255.549057,126.787529,149.429962,78.932762
228.733444,149.159393,148.542145,78.463799
256.917389,127.311226,146.851685,77.570854
210.242462,170.673340,147.719345,78.029175
-479.541138,-327.281921,1565.651611,827.017639
261.582245,123.432045,144.360886,76.255142
214.021790,167.677673,146.959595,77.627846
262.879761,119.422821,143.660980,75.885437
257.440613,119.151505,143.660980,75.885437
258.621796,116.406128,143.660980,75.885437
265.349548,119.253708,143.660980,75.885437
264.706879,121.181763,143.660980,75.885437
264.944641,122.722626,143.660980,75.885437
264.671387,123.788986,143.660980,75.885437
263.592102,123.197266,143.660980,75.885437
264.874603,123.804321,140.844101,74.397484
264.631958,123.812759,140.844101,74.397484
265.917572,124.267136,138.082443,72.938713
267.083954,124.183807,138.082443,72.938713
267.125610,122.740082,138.082443,72.938713
268.442627,122.514343,138.082443,72.938713
270.444763,121.700897,135.374954,71.508545
270.613373,119.887070,135.374954,71.508545
271.672424,119.033096,132.720535,70.106415
269.296478,116.321381,132.720535,70.106415
270.716614,116.437180,127.566841,67.384094
269.625977,115.147171,125.065529,66.062843
269.517456,114.749527,122.613266,64.767487
267.973907,110.971695,122.613266,64.767487
265.984222,108.761032,122.613266,64.767487
193.229858,122.364014,122.613266,64.767487
185.831070,121.921661,125.065529,66.062843
180.822235,120.592606,125.065529,66.062843
178.691391,118.133698,125.065529,66.062843
155.632889,117.726776,125.065529,66.062843
151.795349,294.485474,134.688217,71.145790
313.081390,253.844986,126.031509,66.573097
313.147156,253.254349,126.031509,66.573097
314.378448,253.922348,126.031509,66.573097
314.046753,253.372940,126.031509,66.573097
313.179993,253.897079,126.031509,66.573097
313.641907,253.333328,126.031509,66.573097
314.575745,253.467117,126.031509,66.573097
314.027435,253.845718,126.031509,66.573097
314.117126,253.220749,126.031509,66.573097
313.662323,253.766953,126.031509,66.573097
313.902039,253.219986,126.031509,66.573097
314.421295,253.645493,126.031509,66.573097
313.866974,254.121994,126.031509,66.573097
314.346741,253.809464,126.031509,66.573097
314.024017,253.374802,126.031509,66.573097
313.608093,253.750961,126.031509,66.573097
314.200073,253.344284,126.031509,66.573097
313.782776,253.899857,126.031509,66.573097
314.121338,253.579208,126.031509,66.573097
313.905487,254.168045,126.031509,66.573097
314.335754,253.850327,126.031509,66.573097
314.207153,253.617264,126.031509,66.573097
313.986847,254.083817,126.031509,66.573097
313.776794,253.809525,126.031509,66.573097
314.288116,253.510361,126.031509,66.573097
313.981232,254.114853,126.031509,66.573097
314.484497,253.909103,126.031509,66.573097
314.208923,253.646255,126.031509,66.573097
313.855713,254.172775,126.031509,66.573097
314.411316,254.001785,126.031509,66.573097
314.200531,253.889236,126.031509,66.573097
314.159088,253.764328,126.031509,66.573097
314.236145,253.709061,126.031509,66.573097
314.116486,254.404129,126.031509,66.573097
314.257996,254.301193,126.031509,66.573097
314.480957,254.030838,126.031509,66.573097
314.660828,254.258438,126.031509,66.573097
314.647186,253.976089,126.031509,66.573097
315.483856,254.336258,126.031509,66.573097
316.141174,255.877151,123.560303,65.267738
316.009247,255.398087,123.560303,65.267738
314.637085,254.622177,126.031509,66.573097
315.023529,255.013016,126.031509,66.573097
315.422333,254.952408,123.560303,65.267738
314.299805,254.656570,126.031509,66.573097
314.413879,255.026382,126.031509,66.573097
315.133057,255.009415,126.031509,66.573097
316.238281,255.629623,123.560303,65.267738
316.007935,256.214478,123.560303,65.267738
316.915497,256.862488,123.560303,65.267738
320.057648,257.723999,121.137550,63.987980
320.470764,258.743561,118.762306,62.733315
321.119751,259.599548,116.433632,61.503250
325.173645,258.499268,116.433632,61.503250
230.600449,248.726242,160.458878,84.758522
212.582687,257.053802,160.458878,84.758522
190.705338,262.947235,163.668060,86.453697
168.918411,265.614105,163.668060,86.453697
152.761398,266.060486,163.668060,86.453697
146.928482,265.433411,160.458878,84.758522
138.727280,267.056946,157.312637,83.096596
133.224503,265.359619,157.312637,83.096596
131.608170,266.493347,157.312637,83.096596
131.690735,265.453461,157.312637,83.096596
134.449005,266.146667,157.312637,83.096596
140.729721,270.443817,157.312637,83.096596
153.956985,269.967560,157.312637,83.096596
172.311844,271.616791,154.228073,81.467247
196.588150,269.868530,154.228073,81.467247
227.370682,258.071777,154.228073,81.467247
249.597092,240.238083,154.228073,81.467247
270.294952,218.565781,157.312637,83.096596
292.753967,189.043350,160.458878,84.758522
301.921600,168.173340,157.312637,83.096596
296.214722,245.857040,157.312637,83.096596
300.542542,247.946762,151.203995,79.869850
301.562897,249.399170,148.239212,78.303772
305.032715,250.207809,142.482895,75.263145
306.578827,251.461441,139.689117,73.787399
308.266571,251.795166,136.950119,72.340584
312.572021,253.810211,129.051147,68.168144
313.743988,254.738052,126.520737,66.831520
313.694855,254.361679,126.520737,66.831520
314.353973,254.606430,126.520737,66.831520
314.424225,254.148911,126.520737,66.831520
314.581024,254.503372,126.520737,66.831520
314.863556,254.674515,126.520737,66.831520
315.571808,254.751328,124.039940,65.521095
314.686951,254.306412,126.520737,66.831520
315.032867,254.580978,126.520737,66.831520
316.031128,255.450943,124.039940,65.521095
315.711121,254.869980,124.039940,65.521095
314.831940,254.533005,126.520737,66.831520
315.968536,255.241379,124.039940,65.521095
316.390778,254.808945,124.039940,65.521095
316.144745,255.159836,124.039940,65.521095
316.079590,255.412796,124.039940,65.521095
315.897369,254.989487,124.039940,65.521095
315.079102,254.772568,126.520737,66.831520
316.138550,255.115433,124.039940,65.521095
316.008850,255.392349,124.039940,65.521095
315.570923,255.263809,124.039940,65.521095
316.042114,255.011185,124.039940,65.521095
315.759430,255.338882,124.039940,65.521095
316.060944,255.144272,124.039940,65.521095
315.857544,255.659775,124.039940,65.521095
316.147949,255.339096,124.039940,65.521095
315.826965,255.204849,124.039940,65.521095
314.988586,255.109177,126.520737,66.831520
316.008636,255.532608,124.039940,65.521095
315.874237,255.544876,124.039940,65.521095
316.432831,255.417435,124.039940,65.521095
316.397186,255.323105,124.039940,65.521095
316.321228,255.118668,124.039940,65.521095
316.398254,255.409805,124.039940,65.521095
316.260162,255.089828,124.039940,65.521095
316.384766,255.420547,124.039940,65.521095
316.050842,254.942276,124.039940,65.521095
316.295959,255.046097,124.039940,65.521095
316.287292,255.119003,124.039940,65.521095
316.540649,255.316544,124.039940,65.521095
316.556702,254.943253,124.039940,65.521095
316.509979,255.213730,124.039940,65.521095
316.580505,255.586075,124.039940,65.521095
316.284058,255.168320,124.039940,65.521095
316.065308,255.510361,124.039940,65.521095
315.881073,255.085953,124.039940,65.521095
315.073578,254.853592,126.520737,66.831520
316.083405,254.932816,124.039940,65.521095
316.102722,255.181259,124.039940,65.521095
315.947113,255.497665,124.039940,65.521095
315.121277,254.629532,126.520737,66.831520
315.952972,255.000259,124.039940,65.521095
315.154724,254.766403,126.520737,66.831520
315.932190,254.963150,124.039940,65.521095
314.959351,254.797836,126.520737,66.831520
315.732452,255.122910,124.039940,65.521095
314.849670,254.963120,126.520737,66.831520
315.931946,255.244217,124.039940,65.521095
315.532440,254.323227,126.520737,66.831520
317.180939,255.139694,124.039940,65.521095
317.448517,255.610367,121.607780,64.236366
316.779419,255.610245,124.039940,65.521095
317.576324,255.098801,124.039940,65.521095
319.435822,255.851151,121.607780,64.236366
321.574066,257.237366,119.223312,62.976833
322.393280,258.176880,116.885605,61.741993
322.695496,257.876434,116.885605,61.741993
323.045441,259.212891,114.593727,60.531364
321.603180,258.329468,116.885605,61.741993
321.144806,258.062958,116.885605,61.741993
320.162506,258.296021,119.223312,62.976833
320.224274,258.191711,119.223312,62.976833
320.046051,258.260468,119.223312,62.976833
319.575134,258.083282,119.223312,62.976833
319.151123,258.014069,119.223312,62.976833
318.006714,256.968231,121.607780,64.236366
317.966492,257.010681,121.607780,64.236366
318.846771,257.218964,121.607780,64.236366
318.966797,256.926331,121.607780,64.236366
111.911415,162.975739,302.590027,159.835861
87.639961,182.753098,302.590027,159.835861
72.858788,203.233749,302.590027,159.835861
56.706825,228.586533,302.590027,159.835861
57.943901,264.197998,302.590027,159.835861
62.135979,283.473328,302.590027,159.835861
-76.834724,205.837784,302.590027,159.835861
-93.165535,237.629715,308.641815,163.032578
-95.251335,268.567322,302.590027,159.835861
-24.312080,137.307251,303.508331,160.320938
-56.913853,105.151619,323.382385,170.818924
98.084923,149.565048,315.227753,166.511429
-69.552437,107.854164,338.429779,178.767349
86.378372,162.360214,339.578949,179.374359
78.812386,168.164856,355.576874,187.824890
-119.247620,117.393280,387.244904,204.552765
-121.165321,115.393852,413.675293,218.513962
-136.303925,115.980270,442.015472,233.483978
-127.006088,111.978867,476.786652,251.851013
-149.405624,102.695923,527.736145,278.763855
-65.963387,116.322044,302.590027,159.835861
-72.686234,112.590874,302.590027,159.835861
-75.619858,112.140236,302.590027,159.835861
-77.319725,103.623619,302.590027,159.835861
-92.296173,102.709740,302.590027,159.835861
-28.187479,25.543446,302.590027,159.835861
-89.674706,116.512993,302.590027,159.835861
-57.676964,35.490421,302.590027,159.835861
123.344551,89.534035,497.542297,262.814667
-54.104088,29.939350,302.590027,159.835861
371.598480,-35.026508,302.590027,159.835861
227.113968,154.261108,330.871796,174.775024
94.276711,248.445511,302.590027,159.835861
79.748787,248.130447,302.590027,159.835861
195.690109,210.223343,215.530167,113.848602
181.762436,239.379288,162.743698,85.965416
181.857880,281.324066,148.102188,78.231400
194.304291,246.376083,141.751953,74.877037
194.680054,247.080994,140.260864,74.089409
196.576752,248.693573,139.527039,73.701782
191.421112,246.921936,138.656494,73.241943
195.977585,248.528931,138.034500,72.913391
193.799515,246.995682,137.749313,72.762741
193.940842,249.105698,136.713608,72.215652
133.044174,282.184753,136.900757,72.314514
187.484573,249.612122,137.418076,72.587769
192.572418,248.396805,137.323715,72.537933
196.707535,248.931961,137.370880,72.562843
195.690964,248.851288,136.666901,72.190979
197.524658,247.680344,135.923889,71.798508
131.244553,280.963837,136.457108,72.080162
192.497223,248.401138,135.923889,71.798508
189.545868,248.873688,136.526962,72.117065
195.448364,249.366653,135.693344,71.676727
195.716980,246.900620,135.693344,71.676727
195.872162,248.319763,136.526962,72.117065
193.219543,249.209671,135.647339,71.652428
192.287857,248.632202,136.620224,72.166328
133.092621,283.625122,136.108887,71.896225
194.708527,248.540329,136.387314,72.043297
194.688980,249.384766,135.831573,71.749748
194.371292,248.917053,136.062592,71.871765
