1.000000
0.970286
0.960136
0.961574
0.948393
0.956810
0.940544
0.945161
0.955373
0.949554
0.932952
0.972844
0.933109
0.916221
0.898602
0.908527
0.888168
0.898780
0.912410
0.927796
0.922402
0.924081
0.942444
0.934061
0.939158
0.928265
0.941894
0.937681
0.925257
0.935156
0.933553
0.937962
0.947911
0.951874
0.937991
0.965790
0.949728
0.947659
0.958247
0.959856
0.954544
0.980645
0.974913
0.955954
0.978281
0.976238
0.974406
0.975192
0.936508
0.965230
0.977340
0.955670
0.917905
0.939147
0.939695
0.913100
0.911359
0.931840
0.915717
0.925466
0.934760
0.916283
0.884438
0.896431
0.886575
0.882759
0.872833
0.871849
0.877367
0.839612
0.842154
0.837683
0.798263
0.805591
0.808051
0.864417
0.868189
0.887040
0.925022
0.883450
0.900438
0.894122
0.892245
0.890439
0.888008
0.911286
0.875030
0.895088
0.921343
0.893568
0.912757
0.872293
0.882756
0.850143
0.840750
0.807344
0.765786
0.749624
0.746763
0.732786
0.684445
0.692713
0.646996
0.490584
0.422313
0.452354
0.395281
0.406204
0.355516
0.374065
0.342333
0.393908
0.250800
0.208776
0.201673
0.186861
0.191867
0.176097
0.164563
0.154069
0.147402
0.164972
0.161923
0.175046
0.171742
0.159254
0.171984
0.160901
0.159725
0.165873
0.169768
0.475935
0.367625
0.481711
0.478485
0.371157
0.373422
0.322322
0.302812
0.324549
0.273508
0.248365
0.297004
0.284718
0.279302
0.335193
0.333171
0.296507
0.344732
0.288294
0.269156
0.248937
0.258805
0.310186
0.261734
0.310998
0.248482
0.221637
0.216112
0.218698
0.193484
0.197669
0.169606
0.198442
0.170863
0.106315
0.097024
0.104410
0.085966
0.080200
0.073949
0.076991
0.101974
0.150053
0.156613
0.232529
0.280525
0.267513
0.347086
0.353202
0.234759
0.256174
0.341778
0.212292
0.244194
0.260766
0.230843
0.232735
0.260206
0.278841
0.386545
0.324535
0.274920
0.317390
0.327119
0.238456
0.278632
0.285252
0.251571
0.268760
0.326604
0.309877
0.332470
0.346324
0.258711
0.271999
0.257644
0.263280
0.205518
0.209480
0.201279
0.269984
0.258704
0.304258
0.273895
0.295529
0.275116
0.318204
0.303825
0.362403
0.416482
0.458189
0.558881
0.674387
0.609287
0.579952
0.590709
0.717763
0.664749
0.727448
0.718818
0.752690
0.769978
0.781547
0.794674
0.799714
0.756266
0.803488
0.818437
0.803149
0.837279
0.856219
0.858345
0.851314
0.817600
0.820097
0.748070
0.724750
0.706782
0.640087
0.701995
0.662740
0.662274
0.717743
0.731888
0.742634
0.713168
0.753775
0.742404
0.788385
0.799815
0.728069
0.754397
0.766180
0.809648
0.779380
0.731915
0.779635
0.779581
0.809765
0.800516
0.817318
0.831566
0.844245
0.816306
0.894169
0.844209
0.833319
0.849272
0.837985
0.870133
0.879256
0.880319
0.880606
0.855573
0.805886
0.808307
0.828126
0.796874
0.768469
0.818596
0.844792
0.810478
0.847210
0.799391
0.874136
0.858144
0.899473
0.882857
0.867534
0.878061
0.900477
0.924926
0.936835
0.960852
0.996306
0.989286
0.984917
0.971052
0.996934
1.000000
1.000000
1.000000
1.000000
1.000000
0.961920
1.000000
0.985068
0.994950
1.000000
0.992948
1.000000
0.981508
0.947113
0.953684
0.979783
0.940774
0.936127
0.949940
0.966993
0.913875
0.894266
0.879239
0.863324
0.855552
0.862463
0.836053
0.824485
0.803904
0.771789
0.836528
0.789963
0.774720
0.732608
0.746299
0.743777
0.678131
0.652156
0.572927
0.470519
0.480044
0.370360
0.337005
0.284226
0.306653
0.270463
0.264524
0.290152
0.253781
0.242449
0.241539
0.197912
0.240516
0.227315
0.212134
0.247747
0.214734
0.245451
0.248587
0.240511
0.205371
0.231755
0.215391
0.250159
0.279360
0.295667
0.310453
0.312011
0.300228
0.384406
0.443004
0.340951
0.333920
0.464643
0.443066
0.430048
0.503370
0.562112
0.501338
0.518846
0.501606
0.476811
0.378316
0.404469
0.345616
0.349229
0.428870
0.402182
0.506668
0.539890
0.567016
0.671515
0.729255
0.726190
0.703533
0.654805
0.531539
0.501983
0.440173
0.482563
0.421311
0.324627
0.320345
0.291934
0.274720
0.280080
0.276741
0.252026
0.252463
0.247388
0.233662
0.319766
0.278017
0.294617
0.302423
0.301090
0.302917
0.331634
0.396787
0.411764
0.458319
0.384481
0.415413
0.487859
0.493587
0.484587
0.489463
0.456379
0.615600
0.548460
0.626213
0.580826
0.542682
0.659462
0.830066
0.844444
0.771894
0.646641
0.686189
0.628483
0.570730
0.510918
0.508398
0.498687
0.540292
0.505981
0.503705
0.471800
0.462277
0.496559
0.537390
0.444448
0.488340
0.628235
0.587662
0.645554
0.717112
0.739052
0.763458
0.743603
0.805833
0.798275
0.793293
0.769908
0.779491
0.824880
0.790759
0.676221
0.615935
0.603662
0.586991
0.575468
0.572885
0.561173
0.536362
0.564982
0.534197
0.550834
0.548126
0.548467
0.488017
0.547218
0.564413
0.506750
0.617465
0.545887
0.585531
0.706014
0.616453
0.615676
0.700733
0.816938
0.828649
0.844033
0.871175
0.884150
0.896189
0.892776
0.849049
0.888506
0.860507
0.835158
0.862191
0.855593
0.849270
0.824222
0.823239
0.841631
0.829673
0.830498
0.868853
0.833439
0.840024
0.857302
0.831283
0.816579
0.757509
0.774482
0.750665
0.758255
0.804525
0.842896
0.827703
0.820819
0.803944
0.840871
0.818394
0.775036
0.807796
0.758100
0.733614
0.773208
0.782446
0.777380
0.765203
0.785441
0.781156
0.765725
0.806520
0.812259
0.838742
0.836007
0.802721
0.760852
0.794667
0.794998
0.812317
0.811176
0.812494
0.731865
0.810846
0.730749
0.719417
0.778868
0.769710
0.773569
0.806229
0.809736
0.822677
0.843962
0.851137
0.829306
0.824298
0.827109
0.791151
0.815623
0.783510
0.775738
0.767007
0.807839
0.821322
0.789156
0.806274
0.708772
0.740097
0.692123
0.808392
0.763926
0.778900
0.809694
0.840186
0.868548
0.880225
0.914367
0.898485
0.888626
0.890348
0.901197
0.860221
0.901153
0.867633
0.858403
0.870844
0.855737
0.779155
0.787783
0.756268
0.784992
0.831644
0.833988
0.847512
0.815436
0.829766
0.810625
0.766781
0.776928
0.807454
0.758719
0.725079
0.698870
0.744516
0.631034
0.621997
0.668283
0.661549
0.691203
0.717652
0.763249
0.788629
0.799236
0.753976
0.765887
0.776807
0.663518
0.646960
0.579115
0.769429
0.837818
0.828337
0.847591
0.828584
0.788407
0.743284
0.688042
0.651319
0.495725
0.562613
0.487617
0.568368
0.552672
0.553827
0.583551
0.593988
0.572828
0.545998
0.444768
0.381407
0.352257
0.320553
0.327853
0.362486
0.320351
0.253543
0.256435
0.362462
0.367140
0.421457
0.405453
0.422933
0.405996
0.393196
0.497128
0.513389
0.919689
0.929959
0.907699
0.880785
0.954643
0.897650
0.908878
0.933998
0.915639
0.927440
0.917816
0.858448
0.940332
0.917930
0.866284
0.871198
0.904180
0.952558
0.918954
0.909619
0.898526
0.902115
0.864497
0.868743
0.814534
0.853939
0.795218
0.755035
0.780101
0.793357
0.893903
0.903356
0.865617
0.805570
0.815888
0.621121
0.151618
0.075319
0.055252
0.076650
0.114373
0.110695
0.138500
0.230845
0.245274
0.274134
0.309701
0.325851
0.351295
0.247354
0.275523
0.261531
0.233166
0.235574
0.222799
0.236823
0.246327
0.230706
0.292522
0.296793
0.289650
0.328517
0.320585
0.325939
0.297323
0.340041
0.361476
0.376888
0.412303
0.388305
0.387738
0.402559
0.375130
0.424594
0.458187
0.444337
0.414936
0.456703
0.461934
0.496872
0.942603
0.955678
1.000000
0.992801
0.986609
1.000000
1.000000
0.995428
0.987636
1.000000
0.999727
0.985413
0.999497
1.000000
0.975652
1.000000
1.000000
1.000000
0.999992
0.988480
1.000000
0.975823
1.000000
0.998315
1.000000
1.000000
1.000000
0.997042
1.000000
1.000000
0.992957
1.000000
1.000000
1.000000
1.000000
0.999193
1.000000
1.000000
0.983268
0.967007
0.977741
0.987882
0.976115
0.979570
0.997138
0.972713
0.986800
1.000000
0.970003
0.968766
0.960287
0.996433
0.984612
0.974970
0.966106
0.989645
0.982768
0.956153
0.964211
0.968844
0.904167
0.920250
0.908455
0.976675
0.969362
0.937112
0.941218
0.909442
0.922477
0.882934
0.856521
0.767361
0.707762
0.692653
0.514384
0.512044
0.394160
0.231288
0.196571
0.180486
0.163719
0.273731
0.327311
0.357048
0.317522
0.232832
0.202056
0.198095
0.186412
0.152464
0.137245
0.155561
0.176006
0.159252
0.174293
0.148206
0.133242
0.155071
0.116746
0.160304
0.156276
0.107108
0.144172
0.194534
0.148040
0.140059
0.094786
0.101960
0.125043
0.109453
0.184267
0.120159
0.118592
0.134007
0.115085
0.095691
0.106311
0.134956
0.119836
0.150398
0.110675
0.135673
0.090651
0.136713
0.122205
0.150212
0.109422
0.159221
0.105249
0.145146
0.114777
0.106823
0.119390
0.131182
0.105753
0.127454
0.129805
0.099372
0.155407
0.120168
0.065875
0.067286
0.084742
0.094325
0.136464
0.114336
0.108201
0.101343
0.118312
0.120388
0.139474
0.135539
0.103697
0.085922
0.079729
0.068479
0.058135
0.056445
0.062997
0.053113
0.062734
0.083839
0.073755
0.070054
0.073276
0.070738
0.078268
0.074772
0.081045
0.129396
0.206721
0.304508
0.175026
0.122460
0.160114
0.100412
0.123296
0.117386
0.098648
0.098512
0.107982
0.118490
0.112025
0.109377
0.118790
0.137641
0.098377
0.145132
0.119614
0.116868
0.120834
