265	141	57	120
261	135	60	124
261	136	61	123
260	137	61	121
257	134	58	124
258	131	57	123
253	132	59	121
256	129	54	123
248	130	60	118
245	129	60	121
241	127	62	122
237	126	63	121
232	127	64	118
233	126	58	121
227	125	62	119
225	122	61	119
224	118	62	120
223	115	60	120
222	115	62	122
220	115	63	119
220	112	61	122
220	112	58	122
220	110	58	122
217	110	58	120
211	108	63	120
210	104	63	123
210	103	59	125
205	106	62	123
204	103	61	120
200	101	62	126
195	100	62	124
190	100	65	124
188	99	64	124
184	97	64	127
183	96	62	126
180	97	63	125
179	94	65	126
181	93	61	125
180	93	59	124
176	93	65	123
179	91	63	122
178	91	65	123
180	92	63	118
182	89	61	124
183	91	61	120
182	89	64	123
186	90	61	119
187	90	60	121
191	89	59	120
196	88	56	122
197	89	58	119
199	89	60	121
203	88	59	123
206	89	60	116
208	88	60	122
212	87	60	128
215	90	60	120
219	88	60	120
224	88	55	121
222	89	61	118
229	88	55	119
234	88	53	122
237	89	53	121
239	90	53	118
240	91	54	116
243	90	54	117
246	90	52	117
248	88	54	117
253	88	50	115
255	88	48	115
255	88	53	114
259	88	49	115
261	86	52	114
262	86	53	112
265	83	52	114
268	85	50	113
274	84	46	111
276	84	45	110
280	82	44	112
281	82	46	109
284	82	44	107
286	80	43	109
288	80	42	105
289	79	44	105
290	79	45	106
292	79	42	106
292	79	42	106
289	81	44	101
290	76	42	108
289	75	41	108
292	73	38	110
290	72	40	117
286	72	46	116
289	69	44	118
289	65	44	126
290	59	40	134
292	72	42	153
290	58	67	167
287	55	90	173
284	60	99	173
286	59	97	171
285	58	96	172
284	59	95	172
284	59	97	171
284	59	96	171
281	61	99	172
280	59	99	170
278	58	104	172
272	60	112	170
272	58	115	174
274	58	107	172
277	59	84	172
298	65	94	158
282	61	94	167
277	59	82	172
290	60	95	169
265	60	111	176
249	63	138	168
249	61	147	170
246	61	171	168
243	67	175	161
243	68	181	159
238	66	180	158
241	67	180	157
236	67	182	157
240	67	182	157
234	66	182	159
241	66	174	157
238	66	176	160
234	67	178	160
236	67	179	168
227	64	184	168
228	67	180	170
227	65	179	163
230	64	175	147
223	60	179	162
233	59	167	151
191	69	173	177
196	67	149	174
201	60	137	205
210	59	128	234
206	54	130	265
203	49	133	243
197	59	147	282
195	52	153	286
190	23	190	305
187	56	185	299
199	55	147	280
205	36	125	254
201	55	119	230
210	55	91	197
212	56	85	198
213	59	86	188
217	61	79	188
213	60	84	188
214	60	81	191
214	59	82	196
214	60	80	187
215	60	80	191
214	59	81	195
215	61	80	192
211	58	83	196
214	59	78	198
206	58	91	199
210	57	84	192
211	61	84	189
211	61	82	190
211	59	83	194
211	60	84	194
211	60	82	198
215	60	77	196
212	60	75	187
209	59	84	188
209	63	85	186
207	61	88	193
207	60	88	195
203	61	92	195
207	63	88	185
210	60	83	191
206	63	85	188
204	61	90	191
200	60	94	191
206	59	86	190
199	61	97	195
202	60	93	191
200	61	95	196
198	62	97	192
199	60	93	192
199	63	94	192
196	61	99	190
195	64	101	189
197	63	98	194
197	60	101	202
198	61	101	206
200	61	98	204
200	63	101	197
202	61	95	191
202	60	94	201
200	64	118	186
197	63	107	185
202	64	102	182
200	64	99	178
200	61	107	182
199	66	122	178
199	63	123	176
200	62	121	179
205	65	89	165
205	59	87	175
205	58	87	172
208	61	84	169
207	59	86	173
208	58	87	174
206	58	85	183
208	60	87	174
208	58	83	178
207	59	87	177
210	62	86	167
208	58	85	170
210	60	83	165
206	58	91	179
208	58	88	178
209	57	87	180
210	59	85	173
207	57	91	175
210	59	84	172
210	58	83	171
209	58	83	170
206	58	89	170
207	57	89	181
206	60	97	177
208	61	87	177
209	60	83	172
208	58	84	171
208	57	86	176
207	57	88	178
206	59	88	178
210	60	84	171
206	59	87	170
207	59	87	171
210	58	84	174
207	57	86	179
207	59	91	178
204	61	106	177
203	63	99	180
207	59	90	186
207	60	91	186
207	59	95	186
206	60	93	191
206	58	92	188
208	60	88	186
206	62	98	176
209	59	83	176
208	58	87	176
209	58	85	170
209	57	84	174
210	57	82	179
210	58	82	175
210	57	83	175
211	57	82	179
209	57	87	184
208	59	91	177
210	59	91	177
207	59	99	188
207	61	97	186
209	59	87	193
210	58	88	185
208	58	92	187
209	58	81	179
209	58	83	183
209	57	88	184
209	57	89	181
209	58	92	182
209	57	87	182
208	58	97	183
211	56	87	190
208	59	102	187
213	57	79	186
209	57	94	191
209	58	96	192
208	59	100	180
208	59	113	185
205	61	145	190
205	61	142	195
207	63	139	188
207	64	138	184
207	63	142	187
207	64	142	188
208	62	142	191
206	62	140	187
205	63	144	182
206	62	141	189
208	62	133	188
207	63	142	181
209	62	136	189
208	62	140	186
208	61	137	189
207	63	138	181
208	61	141	193
208	62	131	191
207	60	142	187
207	63	142	191
205	64	140	184
206	60	143	191
204	60	145	194
207	60	140	189
207	62	143	179
208	62	135	192
207	62	137	190
206	61	141	188
207	60	141	192
206	63	135	183
207	63	143	185
208	63	131	184
208	63	140	182
210	63	129	187
208	61	142	185
206	61	136	184
209	62	140	183
207	62	134	190
208	62	140	177
209	62	137	187
206	62	142	190
206	62	140	184
208	63	134	185
207	61	140	192
206	62	142	193
206	63	143	192
204	64	142	191
205	62	138	189
203	63	142	181
205	62	140	191
205	61	137	195
206	61	134	206
200	65	143	213
194	62	150	229
194	62	154	248
181	58	169	295
182	40	167	329
178	32	175	334
183	55	167	305
178	47	191	310
185	59	167	302
191	51	155	295
193	55	150	278
178	53	178	305
195	46	150	293
180	60	166	295
194	53	140	248
187	61	159	247
187	59	155	241
192	57	153	294
179	50	167	292
173	58	174	298
176	57	170	289
182	56	159	269
176	55	175	303
175	41	183	319
166	60	181	297
170	53	183	297
164	61	185	293
169	56	182	306
166	56	180	299
165	55	189	305
169	57	174	293
169	58	179	291
165	57	187	297
167	59	181	294
164	56	186	300
170	57	177	299
166	56	185	298
166	57	185	296
168	58	183	295
169	59	178	290
172	60	179	293
176	55	172	298
169	59	181	296
173	58	177	296
175	57	176	296
182	52	164	302
182	52	170	307
185	56	169	296
183	51	172	306
186	56	167	296
190	52	166	309
199	53	159	297
193	53	164	305
204	49	152	306
207	55	152	307
204	48	157	309
200	47	166	306
215	56	147	297
213	51	153	301
213	59	153	300
220	52	148	294
221	55	149	301
213	48	161	299
229	57	140	296
226	52	144	297
234	53	137	302
227	55	146	302
238	52	136	303
236	52	139	304
235	50	138	304
234	57	141	305
231	51	149	301
245	56	134	303
243	57	138	291
241	56	133	293
238	52	141	296
244	58	136	298
240	58	141	291
243	57	136	298
244	53	134	297
244	57	136	295
241	55	143	297
248	54	131	293
246	57	133	291
249	56	131	292
242	57	136	292
245	54	135	295
247	52	135	295
244	56	135	293
248	57	133	292
238	59	141	289
238	53	141	292
239	56	139	296
236	55	140	294
239	57	138	292
225	54	151	296
233	54	143	296
224	49	147	303
227	55	142	307
216	53	147	299
221	55	139	303
210	55	146	300
209	53	147	298
206	59	148	292
196	51	156	306
197	58	152	299
193	54	153	300
184	55	160	297
185	51	154	300
184	54	153	302
180	56	153	294
183	57	147	297
178	55	150	297
169	53	163	300
175	54	154	297
175	56	151	299
170	54	153	302
176	55	144	297
168	52	150	299
169	55	149	297
160	51	158	302
162	57	150	294
156	50	155	301
153	53	160	303
146	52	168	305
147	54	171	298
142	52	184	301
152	53	143	297
145	52	149	302
147	48	147	305
140	46	158	309
140	57	160	298
135	42	174	318
131	51	186	304
126	54	164	299
124	52	182	306
125	56	195	295
126	51	164	303
119	52	179	311
116	50	201	302
112	52	208	295
114	53	182	296
111	53	200	304
107	51	192	303
104	56	202	294
106	56	192	293
110	54	177	298
114	53	173	306
114	52	166	305
113	53	168	303
111	54	172	297
114	52	167	305
115	55	164	303
117	51	161	307
121	56	159	302
120	46	154	312
126	55	142	304
117	50	157	305
127	56	145	303
135	53	132	303
137	50	131	309
135	48	134	306
141	53	129	303
139	54	133	306
146	52	125	306
146	57	129	296
142	56	141	296
147	56	130	295
146	54	129	295
156	53	125	294
153	54	122	292
158	56	124	295
156	56	129	297
159	58	122	292
162	57	125	297
165	63	123	287
166	59	126	285
167	57	122	296
170	57	120	284
170	60	121	291
173	60	122	282
175	59	121	289
177	57	119	296
176	60	124	287
175	61	120	282
183	60	122	286
185	60	119	285
182	59	120	292
186	59	115	283
185	58	119	292
187	59	119	286
191	59	120	287
187	62	122	280
189	61	117	286
190	61	120	281
189	59	126	285
192	62	122	283
188	62	132	282
188	61	133	284
182	57	141	284
186	59	139	288
184	57	145	286
182	60	145	288
184	59	144	280
189	61	139	286
190	61	138	286
201	61	124	284
203	63	120	283
201	64	123	279
200	64	126	283
204	63	118	282
201	65	126	277
200	64	127	279
197	65	131	275
202	63	125	280
201	62	130	280
198	61	130	285
199	62	131	278
198	59	132	283
197	61	135	280
200	62	129	285
199	63	130	280
191	63	142	282
191	61	138	285
186	59	146	284
189	61	140	277
190	62	138	278
183	62	143	280
180	60	143	287
182	58	142	289
184	60	136	288
180	60	138	284
180	59	138	282
185	57	130	285
173	60	141	278
172	58	143	286
170	62	143	283
164	61	150	282
167	65	142	276
164	61	145	283
167	61	136	287
166	63	140	273
161	63	139	276
162	65	137	264
163	63	133	270
158	68	137	260
158	65	136	273
160	66	135	266
158	65	130	279
163	67	128	274
157	65	131	267
161	66	123	266
156	64	130	284
161	65	123	275
161	65	126	281
159	64	126	289
162	63	126	286
158	64	131	276
158	64	129	282
162	65	127	283
159	68	134	280
162	64	130	281
162	64	128	290
164	64	129	284
163	64	131	289
166	64	129	288
165	63	128	291
168	66	125	283
175	64	121	293
176	69	119	285
175	68	122	284
178	71	123	277
177	72	127	278
180	70	126	284
185	67	125	286
187	71	126	281
193	71	123	276
185	70	133	277
196	68	123	283
197	71	125	279
201	69	121	282
200	70	126	279
199	71	127	278
202	72	125	277
206	71	125	277
212	70	117	280
214	69	119	278
212	68	126	281
214	67	123	283
217	64	120	284
222	66	120	283
223	68	120	282
224	64	121	285
229	65	122	286
236	64	119	287
233	67	123	277
237	67	122	274
242	67	120	268
244	66	116	269
247	67	119	269
251	66	114	281
251	67	116	280
256	66	113	271
259	68	112	278
259	67	113	277
262	65	111	286
262	70	113	276
265	68	112	285
268	66	108	281
271	68	105	281
270	69	110	278
272	72	107	263
276	70	105	278
277	61	104	288
279	68	101	280
277	65	104	274
282	70	99	263
283	71	99	239
284	72	100	228
288	71	96	233
290	74	95	220
291	71	92	231
291	71	95	233
291	74	96	228
294	74	93	233
295	75	93	228
296	75	92	231
300	75	91	229
301	76	91	223
303	77	91	221
304	74	92	223
310	72	89	228
310	73	91	226
311	73	92	226
314	72	92	227
315	75	95	218
318	70	93	228
322	70	92	230
326	71	91	225
326	70	92	225
334	70	88	221
334	68	89	227
338	67	88	235
343	65	87	238
345	70	84	230
346	68	88	231
349	67	86	226
353	68	83	223
354	68	85	228
356	67	87	232
356	68	86	228
358	68	87	235
361	68	87	231
366	66	85	233
365	69	86	245
367	67	86	246
368	66	87	258
366	66	89	269
371	66	90	279
370	66	88	283
372	64	91	285
372	66	91	282
370	67	94	282
372	66	93	281
376	68	90	277
374	68	94	274
379	66	90	282
382	67	88	280
381	70	87	279
387	67	85	285
383	67	88	284
389	67	87	287
387	71	89	278
391	71	87	277
394	69	84	283
397	71	88	272
399	69	85	275
403	67	86	279
405	67	87	280
406	67	90	276
408	68	88	273
412	69	89	269
414	70	88	268
415	68	90	268
417	66	88	272
418	65	90	275
423	64	87	274
425	64	87	273
426	65	85	273
429	66	86	266
429	65	84	271
431	66	88	269
433	65	86	270
436	64	86	271
436	64	87	269
439	65	88	265
443	66	86	260
443	64	90	270
446	64	86	269
445	65	91	268
448	61	90	270
451	62	88	270
453	64	89	267
451	63	93	268
453	60	94	275
453	67	98	263
454	67	97	267
456	68	97	262
457	65	98	266
458	67	99	264
459	67	98	261
457	65	103	268
459	68	103	264
455	71	106	261
459	67	109	263
457	71	110	262
456	71	111	258
453	72	114	261
456	70	115	262
450	69	121	260
459	66	113	263
447	67	124	264
454	65	115	267
444	67	127	266
448	67	123	260
443	66	126	263
441	67	124	265
440	70	125	252
440	70	123	261
439	69	122	255
437	68	122	266
434	72	122	254
433	73	117	259
432	74	117	258
426	73	123	263
431	69	116	257
424	71	120	259
427	67	117	260
423	71	115	259
425	74	111	255
418	74	118	256
418	75	119	250
419	75	113	250
414	73	120	262
417	72	114	256
414	75	116	257
413	75	116	258
413	76	110	255
412	73	116	258
412	75	110	259
413	77	109	249
411	76	109	251
412	76	108	251
409	77	109	249
410	77	109	253
412	75	107	254
410	78	106	252
413	74	106	254
411	76	107	253
408	78	112	248
408	74	116	259
410	75	107	248
410	73	108	259
411	72	108	255
409	75	108	252
409	76	110	253
408	73	114	261
411	72	107	257
409	74	109	257
412	72	107	259
412	74	103	258
411	75	105	253
412	74	105	260
412	77	105	253
412	73	106	260
408	74	107	260
413	73	106	261
410	74	108	260
412	76	107	252
411	75	105	255
412	73	109	255
409	78	108	250
410	74	107	257
411	75	107	256
414	73	103	259
410	77	108	251
412	77	106	250
412	72	107	260
410	74	107	257
410	73	109	255
411	76	105	256
411	73	107	256
410	72	107	260
413	73	102	260
407	70	110	267
411	74	105	251
411	75	105	253
413	75	102	253
407	74	109	250
409	74	104	259
408	74	107	254
411	76	105	248
410	73	105	261
411	73	104	257
412	71	103	258
408	76	105	253
408	73	108	256
409	73	105	261
410	73	104	259
408	71	105	262
406	75	109	255
409	74	106	254
413	74	99	253
409	70	103	265
413	72	100	263
411	71	102	263
411	75	101	255
411	70	101	264
411	74	100	254
416	70	96	262
414	69	97	263
413	70	103	261
412	73	99	258
412	69	100	259
414	76	101	250
415	70	100	261
415	70	99	263
415	71	98	259
415	73	101	255
415	70	99	260
416	71	98	257
416	71	97	262
417	70	99	262
417	72	97	257
416	70	99	258
416	68	95	262
414	68	100	262
415	71	98	256
415	71	99	256
415	70	99	261
415	71	97	259
417	73	96	259
417	70	95	263
417	71	96	260
416	70	94	258
416	68	95	264
415	70	96	259
415	68	96	265
415	72	101	257
417	69	94	264
417	71	96	260
416	67	94	268
416	68	97	259
416	71	98	259
415	71	98	259
415	70	101	257
415	72	96	257
414	71	99	258
416	68	99	264
413	72	100	252
415	73	98	254
417	72	96	255
416	70	97	261
417	70	97	261
415	70	97	264
418	72	97	258
419	70	98	263
418	66	94	269
416	73	98	255
418	72	95	258
416	71	98	258
418	72	95	257
419	70	93	262
416	72	99	254
417	71	94	262
416	72	100	252
418	73	96	255
416	70	97	262
417	70	96	263
417	70	98	258
417	73	97	258
417	70	96	261
418	72	97	257
417	70	97	260
417	70	96	262
418	72	96	258
418	69	99	260
418	72	95	257
418	69	99	261
418	70	94	262
419	68	96	264
418	71	99	263
418	73	96	256
419	70	99	260
419	73	97	256
419	69	96	261
419	70	98	260
420	74	98	253
419	70	98	258
419	71	99	258
419	73	99	254
420	73	97	255
420	72	98	256
420	74	95	249
421	74	98	255
420	69	95	263
420	73	97	254
418	70	103	261
420	74	96	259
419	71	99	257
419	73	97	251
420	71	95	258
419	69	94	261
416	69	105	259
418	71	96	255
419	69	94	261
417	70	98	261
420	75	95	255
419	69	95	263
418	75	96	252
420	71	96	257
417	75	99	249
417	74	95	252
419	74	94	253
417	71	99	257
418	73	96	253
417	76	94	250
417	75	97	248
418	75	94	249
415	76	98	247
418	74	96	250
417	72	96	254
417	71	96	255
417	74	94	254
418	77	94	247
415	73	97	257
417	75	94	253
416	72	94	256
415	74	94	252
415	75	96	250
414	74	95	249
414	79	97	238
415	76	95	248
416	73	96	256
414	71	95	256
415	75	97	248
414	74	96	250
416	75	94	251
415	74	96	250
416	75	97	250
415	72	97	254
416	74	94	249
416	75	93	250
415	76	96	246
415	74	96	252
415	75	93	246
414	74	92	251
416	74	96	248
415	74	96	250
413	74	96	252
414	74	95	249
414	73	98	252
415	74	94	253
414	74	96	252
415	73	93	254
414	74	98	250
413	72	97	254
413	72	96	254
414	74	96	254
414	74	98	252
413	73	96	255
415	72	94	258
414	71	98	257
412	73	97	250
415	75	98	254
413	72	99	255
414	74	100	253
414	72	98	258
413	72	102	259
415	72	99	246
413	74	102	247
413	74	102	252
413	74	108	251
412	71	107	258
413	73	101	246
413	74	102	253
411	71	107	258
413	73	100	254
412	71	109	255
413	73	103	250
412	72	109	250
412	72	106	253
411	73	106	251
414	74	105	252
412	74	106	255
414	73	104	248
411	74	109	250
411	72	112	259
413	71	106	251
413	73	104	253
414	72	104	255
410	74	113	250
411	72	107	249
413	72	106	253
412	73	105	253
412	75	104	250
413	73	102	255
413	73	102	255
411	74	107	256
412	72	103	256
409	75	110	254
410	73	107	250
409	71	106	259
410	73	103	254
408	73	106	252
407	73	110	252
409	71	106	260
407	72	105	254
408	73	104	255
410	73	102	258
409	74	103	256
409	74	104	253
408	72	104	260
406	72	104	261
408	74	104	249
406	73	103	262
406	73	106	250
407	74	104	254
408	72	102	259
406	73	101	249
407	75	104	238
407	75	102	241
407	74	102	245
407	75	104	250
406	74	104	251
406	73	106	252
406	73	103	257
406	75	102	258
403	75	107	248
404	74	106	252
405	75	102	249
406	74	101	254
406	75	101	251
405	76	102	239
405	74	101	247
408	75	101	233
406	74	102	250
405	74	101	252
404	74	104	256
403	73	102	258
404	75	105	254
404	73	103	253
406	75	102	257
405	73	101	248
405	75	102	247
404	75	103	251
403	74	105	252
403	73	103	253
403	76	108	246
404	75	104	255
403	74	104	260
404	74	101	261
405	73	101	255
402	75	107	255
402	74	103	251
403	74	103	255
403	75	105	253
403	74	103	255
405	73	100	263
403	75	104	256
405	76	102	249
403	77	103	249
404	76	104	248
405	77	100	250
405	76	100	246
405	77	102	247
405	75	102	256
405	75	103	243
405	78	104	228
406	76	102	245
404	75	105	258
407	76	102	250
407	76	101	249
405	77	101	248
404	77	106	248
405	75	102	254
404	76	106	243
405	76	103	250
404	76	103	253
405	74	104	258
405	74	102	254
406	75	103	253
405	75	100	248
406	76	103	247
406	74	101	254
405	75	104	256
405	73	105	252
405	74	108	250
407	73	104	254
405	76	110	248
408	75	102	248
408	75	103	247
406	76	103	251
405	74	105	246
405	74	109	245
405	74	108	251
405	73	106	246
407	74	107	244
407	76	108	237
408	75	103	247
407	75	105	252
405	72	106	262
406	72	107	260
406	74	104	253
407	73	106	252
406	74	110	251
407	72	105	258
406	72	106	260
405	75	111	257
406	73	109	251
406	74	107	258
407	74	106	258
406	75	111	247
406	73	105	252
406	71	106	262
407	73	104	250
406	74	110	257
406	75	108	242
404	76	116	244
406	73	107	251
406	74	106	252
407	75	104	255
406	74	108	258
404	74	110	245
404	74	112	254
405	73	107	257
405	74	106	257
405	73	107	257
404	72	108	262
406	73	104	253
405	73	110	259
408	73	101	249
406	73	105	256
405	71	104	263
405	75	106	257
405	73	104	245
403	73	108	248
403	74	108	254
402	73	106	262
403	74	103	255
403	72	106	259
401	74	109	260
400	73	107	258
397	76	108	253
395	74	111	261
395	73	109	267
392	72	109	255
390	72	110	259
386	71	115	272
384	72	112	246
381	71	111	245
374	72	135	238
372	71	128	237
370	66	121	246
364	71	143	243
360	75	134	237
357	68	145	266
357	69	129	254
355	67	129	264
353	66	121	274
350	67	145	267
351	71	122	261
352	67	107	275
352	68	111	282
351	69	105	273
351	69	117	281
351	69	106	269
350	69	109	278
349	68	115	283
349	70	104	254
347	70	113	270
346	69	117	274
348	67	114	270
346	67	103	281
346	67	112	275
345	68	117	265
342	66	127	279
342	64	141	275
340	61	132	283
342	62	129	270
338	61	129	280
339	63	130	282
334	65	136	282
335	60	137	285
333	58	135	288
326	63	149	286
320	61	158	298
324	62	156	292
328	63	145	290
329	59	143	289
329	67	146	285
330	62	147	287
331	61	149	291
317	58	169	296
325	59	170	291
333	62	164	284
321	60	178	285
310	59	197	288
299	61	223	284
298	57	228	287
299	65	240	288
296	64	252	291
304	69	254	287
317	70	245	280
327	76	253	272
328	74	280	282
330	84	297	267
339	95	284	256
346	105	290	246
340	131	290	226
