267	83	153	448
255	87	182	456
253	79	187	460
252	97	186	441
252	84	183	455
245	81	180	453
234	84	187	462
232	93	187	446
232	83	176	455
226	83	181	457
217	89	183	449
213	91	186	451
208	78	187	464
204	87	188	456
200	93	189	451
196	94	192	446
207	92	178	446
201	94	176	445
203	93	175	447
203	91	172	450
193	97	186	441
198	97	175	437
190	93	189	444
192	95	186	439
191	97	188	431
191	89	190	439
187	89	190	438
185	91	193	434
182	98	188	431
185	103	180	427
180	90	187	441
177	91	187	434
177	87	183	444
176	74	189	458
171	78	194	444
171	78	193	457
164	77	195	451
158	80	209	462
151	72	209	464
138	67	226	470
132	66	215	476
117	67	230	478
100	79	239	471
95	74	239	477
75	73	254	469
75	64	239	485
66	69	246	484
57	66	242	480
40	71	254	480
30	60	246	493
33	64	236	486
28	69	244	483
30	69	237	475
17	60	254	484
29	54	233	502
35	58	229	492
27	64	237	486
35	56	227	492
37	64	220	478
40	67	221	485
47	60	217	484
56	66	203	479
64	68	201	472
67	70	203	473
82	89	185	462
87	68	190	458
84	69	194	470
93	74	187	464
93	72	185	456
100	68	182	465
108	75	169	432
120	66	167	463
124	68	157	461
138	55	153	482
141	67	150	468
145	77	156	457
152	75	155	458
159	76	170	461
168	90	180	444
175	88	193	443
178	70	201	468
191	61	202	479
194	52	222	491
206	45	216	488
213	32	219	511
225	66	211	478
240	67	208	473
245	64	202	468
257	65	196	473
265	80	195	463
262	87	198	453
270	77	193	466
271	82	193	459
273	96	195	441
284	84	183	460
289	91	174	450
289	79	170	466
286	80	174	453
288	89	170	452
281	88	180	444
282	88	172	442
282	86	172	448
284	84	169	442
284	93	166	434
286	86	160	440
290	84	157	445
292	91	155	435
296	85	149	451
295	82	148	454
298	83	145	455
299	94	145	439
301	97	140	433
299	90	148	449
307	90	135	449
308	92	135	442
307	96	136	443
308	101	138	432
311	101	135	437
316	94	130	444
314	109	132	425
317	107	126	430
314	95	125	442
317	97	121	438
313	93	120	445
318	96	115	439
315	99	115	438
316	113	116	420
315	107	116	426
316	101	111	435
312	111	119	418
314	109	113	417
315	103	114	425
319	99	112	428
320	106	109	420
321	107	109	420
323	96	107	429
328	99	100	422
334	116	100	397
334	95	102	412
335	105	103	401
333	105	103	394
341	112	100	383
339	118	100	377
345	113	97	376
347	118	96	375
351	121	92	368
352	111	89	380
354	110	86	378
352	107	87	382
349	119	86	370
353	134	81	351
352	129	83	353
347	135	87	336
347	127	88	337
344	134	88	326
347	128	86	331
345	121	88	338
344	124	87	336
346	130	85	327
347	129	85	323
350	135	81	319
353	147	79	304
354	142	81	309
357	146	79	303
357	132	78	317
359	146	77	294
360	147	76	289
358	141	78	292
357	147	82	285
356	147	79	287
360	153	77	279
357	153	77	280
357	149	76	282
352	151	81	281
358	150	73	283
353	155	77	273
348	154	76	275
350	147	72	279
345	148	74	273
343	151	74	270
339	147	76	268
337	152	75	265
336	159	78	255
333	148	79	270
331	142	78	277
330	147	77	266
330	151	77	262
331	154	72	258
331	150	71	260
331	148	69	264
330	153	68	256
330	145	68	267
328	156	68	254
332	150	63	263
330	148	65	264
332	152	62	258
330	147	63	265
332	148	59	263
326	151	66	254
328	152	61	251
329	148	59	261
327	149	60	260
326	150	61	259
327	149	58	260
324	146	61	264
322	150	62	259
322	142	61	266
322	147	57	261
321	150	58	254
321	147	57	256
321	145	54	257
322	150	50	257
321	155	47	250
317	155	48	249
309	159	55	246
314	149	44	255
309	150	48	260
307	154	47	249
306	150	44	247
303	150	47	242
302	140	48	241
301	128	50	246
305	138	48	252
302	121	51	270
301	144	56	256
303	127	50	261
302	131	52	268
300	119	53	267
299	119	55	276
299	121	54	276
298	113	50	272
294	128	61	263
305	121	44	258
300	120	57	271
292	114	62	280
301	119	48	262
302	124	51	266
296	113	57	280
296	122	59	269
302	121	50	263
299	127	65	267
305	127	83	251
310	128	104	250
248	119	123	248
225	101	123	250
257	112	149	280
251	110	176	274
217	81	205	306
209	95	218	354
129	49	219	406
120	53	233	456
83	13	293	499
73	-6	279	520
63	-7	299	540
55	-12	303	536
51	-3	312	536
40	-13	332	535
39	0	336	535
35	-15	340	539
56	1	303	517
46	-8	319	542
34	-9	348	538
25	3	360	524
40	4	333	515
34	-3	347	532
33	2	352	523
29	0	346	528
39	1	321	520
36	-11	330	540
33	0	336	519
39	0	330	520
39	1	333	520
31	-5	357	539
35	1	340	519
30	5	357	515
39	-2	331	530
40	-2	332	525
35	2	357	527
38	5	357	519
38	0	338	529
33	4	350	514
39	-2	329	524
47	-2	324	537
40	-11	330	538
39	2	337	512
39	1	329	514
43	-4	329	526
39	2	332	518
41	-3	328	526
54	-5	310	531
34	-2	340	531
46	-6	316	536
34	-5	336	526
49	0	311	512
51	-1	313	523
44	-5	319	520
54	-13	310	546
49	-9	317	547
41	0	332	506
41	7	347	505
54	1	320	525
45	-1	340	524
50	0	324	529
45	-8	329	531
35	0	326	525
35	-2	347	534
37	-1	339	519
37	1	347	523
38	3	342	517
33	-6	340	537
37	1	331	526
33	-6	343	528
43	0	325	522
37	-4	342	528
36	-1	339	536
24	1	378	525
27	-3	389	524
25	-6	372	542
37	-3	342	530
30	1	356	527
33	-4	349	529
31	7	353	515
33	0	350	524
42	0	330	525
39	-1	342	523
41	6	342	517
34	9	366	509
47	0	341	526
39	0	349	521
29	7	377	523
34	6	360	530
35	-7	347	539
33	0	345	522
38	7	358	512
40	2	339	521
38	4	339	512
36	2	350	522
43	-9	337	537
39	3	346	534
36	1	362	522
33	-4	345	531
38	4	345	516
42	0	338	521
39	7	353	512
66	0	302	518
62	-7	305	527
61	-4	325	521
50	0	318	522
48	-8	325	528
50	0	327	528
38	3	359	516
44	2	351	525
39	7	371	519
55	2	339	535
59	2	321	527
55	-1	346	523
52	8	335	521
53	-10	338	544
49	3	337	522
48	-3	355	530
53	3	352	523
55	0	334	524
51	5	339	510
50	6	357	519
51	4	361	508
55	6	377	511
39	4	346	522
31	11	396	522
30	3	400	528
42	8	379	501
59	0	378	511
43	2	367	526
38	10	394	512
47	10	375	510
55	6	368	521
34	13	399	517
39	8	398	517
42	3	382	535
42	8	396	521
50	1	386	525
37	6	353	515
28	6	383	521
25	7	393	542
22	13	430	507
44	8	398	521
18	14	451	492
39	2	420	530
42	6	419	508
39	2	413	537
43	2	418	514
24	6	443	527
28	2	443	521
32	0	415	528
25	3	438	522
31	-2	407	536
39	3	375	512
37	14	427	519
33	2	382	527
24	16	464	524
22	-1	472	525
26	-4	396	525
33	1	349	527
35	-1	330	535
33	-9	341	538
35	1	332	524
31	-5	349	525
34	6	372	522
27	12	418	527
33	12	438	520
23	-1	457	530
16	-3	427	532
16	0	465	526
23	-3	441	534
33	-2	450	529
11	-13	393	552
17	-3	417	521
13	2	494	537
15	8	481	515
10	8	450	520
38	-6	366	522
27	1	372	530
22	5	395	529
14	0	462	522
10	2	441	538
15	-10	435	514
32	-18	373	545
28	-9	364	535
26	1	373	534
26	-5	375	521
18	3	413	524
26	-5	362	516
26	0	372	523
25	4	407	521
36	-12	347	519
29	0	358	512
31	0	354	519
28	0	354	537
28	-1	397	525
24	10	424	530
25	1	446	527
8	0	464	527
13	-9	421	534
13	6	401	525
18	5	425	529
18	-2	394	520
33	-10	343	524
32	4	413	514
38	-2	370	521
51	-5	315	530
41	-16	335	551
21	10	383	526
20	9	418	521
25	3	420	528
27	4	379	526
28	-1	351	534
40	-10	343	529
36	11	364	517
39	-11	348	544
20	9	400	526
23	2	377	524
26	-11	393	529
24	-3	363	534
23	-11	380	535
29	7	374	527
31	-1	349	519
30	-1	364	528
34	-7	355	528
33	-6	352	538
22	-1	374	523
27	-6	359	526
26	-6	373	528
29	-7	365	527
33	0	355	525
32	-4	362	525
26	-4	356	539
30	-7	361	524
26	2	377	537
20	-7	387	531
18	-6	403	541
30	-10	366	530
24	-7	383	530
41	-6	345	537
27	-6	386	528
35	-14	350	533
27	0	355	535
24	-10	384	531
28	-2	352	533
29	-10	364	521
33	-8	358	541
34	0	346	531
33	-4	368	520
35	5	350	528
33	-17	363	539
25	-2	376	526
23	-7	401	521
24	5	384	531
22	-5	386	520
23	6	386	537
25	-1	374	519
32	-4	362	540
30	-5	376	519
30	-2	377	529
41	-5	355	532
34	14	383	520
24	2	403	513
32	-14	374	527
32	-1	383	528
50	-5	326	512
50	0	334	510
49	-2	337	528
49	-3	333	523
44	0	350	522
42	7	363	521
35	4	372	521
33	-3	369	527
38	-3	353	535
29	-4	359	529
26	7	367	509
35	0	348	522
29	2	362	520
39	0	344	519
42	-5	348	536
34	0	352	516
37	-6	346	523
33	1	363	522
23	-5	401	524
30	-13	367	519
28	0	388	531
32	0	370	508
31	6	379	516
31	6	381	518
38	-4	360	530
40	0	366	516
46	-2	346	522
53	0	336	516
45	0	362	520
38	11	395	517
48	-3	338	522
58	0	320	517
47	-1	348	528
47	5	344	513
51	-2	329	525
40	4	351	513
28	7	376	513
37	-7	345	524
31	5	353	517
34	-8	361	537
33	9	372	531
33	2	388	519
33	-5	376	515
38	-6	373	538
45	0	363	534
37	2	379	528
38	9	410	515
39	8	368	501
46	2	347	509
39	7	361	504
44	-1	361	513
52	5	351	523
53	7	350	524
45	-3	357	516
47	12	347	529
42	-16	357	533
25	-2	396	522
35	-5	349	529
36	-6	342	527
36	1	358	514
31	-1	364	518
33	2	365	516
43	11	332	509
38	-7	341	524
26	-1	364	525
40	-8	353	522
38	6	338	525
29	-2	369	526
26	0	381	544
39	-2	354	529
34	5	342	520
36	0	357	518
33	5	370	501
46	1	339	515
46	4	336	516
44	-2	352	524
33	16	370	533
42	0	352	521
46	9	344	517
43	7	414	520
23	-5	389	521
28	4	387	522
28	-11	378	534
31	0	397	528
45	-6	329	524
35	2	345	518
30	-2	375	525
39	2	388	526
42	1	360	542
45	-11	347	533
33	8	420	509
41	6	348	505
44	-7	329	531
37	0	340	517
38	-2	360	518
37	2	356	532
29	0	381	521
35	9	375	536
33	0	366	521
36	0	342	526
25	-2	409	519
29	-3	360	537
24	-2	367	523
35	-5	346	530
45	-5	325	528
37	-4	353	529
31	8	362	534
27	0	383	525
28	-6	405	516
32	1	375	532
28	0	416	520
30	2	405	507
36	5	411	533
33	-1	438	519
29	-3	397	531
33	-8	396	519
55	1	348	531
56	10	364	508
51	3	362	513
51	4	370	514
39	0	390	517
33	13	391	535
33	12	412	497
45	3	409	519
21	0	400	524
24	-1	414	524
30	-9	382	529
23	-1	400	532
34	0	372	498
38	4	398	531
41	5	396	504
48	-2	407	514
33	10	370	532
36	1	380	510
50	6	381	529
49	-1	372	518
42	1	363	523
49	-1	368	519
53	4	376	524
42	7	362	516
43	6	356	511
42	4	374	517
43	2	358	531
53	5	337	515
51	-4	361	526
60	-9	319	538
57	5	359	522
48	5	329	525
45	-6	347	533
45	11	368	515
51	1	345	523
58	0	333	525
60	1	327	518
48	6	357	517
52	8	374	522
55	1	359	520
44	8	385	521
44	4	344	510
52	5	339	520
49	1	348	517
57	5	331	516
54	1	336	520
48	-3	343	526
63	5	345	524
40	-1	365	524
48	4	361	523
53	7	354	522
43	3	332	524
45	-8	338	524
44	1	353	524
53	6	365	519
47	2	346	517
46	5	371	516
57	1	359	514
40	7	342	509
40	2	356	516
45	7	358	512
63	0	330	515
52	10	364	507
48	5	377	517
35	0	361	536
35	2	365	522
43	6	362	521
62	9	340	521
56	0	338	524
50	5	373	519
44	-5	338	529
42	8	372	523
50	-3	367	519
46	0	354	517
53	6	351	524
46	0	360	523
53	13	372	501
57	0	339	522
47	10	380	519
48	5	332	518
40	2	360	511
46	0	364	514
51	-1	330	523
48	2	333	519
49	5	337	509
62	8	346	512
47	-2	340	530
45	4	340	517
50	-5	345	529
52	2	341	512
55	1	318	522
59	-5	331	530
64	5	324	519
56	3	354	516
54	4	367	509
51	3	367	511
44	13	372	510
56	2	368	519
46	6	387	522
52	4	395	509
38	-2	383	532
38	0	390	506
39	8	420	523
35	-9	425	516
38	-7	399	528
38	3	390	521
38	1	397	520
42	1	387	517
37	-3	376	536
36	0	383	502
51	-5	346	524
48	0	338	515
52	1	366	521
41	3	368	519
51	0	351	530
43	6	365	511
48	11	360	510
46	-3	352	524
45	0	340	518
46	0	339	523
36	1	340	519
34	3	360	526
28	8	376	516
37	-8	346	534
40	-5	354	519
31	2	367	520
30	-3	368	515
26	7	385	518
27	0	380	531
32	-8	377	526
37	9	371	538
35	1	356	522
34	-4	365	526
31	-2	369	519
32	-2	363	517
33	7	368	522
39	2	367	522
36	-1	358	526
29	0	365	526
45	-13	346	534
37	0	372	519
42	-7	370	509
37	6	368	517
32	-6	381	510
46	-7	344	517
48	-3	357	520
43	3	376	509
45	4	353	513
46	0	351	524
40	3	359	513
36	11	364	520
37	0	361	525
42	-1	350	519
42	-2	352	522
38	-9	354	524
33	-3	355	519
42	-5	358	518
35	6	381	524
43	-12	344	528
31	1	366	521
30	0	372	515
34	2	343	520
38	-5	348	527
32	4	372	520
43	-4	353	516
36	9	368	505
36	3	367	518
32	8	372	517
49	1	340	520
40	0	363	525
40	9	348	505
38	-1	342	529
34	-8	352	537
26	-7	383	538
28	-4	369	529
27	9	365	526
29	-10	356	522
27	3	345	531
29	-4	356	525
28	-3	357	535
26	2	362	518
31	-14	356	534
26	0	354	521
34	0	367	527
37	-11	354	520
24	2	376	527
26	-1	384	519
42	-7	344	532
34	-13	354	531
39	-4	342	521
32	-2	352	518
32	-6	339	539
35	-17	341	530
31	-3	357	541
25	0	363	529
30	-7	354	528
23	0	381	529
20	-5	375	524
25	-4	360	526
33	-10	350	530
23	1	368	525
25	3	367	527
25	3	364	523
24	2	369	533
25	0	360	520
29	-3	353	535
31	-8	357	534
25	-6	356	525
31	0	361	524
26	1	364	529
25	-2	360	537
29	-15	359	538
27	0	361	528
22	-7	373	532
35	-2	340	527
31	-6	359	524
27	3	363	518
25	-6	362	528
27	-5	353	536
32	-9	358	532
22	5	367	539
27	-13	371	537
28	-8	350	552
24	-4	369	527
24	-6	362	531
26	2	362	534
20	-4	388	523
13	5	408	531
31	-8	360	529
22	0	377	533
24	-2	375	529
34	-8	357	521
29	7	351	533
19	-3	371	540
28	-1	343	537
32	0	342	538
34	-9	343	532
26	-5	359	524
22	3	356	529
27	-17	351	543
29	-4	355	525
20	4	360	521
29	-13	359	534
30	-8	354	528
29	4	350	519
35	3	361	519
34	-2	341	533
32	-5	352	533
21	4	363	527
40	-3	339	528
27	6	361	522
19	-3	377	527
21	0	364	541
36	1	354	529
27	3	369	523
25	-2	362	528
23	-7	375	538
27	-9	366	532
29	-2	375	532
20	0	379	534
24	-8	375	531
23	-6	388	536
26	-2	399	531
14	6	435	533
25	-3	381	524
25	-9	365	530
24	-3	379	533
19	-8	385	538
24	-10	390	534
22	-13	392	544
22	-6	389	531
16	-10	376	538
25	-5	360	542
30	-11	354	544
20	0	387	543
20	-4	376	528
25	-8	372	531
29	-7	373	531
26	-8	368	531
23	-11	388	527
29	-3	360	533
20	-3	375	532
17	-11	390	534
27	-5	371	545
26	-1	373	532
26	0	373	524
19	3	398	520
18	6	449	521
16	-2	432	530
24	-20	384	538
20	-7	354	543
29	-3	361	522
27	-6	342	533
23	5	377	521
21	-4	379	530
22	4	424	528
22	5	449	509
20	-3	421	535
21	-6	412	533
17	-2	422	543
20	-2	444	518
27	0	446	510
20	-5	455	520
25	-7	443	527
17	-11	448	530
23	1	446	504
40	-6	405	515
33	-5	413	515
46	4	412	492
25	-3	421	523
47	-4	399	523
37	-2	406	514
41	-1	394	525
38	0	393	515
54	2	372	506
35	3	385	507
34	0	386	522
35	4	382	529
44	8	376	512
59	0	352	514
38	-3	358	531
30	1	379	522
30	-6	380	530
27	-13	384	524
35	-16	373	521
28	-6	373	520
37	-2	364	525
52	10	357	515
54	11	335	507
67	-12	316	529
63	2	326	511
54	0	337	509
61	6	316	508
68	-11	322	539
46	0	331	511
54	2	343	513
63	2	325	508
54	0	332	510
53	-6	342	522
66	3	324	511
48	-1	346	517
40	3	357	509
37	-11	363	537
28	0	382	525
29	-2	384	516
23	-7	391	519
27	-4	396	529
49	-8	370	525
43	-2	376	520
53	-8	358	524
43	0	385	520
45	4	375	508
46	3	383	503
42	-4	368	518
53	0	368	522
36	0	382	509
48	-3	371	515
41	-4	388	520
29	-5	389	514
50	-9	359	523
38	-2	382	505
33	-2	381	518
38	-5	383	513
57	-8	343	526
62	10	353	499
48	12	376	493
30	3	379	505
33	2	395	510
39	-7	373	518
58	3	369	515
49	5	344	512
41	7	372	513
37	1	371	525
39	4	368	508
48	0	362	520
51	7	366	517
63	4	356	514
26	11	383	514
39	6	377	520
39	3	379	528
40	2	369	533
38	6	382	524
50	7	354	515
43	4	375	524
42	3	375	517
54	5	350	512
45	11	367	503
44	6	367	519
35	3	384	521
43	3	375	511
53	3	363	518
48	3	340	521
41	6	375	517
49	4	365	525
59	13	364	507
45	0	345	539
53	8	361	518
60	9	361	517
55	9	354	516
59	4	353	531
37	-4	350	532
30	3	381	527
29	-2	382	543
28	3	390	527
32	4	370	535
35	-4	358	534
29	-1	368	525
33	3	369	524
28	4	376	524
32	1	367	528
37	0	358	529
30	0	364	535
28	4	382	528
29	0	374	534
25	8	387	526
34	5	372	531
30	-2	376	528
33	3	366	524
30	0	369	524
18	4	390	525
29	-6	360	546
41	3	338	526
37	5	362	523
40	1	355	535
43	1	333	522
37	5	344	508
40	-2	330	537
44	-13	324	549
35	-2	347	528
39	-2	336	530
29	3	375	520
33	2	349	522
34	0	357	520
33	9	383	522
47	-1	349	537
44	5	354	528
38	-7	371	532
45	-5	354	535
38	1	363	521
38	3	360	524
50	3	356	521
51	-1	347	518
61	1	312	519
60	-11	331	541
55	3	362	515
63	4	304	517
51	-9	330	532
45	2	347	519
50	3	353	517
47	9	372	518
48	2	386	524
14	3	409	533
33	-2	353	536
27	-7	357	525
29	8	366	524
39	0	357	515
45	-4	334	531
36	0	359	531
33	3	350	517
41	-5	332	531
37	3	338	514
31	0	366	524
32	-9	363	530
32	10	362	518
41	-4	336	533
39	-7	321	534
33	0	348	522
30	4	362	520
31	7	360	515
38	-5	343	532
31	-5	345	527
49	-4	318	528
47	-5	319	531
35	-3	344	534
25	-10	364	538
38	-5	340	525
35	1	331	524
35	-12	340	537
35	2	341	529
31	-7	337	546
35	-7	339	531
39	-2	328	523
41	-4	332	528
28	-2	338	529
35	-1	331	526
40	-7	321	530
38	-5	330	523
39	-5	319	531
30	-14	341	550
31	0	356	525
39	-2	334	532
25	-2	370	524
35	0	344	536
25	-5	367	534
27	-3	363	535
33	-3	343	529
24	-1	370	521
26	-10	353	537
39	0	327	530
35	-16	336	538
38	-1	326	535
34	-14	333	543
27	-2	354	516
40	0	321	528
33	-16	329	553
24	3	351	539
23	1	355	531
31	-7	343	544
40	-5	319	543
27	2	359	529
21	-7	371	545
18	-3	365	537
31	5	474	544
-37	1	540	538
-4	21	529	523
4	32	526	509
-11	4	547	530
18	3	513	535
7	11	506	525
31	22	476	513
23	2	474	526
16	1	474	545
31	-3	451	536
11	5	478	540
24	-2	460	541
16	11	464	528
14	10	463	533
24	6	449	541
3	4	466	541
14	33	455	502
51	14	411	532
25	19	431	533
34	7	418	534
21	10	423	543
14	16	441	535
16	11	424	527
19	10	413	543
40	38	405	502
92	34	337	501
159	58	255	472
171	61	228	485
157	51	242	483
153	51	246	483
143	42	249	495
133	48	269	465
122	56	271	476
119	47	280	471
115	44	283	494
106	32	290	492
88	49	294	485
84	30	294	502
64	19	320	525
66	38	304	505
61	19	313	518
58	13	300	524
30	11	351	522
30	13	298	528
8	2	320	528
33	-10	322	537
15	2	371	515
14	3	380	530
9	3	357	527
-3	-2	391	540
-11	-7	432	545
2	-10	388	547
2	-18	406	547
1	-19	400	541
8	-12	393	557
-3	-9	408	547
10	-15	398	535
57	-3	339	551
89	0	306	528
65	-3	328	554
60	-7	332	545
69	1	331	530
71	-7	320	534
74	-4	320	545
69	-8	323	547
76	-6	303	541
65	-15	324	542
88	4	296	528
113	3	259	531
161	25	199	513
206	31	137	515
204	111	126	453
200	129	127	413
202	156	123	375
199	154	119	374
197	151	117	377
191	152	121	388
182	149	125	383
175	147	129	390
166	140	132	391
159	141	136	393
152	143	135	397
150	147	131	393
140	152	139	386
128	149	143	391
121	148	141	389
108	146	150	392
96	149	152	378
88	152	154	384
76	150	161	379
64	149	171	386
54	147	174	386
40	144	185	395
30	149	191	400
26	137	179	411
17	146	174	407
3	141	190	400
2	138	174	415
1	136	163	411
-2	129	157	410
-2	142	155	404
-10	132	149	413
-32	134	161	406
-23	156	137	372
-33	178	136	343
-5	230	100	308
-1	252	82	286
-6	264	64	270
-22	276	62	259
220	30	71	291
272	99	103	282
269	99	85	283
251	84	109	310
232	107	114	321
218	72	142	355
219	52	139	391
218	60	145	399
215	48	175	388
217	23	140	427
213	20	151	444
211	25	179	466
208	15	188	514
104	1	232	531
71	7	303	521
58	-8	353	529
49	5	373	516
45	-6	358	522
56	2	328	520
49	0	364	520
59	7	355	507
49	8	336	513
56	2	343	505
59	7	357	510
50	4	342	516
51	3	368	514
49	10	366	513
56	16	376	512
49	4	336	520
39	1	347	516
35	7	386	521
46	4	358	519
55	4	354	520
55	4	370	510
49	10	375	509
42	6	340	510
57	6	356	511
47	11	383	509
57	4	335	513
61	6	340	513
60	1	338	517
51	6	336	515
46	0	383	521
43	-1	349	532
43	-7	359	534
51	9	357	514
48	2	338	523
54	0	353	521
55	4	350	514
51	7	347	511
46	2	371	521
54	1	337	528
50	0	346	519
54	-1	334	531
50	1	367	521
53	5	364	523
42	9	349	518
44	-6	340	530
49	1	334	525
49	-10	341	534
38	3	390	519
44	4	396	514
38	-6	368	533
34	10	369	533
31	-3	397	526
42	-4	354	523
49	5	377	520
44	5	346	510
45	7	345	509
46	6	358	514
50	4	379	513
54	-6	340	529
59	0	343	518
50	8	355	512
46	10	383	509
51	3	346	518
57	7	358	509
52	5	359	507
62	3	347	505
47	3	362	516
50	8	371	513
53	4	312	516
49	3	336	508
53	2	353	514
53	8	358	511
50	6	376	518
49	-3	354	522
52	0	368	520
43	3	381	531
44	4	394	511
48	8	380	525
51	0	338	522
60	1	351	524
47	3	362	522
48	-1	374	519
44	0	363	519
50	7	384	527
42	4	350	516
49	-6	352	526
56	1	355	519
47	17	392	505
26	2	376	519
31	-2	372	527
38	-1	367	526
37	8	381	520
48	3	371	530
38	4	408	519
39	-5	362	523
36	4	391	517
55	-8	338	526
61	11	360	510
50	6	364	527
56	-4	362	528
48	2	341	528
49	6	374	516
