313,155,44,54
311,156,44,54
310,156,44,54
311,155,44,54
311,156,44,54
311,155,44,54
311,156,44,54
311,155,44,54
311,155,44,54
311,155,44,54
311,155,44,54
311,155,44,54
311,155,44,54
311,155,44,54
311,155,44,54
311,155,44,54
311,155,44,54
311,156,44,54
311,155,44,54
311,155,44,54
311,155,44,54
311,155,44,54
311,155,44,54
311,155,44,54
311,155,44,54
311,156,44,54
311,155,44,54
311,155,44,54
311,155,44,54
311,155,44,54
311,155,44,54
311,155,44,54
311,156,44,54
311,156,44,54
311,157,44,54
311,156,44,54
311,157,44,54
310,156,44,54
310,157,44,54
310,158,44,54
310,158,44,54
310,158,44,54
310,158,44,54
310,158,44,54
310,158,44,54
310,158,44,54
309,162,44,54
309,162,44,54
310,163,44,54
309,163,44,54
309,163,44,54
309,164,44,54
310,164,44,55
309,165,44,54
309,165,44,54
309,165,44,54
308,166,44,54
309,167,44,54
308,167,44,54
309,167,44,54
309,168,44,54
308,168,44,54
308,168,44,54
309,168,44,54
308,169,44,54
308,169,44,54
308,170,44,54
308,170,44,54
309,171,44,54
309,171,44,55
309,172,44,54
309,171,44,54
309,173,44,54
309,173,44,54
308,174,44,55
309,173,44,54
308,174,44,54
309,175,44,54
309,175,44,54
309,175,44,54
308,176,44,54
308,176,44,54
308,177,44,55
308,177,44,55
308,177,44,55
309,178,44,55
308,179,44,55
308,179,44,55
308,180,44,55
308,180,44,55
308,180,44,55
309,181,44,55
308,181,44,55
308,182,44,55
308,183,44,55
308,183,44,55
309,183,44,55
308,184,44,55
309,184,44,55
309,184,44,55
309,185,44,55
309,185,44,55
310,187,44,55
309,187,44,55
309,187,44,55
309,186,44,55
308,187,44,54
308,188,44,55
308,188,44,55
309,189,44,55
308,189,44,55
309,189,44,55
309,191,44,55
308,190,44,55
309,191,44,55
309,191,44,55
309,192,44,55
309,192,44,55
309,193,44,55
309,193,44,55
309,194,44,55
309,195,44,55
309,195,44,55
310,195,44,55
309,196,44,55
309,196,44,55
309,197,44,55
309,197,44,55
309,197,44,55
310,198,45,55
309,199,44,55
309,199,44,55
308,199,45,55
309,199,44,55
309,200,44,55
309,200,44,55
309,200,44,55
309,200,44,55
309,200,44,55
309,200,44,55
309,201,45,55
309,200,45,55
309,200,44,55
309,200,44,55
309,200,44,55
309,201,44,55
309,201,44,55
309,201,44,55
309,201,44,55
309,201,44,55
309,201,44,55
309,201,44,55
309,201,44,55
309,201,44,55
309,201,44,55
309,201,44,55
309,201,44,55
309,201,44,55
309,201,44,55
309,201,44,55
309,201,44,55
309,201,44,55
309,201,44,55
309,200,44,55
309,201,44,55
309,200,44,55
309,200,44,55
309,200,44,55
309,201,44,55
308,201,44,55
308,202,44,55
309,202,44,55
309,203,45,55
309,205,44,55
309,206,44,55
309,206,45,55
310,207,44,55
309,208,44,55
309,209,45,55
309,210,45,55
309,210,45,55
309,211,44,55
309,212,45,55
309,213,44,55
309,214,45,55
310,215,44,55
309,216,44,55
309,217,45,55
309,218,45,55
309,218,45,55
309,220,45,55
309,220,45,55
309,221,45,55
309,221,45,55
309,222,45,55
309,223,45,55
309,224,45,55
309,224,45,55
309,224,44,55
309,224,44,55
309,224,44,55
309,224,44,55
309,224,44,55
309,224,45,55
309,224,45,55
310,224,45,55
309,224,45,55
311,224,45,55
312,224,45,55
311,224,45,55
313,224,45,55
314,224,45,55
314,224,45,55
316,224,44,55
316,224,44,55
318,224,45,55
319,224,45,55
320,224,45,55
321,224,45,55
322,224,45,55
323,224,45,55
324,224,44,55
324,224,44,55
326,224,45,55
326,224,45,55
328,225,45,55
328,225,45,55
330,224,44,55
330,224,45,55
331,224,45,55
332,224,44,55
333,224,44,55
335,224,44,55
336,225,44,55
336,224,45,55
337,224,45,55
339,224,44,55
339,223,44,54
341,224,44,55
342,225,44,55
343,225,44,55
343,224,44,55
344,225,44,55
345,225,44,55
345,225,44,55
347,224,44,55
347,224,44,55
348,223,44,55
349,224,44,55
351,224,44,55
351,224,45,55
353,224,44,55
353,224,44,55
355,224,44,54
355,224,44,54
357,224,44,54
357,224,45,55
358,224,44,54
359,224,44,54
361,223,44,54
361,224,44,54
361,224,44,55
363,224,44,55
365,224,44,54
365,223,44,54
366,224,44,55
367,224,44,54
368,224,44,54
368,224,44,55
370,224,44,55
370,223,44,55
372,224,44,54
372,224,44,54
374,224,44,54
374,223,44,54
375,225,44,55
377,224,44,54
377,223,44,54
378,224,44,54
378,223,44,54
379,223,44,54
378,224,44,54
378,223,44,54
378,223,44,54
378,223,44,54
378,223,44,54
378,223,44,54
379,223,44,54
379,223,44,54
379,223,44,54
379,223,44,54
379,223,44,54
379,224,44,54
378,223,44,54
379,224,44,54
379,223,44,54
379,224,44,54
379,224,44,54
379,224,44,54
379,223,44,54
378,224,44,54
379,223,44,54
379,223,44,54
378,223,44,54
378,222,44,54
378,222,44,54
378,223,44,54
379,222,44,54
379,222,44,54
378,222,44,54
379,222,44,54
378,222,44,54
378,222,44,54
378,222,44,54
378,222,44,54
378,222,44,54
378,221,44,54
378,222,44,54
379,222,44,54
378,222,44,54
378,221,44,54
378,221,44,54
378,221,44,54
378,222,44,54
379,222,44,54
379,222,44,54
379,221,44,54
378,221,44,54
378,221,44,54
378,222,44,54
377,221,44,54
377,221,44,54
377,221,44,54
377,221,44,54
377,221,44,54
377,220,44,54
377,221,44,54
377,221,44,54
377,221,44,54
377,221,44,54
377,221,44,54
377,221,44,54
377,221,44,54
377,221,44,54
377,221,44,54
377,221,44,54
378,221,44,54
378,221,44,54
378,221,44,54
377,221,44,54
378,221,44,54
377,221,44,54
377,221,44,54
377,221,44,54
376,221,44,54
375,221,44,54
375,221,44,54
374,221,44,54
374,222,44,54
372,222,44,54
370,221,44,54
370,221,44,54
369,222,44,54
368,221,44,54
367,222,44,54
366,221,44,54
366,221,44,54
365,221,44,54
363,221,44,54
362,221,44,54
361,221,44,54
360,221,44,54
360,221,44,54
359,222,44,54
358,222,44,54
357,221,44,54
355,221,44,54
354,221,44,54
354,222,44,54
353,222,44,54
351,222,44,54
350,222,44,54
349,221,44,54
349,221,44,54
348,221,44,54
348,222,44,54
347,222,44,54
347,222,44,54
346,222,44,54
345,223,44,54
344,224,44,54
344,224,44,54
343,225,44,54
343,226,44,54
342,227,44,54
341,227,44,55
341,227,44,54
340,228,44,54
340,228,44,54
340,229,44,55
339,229,44,55
337,231,44,55
337,231,44,55
336,232,44,55
336,233,44,55
334,232,44,55
335,234,45,55
334,234,44,55
333,235,45,55
332,235,45,55
331,236,45,55
331,237,45,55
330,237,45,55
329,238,44,55
328,237,44,55
328,238,44,55
328,239,44,55
327,240,45,55
326,241,45,55
325,241,45,55
325,242,45,55
325,243,45,55
324,243,45,55
323,243,45,55
322,244,45,55
321,244,45,55
321,246,45,55
320,246,45,55
319,247,45,55
319,248,45,55
318,248,45,55
318,249,45,55
318,248,45,55
317,249,45,55
316,248,45,55
315,248,45,55
315,248,45,55
315,249,45,55
315,249,45,55
315,249,45,55
315,248,45,55
315,248,45,55
315,248,45,55
315,248,45,55
315,248,45,55
315,248,45,55
315,248,45,55
315,248,45,55
315,248,45,55
315,248,45,55
315,248,45,55
315,248,45,55
315,248,45,55
315,248,45,55
315,248,45,55
315,248,45,55
315,248,45,55
315,248,45,55
315,248,45,55
314,249,45,55
314,249,45,55
313,250,45,55
313,249,45,55
313,249,45,55
313,249,45,55
313,249,45,55
313,249,45,55
313,249,45,55
313,249,45,55
313,249,45,55
313,249,45,55
312,249,45,55
313,249,45,55
312,249,45,55
312,249,45,55
312,249,45,55
312,249,45,55
312,249,45,55
311,249,45,55
311,249,45,55
312,249,45,55
310,250,45,55
310,250,45,55
311,250,45,55
310,250,45,55
310,250,45,55
310,250,45,55
310,250,45,55
310,250,45,55
310,250,45,55
309,250,45,55
310,250,45,55
310,250,45,55
310,250,45,55
311,249,45,55
311,250,45,55
312,250,45,55
313,249,45,55
314,248,45,56
314,249,45,55
315,250,45,55
317,249,45,55
318,249,45,55
319,249,45,55
320,249,45,55
321,249,45,55
322,249,45,55
323,249,45,55
323,249,45,55
325,249,45,55
326,249,45,55
326,249,45,55
326,248,45,56
327,249,45,55
328,249,45,55
328,248,45,55
330,248,45,56
331,248,45,56
332,249,45,55
333,249,45,55
333,248,45,56
334,249,45,55
335,248,45,56
336,248,45,56
337,248,45,56
338,248,45,56
338,248,45,56
340,248,45,56
340,248,45,56
341,248,45,56
342,247,45,56
343,247,45,56
344,247,45,56
345,248,45,56
345,248,45,56
347,248,45,56
346,248,46,56
347,248,46,56
347,248,46,56
350,248,45,56
349,247,46,56
350,247,46,56
350,247,46,56
351,247,45,56
350,247,46,56
350,247,46,56
350,247,46,56
350,248,46,56
350,247,46,56
350,248,46,56
350,248,46,56
350,247,46,56
350,247,46,56
350,247,46,56
350,247,46,56
350,248,46,56
350,247,46,56
351,247,46,56
350,247,46,56
351,247,45,56
351,247,45,56
352,247,45,56
352,247,45,56
352,247,45,56
352,247,45,56
352,247,45,56
352,247,45,56
352,247,45,56
353,248,45,56
354,248,45,56
353,248,45,56
354,248,45,56
355,249,45,55
355,249,45,55
356,249,45,55
356,250,45,55
356,249,45,55
356,250,45,55
356,250,45,55
357,250,45,55
357,250,45,55
358,250,45,55
358,251,45,55
359,250,44,55
358,251,44,55
358,250,44,55
359,250,44,55
360,250,44,55
360,251,44,54
360,251,44,54
360,250,44,54
360,251,44,54
361,251,44,54
361,251,44,54
360,252,44,54
362,252,44,54
362,252,44,54
362,252,44,54
362,252,44,54
363,252,44,54
362,252,44,54
364,253,43,53
364,253,43,53
364,254,43,53
364,254,43,53
365,254,43,53
365,254,43,53
366,254,43,53
366,254,43,53
366,254,43,53
366,255,43,53
366,254,43,53
366,255,43,53
367,254,43,53
367,254,43,53
366,254,43,53
366,254,43,53
366,254,43,53
366,254,43,53
366,254,43,53
366,254,43,53
367,254,43,53
366,254,43,53
367,254,43,53
367,254,43,53
366,255,43,53
366,254,43,53
367,254,43,53
366,254,43,53
367,254,43,53
367,254,43,53
367,254,43,53
366,255,43,53
367,254,43,53
367,255,43,53
368,255,43,53
367,254,43,53
368,254,43,53
368,255,43,53
368,254,43,53
367,254,43,53
368,254,43,53
368,254,43,53
368,254,43,53
368,254,43,53
368,254,43,53
368,254,43,53
369,254,43,53
369,254,43,53
368,254,43,53
368,254,43,53
369,254,43,53
369,254,43,53
369,255,43,53
369,255,43,53
369,255,43,53
369,255,43,53
369,255,43,53
369,254,43,53
370,254,43,53
369,254,43,53
370,255,43,53
369,254,43,53
370,255,43,53
369,254,43,53
370,254,43,53
370,254,43,53
370,254,43,53
370,254,43,53
370,254,43,53
370,255,43,53
371,254,43,53
370,255,43,53
371,254,43,53
371,254,43,53
371,254,43,53
371,254,43,53
372,255,43,53
372,254,43,53
372,254,43,53
371,254,43,53
372,254,43,53
372,254,43,53
372,255,43,53
372,254,43,53
372,254,43,53
372,254,43,53
372,255,43,53
372,255,43,53
372,254,43,53
372,254,43,53
372,255,43,53
372,254,43,53
371,254,43,53
371,255,43,53
372,255,43,53
372,254,43,53
372,254,43,53
372,255,43,53
372,255,43,53
372,256,43,53
372,257,43,53
372,258,43,53
372,258,43,53
372,258,43,53
372,260,43,53
372,261,43,53
372,262,43,53
372,264,43,53
373,264,43,53
373,265,43,53
373,265,43,53
373,267,43,53
373,268,43,53
372,268,43,53
373,269,43,53
373,270,43,53
373,271,43,53
373,271,43,53
373,273,43,53
373,274,43,53
374,274,43,53
373,275,43,53
373,275,43,53
373,275,43,53
373,275,43,53
373,276,43,53
373,275,43,53
373,275,43,53
373,275,43,53
373,275,43,53
373,275,43,53
373,275,43,53
374,275,43,53
373,275,43,53
373,275,43,53
373,275,43,53
373,275,43,53
373,275,43,53
373,275,43,53
373,275,43,53
372,274,44,54
371,274,44,54
373,275,43,53
373,275,43,53
373,275,43,53
373,276,43,53
372,275,43,53
373,275,43,53
373,275,43,53
373,275,43,53
373,275,43,53
372,275,43,53
373,275,43,53
373,275,43,53
372,275,43,53
372,275,43,53
372,275,43,53
373,275,43,53
373,275,43,53
372,275,43,53
372,275,43,53
373,275,43,53
372,275,43,53
372,275,43,53
372,275,43,53
373,275,43,53
372,276,43,53
372,276,43,53
372,275,43,53
370,275,44,54
372,275,43,53
371,275,44,54
372,275,43,53
372,275,43,53
371,275,44,54
371,274,44,54
371,274,44,54
371,274,44,54
371,275,44,54
371,275,44,54
371,276,43,53
371,275,43,53
372,275,43,53
372,275,43,53
372,276,43,53
372,276,43,53
372,275,43,53
372,276,43,53
371,275,43,53
371,274,44,54
372,275,43,53
372,275,43,53
372,275,43,53
372,275,43,53
372,275,43,53
371,274,44,54
372,275,43,53
371,275,43,53
372,275,43,53
371,275,43,53
372,275,43,53
372,274,43,53
371,273,43,53
371,274,43,53
371,272,43,53
371,272,43,53
371,271,43,53
370,269,43,53
370,269,43,53
370,267,43,53
369,267,43,53
369,267,43,53
369,266,43,53
369,265,43,53
368,264,43,53
368,264,43,53
368,263,43,53
367,261,43,53
367,261,43,53
367,260,43,53
367,258,43,53
366,258,43,53
367,258,43,53
367,257,43,53
366,256,43,53
365,255,43,53
365,254,43,53
365,253,43,53
365,253,43,53
365,251,43,53
364,251,43,53
364,250,43,53
364,249,43,53
364,248,43,53
363,247,43,53
363,247,43,53
362,246,43,53
362,246,43,53
362,244,43,53
363,243,43,53
361,243,43,53
361,242,43,53
361,242,43,52
361,240,43,52
360,239,43,53
361,238,43,52
361,238,43,52
360,238,43,52
360,237,43,52
359,236,43,52
359,235,43,52
359,234,42,52
359,233,42,52
358,233,42,52
359,232,42,52
358,231,42,52
359,230,42,52
358,229,42,52
358,228,42,52
357,227,42,52
356,226,42,52
357,226,42,52
356,226,42,52
356,224,42,52
355,223,42,52
356,222,42,52
355,222,42,52
355,220,42,52
355,220,42,52
355,219,42,52
355,218,42,52
354,217,42,52
354,217,42,52
354,216,42,52
354,215,42,52
353,215,42,52
353,214,42,52
352,214,42,52
352,214,42,52
353,214,42,52
353,214,42,52
352,213,42,52
352,213,42,52
353,213,42,52
353,213,42,52
352,213,42,52
353,213,42,52
352,213,42,52
352,214,42,52
352,214,42,52
353,213,42,52
352,213,42,52
352,214,42,52
353,213,42,52
353,213,42,52
353,213,42,52
352,214,42,52
352,214,42,52
353,214,42,52
353,213,42,52
353,213,42,52
353,214,42,52
353,214,42,52
353,213,42,52
353,214,42,52
353,214,42,52
353,214,42,52
353,214,42,52
353,214,42,52
353,214,42,52
353,214,42,52
354,214,42,52
354,214,42,52
353,214,42,52
354,214,42,52
354,214,42,52
354,214,42,52
354,214,42,52
354,215,42,52
354,215,42,52
354,215,42,52
354,215,42,52
354,215,42,52
354,216,42,52
354,215,42,52
354,216,42,52
354,215,42,52
354,215,42,52
355,216,42,52
355,216,42,52
355,216,42,52
354,216,42,52
355,216,42,52
355,216,42,52
355,216,42,52
355,216,42,52
355,216,42,52
355,216,42,52
355,217,42,52
355,216,42,52
355,216,42,52
355,217,42,52
355,216,42,52
355,216,42,52
357,217,42,52
357,217,42,52
356,217,42,52
356,217,42,52
357,217,42,52
356,217,42,52
357,217,42,52
357,217,42,52
357,218,42,52
356,218,42,52
357,217,42,52
357,217,42,52
357,217,42,52
357,218,42,52
357,218,42,52
356,218,42,52
356,218,42,52
356,218,42,52
356,218,42,52
356,218,42,52
357,218,42,52
357,218,42,52
357,219,42,52
357,219,42,52
357,219,42,52
357,219,42,52
357,219,42,52
357,218,42,52
357,219,42,52
357,219,42,52
357,219,42,52
357,219,42,52
357,219,42,52
357,219,42,52
357,219,42,52
357,219,42,52
357,219,42,52
357,219,42,52
357,219,42,52
357,219,42,52
357,219,42,52
357,219,42,52
357,219,42,52
357,219,42,52
357,218,42,52
357,219,42,52
357,219,42,52
357,219,42,52
357,219,42,52
357,219,42,52
357,219,42,52
357,218,42,52
357,219,42,52
357,219,42,52
356,219,42,52
356,219,42,52
356,219,42,52
356,219,42,52
355,218,42,52
355,219,42,52
356,218,42,52
355,218,42,52
355,218,42,52
355,218,42,52
355,218,42,52
356,218,42,52
356,218,42,52
356,219,42,52
357,218,42,52
357,218,42,52
358,218,42,52
360,219,42,52
361,218,42,52
361,218,42,52
363,218,42,52
367,218,42,52
369,218,42,52
371,218,42,52
374,218,42,52
377,218,42,52
380,217,42,52
383,217,42,52
386,218,42,52
390,217,42,52
392,219,42,51
395,218,42,51
397,218,42,51
401,219,42,51
405,219,41,51
407,218,42,51
410,218,41,51
412,218,41,51
414,217,41,51
416,217,41,51
417,218,41,51
417,218,41,51
418,217,41,51
418,217,41,51
417,218,41,51
417,218,41,51
417,218,41,51
418,217,41,51
417,218,41,51
418,218,41,51
417,218,41,51
417,218,41,51
418,218,41,51
417,218,41,51
417,218,41,51
417,218,41,51
418,217,41,51
418,218,41,51
417,218,41,51
417,218,41,51
417,218,41,51
417,218,41,51
417,218,41,51
417,218,41,51
417,218,41,51
418,218,41,51
417,218,41,51
417,218,41,51
417,218,41,51
417,218,41,51
418,218,41,51
417,218,41,51
418,218,41,51
418,218,41,51
418,218,41,51
418,218,41,51
419,218,41,51
419,218,41,51
421,217,41,51
422,218,41,51
423,218,41,51
425,218,41,51
426,218,41,51
427,217,41,51
430,216,41,51
432,218,41,50
435,217,41,50
438,217,41,51
440,217,41,50
443,217,41,50
445,217,41,50
448,217,41,50
450,216,41,50
452,216,41,50
455,216,41,50
456,216,41,50
456,216,40,50
457,217,41,50
457,216,41,50
457,216,41,50
456,217,41,50
456,217,41,50
457,217,41,50
456,217,41,50
456,216,41,50
456,217,41,50
455,216,41,50
454,217,41,50
453,216,40,50
453,217,40,50
453,217,40,50
451,217,40,50
448,216,41,50
447,217,41,50
445,217,41,50
443,217,41,50
442,217,41,50
437,217,41,50
435,217,41,50
431,217,41,50
429,217,41,51
426,218,41,51
423,218,41,51
420,218,41,51
418,217,41,51
415,217,41,51
411,217,42,51
408,218,42,51
405,218,42,51
402,218,41,51
400,218,42,51
396,219,42,51
392,218,42,51
390,219,42,51
387,218,42,51
384,218,42,51
381,218,42,52
378,218,42,52
374,217,42,52
372,217,42,52
368,218,42,52
366,218,42,52
362,217,42,52
359,217,42,52
356,218,42,52
352,218,42,52
350,217,42,52
346,217,42,52
344,217,42,52
341,218,42,52
338,217,43,52
334,217,43,52
330,217,43,52
328,218,43,52
325,218,43,52
321,218,42,52
319,218,43,52
315,219,43,52
313,218,43,52
310,217,43,52
309,218,43,52
307,218,43,52
307,217,43,52
307,218,43,52
307,217,43,53
306,218,43,52
306,217,43,52
306,218,43,52
306,217,43,53
306,218,43,53
306,218,43,53
306,218,43,53
306,217,43,53
306,218,43,53
306,217,43,53
306,218,43,53
307,218,43,52
306,218,43,52
307,217,43,52
306,216,43,52
306,216,43,52
306,215,43,52
305,214,43,52
305,213,43,52
305,211,43,52
305,211,42,52
305,210,42,52
305,209,42,52
303,207,42,52
304,207,42,52
305,207,42,52
304,206,42,52
304,206,42,52
304,204,42,52
304,204,42,52
304,203,42,52
304,202,42,52
304,202,42,52
304,202,42,52
304,202,42,52
304,202,42,52
304,202,42,52
304,202,42,52
304,202,42,52
303,202,42,52
304,202,42,52
304,202,42,52
303,202,42,52
304,202,42,52
303,201,42,52
304,202,42,52
304,202,42,52
304,202,42,52
305,202,42,52
304,203,42,52
304,204,42,52
305,205,43,52
305,205,42,52
306,206,42,52
305,207,42,52
306,208,42,52
306,209,42,52
306,209,43,52
307,211,42,52
307,212,43,52
307,212,43,52
308,214,43,52
308,214,43,52
308,215,43,52
309,217,43,53
309,217,43,53
309,218,42,52
309,219,42,52
310,219,42,52
309,219,42,52
311,221,43,52
311,221,43,52
311,223,43,52
312,224,43,53
311,224,43,53
312,226,43,53
312,226,43,53
312,226,43,53
312,226,43,52
313,226,43,52
313,226,43,52
313,226,43,52
313,227,43,52
313,225,43,52
313,227,43,52
313,226,43,52
313,226,43,52
313,226,43,52
313,226,43,52
313,226,43,52
313,226,43,52
312,226,43,52
313,226,43,52
313,226,43,52
312,226,43,52
313,225,43,52
313,226,43,52
313,225,43,52
313,226,43,52
313,226,43,52
313,226,43,52
313,226,43,52
312,226,43,52
313,225,43,52
313,226,43,52
313,226,43,52
313,226,43,52
313,226,43,52
313,226,43,52
313,226,43,52
313,226,43,52
313,226,43,52
313,225,43,52
313,225,43,52
313,226,43,52
313,225,43,52
313,226,43,52
313,225,43,52
313,226,43,52
314,225,43,52
314,226,43,52
314,226,43,52
314,226,43,52
314,226,43,52
313,225,43,53
314,226,43,53
313,225,43,52
314,225,43,52
314,226,43,52
314,225,43,52
314,225,43,52
314,225,43,52
314,225,43,52
314,224,43,52
313,225,43,53
313,225,43,52
314,225,43,53
314,225,43,53
314,225,43,53
314,225,43,53
314,225,43,53
314,225,43,53
314,225,43,53
314,225,43,53
314,225,43,53
314,225,43,53
314,225,43,53
314,225,43,53
314,225,43,53
314,225,43,53
314,226,43,53
314,225,43,53
314,225,43,53
314,225,43,53
314,225,43,53
314,225,43,53
314,225,43,53
314,225,43,53
314,226,43,53
314,225,43,53
314,225,43,53
314,225,43,53
314,225,43,53
314,225,43,53
314,225,43,53
314,225,43,53
313,226,43,53
313,225,43,53
314,225,43,53
313,225,43,53
313,224,43,53
313,222,43,53
312,222,43,53
312,221,43,53
312,220,43,53
312,219,43,53
312,219,43,53
311,218,43,53
310,217,43,53
311,216,43,52
310,215,43,52
311,214,43,52
310,213,43,52
310,212,43,52
309,211,42,52
309,210,42,52
309,211,43,52
309,210,43,52
308,210,42,52
309,209,42,52
309,210,42,52
308,209,42,52
308,210,42,52
308,209,42,52
308,210,42,52
308,210,42,52
308,209,42,52
308,209,42,52
308,210,42,52
308,209,42,52
308,209,42,52
308,209,42,52
308,209,42,52
308,209,42,52
308,210,42,52
308,209,42,52
308,209,43,52
308,209,43,52
308,210,43,52
308,209,43,52
308,210,43,52
308,209,43,52
308,210,43,52
308,210,42,52
308,209,42,52
308,209,42,52
308,209,42,52
308,209,42,52
308,210,42,52
308,210,42,52
308,210,42,52
309,209,42,52
309,210,42,52
309,211,43,52
309,212,43,52
309,213,43,52
309,214,43,52
310,214,43,52
310,216,43,52
310,216,43,52
310,217,43,52
310,218,43,53
311,219,43,53
311,220,43,52
312,220,43,52
312,221,43,52
312,222,43,53
311,223,43,53
310,224,43,52
311,225,43,53
312,226,43,53
312,227,43,53
312,227,43,53
312,228,43,53
312,228,43,53
312,230,43,52
314,231,43,52
314,231,43,52
314,232,43,52
313,231,43,52
313,232,43,52
314,231,43,52
313,232,43,52
313,231,43,52
314,231,43,52
314,231,43,52
314,231,43,52
314,230,43,52
313,231,43,52
314,231,43,52
313,231,43,52
314,231,43,52
314,231,43,52
314,231,43,52
313,231,43,52
314,231,43,52
314,231,43,52
314,231,43,52
313,231,43,52
314,231,43,52
314,231,43,52
313,231,43,52
313,232,43,52
310,232,43,53
310,232,43,53
310,232,43,53
307,232,43,52
307,232,43,52
305,233,43,53
302,232,43,53
300,232,43,53
298,232,43,53
293,232,43,53
291,232,43,53
288,232,43,53
285,232,43,53
282,232,43,53
278,232,43,53
275,232,43,53
271,231,43,53
268,231,43,52
265,231,43,53
262,232,43,53
257,231,43,52
255,231,43,53
253,232,43,53
248,232,43,53
245,232,43,53
243,231,43,53
238,231,43,53
236,231,43,53
233,231,43,53
231,231,43,52
230,232,42,52
229,232,43,53
229,231,43,53
228,231,43,52
228,230,43,53
228,231,43,53
227,232,43,53
227,232,43,53
227,232,43,53
228,231,43,53
228,231,43,53
227,231,43,53
227,231,43,53
227,231,43,53
227,231,43,53
227,231,43,53
227,231,43,53
227,231,43,53
227,231,43,53
227,231,43,52
226,231,43,52
227,231,43,52
227,231,43,52
226,231,43,52
226,231,43,52
227,231,43,53
227,231,43,53
227,232,43,53
228,231,43,53
228,232,43,53
228,231,43,53
227,231,43,53
228,231,43,53
227,231,43,53
228,231,43,53
228,231,43,53
228,232,43,53
227,231,43,53
227,231,43,53
227,231,43,52
227,231,43,52
226,231,43,52
227,231,43,52
227,231,43,52
226,231,43,52
227,231,43,53
227,231,43,53
227,231,43,53
226,231,43,53
227,231,43,53
227,231,43,53
227,231,43,53
227,231,43,53
227,231,43,53
227,231,43,53
227,231,43,53
227,231,43,53
227,231,43,53
227,231,43,53
227,231,43,53
227,231,43,53
225,232,43,53
225,232,43,53
224,232,43,53
224,233,43,52
224,232,43,52
222,233,43,52
222,233,43,52
221,233,43,53
221,235,43,53
219,234,43,52
218,234,42,52
218,235,43,52
218,236,43,52
217,236,43,52
217,236,43,52
218,235,43,52
218,235,43,52
218,236,43,52
217,235,43,52
217,236,43,52
217,235,43,52
218,235,43,52
218,235,43,52
219,234,43,52
219,234,43,52
220,234,43,52
220,233,43,52
222,233,43,52
223,233,43,53
224,233,43,53
224,232,43,53
224,232,43,53
225,231,43,53
226,231,43,53
227,230,43,53
228,230,43,53
228,230,43,53
229,230,43,53
230,229,43,53
231,229,43,53
231,229,43,53
232,227,43,53
232,228,43,53
233,228,43,53
234,227,43,53
235,226,43,53
236,226,43,53
236,225,43,53
237,225,43,53
239,225,43,53
239,224,43,53
240,225,43,53
240,224,43,53
241,223,43,53
241,223,43,53
243,223,43,53
243,222,43,53
244,222,43,53
245,221,43,53
245,221,43,53
246,222,43,53
247,221,43,53
247,221,43,53
248,220,43,53
250,219,43,53
250,219,43,53
251,219,43,53
253,218,43,53
252,218,43,53
254,218,43,53
254,218,43,53
256,217,43,53
256,217,43,53
258,216,43,53
258,216,43,53
259,215,43,53
259,215,43,53
259,215,43,53
260,214,44,54
261,213,44,54
262,213,44,54
262,212,44,54
263,212,44,54
264,211,44,54
265,211,44,54
265,211,44,54
266,210,44,54
267,210,44,54
267,210,44,54
268,209,44,54
268,209,44,54
269,208,44,54
270,208,44,54
271,208,44,54
271,207,44,54
273,207,44,54
273,206,44,54
275,206,44,54
275,205,44,54
276,205,44,54
276,205,44,54
277,205,44,54
278,205,44,54
277,204,44,54
277,204,44,54
277,204,44,54
277,204,44,54
277,204,44,54
277,204,44,54
277,204,44,54
277,205,44,54
277,204,44,54
278,204,44,54
278,204,44,54
276,204,44,54
277,204,44,54
277,204,44,54
277,204,44,54
277,205,44,54
277,204,44,54
277,204,44,54
278,203,44,54
278,204,44,54
278,204,44,54
278,204,44,54
278,203,44,54
278,204,44,54
278,205,44,54
278,205,44,54
278,204,44,54
278,204,44,54
278,206,44,54
278,204,44,54
278,204,44,54
278,204,44,54
278,203,44,54
278,204,44,54
278,204,44,54
278,203,44,54
279,203,44,54
279,204,44,54
279,204,44,54
278,204,44,54
279,204,44,54
278,204,44,54
279,204,44,54
278,204,44,54
278,204,44,54
278,204,44,54
278,204,44,54
278,204,44,54
278,204,44,54
278,204,44,54
278,204,44,54
278,205,44,54
278,204,44,54
278,203,44,54
278,204,44,54
278,204,44,54
278,204,44,54
278,204,44,54
278,204,44,54
278,204,44,54
278,204,44,54
278,204,44,54
278,204,44,54
278,204,44,54
278,203,44,54
278,204,44,54
278,204,44,54
278,204,44,54
278,204,44,54
278,204,44,54
278,204,44,54
278,204,44,54
279,204,44,54
278,204,44,54
279,204,44,54
278,204,44,54
279,203,44,54
279,203,44,54
279,204,44,54
279,203,44,54
279,203,44,54
279,204,44,54
279,203,44,54
278,204,44,54
279,203,44,54
278,203,44,54
279,202,44,54
278,203,44,54
278,203,44,54
279,203,44,54
279,203,44,54
279,203,44,54
279,203,44,54
279,203,44,54
280,202,44,54
279,203,44,54
279,202,44,54
278,202,44,54
279,202,44,54
279,201,44,54
279,201,44,54
279,202,44,54
279,202,44,54
279,202,44,54
279,202,44,54
280,202,44,54
279,202,44,54
279,202,44,54
280,201,44,54
279,202,44,54
280,202,44,54
279,202,44,54
280,202,44,54
279,202,44,54
279,201,44,54
279,202,44,54
279,201,44,54
278,201,44,54
279,201,44,54
279,201,44,54
279,200,44,54
278,201,44,54
279,201,44,54
279,201,44,54
280,200,44,54
279,201,44,54
279,200,44,54
279,200,44,54
280,200,44,54
280,200,44,54
280,200,44,54
280,200,44,54
280,200,44,54
279,200,44,54
279,200,44,54
279,200,44,54
280,200,44,54
280,200,44,54
280,200,44,54
279,200,44,54
280,200,44,54
280,200,44,54
279,200,44,54
280,200,44,54
279,200,44,54
280,200,44,54
280,200,44,54
280,200,44,54
280,200,44,54
280,200,44,54
280,199,44,54
280,200,44,54
280,200,44,54
280,200,44,54
280,200,44,54
279,200,44,54
280,200,44,54
280,200,44,54
280,200,44,54
280,200,44,54
280,200,44,54
280,200,44,54
281,199,44,54
281,200,44,54
281,200,44,54
281,200,44,54
282,200,44,54
283,200,44,54
283,200,44,54
283,200,44,54
285,200,44,54
285,200,44,54
286,200,44,54
287,200,44,54
288,199,44,54
289,200,44,54
290,199,44,54
291,200,44,54
292,200,44,54
292,200,44,54
293,199,44,54
294,200,44,54
295,200,44,54
295,200,44,54
297,200,44,54
298,200,44,54
299,200,44,54
299,200,44,54
300,200,44,54
301,200,44,54
303,200,44,54
303,200,44,54
304,200,44,54
305,200,44,54
306,200,44,54
307,200,44,54
308,200,44,54
308,200,44,54
309,200,44,54
310,200,44,55
311,199,44,54
312,200,44,54
314,200,44,54
314,200,44,54
316,199,44,54
316,200,44,55
318,200,44,55
319,199,44,55
320,199,44,55
321,200,44,55
322,199,44,55
322,200,44,55
323,200,44,55
324,200,44,55
325,198,44,55
326,200,45,55
328,200,45,55
329,199,45,55
329,199,45,55
330,199,45,55
331,200,45,55
332,200,45,55
333,199,45,55
334,200,45,55
335,199,45,55
336,199,45,55
337,199,45,55
337,200,45,55
339,199,45,55
339,199,45,55
341,198,45,55
341,198,45,55
343,199,45,55
343,199,45,55
344,199,45,55
345,199,45,55
346,199,45,55
347,199,45,55
349,199,45,55
349,199,45,55
350,199,45,55
351,200,45,55
352,199,45,55
353,199,45,55
354,198,45,55
355,198,45,55
356,198,45,55
357,197,45,55
358,198,45,55
359,200,45,55
360,198,45,55
361,199,45,55
361,198,45,55
362,198,45,55
363,198,45,55
365,198,45,55
365,198,45,55
366,198,45,56
368,198,45,55
369,198,45,55
369,199,45,55
370,197,45,56
372,197,45,56
372,199,45,55
374,197,45,56
374,197,45,56
376,197,45,56
376,198,45,56
378,197,45,56
378,198,45,56
378,198,45,56
378,197,45,56
378,197,45,56
378,198,45,56
378,197,45,56
377,197,45,56
378,197,45,56
378,197,45,56
379,197,45,56
378,198,45,56
378,197,45,56
378,197,45,56
378,197,45,56
377,197,46,56
377,197,46,56
377,198,46,56
377,197,46,56
377,198,46,56
377,198,46,56
376,198,46,56
376,198,46,56
376,198,46,57
376,198,46,57
376,198,46,57
376,198,46,57
376,198,46,57
376,197,46,57
375,198,46,57
376,198,46,57
375,199,46,57
375,199,46,57
375,199,47,57
376,198,47,58
375,197,47,58
375,197,47,58
374,197,47,58
374,197,47,58
374,198,47,58
374,197,47,58
374,197,47,58
373,198,47,58
373,199,48,58
373,197,47,58
373,197,47,58
373,197,47,58
372,197,48,59
372,198,48,59
372,197,48,59
372,198,48,59
371,198,48,59
371,197,48,59
371,197,48,59
371,198,48,59
371,198,48,59
371,198,48,59
370,199,48,59
371,198,48,59
371,198,49,60
371,198,49,60
370,197,49,60
370,197,49,60
371,197,49,60
370,198,49,60
369,198,49,60
369,197,49,60
369,197,49,61
370,198,49,61
369,198,49,60
370,197,49,61
370,197,49,61
369,197,49,61
369,198,49,61
369,198,49,61
368,199,50,61
368,197,50,61
368,198,50,61
368,198,50,61
368,197,50,61
368,198,50,61
367,197,50,61
368,197,50,61
367,198,50,61
368,198,50,61
368,197,50,61
367,197,50,61
367,198,50,61
368,197,50,61
367,198,50,61
367,198,50,61
366,197,50,61
367,197,50,61
367,198,50,61
367,197,50,61
367,197,50,61
368,196,50,61
367,196,50,61
367,195,50,61
367,194,50,61
367,193,50,61
368,192,50,61
367,190,50,61
367,190,50,61
367,189,50,61
367,189,50,61
368,188,50,61
367,187,50,61
367,185,50,61
367,185,50,61
366,183,50,61
367,183,50,61
368,182,50,61
367,181,50,61
367,179,50,61
366,180,50,61
367,177,50,61
366,177,50,61
367,175,49,61
366,175,50,61
367,174,50,61
367,173,50,61
366,172,50,61
367,171,50,61
366,170,50,61
366,169,50,61
366,168,50,61
366,167,50,61
366,167,50,61
367,166,49,61
367,164,49,61
366,163,50,61
366,162,50,61
365,161,50,61
367,161,49,61
366,160,49,61
367,158,49,61
367,157,49,61
366,156,50,61
366,156,50,61
366,155,50,61
366,154,50,61
367,153,49,61
367,152,49,61
367,150,49,61
366,149,49,61
366,149,49,61
366,147,49,61
366,146,49,61
366,146,49,61
366,145,49,61
366,143,49,61
365,143,49,61
366,142,49,61
366,141,49,61
366,140,49,61
366,139,49,61
366,138,49,61
367,137,49,61
