1
0.0849527
0.970857
0.963206
0.963457
0.961716
0.961686
0.958506
0.953122
0.947394
0.955111
0.95352
0.955132
0.957923
0.956598
0.951897
0.942978
0.949636
0.950582
0.947318
0.945175
0.95739
0.96014
0.960492
0.959527
0.956055
0.955015
0.951709
0.950387
0.951299
0.95368
0.948616
0.954362
0.949264
0.948321
0.941641
0.93326
0.939174
0.934698
0.939243
0.93716
0.933815
0.929243
0.94466
0.951722
0.956326
0.964037
0.966056
0.971722
0.970536
0.975255
0.97412
0.979949
0.978548
0.977234
0.980096
0.981851
0.985633
0.981083
0.985748
0.984481
0.99015
0.986651
0.98651
0.987177
0.987515
0.98703
0.98982
0.986723
0.991116
0.989407
0.988807
0.988496
0.988811
0.984683
0.989242
0.988955
0.987931
0.988892
0.989764
0.989394
0.989009
0.99025
0.989434
0.988765
0.989076
0.989279
0.988545
0.988784
0.986991
0.990013
0.9918
0.984335
0.987657
0.988984
0.989533
0.983975
0.982392
0.985802
0.988182
0.982257
0.980843
0.981871
0.986562
0.981848
0.984121
0.983372
0.983392
0.985109
0.980505
0.982866
0.984945
0.981765
0.98456
0.981866
0.983385
0.982182
0.98536
0.985909
0.984478
0.98129
0.97643
0.977039
0.9837
0.981994
0.985301
0.983078
0.984397
0.982219
0.984764
0.987445
0.98797
0.981862
0.982291
0.985059
0.987129
0.982383
0.982807
0.980272
0.987909
0.984396
0.983757
0.983795
0.987572
0.982413
0.978269
0.980517
0.971391
0.9806
0.982864
0.979682
0.984383
0.980219
0.979752
0.979656
0.986967
0.983256
0.98187
0.983385
0.985153
0.983297
0.974622
0.983415
0.977243
0.974113
0.975314
0.962464
0.974354
0.975222
0.974927
0.978908
0.980502
0.984845
0.975208
0.975355
0.971377
0.977894
0.975358
0.981538
0.957725
0.966021
0.953486
0.955211
0.955365
0.955885
0.965441
0.956644
0.932352
0.93983
0.937174
0.945236
0.936482
0.9484
0.950846
0.946852
0.933762
0.908296
0.888703
0.920752
0.89214
0.916224
0.919499
0.92176
0.9127
0.916964
0.923293
0.9329
0.948283
0.956996
0.943796
0.946852
0.947443
0.948927
0.934409
0.937368
0.944697
0.932324
0.95402
0.954324
0.951422
0.928179
0.943657
0.942298
0.929332
0.93446
0.938346
0.935179
0.950687
0.950641
0.941537
0.947031
0.931491
0.95234
0.935987
0.920486
0.950758
0.963818
0.943842
0.951726
0.922597
0.925607
0.952907
0.961882
0.946946
0.954699
0.957118
0.960268
0.96205
0.961172
0.954201
0.96763
0.963248
0.953972
0.960076
0.954624
0.935682
0.929464
0.939551
0.920816
0.938599
0.94174
0.941308
0.927503
0.927101
0.928204
0.93813
0.94277
0.924775
0.945306
0.94003
0.924213
0.925991
0.942397
0.919185
0.927918
0.92077
0.923391
0.917221
0.900767
0.906127
0.913707
0.903744
0.923688
0.939316
0.914514
0.927181
0.914397
0.894727
0.913985
0.915649
0.933283
0.915372
0.933457
0.926708
0.93304
0.941685
0.926605
0.940576
0.925341
0.940085
0.946754
0.946856
0.961965
0.962203
0.941244
0.940811
0.947582
0.950485
0.954768
0.957765
0.965427
0.960311
0.941106
0.955812
0.953609
0.950559
0.964143
0.956649
0.958355
0.950565
0.94606
0.940652
0.951946
0.950171
0.941538
0.93233
0.949043
0.942227
0.935126
0.953647
0.945206
0.953235
0.956186
0.956787
0.949976
0.953828
0.947427
0.951887
0.9672
0.937455
0.968783
0.955511
0.966567
0.963904
0.965032
0.967336
0.968816
0.959407
0.964372
0.962063
0.954064
0.95098
0.959075
0.947313
0.946913
0.924585
0.945751
0.938982
0.945086
0.940819
0.947945
0.939366
0.934755
0.899119
0.894919
0.910596
0.927384
0.892762
0.894447
0.896459
0.860416
0.895881
0.890679
0.910861
0.873857
0.888407
0.885166
0.881468
0.878291
0.882932
0.901377
0.877997
0.888154
0.886482
0.89096
0.912955
0.92976
0.926042
0.929192
0.933435
0.943311
0.943898
0.939308
0.949544
0.938692
0.940543
0.935571
0.93662
0.953963
0.938604
0.948651
0.948061
0.936384
0.949905
0.942144
0.927678
0.935605
0.938184
0.944244
0.939747
0.92393
0.938838
0.939948
0.946207
0.929951
0.924312
0.94097
0.952433
0.93919
0.933841
0.932568
0.945068
0.942669
0.962078
0.958054
0.964294
0.969437
0.950142
0.961062
0.944871
0.956402
0.968029
0.956748
0.947301
0.95703
0.959499
0.957211
0.959928
0.955967
0.960771
0.960556
0.962114
0.965814
0.95997
0.918637
0.939322
0.909932
0.952481
0.957087
0.958659
0.94264
0.945479
0.923989
0.927173
0.925694
0.934428
0.926294
0.911713
0.9293
0.917964
0.925115
0.930319
0.939925
0.924971
0.909872
0.892833
0.898653
0.910202
0.911865
0.925757
0.90134
0.922095
0.94241
0.93334
0.92618
0.935652
0.919532
0.93091
0.9495
0.94423
0.950075
0.955806
0.932516
0.91761
0.94788
0.941073
0.948153
0.934275
0.94455
0.934755
0.956307
0.941795
0.947102
0.933582
0.932222
0.910268
0.948579
0.950909
0.950515
0.93301
0.946093
0.938141
0.942562
0.955351
0.947981
0.954331
0.94479
0.940866
0.952539
0.954445
0.949187
0.958053
0.967315
0.957331
0.961637
0.958475
0.961136
0.966154
0.969924
0.967905
0.960697
0.967069
0.970916
0.932228
0.965421
0.958025
0.951926
0.921782
0.945518
0.952079
0.959131
0.897752
0.966278
0.964627
0.971314
0.94587
0.928868
0.915941
0.972994
0.972578
0.943065
0.953425
0.970754
0.961614
0.966222
0.971813
0.942389
0.922893
0.977093
0.967186
0.981736
0.987291
0.985026
0.984241
0.974643
0.975294
0.972138
0.965745
0.977782
0.981797
0.980626
0.985068
0.978897
0.982818
0.984737
0.970015
0.967948
0.978577
0.984823
0.98624
0.990669
0.982378
0.972553
0.972192
0.98523
0.949648
0.979851
0.987527
0.978751
0.982888
0.989614
0.948337
0.974986
0.963673
0.983021
0.981922
0.958155
0.982951
0.984802
0.985829
0.989117
0.968949
0.981936
0.988021
0.987416
0.97527
0.987222
0.980966
0.983611
0.981298
0.977072
0.982879
0.98695
0.970791
0.982537
0.972701
0.975943
0.985348
0.972037
0.984877
0.990672
0.984836
0.992643
0.988933
0.989536
0.991067
0.989275
0.984174
0.965847
0.98392
0.974244
0.956925
0.987881
0.969015
0.992156
0.988987
0.985948
0.946715
0.986918
0.983642
0.989396
0.984764
0.985808
0.983384
0.985998
0.992383
0.985327
0.986884
0.991453
0.989834
0.989332
0.990357
0.978987
0.990969
0.990036
0.988252
0.988659
0.984096
0.99374
0.987666
0.988164
0.988114
0.987933
0.990054
0.987198
0.990007
0.983317
0.989551
0.988623
0.989721
0.990734
0.960382
0.991086
0.991131
0.989083
0.984729
0.979424
0.990214
0.980643
0.989464
0.988631
0.985065
0.991787
0.991833
0.989638
0.986372
0.983219
0.993164
0.976276
0.98807
0.99007
0.990959
0.983218
0.98526
0.98849
0.959359
0.985166
0.982307
0.982177
0.991487
0.982954
0.987434
0.99226
0.984743
0.991918
0.986467
0.988821
0.987615
0.988646
0.988834
0.989198
0.989453
0.99272
0.98466
0.98703
0.989094
0.991838
0.989589
0.991751
0.985405
0.99176
0.992917
0.994018
0.991901
0.992996
0.991824
0.990398
0.993869
0.988659
0.993999
0.991376
0.98958
0.992302
0.99376
0.989398
0.991946
0.99407
0.988319
0.990142
0.985965
0.974669
0.969732
0.979901
0.983096
0.983406
0.989039
0.985786
0.990784
0.993869
0.991801
0.990135
0.983204
0.983457
0.988072
0.989212
0.986271
0.989355
0.985565
0.988264
0.985159
0.982287
0.982419
0.980452
0.986207
0.974254
0.978972
0.982796
0.977717
0.973704
0.978501
0.977092
0.978677
0.976071
0.972805
0.968582
0.972294
0.977288
0.97443
0.98416
0.982057
0.970743
0.979321
0.970385
0.974264
0.966798
0.973419
0.969127
0.967157
0.970589
0.966418
0.965953
0.96351
0.961926
0.964736
0.952988
0.952813
0.943388
0.944998
0.941133
0.935803
0.933439
0.939966
0.926069
0.924069
0.929155
0.938409
0.940505
0.919195
0.930321
0.9335
0.944824
0.935161
0.93977
0.944478
0.943913
0.946809
0.937998
0.933627
0.92799
0.913655
0.901957
0.89655
0.891848
0.891997
0.884969
0.868794
0.833145
0.847693
0.859714
0.849471
0.778844
0.789247
0.731033
0.71003
0.618983
0.607284
0.553778
0.630673
0.507145
0.532264
0.539099
0.543732
0.513351
0.509169
0.499015
0.494358
0.505966
0.42475
0.46401
0.481195
0.475541
0.435977
0.491145
0.458075
0.490476
0.470627
0.446813
0.441485
0.428498
0.457819
0.420604
0.445583
0.442421
0.436781
0.448158
0.472117
0.426952
0.446603
0.533682
0.45587
0.459618
0.460754
0.486244
0.506361
0.400191
0.417959
0.496124
0.420141
0.425085
0.439479
0.429713
0.416005
0.464184
0.467431
0.470127
0.459205
0.474665
0.48157
0.50445
0.513798
0.497916
0.512123
0.504743
0.467475
0.453701
0.478327
0.445395
0.472309
0.445917
0.459983
0.432364
0.412741
0.405858
0.402935
0.401268
0.389788
0.416449
0.411883
0.380527
0.399317
0.373816
0.334065
0.331109
0.329822
0.324877
0.346216
0.397747
0.430752
0.491589
0.490772
0.537701
0.571354
0.638509
0.63716
0.62042
0.587304
0.522953
0.594351
0.628661
0.629657
0.587795
0.62732
0.438507
0.558694
0.581946
0.557251
0.585379
0.580037
0.600253
0.599138
0.591528
0.544109
0.558741
0.605741
0.614256
0.612742
0.640205
0.588103
0.606831
0.584478
0.575077
0.652303
0.549382
0.576515
0.586836
0.561572
0.586823
0.501507
0.650566
0.641737
0.625944
0.520511
0.514001
0.590693
0.567326
0.512699
0.529933
0.511403
0.480484
0.50296
0.510471
0.467675
0.531769
0.49185
0.433958
0.443515
0.41455
0.359893
0.304179
0.25997
0.186866
0.132347
0.136816
0.128061
0.112199
0.134235
0.118822
0.153325
0.14237
0.145326
0.145476
0.15323
0.137981
0.104454
0.136643
0.13284
0.136981
0.139299
0.138218
0.145593
0.15085
0.122124
0.163791
0.132369
0.136951
0.134493
0.123793
0.132889
0.122587
0.124219
0.131283
0.12047
0.11943
0.121384
0.121116
0.132401
0.120588
0.127395
0.144712
0.136653
0.142917
0.137153
0.136532
0.138374
0.124976
0.102168
0.12372
0.111349
0.121569
0.114736
0.115709
0.116758
0.111001
0.124614
0.109319
0.111842
0.118196
0.116227
0.109258
0.1099
0.119893
0.129258
0.135484
0.134261
0.142516
0.131848
0.150942
0.135668
0.140792
0.12559
0.120179
0.125793
0.135753
0.139185
0.105391
0.129031
0.135799
0.128705
0.126921
0.103975
0.116511
0.137438
0.176161
0.142104
0.170004
0.129741
0.15605
0.183437
0.127033
0.161313
0.166534
0.135414
0.143182
0.450941
0.448229
