0.0044773
0.013625
0.014805
0.012921
0.013187
0.013735
0.013443
0.013394
0.013255
0.015541
0.013837
0.013585
0.013508
0.013257
0.021954
0.017336
0.013326
0.013568
0.012971
0.013114
0.013266
0.016702
0.040176
0.016711
0.01524
0.040205
0.0143
0.015655
0.013852
0.015024
0.013494
0.013387
0.013388
0.013307
0.013632
0.013233
0.013368
0.01327
0.017229
0.013438
0.013528
0.013142
0.013392
0.01317
0.013408
0.013024
0.013447
0.013462
0.013128
0.013696
0.013039
0.01339
0.01318
0.013542
0.013425
0.013293
0.013185
0.013275
0.013418
0.013576
0.012787
0.01331
0.012627
0.013336
0.01309
0.013277
0.013699
0.013423
0.013404
0.019869
0.016681
0.013485
0.013004
0.014839
0.013735
0.042102
0.035701
0.040298
0.012888
0.013635
0.013807
0.013061
0.012649
0.01343
0.01315
0.012795
0.013287
0.017255
0.013135
0.013583
0.013103
0.012988
0.01294
0.013039
0.013731
0.013539
0.013316
0.013591
0.01349
0.020556
0.013278
0.026368
0.013467
0.013716
0.013524
0.013361
0.013151
0.013048
0.013202
0.013284
0.013275
0.012499
0.024644
0.013513
0.022589
0.013411
0.013754
0.013303
0.013281
0.012836
0.012978
0.013338
0.013704
0.01546
0.022725
0.014725
0.013491
0.013177
0.013096
0.013112
0.013084
0.01311
0.013458
0.015812
0.014419
0.013599
0.012919
0.012929
0.012918
0.012948
0.013077
0.01329
0.013301
0.019835
0.013341
0.019924
0.012988
0.013299
0.013651
0.013167
0.013004
0.01658
0.01834
0.016015
0.012927
0.013214
0.019338
0.013461
0.012845
0.01341
0.015185
0.013277
0.013285
0.017173
0.01668
0.013154
0.013107
0.013363
0.013588
0.01365
0.01324
0.013158
0.013262
0.013353
0.013693
0.016119
0.013261
0.013483
0.014854
0.035882
0.019143
0.016455
0.012852
0.016599
0.016752
0.013406
0.013167
0.013397
0.030548
0.032794
0.023801
0.012956
0.016637
0.019219
0.034124
0.012891
0.013092
0.014209
0.014315
0.014277
0.025138
0.015939
0.015901
0.013123
0.034883
0.022834
0.017937
0.013569
0.013325
0.023892
0.01318
0.013533
0.016337
0.038528
0.013165
0.013265
0.013642
0.01392
0.01329
0.014035
0.013139
0.013033
0.013208
0.042376
0.016923
0.013063
0.01342
0.013587
0.0133
0.018118
0.013258
0.013061
0.024715
0.020462
0.013394
0.013994
0.018859
0.01331
0.013258
0.013425
0.013465
0.013133
0.024856
0.028165
0.013468
0.012954
0.013402
0.013109
0.013115
0.019138
0.01821
0.023663
0.012746
0.014422
0.013652
0.019637
0.013324
0.013272
0.023861
0.013049
0.013012
0.016697
0.027491
0.013579
0.013829
0.013122
0.028262
0.02057
0.026161
0.022982
0.024276
0.013918
0.012919
0.03461
0.025728
0.027187
0.026651
0.014024
0.01368
0.01314
0.018539
0.013238
0.01354
0.0135
0.01312
0.023761
0.016295
0.01361
0.017183
0.015207
0.012724
0.01352
0.021748
0.013362
0.015869
0.013292
0.017072
0.014835
0.013312
0.013017
0.013273
0.01269
0.013344
0.01307
0.013117
0.013313
0.013407
0.033113
0.015474
0.019524
0.013598
0.013372
0.018457
0.013672
0.016845
0.016317
0.016442
0.016809
0.012953
0.024534
0.013464
0.013342
0.013268
0.013341
0.02038
0.014462
0.026833
0.014228
0.02781
0.014314
0.016441
0.014541
0.040305
0.015614
0.025819
0.012963
0.022451
0.028029
0.01669
0.013371
0.012898
0.01471
0.018578
0.013984
0.02719
0.014584
0.014367
0.014941
0.013921
0.012739
0.013124
0.015718
0.013582
0.020099
0.038624
0.019799
0.024156
0.01344
0.013946
0.013103
0.013129
0.013306
0.020176
0.013436
0.013765
0.017723
0.022551
0.013157
0.01335
0.013087
0.016677
0.013256
0.017761
0.027545
0.013164
0.016957
0.013596
0.01346
0.015401
0.013525
0.017199
0.030342
0.01722
0.013048
0.012885
0.014066
0.013823
0.025914
0.02306
0.017246
0.016515
0.013697
0.012508
0.017758
0.01298
0.013392
0.013357
0.013558
0.013021
0.013585
0.025818
0.012988
0.01327
0.028765
0.015647
0.015706
0.040084
0.01649
0.023985
0.013076
0.013107
0.039282
0.013426
0.024364
0.013088
0.013528
0.013669
0.042838
0.016539
0.016004
0.013879
0.014033
0.014326
0.02445
0.030398
0.016471
0.013763
0.014269
0.013767
0.01407
0.013878
0.017635
0.024513
0.014104
0.014587
0.013761
0.013849
0.038721
0.014014
0.029429
0.019374
0.040947
0.016706
0.01383
0.043693
0.015309
0.01384
0.014015
0.013798
0.013521
0.013076
0.01317
0.013529
0.017257
0.015805
0.013775
0.01304
0.01316
0.013021
0.016848
0.013158
0.035182
0.024717
0.018892
0.013505
0.013134
0.013428
0.013484
0.013189
0.013177
0.024075
0.013894
0.014174
0.014691
0.013142
0.01354
0.032163
0.013681
0.01331
0.013467
0.017419
0.015795
0.022608
0.013147
0.013329
0.017252
0.017527
0.023424
0.03448
0.012872
0.013021
0.013588
0.013066
0.01297
0.013419
0.013381
0.019707
0.014312
0.013279
0.023895
0.023517
0.025254
0.017312
0.012989
0.023896
0.013564
0.01294
0.017416
0.015117
0.013507
0.013625
0.013023
0.017723
0.031058
0.015571
0.01584
0.014026
0.013351
0.013341
0.024214
0.014353
0.01347
0.018316
0.013664
0.013765
0.013271
0.013353
0.013267
0.013216
0.015658
0.022756
0.013274
0.013051
0.027438
0.015515
0.012758
0.013314
0.013462
0.01512
0.013526
0.013346
0.013014
0.013703
0.017635
0.013744
0.013332
0.01928
0.013082
0.013274
0.013287
0.01664
0.037949
0.024476
0.013182
0.033098
0.013718
0.024545
0.013474
0.013394
0.0128
0.018181
0.024682
0.014773
0.015269
0.023542
0.012991
0.02402
0.013444
0.016809
0.013521
0.016742
0.013222
0.020764
0.015737
0.013369
0.013519
0.022703
0.012992
0.012928
0.013487
0.013041
0.013531
0.013159
0.013425
0.022896
0.013208
0.013182
0.018476
0.01506
0.013088
0.013085
0.013393
0.013079
0.019227
0.013412
0.013337
0.012996
0.01324
0.012666
0.012979
0.020977
0.013845
0.013924
0.013
0.018065
0.013067
0.013257
0.012849
0.03462
0.016609
0.013431
0.013334
0.012625
0.012769
0.0133
0.012926
0.013293
0.01346
0.013368
0.023539
0.016717
0.017397
0.013341
0.013518
0.01324
0.013291
0.022929
0.013112
0.012876
0.013206
0.01325
0.013656
0.013372
0.013003
0.012987
0.024573
0.013829
0.022761
0.018888
0.012944
0.013271
0.026064
0.013587
0.013199
0.017825
0.01333
0.040809
0.015894
0.021609
0.012844
0.013481
0.013114
0.014203
0.013445
0.013271
0.013198
0.013458
0.013315
0.013315
0.013008
0.016098
0.012927
0.013311
0.029187
0.013529
0.013532
0.013693
0.01311
0.025404
0.017034
0.017033
0.014408
0.01331
0.012632
0.013179
0.013187
0.013166
0.013379
0.013321
0.016412
0.012888
0.013084
0.01319
0.013567
0.013387
0.017318
0.012834
0.013419
0.013652
0.01341
0.013432
0.013088
0.013051
0.013471
0.013281
0.013012
0.012673
0.013481
0.013024
0.013004
0.033195
0.01813
0.042243
0.014459
0.014365
0.01326
0.013653
0.013484
0.013121
0.013204
0.013512
0.017827
0.020983
0.013006
0.074459
0.013136
0.013345
0.013042
0.013519
0.013322
0.012925
0.026064
0.034962
0.013138
0.013073
0.01335
0.012705
0.013023
0.013245
0.013227
0.035115
0.016308
0.012996
0.013088
0.013502
0.013187
0.033964
0.023373
0.013626
0.013068
0.01363
0.013264
0.013325
0.013793
0.01341
0.013098
0.01291
0.017839
0.014434
0.013023
0.013728
0.013138
0.013842
0.013258
0.013604
0.01343
0.016714
0.022373
0.015569
0.013729
0.013304
0.013327
0.023093
0.013256
0.024595
0.014274
0.012794
0.026999
0.014367
0.024187
0.013338
0.014591
0.013415
0.013483
0.019159
0.015579
0.016401
0.013403
0.040324
0.013444
0.012923
0.012974
0.013553
0.013262
0.01274
0.03467
0.013458
0.012889
0.013287
0.024634
0.012995
0.013404
0.013527
0.015527
0.015767
0.016173
0.013125
0.040659
0.013316
0.012649
0.012783
0.012326
0.01266
0.013419
0.01248
0.012938
0.013392
0.013156
0.013099
0.0134
0.023572
0.013682
0.013472
0.040336
0.022424
0.013615
0.018466
0.014161
0.013527
0.015293
0.013792
0.013474
0.013193
0.013076
0.012975
0.030216
0.013495
0.013396
0.012767
0.040641
0.024303
0.018591
0.01343
0.026583
0.015674
0.015053
0.01619
0.013157
0.014357
0.014088
0.025777
0.014821
0.013303
0.012609
0.013173
0.012856
0.01345
0.013306
0.013373
0.012938
0.013441
0.024539
0.014578
0.013696
0.014297
0.013672
0.013902
0.013131
0.013356
0.013623
0.013145
0.01313
0.013278
0.013208
0.013093
0.013361
0.026186
0.013435
0.013296
0.013475
0.013913
0.012925
0.013112
0.016549
0.013347
0.01398
0.03818
0.022268
0.040792
0.013663
0.01358
0.013328
0.013136
0.013114
0.013043
0.013115
0.013032
0.014526
0.013563
0.013668
0.013377
0.031509
0.041059
0.016922
0.035219
0.013428
0.013105
0.013524
0.013555
0.013407
0.013459
0.013074
0.013192
0.013333
0.012759
0.013595
0.013435
0.026469
0.026039
0.016706
0.013606
0.013707
0.013183
0.0132
0.013362
0.013374
0.013236
0.01325
0.013831
0.013013
0.013734
0.013134
0.013186
0.013402
0.013187
0.012865
0.012994
0.012966
0.013036
0.01328
0.024621
0.013343
0.013075
0.013329
0.015829
0.014933
0.01881
0.017931
0.013175
0.013437
0.0135
0.013199
0.013738
0.01301
0.013553
0.01377
0.022812
0.013515
0.013322
0.013396
0.012698
0.013573
0.013183
0.013558
0.013101
0.013237
0.01346
0.013121
0.013163
0.024015
0.012262
0.013453
0.013021
0.013492
0.013061
0.012636
0.013453
0.013043
0.030931
0.013725
0.014727
0.01318
0.012964
0.013499
0.013176
0.01307
0.013209
0.013265
0.01322
0.013385
0.013299
0.013518
0.012817
0.013032
0.013262
0.01807
0.013356
0.013516
0.013327
0.012693
0.013453
0.013167
0.012817
0.01349
0.013343
0.013429
0.013418
0.026996
0.01414
0.013822
0.013294
0.01323
0.0128
0.013066
0.01328
0.012996
0.013444
0.013062
0.013566
0.013379
0.012978
0.013456
0.013945
0.013059
0.013455
0.013139
0.013189
0.013153
0.012719
0.019519
0.013367
0.01335
0.01284
0.019561
0.013422
0.013238
0.013538
0.013062
0.012851
0.013104
0.013234
0.013213
0.012902
0.013292
0.012986
0.013294
0.013302
0.012784
0.020754
0.013398
0.013388
0.013127
0.013075
0.013316
0.01334
0.013211
0.013313
0.013204
0.013269
0.013226
0.013336
0.012728
0.013471
0.013174
0.012963
0.013361
0.01346
0.012856
0.013716
0.013579
0.013276
0.013357
0.013446
0.01266
0.020226
0.01585
0.013926
0.01769
0.017185
0.013275
0.018779
0.013299
0.013012
0.01321
0.013193
0.013105
0.017827
0.013105
0.012926
0.017242
0.024627
0.016396
0.013041
0.013133
0.013295
0.01336
0.0133
0.013124
0.034688
0.013279
0.013418
0.013548
0.013426
0.013375
0.02529
0.013304
0.012661
0.016597
0.013399
0.012993
0.016092
0.012958
0.013476
0.013487
0.013701
0.013176
0.012673
0.013824
0.013575
0.013287
0.02587
0.013018
0.013553
0.013126
0.012965
0.012855
0.013359
0.013194
0.012578
0.013098
0.013016
0.012748
0.013335
0.013088
0.01357
0.025001
0.018448
0.040615
0.023524
0.01509
0.013233
0.013528
0.013042
0.01348
0.013458
0.013307
0.013084
0.01341
0.026668
0.012828
0.013328
0.01307
0.012796
0.013322
0.013305
0.013106
0.01304
0.013251
0.013314
0.013831
0.013184
0.012907
0.012893
0.013457
0.013514
0.012998
0.013037
0.013772
0.01337
0.013493
0.013265
0.01325
0.013256
0.016813
0.012869
0.013426
0.012831
0.013287
0.013159
0.013289
0.012888
0.013462
0.014303
0.013348
0.013307
0.013368
0.013298
0.013063
0.027018
0.015803
0.01276
0.013292
0.013382
0.013187
0.012929
0.012813
0.013307
0.012764
0.013322
0.013521
0.012791
0.013292
0.012693
0.013023
0.013482
0.013067
0.012766
0.013931
0.013024
0.013167
0.013571
0.01276
0.013367
0.013955
0.013052
0.01317
0.013656
0.013401
0.013126
0.013503
0.027315
0.021859
0.013298
0.013125
0.013378
0.013097
0.013057
0.012807
0.012898
0.013507
0.013323
0.01326
0.012694
0.013259
0.013849
0.012911
0.013108
0.028203
0.013881
0.013211
0.01307
0.013623
0.013236
0.018197
0.013254
0.012853
0.023274
0.013111
0.013018
0.013247
0.013529
0.013284
0.012847
0.01354
0.01299
0.013303
0.014173
0.013195
0.013545
0.012922
0.017619
0.013297
0.013
0.01304
0.01274
0.013213
0.013202
0.01348
0.039537
0.041494
0.028647
0.014299
0.013444
0.013098
0.012992
0.012854
0.013627
0.013191
0.013254
0.013324
0.013146
0.013478
0.013234
0.012637
0.013138
0.013207
0.021436
0.021338
0.012721
0.013435
0.013456
0.013805
0.013577
0.013097
0.013606
0.01315
0.013047
0.013409
0.013206
0.013024
0.01356
0.023197
0.013185
0.013673
0.013103
0.013315
0.013734
0.012868
0.013435
0.013164
0.013689
0.013496
0.013584
0.013518
0.013339
0.023956
0.012873
0.013082
0.013421
0.012916
0.032755
0.020225
0.013508
0.013468
0.013248
0.013513
0.013407
0.013015
0.013473
0.013622
0.012967
0.013273
0.01343
0.013144
0.013235
0.013339
0.014729
0.013554
0.013456
0.013539
0.013252
0.013679
0.013086
0.012622
0.012951
0.013121
0.013264
0.013359
0.013666
0.017768
0.013542
0.013405
0.013046
0.015796
0.015639
0.022655
0.013455
0.013306
0.013461
0.013497
0.013857
0.022318
0.013416
0.01362
0.025985
0.01284
0.013719
0.012937
0.013301
0.013373
0.031773
0.016291
0.014192
0.013377
0.013562
0.012917
0.013698
0.013019
0.013176
0.013062
0.013736
0.013192
0.013402
0.012988
0.013474
0.019465
0.013353
0.013383
0.013593
0.013278
0.013351
0.013268
0.013272
0.014006
0.013495
0.013502
0.012966
0.013315
0.013156
0.013515
0.023532
0.019772
0.014121
0.013171
0.013205
0.013332
0.01284
0.013022
0.023882
0.014429
0.014384
0.013351
0.013615
0.028298
0.013414
0.013542
0.013276
0.013095
0.013073
0.013533
0.01413
0.013118
0.01336
0.013844
0.013846
0.02989
0.022982
0.013447
0.013062
0.013607
0.013678
0.012767
0.01327
0.013175
0.013179
0.013136
0.013461
0.013704
0.013387
0.039284
0.038101
0.014794
0.012936
0.013405
0.013166
0.01333
0.013676
0.013376
0.013401
0.013491
0.0215
0.013597
0.020491
0.012896
0.013365
0.012955
0.013454
0.033231
0.019786
0.013227
0.013615
0.013133
0.01341
0.013463
0.0139
0.013314
0.012761
0.013035
0.013455
0.013768
0.01342
0.013502
0.013165
0.01348
0.013405
0.013492
0.0135
0.012799
0.013602
0.013228
0.013398
0.012807
0.013466
0.013325
0.013398
0.012958
0.01356
0.013707
0.013223
0.022088
0.016257
0.013083
0.013535
0.013787
0.01329
0.013764
0.013212
0.013347
0.013295
0.01359
0.013093
0.013122
0.013259
0.013268
0.013631
0.01317
0.013685
0.024309
0.017836
0.012833
0.012698
0.013201
0.013063
0.01301
0.013872
0.013713
0.013234
0.013093
0.013315
0.013286
0.022477
0.012897
0.013732
0.013734
0.012954
0.023691
0.013822
0.013843
0.013242
0.01345
0.014092
0.013869
0.013736
0.013213
0.013472
0.013513
0.013132
0.013357
0.013322
0.01347
0.013213
0.013423
0.013766
0.013756
0.013619
0.013175
0.013413
0.013362
0.01338
0.013412
0.01378
0.013376
0.024904
0.013753
0.013515
0.013512
0.013345
0.013822
0.013906
0.013798
0.013344
0.01319
0.016022
0.013382
0.02372
0.014881
0.013222
0.013433
0.013615
0.013745
0.01326
0.021274
0.013234
0.028883
0.013669
0.013466
0.013064
0.013997
0.01333
0.013231
0.013326
0.031864
0.013594
0.013262
0.013343
0.013267
0.013437
0.013642
0.013209
0.013463
0.036939
0.013558
0.013772
0.012587
0.012765
0.013447
0.013543
0.013468
0.035041
0.013402
0.013243
0.013855
0.013249
0.013342
0.013427
0.01372
0.013594
0.01347
0.013306
0.013178
0.024666
0.013583
0.013338
0.013277
0.022822
0.012973
0.013778
0.012975
0.013365
0.013285
0.013657
0.013892
0.013826
0.013587
0.01403
0.013612
0.013798
0.013296
0.013527
0.01386
0.013648
0.013252
0.013564
0.013268
0.013224
0.013534
0.013179
0.013567
0.013577
0.013171
0.013755
0.013432
0.013577
0.013883
0.013498
0.013444
0.013667
0.012886
0.01385
0.013228
0.013332
0.0138
0.013411
0.013544
0.013285
0.013831
0.040001
0.017984
0.013937
0.013077
0.013344
0.013572
0.013388
0.013549
0.013348
0.030845
0.013611
0.013505
0.02417
0.013906
0.02578
0.022637
0.015428
0.013319
0.015132
0.042491
0.040796
0.01579
0.013344
0.013324
0.012816
0.013365
0.021384
0.013851
0.013533
0.013589
0.013271
0.01308
0.013361
0.013593
0.013322
0.013464
0.013368
0.013653
0.013833
0.013188
0.013423
0.013589
0.012898
0.013487
0.013528
0.012844
0.013298
0.013825
0.013698
0.013599
0.013301
0.01349
0.012736
0.013542
0.013822
0.013098
0.013622
0.013536
0.013221
0.013494
0.038141
0.023032
0.013547
0.013551
0.027716
0.01363
0.013642
0.013429
0.013494
0.013421
0.013192
0.059186
0.013119
0.033336
0.014414
0.012787
0.01321
0.013358
0.013531
0.013405
0.020147
0.040346
0.013226
0.01349
0.013466
0.013051
0.013305
0.013541
0.013429
0.025874
0.013975
0.021386
0.038077
0.013691
0.013076
0.012926
0.013251
0.013528
0.013277
0.013127
0.013127
0.013335
0.014308
0.013261
0.013807
0.013959
0.013241
0.013432
0.014023
0.013436
0.013625
0.013157
0.013335
0.013574
0.01355
0.013341
0.013476
0.013223
0.024285
0.015165
0.013274
0.013046
0.013826
0.023733
0.016533
0.013634
0.013155
0.013711
0.013396
0.013241
0.0136
0.013642
0.013692
0.013659
0.014001
0.013155
0.013341
0.013287
0.013484
0.013217
0.013825
0.01373
0.013826
0.013486
0.013368
0.013344
0.013588
0.013177
0.01351
0.013426
0.012692
0.013475
0.013362
0.013199
0.013092
0.013267
0.01378
0.013759
0.013496
0.013375
0.013972
0.013854
0.012846
0.013378
0.013517
0.013332
0.013572
0.013504
0.013576
0.013609
0.013479
0.013362
0.024714
0.023111
0.013214
0.013827
0.01395
0.013542
0.013343
0.013361
0.022951
0.013533
0.013186
0.013317
0.013639
0.013566
0.013339
0.012978
0.013861
0.013112
0.013522
0.013979
0.013362
0.013298
0.013697
0.013749
0.013472
0.013252
0.013393
0.01325
0.012797
0.025475
0.013307
0.013359
0.013476
0.013328
0.013505
0.013743
0.013807
0.013528
0.013367
0.0136
0.013198
0.013862
0.013813
0.015053
0.0137
0.013621
0.01341
0.012884
0.013485
0.013667
0.013872
0.014024
0.013481
0.01317
0.013665
0.013889
0.01342
0.013385
0.013755
0.013675
0.013179
0.013721
0.013201
0.013396
0.013818
0.013825
0.013778
0.01332
0.01373
0.013179
0.013634
0.013144
0.013938
0.013303
0.013628
0.013489
0.013525
0.01273
0.013609
0.013356
0.031185
0.013746
0.01342
0.013311
0.013557
0.013536
0.013706
0.013204
0.013339
0.013471
0.013707
0.013288
0.013677
0.013521
0.01328
0.01399
0.014088
0.013466
0.019807
0.02504
0.017086
0.01737
0.013462
0.013165
0.013356
0.027141
0.01342
0.013299
0.013246
0.024332
0.013724
0.013192
0.013513
0.027012
0.01529
0.014702
0.013552
0.012985
0.013421
0.013299
0.013415
0.013713
0.013341
0.013141
0.01323
0.01309
0.013205
0.013002
0.013243
0.013694
0.027127
0.01349
0.013683
0.013215
0.013313
0.013289
0.013432
0.013454
0.013108
0.013353
0.024135
0.015833
0.035067
0.01461
0.01364
0.013231
0.013585
0.013481
0.01325
0.013677
0.013285
0.013168
0.020985
0.013759
0.01307
0.033465
0.017949
0.013369
0.013168
0.013425
0.03472
0.021889
0.013502
0.016908
0.013352
0.014686
0.023002
0.015156
0.013104
0.013258
0.013569
0.013711
0.01351
0.013398
0.013636
0.013299
0.013443
0.02711
0.013448
0.013188
0.013841
0.022928
0.013577
0.013758
0.013897
0.013734
0.013256
0.013268
0.013371
0.013399
0.01338
0.012823
0.013822
0.01349
0.013313
0.013283
0.025331
0.013285
0.013039
0.013622
0.013534
0.013758
0.013539
0.013852
0.013564
0.013138
0.014118
0.013476
0.01315
0.013786
0.013257
0.0131
0.013489
0.013565
0.013438
0.013474
0.013759
0.013414
0.024301
0.014314
0.012926
0.013563
0.012621
0.013531
0.013369
0.013552
0.013274
0.013456
0.013873
0.013583
0.013392
0.016713
0.022443
0.013865
0.013194
0.013627
0.013402
0.0133
0.013404
0.013327
0.03389
0.016275
0.013761
0.013176
0.013117
0.013478
0.013471
0.030556
0.013676
0.013662
0.013636
0.013555
0.01317
0.01336
0.013682
0.013154
0.01357
0.013486
0.013456
0.030304
0.022003
0.013207
0.013499
0.0136
0.013266
0.013504
0.013406
0.013512
0.013382
0.012832
0.013159
0.013588
0.013548
0.032663
0.013609
0.014
0.013752
0.013874
0.01328
0.013039
0.013191
0.01357
0.013176
0.013371
0.013062
0.013064
0.01333
