0.18253
0.12058
0.11483
0.12323
0.11065
0.11065
0.10985
0.11062
0.11123
0.11059
0.11035
0.10895
0.10931
0.11347
0.10927
0.11161
0.11652
0.10926
0.13435
0.12786
0.11698
0.12508
0.13003
0.14349
0.11289
0.10934
0.10808
0.10816
0.10641
0.10885
0.10948
0.1099
0.11028
0.11265
0.10756
0.11022
0.11212
0.11365
0.11186
0.10971
0.11073
0.10994
0.11015
0.10916
0.10641
0.10825
0.11405
0.11033
0.10951
0.10984
0.11109
0.11168
0.10778
0.10914
0.11066
0.11174
0.10936
0.1102
0.12166
0.11167
0.11095
0.11041
0.1119
0.10826
0.11151
0.11038
0.11116
0.11279
0.10762
0.11329
0.11169
0.1072
0.11228
0.11097
0.10716
0.10695
0.10845
0.11172
0.11213
0.10821
0.11167
0.10809
0.10684
0.11074
0.10731
0.11057
0.10929
0.1071
0.11099
0.1066
0.10481
0.10731
0.10901
0.11089
0.10784
0.10856
0.030305
0.030351
0.030395
0.059655
0.050476
0.061693
0.049114
0.080438
0.058124
0.057796
0.047652
0.057038
0.044683
0.074978
0.057003
0.057126
0.04638
0.056907
0.044254
0.075108
0.054738
0.055989
0.048765
0.034107
0.028892
0.028747
0.030841
0.10754
0.10835
0.11354
0.10818
0.10962
0.11069
0.10963
0.11256
0.11281
0.10847
0.10935
0.10933
0.11447
0.10992
0.11392
0.10922
0.11346
0.11375
0.11053
0.11125
0.11055
0.11143
0.11667
0.11227
0.11266
0.11217
0.11436
0.11275
0.11193
0.11238
0.11331
0.11766
0.11779
0.11344
0.11267
0.11488
0.11595
0.11286
0.11213
0.11563
0.11283
0.11264
0.11509
0.113
0.11487
0.12233
0.11115
0.11643
0.11283
0.11452
0.11639
0.11757
0.11252
0.11682
0.11695
0.11607
0.11436
0.11256
0.11519
0.1142
0.11746
0.11272
0.11437
0.11978
0.1169
0.11623
0.1137
0.1163
0.11864
0.11402
0.11893
0.11679
0.11617
0.11621
0.12299
0.1162
0.1151
0.11713
0.11617
0.11545
0.11543
0.11464
0.11263
0.11528
0.1127
0.11358
0.11338
0.11395
0.11288
0.11193
0.11807
0.11385
0.11855
0.11825
0.12175
0.11765
0.11526
0.11616
0.12147
0.11781
0.11814
0.11286
0.11761
0.11379
0.11277
0.11561
0.1164
0.11343
0.11509
0.11428
0.11685
0.11377
0.11215
0.11687
0.11671
0.11892
0.11413
0.11265
0.11324
0.11571
0.118
0.11299
0.11326
0.11715
0.11639
0.11243
0.113
0.11153
0.12097
0.11484
0.11203
0.11427
0.11525
0.11409
0.11048
0.11276
0.11649
0.11279
0.12136
0.12266
0.11481
0.11761
0.11472
0.11703
0.113
0.11444
0.11468
0.11468
0.11411
0.11394
0.11525
0.11749
0.11618
0.11501
0.11651
0.11426
0.11503
0.11529
0.11996
0.11542
0.12057
0.11981
0.11692
0.11347
0.11837
0.11847
0.11784
0.11354
0.11846
0.11876
0.11206
0.11714
0.11161
0.11815
0.11508
0.11375
0.1166
0.11417
0.11539
0.12536
0.11836
0.11737
0.114
0.11925
0.11712
0.11732
0.11422
0.11286
0.11508
0.11336
0.11166
0.1138
0.11131
0.1149
0.11582
0.11343
0.1212
0.11387
0.11236
0.11203
0.11344
0.11239
0.11172
0.11687
0.1147
0.11087
0.11613
0.11176
0.11091
0.11352
0.11369
0.11253
0.11692
0.11465
0.1126
0.11413
0.11212
0.11532
0.11252
0.11701
0.11158
0.10977
0.11216
0.10813
0.11329
0.11369
0.11165
0.11526
0.11006
0.11237
0.11332
0.11112
0.11132
0.1112
0.11348
0.11482
0.11203
0.11348
0.11465
0.11271
0.11518
0.11654
0.11421
0.1113
0.11208
0.11638
0.11223
0.1083
0.11218
0.11301
0.11804
0.11358
0.11186
0.11723
0.11356
0.11419
0.11059
0.11266
0.11686
0.11209
0.11231
0.11584
0.11544
0.1164
0.11415
0.11088
0.1162
0.11015
0.11128
0.11141
0.11128
0.11432
0.11427
0.1145
0.11141
0.11206
0.11269
0.11311
0.11554
0.11289
0.11424
0.11684
0.11448
0.11388
0.11419
0.11156
0.11035
0.11209
0.11178
0.11701
0.11263
0.11308
0.11437
0.11333
0.11245
0.11577
0.11371
0.11317
0.114
0.11317
0.11449
0.11434
0.11416
0.10829
0.11516
0.11417
0.11561
0.11444
0.11131
0.11256
0.11398
0.11132
0.11374
0.11185
0.11281
0.11449
0.11093
0.10883
0.1136
0.11191
0.11496
0.11178
0.11029
0.11145
0.11091
0.1116
0.10979
0.10918
0.11743
0.11222
0.11654
0.11382
0.12345
0.11678
0.11165
0.115
0.11357
0.11331
0.11463
0.11726
0.1145
0.11222
0.11089
0.11417
0.11422
0.11229
0.11408
0.1111
0.11369
0.1139
0.10979
0.11488
0.11466
0.12111
0.11306
0.11275
0.11428
0.11307
0.11596
0.11313
0.11094
0.11705
0.11217
0.11183
0.11212
0.11972
0.11889
0.11442
0.11512
0.1126
0.11464
0.11617
0.11564
0.11536
0.1222
0.11378
0.11499
0.11277
0.11263
0.1151
0.11289
0.11884
0.11199
0.11622
0.11752
0.11038
0.11577
0.10944
0.11271
0.11501
0.11466
0.11857
0.11334
0.1128
0.11301
0.11566
0.11639
0.11191
0.11643
0.11599
0.11457
0.11172
0.11524
0.11451
0.11998
0.11272
0.1138
0.11679
0.11944
0.1149
0.11404
0.11716
0.1174
0.11356
0.11555
0.11318
0.11425
0.1142
0.11234
0.11671
0.11068
0.11893
0.11531
0.11565
0.11428
0.11436
0.11534
0.11599
0.11441
0.11423
0.11459
0.11079
0.11154
0.11384
0.11266
0.11324
0.11211
0.11295
0.11001
0.11328
0.11347
0.11097
0.12128
0.11355
0.11644
0.11447
0.11201
0.1106
0.10679
0.11103
0.11977
0.11205
0.11074
0.11144
0.115
0.11367
0.12335
0.049468
0.07288
0.067926
0.07602
0.063929
0.094266
0.069832
0.072128
0.06684
0.073842
0.067018
0.088917
0.072669
0.072171
0.069603
0.075081
0.064279
0.091494
0.073013
0.074013
0.071493
0.077124
0.067529
0.09153
0.076296
0.07485
0.07017
0.083505
0.066285
0.086125
0.070651
0.070421
0.069207
0.075273
0.063091
0.08778
0.072894
0.070843
0.064239
0.073213
0.061162
0.084476
0.06815
0.06735
0.064476
0.070557
0.059649
0.088142
0.074248
0.070905
0.061588
0.069557
0.066793
0.087854
0.071162
0.068547
0.066506
0.07381
0.064623
0.093363
0.07694
0.073937
0.066578
0.076708
0.067195
0.094041
0.078089
0.075548
0.07201
0.080308
0.069443
0.095852
0.074841
0.073335
0.069011
0.082705
0.06719
0.091562
0.075733
0.07574
0.070532
0.08328
0.072048
0.094877
0.074154
0.075316
0.075123
0.082014
0.070452
0.092464
0.076585
0.075679
0.071661
0.08214
0.068126
0.091053
0.077433
0.074984
0.068997
0.080569
0.06931
0.096045
0.078636
0.076322
0.070594
0.079981
0.070869
0.094215
0.075733
0.072806
0.068278
0.077755
0.062231
0.087581
0.076156
0.071867
0.064209
0.074641
0.064427
0.086756
0.071659
0.070678
0.066267
0.075047
0.063912
0.090186
0.071653
0.068904
0.06513
0.079149
0.063108
0.086018
0.069759
0.072152
0.06486
0.07292
0.068191
0.090202
0.06886
0.068135
0.063941
0.07302
0.061904
0.089512
0.069793
0.069664
0.062831
0.078252
0.062555
0.090388
0.072421
0.069226
0.065803
0.073577
0.060401
0.086426
0.073326
0.068941
0.064653
0.077865
0.063778
0.086075
0.073756
0.069653
0.063707
0.073764
0.066013
0.086523
0.071441
0.067737
0.067846
0.098202
0.065328
0.092088
0.072618
0.071185
0.066509
0.074507
0.064282
0.089855
0.06917
0.069387
0.067372
0.076563
0.064266
0.089175
0.073709
0.069229
0.065327
0.081045
0.062862
0.087267
0.070761
0.070966
0.065074
0.075019
0.063533
0.088784
0.070406
0.073447
0.066489
0.07371
0.064169
0.08874
0.072076
0.070205
0.063475
0.074161
0.061085
0.09586
0.073665
0.072214
0.066879
0.074209
0.06569
0.087213
0.074227
0.071697
0.064336
0.075974
0.064341
0.085193
0.068325
0.070124
0.065218
0.072816
0.061498
0.088768
0.068086
0.068862
0.063914
0.07625
0.063011
0.089136
0.069238
0.069883
0.064481
0.07346
0.064302
0.087606
0.069268
0.069528
0.064857
0.073586
0.061005
0.085436
0.073992
0.06925
0.065516
0.074587
0.064382
0.087843
0.072115
0.069481
0.064352
0.071933
0.06233
0.085043
0.069462
0.068701
0.064342
0.07448
0.064944
0.085776
0.068244
0.068917
0.063249
0.073277
0.061916
0.088915
0.075889
0.067398
0.064883
0.073666
0.063777
0.088161
0.068814
0.068354
0.062622
0.069867
0.06247
0.084876
0.069508
0.06765
0.062568
0.072634
0.061683
0.086015
0.067619
0.068447
0.066071
0.073091
0.061888
0.086033
0.069207
0.068232
0.063437
0.071119
0.059933
0.083518
0.069269
0.069849
0.063715
0.071444
0.060993
0.089559
0.071668
0.068125
0.063764
0.070354
0.062596
0.084823
0.069235
0.068242
0.062737
0.073637
0.062959
0.087582
0.069402
0.071982
0.063579
0.071563
0.062587
0.08681
0.071077
0.069717
0.064186
0.071885
0.063087
0.084758
0.069006
0.071088
0.063534
0.071352
0.059138
0.089294
0.070976
0.071836
0.068133
0.075177
0.063499
0.087155
0.076202
0.071896
0.061137
0.073598
0.063434
0.086839
0.069416
0.068845
0.069964
0.084019
0.064801
0.088166
0.06884
0.068767
0.064078
0.073523
0.063578
0.090394
0.071038
0.069815
0.06148
0.073446
0.065094
0.08816
0.068513
0.066939
0.061844
0.07266
0.059916
0.085128
0.06908
0.069262
0.062776
0.070301
0.058141
0.082957
0.068125
0.070545
0.062093
0.072247
0.058278
0.086253
0.070146
0.068083
0.063575
0.076164
0.064698
0.089044
0.067913
0.068529
0.061525
0.074358
0.062326
0.084022
0.068264
0.068723
0.061735
0.074526
0.063321
0.086395
0.068172
0.067788
0.062407
0.070227
0.060929
0.085156
0.068893
0.069373
0.064623
0.073168
0.065091
0.089292
0.068843
0.067686
0.06457
0.072666
0.064812
0.086231
0.071029
0.06922
0.063675
0.072801
0.065023
0.087391
0.069471
0.068209
0.064001
0.07069
0.060421
0.085373
0.069082
0.069062
0.061121
0.07309
0.062515
0.086737
0.069746
0.067768
0.061125
0.070902
0.063303
0.086999
0.071292
0.068892
0.065145
0.075802
0.062611
0.088118
0.070198
0.069475
0.062143
0.073167
0.062323
0.08707
0.06889
0.070133
0.065676
0.074583
0.061504
0.084011
0.068214
0.067823
0.063134
0.072867
0.061714
0.086698
0.069869
0.069634
0.066975
0.072921
0.060971
0.087298
0.069088
0.067666
0.062652
0.070619
0.063073
0.085335
0.070187
0.077572
0.068305
0.074017
0.064028
0.094331
0.070685
0.066991
0.06343
0.073082
0.061622
0.085222
0.070702
0.070398
0.06444
0.073392
0.060833
0.090368
0.072127
0.067844
0.063962
0.073089
0.05975
0.086612
0.073542
0.069375
0.064379
0.072527
0.061882
0.091492
0.069925
0.069098
0.062415
0.074533
0.065101
0.087904
0.071487
0.068264
0.06335
0.082875
0.064819
0.086871
0.06956
0.066321
0.062685
0.071373
0.063392
0.088495
0.071666
0.06996
0.062916
0.075793
0.063999
0.088327
0.070802
0.070006
0.061949
0.072416
0.058892
0.093655
0.072107
0.071101
0.0633
0.070968
0.062616
0.085316
0.069982
0.070018
0.062094
0.073249
0.062785
0.085919
0.06906
0.069115
0.063039
0.072881
0.061218
0.087352
0.071855
0.069378
0.062042
0.072264
0.062829
0.091275
0.073026
0.072326
0.065003
0.072446
0.065102
0.08943
0.070703
0.06909
0.064247
0.072997
0.0613
0.086323
0.071443
0.073209
0.064189
0.070955
0.057774
0.08442
0.069719
0.066562
0.061096
0.074446
0.062626
0.085324
0.067154
0.06739
0.061673
0.07296
0.064124
0.086118
0.070835
0.067964
0.063931
0.07223
0.063115
0.086591
0.071868
0.066573
0.06065
0.07118
0.063405
0.087181
0.069653
0.067313
0.063413
0.072139
0.063084
0.087298
0.069244
0.067711
0.070189
0.072244
0.064882
0.088797
0.067796
0.068604
0.064739
0.076143
0.064722
0.088032
0.068819
0.069062
0.066567
0.075296
0.061274
0.082803
0.068479
0.06804
0.06239
0.071515
0.060165
0.085489
0.067114
0.067572
0.061602
0.071684
0.061285
0.08505
0.071277
0.068219
0.063935
0.073068
0.064347
0.085686
0.068048
0.13787
0.047449
0.074019
0.063347
0.075112
0.063989
0.082606
0.069815
0.069011
0.062151
0.073198
0.062234
0.081086
0.072194
0.13354
0.048404
0.073681
0.064121
0.072478
0.064309
0.089551
0.072761
0.069456
0.066985
0.075899
0.065793
0.086663
0.071379
0.13369
0.04927
0.074062
0.067971
0.075906
0.065747
0.088581
0.068431
0.0678
0.063766
0.074307
0.065724
0.088921
0.07082
0.13406
0.047769
0.070568
0.064795
0.074013
0.06256
0.086125
0.070323
0.069505
0.063355
0.072481
0.064741
0.092943
0.071008
0.13994
0.048475
0.070531
0.065737
0.074615
0.06267
0.086779
0.073941
0.06998
0.063858
0.074737
0.063048
0.086658
0.071756
0.14099
0.047847
0.07083
0.065893
0.074389
0.06245
0.08021
0.070175
0.069154
0.06395
0.073503
0.060991
0.11536
0.11442
0.11493
0.048487
0.11556
0.11521
0.11943
0.11568
0.11799
0.11314
0.11458
0.11692
0.11429
0.1141
0.11349
0.11358
0.11663
0.11503
0.11801
0.11421
0.11691
0.11258
0.1113
0.11418
0.1142
0.1136
0.11559
0.11515
0.11236
0.11432
0.11305
0.11629
0.11623
0.1149
0.11563
0.11511
0.11342
0.11982
0.11266
0.11924
0.11475
0.11626
0.11431
0.11359
0.11738
0.11547
0.11261
0.11568
0.11273
0.11721
0.11338
0.11308
0.11198
0.11421
0.11687
0.11386
0.11295
0.11276
0.11257
0.11253
0.1105
0.11213
0.11288
0.11554
0.11225
0.11389
0.11386
0.12466
0.12788
0.12174
0.12398
0.11199
0.11799
0.11367
0.11384
0.11326
0.11299
0.11575
0.11416
0.11223
0.11338
0.11228
0.1147
0.11585
0.11371
0.1141
0.11414
0.11488
0.11522
0.11398
0.11363
0.11271
0.11923
0.12172
0.11252
0.11081
0.11419
0.11363
0.11348
0.11577
0.11826
0.11413
0.1119
0.11822
0.11454
0.11949
0.11766
0.11498
0.11546
0.13243
0.11667
0.12239
0.11462
0.11352
0.11901
0.11433
0.11419
0.11302
0.1162
0.11527
0.11411
0.11674
0.11757
0.12168
0.11272
0.11329
0.11852
0.11184
0.11488
0.1158
0.11493
0.11785
0.11552
0.11357
0.11374
0.1138
0.11134
0.11474
0.11793
0.11428
0.11343
0.11427
0.11568
0.1221
0.11503
0.11298
0.1149
0.11324
0.11431
0.11485
0.11259
0.12869
0.11604
0.11778
0.11165
0.11468
0.11442
0.11213
0.11238
0.11056
0.11269
0.11595
0.11407
0.11262
0.11278
0.11507
0.11626
0.11645
0.11131
0.12137
0.11455
0.11568
0.11289
0.11266
0.11464
0.11469
0.11877
0.11573
0.11459
0.11575
0.11717
0.11382
0.11899
0.11674
0.1175
0.11645
0.11634
0.11316
0.1175
0.11707
0.11509
0.11553
0.11828
0.11545
0.11815
0.11768
0.11526
0.11491
0.11549
0.11997
0.11336
0.11527
0.11566
0.11432
0.11641
0.11617
0.11895
0.11523
0.1145
0.1184
0.11381
0.11515
0.11403
0.11463
0.11748
0.12297
0.11522
0.11463
0.11403
0.11204
0.11389
0.11333
0.1181
0.1112
0.11161
0.11487
0.11099
0.11153
0.11375
0.12545
0.11495
0.11298
0.11374
0.11454
0.11311
0.11239
0.11216
0.11832
0.11054
0.11106
0.11288
0.11134
0.11382
0.11461
0.11387
0.11381
0.11506
0.11262
0.11181
0.11392
0.10739
0.11017
0.10936
0.11417
0.10808
0.10819
0.11076
0.1078
0.11186
0.11135
0.10898
0.11493
0.10927
0.10772
0.10951
0.10973
0.10885
0.10957
0.10953
0.11386
0.11009
0.11002
0.11197
0.11334
0.1112
0.1101
0.11244
0.11381
0.11356
0.11413
0.11106
0.10988
0.10919
0.10786
0.11226
0.11048
0.10645
0.11196
0.11066
0.11273
0.10771
0.11976
0.11822
0.11116
0.11019
0.10947
0.10945
0.11176
0.10985
0.11153
0.11309
0.11233
0.11277
0.11132
0.1117
0.11086
0.11255
0.11205
0.11245
0.11026
0.11034
0.11027
0.11204
0.11271
0.11207
0.11134
0.11385
0.11193
0.10899
0.10913
0.11079
0.10855
0.10865
0.10952
0.11214
0.11042
0.11213
0.11086
0.11113
0.10625
0.11098
0.1116
0.1154
0.11038
0.11211
0.11337
0.11271
0.11248
0.10927
0.11115
0.11539
0.10927
