210,61,129,237
207.23,60.013,129,237
203.64,59.53,129,237
198.93,57.755,129,237
195.13,55.922,129,237
190.75,51.613,131.58,241.74
188.13,53.141,129,237
182.32,50.868,131.58,241.74
172.38,46.969,136.9,251.51
173.87,48.887,136.9,251.51
168.88,47.968,136.9,251.51
162.55,47.917,139.63,256.54
159.72,43.903,142.43,261.67
158.33,44.677,142.43,261.67
156.66,46.84,142.43,261.67
135.25,14.422,170.91,314
134.03,16.078,167.56,307.84
137.07,17.841,164.27,301.81
139.43,23.281,161.05,295.89
139.43,25.692,157.9,290.09
142.95,32.647,154.8,284.4
143.79,34.393,154.8,284.4
144.95,33.843,154.8,284.4
146.46,38.492,151.76,278.82
153.66,40.284,148.79,273.36
153.68,37.843,148.79,273.36
155.4,36.163,148.79,273.36
162.26,38.751,145.87,268
162.73,40.423,145.87,268
170.89,50.381,140.21,257.59
169.92,58.206,137.46,252.54
179.03,38.136,142.43,261.67
183.57,42.756,142.43,261.67
168.63,0.99684,170.91,314
179,13.589,164.27,301.81
186.39,19.001,157.9,290.09
189.88,23.276,154.8,284.4
190.56,26.271,154.8,284.4
195.05,32.232,148.79,273.36
199.34,35.268,145.87,268
202.4,39.46,143.01,262.74
203.75,39.151,143.01,262.74
205.11,39.617,143.01,262.74
204.05,37.625,145.87,268
206.12,35.876,145.87,268
206.55,36.461,145.87,268
207.71,35.683,145.87,268
208.08,36.71,145.87,268
206.5,36.914,145.87,268
207.75,36.823,145.87,268
208.57,36.379,145.87,268
206.69,36.977,145.87,268
207.32,37.935,145.87,268
203.69,35.432,148.79,273.36
204.98,34.737,148.79,273.36
204.41,35.024,148.79,273.36
203.75,34.9,148.79,273.36
202.65,35.039,148.79,273.36
201.53,34.266,148.79,273.36
203.73,37.024,145.87,268
201.37,34.333,148.79,273.36
198.86,34.971,148.79,273.36
198.47,35.174,148.79,273.36
200,35.209,148.79,273.36
197.97,34.575,148.79,273.36
197.56,33.803,148.79,273.36
199.14,37.237,145.87,268
199.31,37.354,145.87,268
198.74,38.137,145.87,268
197.47,36.275,148.79,273.36
197.41,36.842,148.79,273.36
196.84,36.159,148.79,273.36
195.84,36.274,148.79,273.36
195.28,35.882,148.79,273.36
195.35,35.325,148.79,273.36
194.84,34.787,148.79,273.36
194.11,34.73,148.79,273.36
193.47,34.581,148.79,273.36
192.43,33.857,148.79,273.36
192.63,33.863,148.79,273.36
190.92,33.741,148.79,273.36
190.17,33.903,148.79,273.36
189.26,34.607,148.79,273.36
188.66,34.548,148.79,273.36
185.74,33.602,148.79,273.36
184.65,33.441,148.79,273.36
184.71,33.554,148.79,273.36
184.5,34.273,148.79,273.36
185.65,35.277,148.79,273.36
184.02,34.633,148.79,273.36
182.22,34.964,148.79,273.36
182.28,35.265,148.79,273.36
182.14,35.07,148.79,273.36
181.96,35.105,148.79,273.36
181.92,34.65,148.79,273.36
181.55,34.234,148.79,273.36
181.17,34.269,148.79,273.36
181.26,34.585,148.79,273.36
180.9,34.104,148.79,273.36
180.83,34.095,148.79,273.36
181.03,34.631,148.79,273.36
181.15,34.821,148.79,273.36
180.82,34.98,148.79,273.36
180.79,35.85,148.79,273.36
180.14,33.345,151.76,278.82
180.89,33.742,151.76,278.82
180.83,31.382,154.8,284.4
180.82,31.227,154.8,284.4
181.04,31.29,154.8,284.4
182.22,31.537,154.8,284.4
183.25,31.93,154.8,284.4
182.54,31.333,154.8,284.4
182.76,31.517,154.8,284.4
182.45,31.492,154.8,284.4
182.84,31.533,154.8,284.4
182.83,31.771,154.8,284.4
183.31,31.561,154.8,284.4
184.21,31.346,154.8,284.4
184.44,31.31,154.8,284.4
184.62,30.402,154.8,284.4
183.47,30.36,154.8,284.4
185.22,32.513,151.76,278.82
184.04,33.007,151.76,278.82
184.94,32.389,151.76,278.82
184.41,33.051,151.76,278.82
183.7,33.9,151.76,278.82
183.91,34.049,151.76,278.82
184.33,34.271,151.76,278.82
184.71,33.855,151.76,278.82
185.06,33.315,151.76,278.82
185.81,33.648,151.76,278.82
185.95,33.495,151.76,278.82
185.65,33.956,151.76,278.82
184.84,34.327,151.76,278.82
184.01,34.594,151.76,278.82
183.19,34.235,151.76,278.82
182.38,33.953,151.76,278.82
182.1,34.419,151.76,278.82
181.92,35.161,151.76,278.82
181.27,35.11,151.76,278.82
180.93,36.219,151.76,278.82
181.07,36.04,151.76,278.82
181.35,36.867,151.76,278.82
180.66,35.23,154.8,284.4
181.07,36.417,154.8,284.4
179.91,34.523,157.9,290.09
180.53,35.542,157.9,290.09
181.41,36.36,157.9,290.09
181.56,36.617,157.9,290.09
182.4,37.733,157.9,290.09
181.53,36.721,157.9,290.09
183.31,38.501,157.9,290.09
182.4,36.24,157.9,290.09
182.01,34.787,157.9,290.09
185.27,39.304,154.8,284.4
182.25,34.858,157.9,290.09
186.86,38.143,154.8,284.4
187.46,34.922,157.9,290.09
188.99,32.805,157.9,290.09
190.15,33.661,157.9,290.09
189.35,33.419,157.9,290.09
189.01,34.96,157.9,290.09
190.82,35.857,157.9,290.09
191.47,37.003,157.9,290.09
189.6,34.007,157.9,290.09
191.06,34.71,157.9,290.09
189.76,33.881,157.9,290.09
187.68,34.876,157.9,290.09
185.41,34.82,157.9,290.09
186.61,39.237,154.8,284.4
183.35,35.45,157.9,290.09
186.96,31.28,157.9,290.09
191.63,26.105,157.9,290.09
193.78,29.603,151.76,278.82
196.65,31.45,148.79,273.36
197.58,34.306,145.87,268
197.63,35.97,145.87,268
197.62,38.61,145.87,268
196.65,37.275,148.79,273.36
197.96,38.435,148.79,273.36
198.17,38.417,148.79,273.36
197.62,36.82,151.76,278.82
197.48,39.024,151.76,278.82
196.91,36.993,154.8,284.4
198.5,37.409,154.8,284.4
198.83,37.468,154.8,284.4
198.61,37.506,154.8,284.4
199.19,37.622,154.8,284.4
200.56,37.745,154.8,284.4
201.54,37.718,154.8,284.4
200.85,37.268,154.8,284.4
201.44,36.654,154.8,284.4
203.14,37.417,154.8,284.4
203.08,37.334,154.8,284.4
202.76,36.357,154.8,284.4
205.31,38.198,151.76,278.82
205.97,37.436,151.76,278.82
208.96,40.686,148.79,273.36
207.15,37.98,151.76,278.82
207.17,37.333,151.76,278.82
207.4,37.782,151.76,278.82
208.32,36.626,151.76,278.82
208.94,36.743,151.76,278.82
209.45,36.899,151.76,278.82
209.79,36.911,151.76,278.82
211.06,36.474,151.76,278.82
213.01,39.571,148.79,273.36
212.64,39.78,148.79,273.36
212.37,39.609,148.79,273.36
212.47,39.803,148.79,273.36
212.48,39.752,148.79,273.36
212.8,39.39,148.79,273.36
212.74,39.86,148.79,273.36
213.09,39.855,148.79,273.36
213.36,39.531,148.79,273.36
213.94,39.241,148.79,273.36
214.61,39.11,148.79,273.36
214.31,39.369,148.79,273.36
215.03,39.166,148.79,273.36
215.56,39.109,148.79,273.36
215.85,38.845,148.79,273.36
216.33,39.823,148.79,273.36
216.32,40.779,148.79,273.36
216.47,40.697,148.79,273.36
216.94,41.394,148.79,273.36
217.01,41.872,148.79,273.36
218.01,41.843,148.79,273.36
216.4,39.268,151.76,278.82
216.01,39.161,151.76,278.82
217.61,43.067,148.79,273.36
214.61,43.908,148.79,273.36
210.74,41.64,151.76,278.82
209.59,40.793,151.76,278.82
208.98,39.51,151.76,278.82
209.04,40.129,151.76,278.82
208.41,41.105,151.76,278.82
207.45,42.268,151.76,278.82
208.09,43.374,151.76,278.82
206.96,42.856,154.8,284.4
205.67,44.29,154.8,284.4
202.1,42.199,157.9,290.09
200.93,42.696,157.9,290.09
200.85,42.798,157.9,290.09
201.81,41.883,157.9,290.09
203,39.459,157.9,290.09
203.66,39.461,157.9,290.09
205.15,37.071,157.9,290.09
210.69,36.899,154.8,284.4
213.92,36.307,151.76,278.82
216.8,36.37,148.79,273.36
218.53,37.689,145.87,268
220.44,40.842,143.01,262.74
220.98,40.429,143.01,262.74
220.79,40.686,143.01,262.74
220.83,40.387,143.01,262.74
220.38,40.864,143.01,262.74
220.58,40.285,143.01,262.74
219.98,40.845,143.01,262.74
220.2,41.157,143.01,262.74
220.6,41.613,143.01,262.74
219.92,42.37,143.01,262.74
220.6,42.503,143.01,262.74
220.11,42.549,143.01,262.74
220.55,42.339,143.01,262.74
220.46,42.23,143.01,262.74
221.3,42.092,143.01,262.74
221.53,42.739,143.01,262.74
221.89,42.831,143.01,262.74
223.02,43.133,143.01,262.74
224.54,43.737,143.01,262.74
223.68,42.246,145.87,268
225.36,43.422,145.87,268
227,43.938,145.87,268
228.9,45.646,145.87,268
229.84,45.765,145.87,268
228.8,44.004,148.79,273.36
228.85,44.278,148.79,273.36
229.52,44.319,148.79,273.36
230.28,44.818,148.79,273.36
230.49,44.994,148.79,273.36
230.89,45.248,148.79,273.36
230.92,45.937,148.79,273.36
230.26,45.931,148.79,273.36
230.63,45.624,148.79,273.36
229.8,45.032,148.79,273.36
229.52,45.647,148.79,273.36
228.23,43.02,151.76,278.82
228.76,45.376,148.79,273.36
226.86,42.607,151.76,278.82
226.77,42.19,151.76,278.82
226.19,42.345,151.76,278.82
225.45,42.35,151.76,278.82
224.7,42.019,151.76,278.82
224.43,40.952,151.76,278.82
223.5,40.102,151.76,278.82
222.22,39.725,151.76,278.82
222.92,41.31,148.79,273.36
221.82,41.253,148.79,273.36
220.2,41.167,148.79,273.36
217.51,37.647,151.76,278.82
216.01,35.936,151.76,278.82
216.13,38.012,148.79,273.36
214.74,37.577,148.79,273.36
213.2,36.965,148.79,273.36
211.98,36.159,148.79,273.36
210.31,36.205,148.79,273.36
209.41,35.478,148.79,273.36
208.72,34.863,148.79,273.36
209.11,37.212,145.87,268
208.11,36.728,145.87,268
206.14,36.699,145.87,268
205.14,35.715,145.87,268
205.59,37.664,143.01,262.74
204.75,36.485,143.01,262.74
203.74,36.454,143.01,262.74
202.5,36.372,143.01,262.74
204.27,39.257,140.21,257.59
201.4,35.76,143.01,262.74
204.13,38.54,140.21,257.59
203.68,38.754,140.21,257.59
204.23,38.807,140.21,257.59
205.11,38.835,140.21,257.59
205.82,39.184,140.21,257.59
207.12,39.018,140.21,257.59
207.71,38.639,140.21,257.59
209.23,38.412,140.21,257.59
209.29,38.839,140.21,257.59
209.25,39.48,140.21,257.59
206.06,37.188,143.01,262.74
205.76,37.74,143.01,262.74
205.09,38.48,143.01,262.74
205.41,38.937,143.01,262.74
203.79,35.203,145.87,268
202.85,34.338,145.87,268
203.79,35.839,143.01,262.74
204.51,36.761,140.21,257.59
204.55,37.411,137.46,252.54
205.31,38.737,134.76,247.59
204.26,37.902,134.76,247.59
204.03,36.986,134.76,247.59
204.58,38.508,132.12,242.73
204.37,37.54,132.12,242.73
203.44,37.073,132.12,242.73
203.1,36.061,132.12,242.73
203.35,36.759,129.53,237.97
202.96,36.373,129.53,237.97
204.16,37.461,126.99,233.31
203.82,36.8,126.99,233.31
202.67,36.457,126.99,233.31
201.76,36.214,126.99,233.31
203.24,38.34,124.5,228.73
202.37,37.923,124.5,228.73
201.84,37.218,124.5,228.73
201.11,39.37,122.06,224.25
200.63,38.358,122.06,224.25
200.76,37.313,122.06,224.25
201.63,37.259,122.06,224.25
202.99,39.563,119.67,219.85
204.47,41.528,119.67,219.85
204.85,39.38,122.06,224.25
206.49,39.047,122.06,224.25
205.67,39.842,122.06,224.25
205.82,40.719,122.06,224.25
204.69,38.38,119.67,219.85
205.49,39.855,119.67,219.85
204.94,39.932,119.67,219.85
205.75,40.704,119.67,219.85
204.44,39.199,122.06,224.25
206.82,38.736,122.06,224.25
207.14,39.925,122.06,224.25
227.94,58.386,122.06,224.25
233.34,57.142,122.06,224.25
231.69,60.214,122.06,224.25
232.36,59.045,122.06,224.25
235.13,60.833,119.67,219.85
233.09,62.148,119.67,219.85
233.42,60.526,119.67,219.85
232.72,64.06,117.32,215.54
234.95,66.052,115.02,211.31
236.44,68.732,112.76,207.17
238.72,66.905,112.76,207.17
236.6,68.255,112.76,207.17
238.93,70.516,110.55,203.11
236.86,72.411,110.55,203.11
235.58,73.707,110.55,203.11
239.89,74.802,108.38,199.13
237.39,73.298,110.55,203.11
238.14,72.791,110.55,203.11
238.02,72.926,110.55,203.11
238.27,73.754,110.55,203.11
238.33,72.939,110.55,203.11
238.74,73.127,110.55,203.11
237.74,73.149,110.55,203.11
238.14,73.771,110.55,203.11
238.63,73.37,110.55,203.11
239.53,73.91,110.55,203.11
239.44,73.367,110.55,203.11
239.71,72.766,110.55,203.11
239.91,71.475,110.55,203.11
240.7,73.291,108.38,199.13
241.02,73.577,108.38,199.13
240.38,73.894,108.38,199.13
240.33,73.483,108.38,199.13
239.91,73.361,108.38,199.13
239.5,74.194,108.38,199.13
239.46,74.036,108.38,199.13
239.52,73.222,108.38,199.13
238.38,71.779,108.38,199.13
238.49,70.906,106.26,195.22
238.93,71.095,104.18,191.39
238.86,70.908,102.13,187.64
237.02,68.781,104.18,191.39
234.39,65.772,106.26,195.22
231.79,63.372,108.38,199.13
230.74,63.17,108.38,199.13
231.51,64.578,106.26,195.22
231.48,64.598,106.26,195.22
230.23,65.676,106.26,195.22
228.58,64.757,108.38,199.13
226.6,63.612,110.55,203.11
223.43,63.077,112.76,207.17
222.92,65.551,112.76,207.17
219.57,62.964,117.32,215.54
216.94,62.367,119.67,219.85
214.97,61.169,122.06,224.25
212.78,59.326,124.5,228.73
208.92,57.361,126.99,233.31
207.96,55.458,126.99,233.31
206.28,54.428,126.99,233.31
205.52,53.262,126.99,233.31
206.77,56.058,124.5,228.73
207.56,56.335,124.5,228.73
208.61,55.879,124.5,228.73
209.07,55.115,124.5,228.73
208.62,54.559,124.5,228.73
210.81,55.998,122.06,224.25
211.13,55.276,122.06,224.25
210.92,55.003,122.06,224.25
213.39,55.313,119.67,219.85
213.19,54.553,119.67,219.85
215.44,55.317,117.32,215.54
217.35,55.705,115.02,211.31
219.33,56.602,112.76,207.17
221.37,57.366,110.55,203.11
221.35,57.208,110.55,203.11
223.18,57.757,108.38,199.13
223.37,56.734,108.38,199.13
224.78,57.812,106.26,195.22
224.79,58.005,106.26,195.22
225.36,58.512,106.26,195.22
225.78,58.735,106.26,195.22
225.93,58.83,106.26,195.22
225.36,59.094,106.26,195.22
225.08,58.664,106.26,195.22
224.72,58.178,106.26,195.22
224.53,58.087,106.26,195.22
223.6,57.897,106.26,195.22
223.09,56.974,106.26,195.22
222.13,56.854,106.26,195.22
222.84,57.242,104.18,191.39
223.52,57.987,102.13,187.64
224.25,58.944,100.13,183.96
223.94,58.317,100.13,183.96
222.98,57.813,100.13,183.96
222.22,57.402,100.13,183.96
221.68,56.837,100.13,183.96
222.61,58.154,98.167,180.35
222.48,57.678,98.167,180.35
221.71,58.051,98.167,180.35
221.49,57.582,98.167,180.35
221.42,59.083,96.242,176.82
221.42,58.695,96.242,176.82
221.79,59.345,96.242,176.82
222.34,59.537,96.242,176.82
221.3,58.632,96.242,176.82
220.45,57.783,96.242,176.82
220.84,58.502,94.355,173.35
223.22,60.007,92.505,169.95
225.33,60.666,92.505,169.95
225.37,61.225,92.505,169.95
224.06,58.505,94.355,173.35
223.09,57.485,94.355,173.35
222.08,56.552,94.355,173.35
220.73,55.183,94.355,173.35
220.98,55.433,92.505,169.95
218.36,54.975,90.691,166.62
216.22,52.981,90.691,166.62
214.21,52.72,88.913,163.35
211.25,53.426,87.17,160.15
208.05,55.178,85.461,157.01
204.91,56.373,85.461,157.01
201,58.285,85.461,157.01
195.23,58.171,87.17,160.15
189.73,57.407,88.913,163.35
182.9,56.734,90.691,166.62
178.34,57.359,92.505,169.95
174.34,58.8,94.355,173.35
170.68,59.771,96.242,176.82
167.74,61.773,98.167,180.35
167.81,63.077,100.13,183.96
167.66,63.259,104.18,191.39
167.13,65.241,108.38,199.13
171.12,66.186,110.55,203.11
170.86,67.705,112.76,207.17
171.19,66.061,115.02,211.31
169.92,65.276,117.32,215.54
171.97,64.956,117.32,215.54
169.63,64.614,119.67,219.85
157.97,54.123,119.67,219.85
160.84,54.451,119.67,219.85
161.96,55.586,119.67,219.85
164.23,55.894,119.67,219.85
165.02,57.564,119.67,219.85
166.57,58.45,119.67,219.85
167.16,58.07,119.67,219.85
168.81,57.696,119.67,219.85
169.73,57.376,119.67,219.85
172.29,58.709,117.32,215.54
174.88,60.664,115.02,211.31
175.26,60.89,115.02,211.31
177.08,60.838,115.02,211.31
179.02,63.499,112.76,207.17
180.49,63.382,112.76,207.17
181.61,65.163,112.76,207.17
182.66,65.244,112.76,207.17
182.5,65.363,112.76,207.17
183.59,66.345,112.76,207.17
183.6,65.021,115.02,211.31
184.22,65.21,115.02,211.31
185.37,65.557,115.02,211.31
185.78,62.616,117.32,215.54
185.24,64.463,117.32,215.54
185.28,65.138,117.32,215.54
185.12,66.424,117.32,215.54
185.54,66.528,117.32,215.54
186.01,67.298,117.32,215.54
186.03,67.4,117.32,215.54
186.85,67.863,117.32,215.54
187.08,68.448,117.32,215.54
187.68,68.777,117.32,215.54
188.43,70.276,117.32,215.54
185.97,68.13,119.67,219.85
186.31,69.968,119.67,219.85
184.37,71.209,119.67,219.85
183.99,69.75,122.06,224.25
184.62,71.075,122.06,224.25
184.97,70.128,122.06,224.25
185.02,70.001,122.06,224.25
185.29,67.694,122.06,224.25
185.34,66.878,122.06,224.25
186.07,68.052,119.67,219.85
186.4,69.016,119.67,219.85
187.34,66.956,119.67,219.85
189.37,69.435,117.32,215.54
189.11,65.654,119.67,219.85
192.51,69.607,117.32,215.54
190.98,70.085,117.32,215.54
189.69,72.136,117.32,215.54
188.03,72.961,117.32,215.54
184.8,73.34,117.32,215.54
183.38,73.922,117.32,215.54
182.5,76.555,117.32,215.54
183.26,79.097,115.02,211.31
182.53,80.811,115.02,211.31
181.38,79.558,115.02,211.31
183.04,79.315,115.02,211.31
184.29,78.365,115.02,211.31
184.4,77.309,115.02,211.31
183.79,76.245,117.32,215.54
184.59,76.42,117.32,215.54
185.3,76.095,117.32,215.54
186.45,76.234,117.32,215.54
186.16,75.774,117.32,215.54
186.88,75.325,117.32,215.54
187.07,74.406,117.32,215.54
187.26,73.545,117.32,215.54
187.13,72.354,117.32,215.54
186.86,71.023,117.32,215.54
186.52,70.677,117.32,215.54
185.4,69.832,117.32,215.54
184.78,68.783,117.32,215.54
184.17,67.715,117.32,215.54
184.6,68.006,115.02,211.31
184.87,69.346,112.76,207.17
184.04,68.598,112.76,207.17
183.2,67.403,112.76,207.17
183.27,69.12,110.55,203.11
181.81,68.71,110.55,203.11
179.9,68.302,110.55,203.11
179.82,68.358,110.55,203.11
178.72,68.625,110.55,203.11
179.25,68.585,110.55,203.11
179.59,69.052,110.55,203.11
180,69.774,110.55,203.11
179.62,70.393,110.55,203.11
179.36,71.238,110.55,203.11
179.89,71.961,110.55,203.11
178.97,70.809,112.76,207.17
179.2,71.444,112.76,207.17
177.53,69.701,115.02,211.31
176.13,70.111,115.02,211.31
176.78,70.34,115.02,211.31
176.65,70.595,115.02,211.31
176.58,69.998,115.02,211.31
176.09,70.83,115.02,211.31
176.56,70.572,115.02,211.31
176.21,71.305,115.02,211.31
176.68,70.974,115.02,211.31
176.36,70.39,115.02,211.31
176.94,70.956,115.02,211.31
176.16,71.233,115.02,211.31
176.28,71.36,115.02,211.31
176.36,70.587,115.02,211.31
175.84,70.519,115.02,211.31
175.36,70.44,115.02,211.31
176.01,70.055,115.02,211.31
175.67,70.359,115.02,211.31
175.25,69.465,115.02,211.31
175.68,69.55,115.02,211.31
174.99,69.104,115.02,211.31
176.36,71.253,112.76,207.17
176.46,71.992,112.76,207.17
176.4,71.694,112.76,207.17
176.76,71.416,112.76,207.17
176.12,71.322,112.76,207.17
176.36,71.781,112.76,207.17
175.8,71.112,112.76,207.17
175.29,71.423,112.76,207.17
175.47,70.6,112.76,207.17
175.11,70.748,112.76,207.17
175.09,70.807,112.76,207.17
175.01,71.125,112.76,207.17
174.46,70.845,112.76,207.17
175.33,72.161,110.55,203.11
175.05,72.004,110.55,203.11
174.56,71.761,110.55,203.11
174.64,71.732,110.55,203.11
174.91,72.074,110.55,203.11
174.4,72.887,110.55,203.11
174.62,73.555,110.55,203.11
174.7,73.715,110.55,203.11
173.9,71.78,112.76,207.17
173.02,72.083,112.76,207.17
173.09,71.73,112.76,207.17
173.12,71.98,112.76,207.17
173.17,72.246,112.76,207.17
173.03,72.323,112.76,207.17
172.64,72.499,112.76,207.17
172.15,71.976,112.76,207.17
172.04,72.132,112.76,207.17
172.1,72.274,112.76,207.17
172.18,72.465,112.76,207.17
172.36,71.794,112.76,207.17
172.06,72.036,112.76,207.17
171.91,72.032,112.76,207.17
171.15,71.626,112.76,207.17
170.87,71.039,112.76,207.17
171.07,72.231,110.55,203.11
172.12,73.888,108.38,199.13
171.93,74.278,108.38,199.13
171.7,73.838,108.38,199.13
172.18,73.424,108.38,199.13
171.61,74.118,108.38,199.13
171.96,74.045,108.38,199.13
171.63,74.222,108.38,199.13
171.9,74.375,108.38,199.13
171.03,74.22,108.38,199.13
170.76,74.017,108.38,199.13
171.07,72.912,108.38,199.13
170.59,72.533,108.38,199.13
170.36,71.787,108.38,199.13
171.32,73.335,106.26,195.22
171.27,73.572,106.26,195.22
171.08,73.111,106.26,195.22
171.1,73.25,106.26,195.22
170.97,73.19,106.26,195.22
170.61,73.067,106.26,195.22
171.67,74.369,104.18,191.39
172.21,74.292,104.18,191.39
172.11,75.116,104.18,191.39
172.65,75.455,104.18,191.39
173.33,75.094,104.18,191.39
173.21,75.459,104.18,191.39
173.23,75.334,104.18,191.39
173.12,74.583,104.18,191.39
173.5,75.609,102.13,187.64
175.38,75.791,100.13,183.96
177.33,77.037,98.167,180.35
177.07,76.717,98.167,180.35
177.2,78.137,96.242,176.82
177.31,78.282,96.242,176.82
178.66,77.924,96.242,176.82
179.32,78.163,96.242,176.82
179.44,79.629,96.242,176.82
178.72,78.047,98.167,180.35
179.41,78.721,98.167,180.35
178.37,77.078,100.13,183.96
178.25,76.337,100.13,183.96
178.61,76.75,100.13,183.96
179.55,76.672,100.13,183.96
179.94,76.845,100.13,183.96
179.55,77.362,100.13,183.96
178.47,75.278,102.13,187.64
178.63,74.971,102.13,187.64
178.28,74.916,102.13,187.64
178.26,74.566,102.13,187.64
178.15,73.468,102.13,187.64
178.27,72.896,102.13,187.64
179.41,74.167,100.13,183.96
170.54,55.872,122.56,225.17
170.11,56.005,122.56,225.17
171.51,54.494,122.56,225.17
173.35,56.484,120.16,220.75
180.01,60.329,115.49,212.18
180.18,56.417,115.49,212.18
179.55,56.469,115.49,212.18
175.33,60.613,111.01,203.94
177.05,55.832,108.83,199.94
176.68,47.754,111.01,203.94
174.99,50.393,113.23,208.02
174.11,50.101,113.23,208.02
172.32,49.872,113.23,208.02
171.36,47.82,113.23,208.02
170.66,49.676,115.49,212.18
172.12,46.943,115.49,212.18
137.04,63.912,102.13,187.64
179.73,60.672,100.13,183.96
131.77,55.313,122.56,225.17
203.38,259.68,51.067,93.82
118.79,31.463,153.2,281.46
131.6,70.72,102.13,187.64
134.45,72.006,102.13,187.64
172.14,56.031,102.13,187.64
133.4,60.296,122.56,225.17
161.32,17.607,125.01,229.67
160.71,15.474,125.01,229.67
158,93.885,102.13,187.64
170.12,36.573,102.13,187.64
168.96,37.375,102.13,187.64
168.72,39.677,102.13,187.64
168.99,36.199,102.13,187.64
175.69,13.194,102.13,187.64
266.29,67.706,102.13,187.64
265.34,69.221,102.13,187.64
262.96,68.765,104.18,191.39
261.21,67.715,104.18,191.39
262.62,68.066,102.13,187.64
261.94,69.416,102.13,187.64
249.92,65.049,100.13,183.96
252.06,64.848,100.13,183.96
250.95,66.097,100.13,183.96
133.62,56.96,122.56,225.17
171.25,49.866,120.16,220.75
171.18,51.996,117.8,216.42
172.75,53.2,115.49,212.18
139.97,65.259,102.13,187.64
174.26,61.696,104.18,191.39
137.45,48.654,122.56,225.17
157.72,199.19,51.067,93.82
175.36,273.52,50.065,91.981
139.86,65.828,102.13,187.64
139.88,65.382,102.13,187.64
179.22,56.951,104.18,191.39
179.9,60.012,102.13,187.64
180.31,65.276,100.13,183.96
179.71,66.105,102.13,187.64
177.5,65.933,106.26,195.22
173.7,62.303,110.55,203.11
171.69,59.636,112.76,207.17
168.69,57.936,115.02,211.31
166.75,59.118,115.02,211.31
164.11,57.01,117.32,215.54
162.89,56.779,117.32,215.54
157.74,55.384,119.67,219.85
155.99,55.404,119.67,219.85
153.73,55.758,119.67,219.85
150.93,57.316,119.67,219.85
148.75,54.518,122.06,224.25
145.06,52.541,124.5,228.73
144.38,52.761,124.5,228.73
144.25,49.17,126.99,233.31
145.95,48.765,126.99,233.31
144.88,46.005,129.53,237.97
146.8,47.272,129.53,237.97
147.62,44.294,132.12,242.73
149.7,45.438,132.12,242.73
154.25,46.71,132.12,242.73
157.58,49.93,132.12,242.73
164.29,49.685,132.12,242.73
170.34,50.104,132.12,242.73
182.26,55.785,132.12,242.73
192.4,54.125,132.12,242.73
198.59,60.064,132.12,242.73
190.85,41.761,158.54,291.28
195.69,41.257,158.54,291.28
209.17,27.058,158.54,291.28
210.88,21.922,158.54,291.28
166.21,83.917,132.12,242.73
254.1,39.622,132.12,242.73
265.38,50.592,134.76,247.59
263.51,44.047,137.46,252.54
262.8,44.745,134.76,247.59
261.91,46.168,132.12,242.73
249.27,30.527,132.12,242.73
239.66,27.469,132.12,242.73
225.26,30.904,129.53,237.97
209.91,33.065,129.53,237.97
185.84,33.654,129.53,237.97
152.3,15.998,132.12,242.73
242.97,39.542,132.12,242.73
231.63,182.69,92.484,169.91
270.85,182.24,92.484,169.91
204.46,242.23,66.06,121.37
170.96,-0.66685,132.12,242.73
247.42,203.59,134.76,247.59
338.2,167.67,134.76,247.59
348.12,171.01,132.12,242.73
342.97,170.33,132.12,242.73
345.76,170.48,132.12,242.73
345.85,170.53,132.12,242.73
343.34,173.95,129.53,237.97
344.99,172.11,129.53,237.97
345.45,172.28,129.53,237.97
344.1,172.76,129.53,237.97
346.95,174.72,126.99,233.31
345.49,173.03,126.99,233.31
346.5,172.97,126.99,233.31
351.42,173.55,126.99,233.31
345.34,174.2,126.99,233.31
353.21,176.65,124.5,228.73
349.31,175.43,124.5,228.73
346.5,177.26,124.5,228.73
355.51,178.75,122.06,224.25
351.7,180.04,122.06,224.25
353.69,179.9,119.67,219.85
347.9,178.63,119.67,219.85
357.52,180.97,117.32,215.54
355.19,181.39,117.32,215.54
354.51,180.79,117.32,215.54
358.72,182.19,115.02,211.31
359.1,182.62,115.02,211.31
358.58,183.04,115.02,211.31
358.67,183.9,115.02,211.31
357.86,183.27,115.02,211.31
355.83,183.51,115.02,211.31
359.34,181.57,115.02,211.31
355.11,180.32,117.32,215.54
354.9,180.8,117.32,215.54
356.28,180.95,117.32,215.54
354.6,181.97,117.32,215.54
