0.11633
0.09332
0.095014
0.094023
0.094501
0.092012
0.091571
0.09186
0.098318
0.093131
0.093338
0.093489
0.095403
0.092171
0.096381
0.091511
0.091433
0.092717
0.092152
0.091423
0.10589
0.096823
0.093226
0.094399
0.092822
0.09119
0.097675
0.093572
0.091873
0.092962
0.096863
0.092867
0.092197
0.092256
0.093299
0.092971
0.092796
0.093388
0.096522
0.093559
0.098673
0.091696
0.091393
0.091305
0.093337
0.094128
0.092855
0.091897
0.091446
0.093932
0.094948
0.092043
0.092475
0.092342
0.092525
0.098623
0.094281
0.096553
0.094473
0.093808
0.092464
0.093195
0.092504
0.092528
0.094881
0.093106
0.099052
0.094594
0.093704
0.094024
0.094414
0.093429
0.092457
0.094214
0.094278
0.096538
0.095757
0.093824
0.094824
0.099936
0.095044
0.093868
0.093055
0.092556
0.092468
0.10167
0.098387
0.09363
0.043969
0.10265
0.085738
0.12657
0.074178
0.19237
0.29795
0.10797
0.092747
0.14561
0.073009
0.19534
0.28976
0.10835
0.086065
0.12425
0.071406
0.19623
0.28903
0.10517
0.08578
0.12699
0.071891
0.19105
0.28761
0.10446
0.083322
0.12652
0.071409
0.19602
0.28805
0.10453
0.086686
0.1234
0.074198
0.19607
0.28156
0.10699
0.095709
0.12598
0.072866
0.19283
0.28468
0.10678
0.086755
0.12564
0.073088
0.19615
0.2851
0.11007
0.084735
0.12394
0.071575
0.19618
0.28505
0.10354
0.085311
0.12238
0.07336
0.19723
0.28375
0.10509
0.095198
0.092413
0.095597
0.094256
0.093184
0.094996
0.094579
0.094311
0.093575
0.090198
0.090499
0.096508
0.091666
0.09181
0.091562
0.093431
0.092132
0.091217
0.091251
0.041634
0.13432
0.1006
0.1402
0.076203
0.19664
0.33155
0.13619
0.087905
0.13682
0.074882
0.19698
0.33384
0.13659
0.08879
0.1395
0.075772
0.19158
0.33198
0.13565
0.085711
0.13596
0.074915
0.19479
0.33702
0.1376
0.085165
0.13645
0.074108
0.19458
0.33998
0.13574
0.085252
0.13762
0.074906
0.19643
0.34251
0.13582
0.084194
0.13625
0.075745
0.19309
0.33925
0.1368
0.084545
0.13625
0.074239
0.19368
0.33383
0.14076
0.083306
0.13428
0.0739
0.18813
0.33061
0.13725
0.083571
0.13686
0.072715
0.1905
0.33178
0.14488
0.084049
0.13629
0.072578
0.19686
0.33665
0.13511
0.082991
0.13765
0.071655
0.1932
0.33391
0.13743
0.083439
0.13906
0.076819
0.19138
0.33964
0.13767
0.083658
0.13638
0.073352
0.19053
0.33508
0.13903
0.083842
0.15867
0.094425
0.19219
0.33658
0.13278
0.082359
0.13867
0.074067
0.19538
0.33474
0.14039
0.083188
0.13996
0.072645
0.19074
0.34072
0.13591
0.083833
0.13736
0.074917
0.094274
0.092329
0.092623
0.098782
0.094045
0.093283
0.093673
0.094996
0.092063
0.092283
0.092291
0.091817
0.091244
0.099305
0.094274
0.09531
0.092965
0.094222
0.042047
0.098342
0.086189
0.16646
0.069222
0.17809
0.25088
0.10893
0.085251
0.15271
0.06915
0.17709
0.25053
0.105
0.085589
0.15462
0.067666
0.17801
0.25071
0.1044
0.086556
0.1598
0.068603
0.17844
0.2493
0.10389
0.086243
0.15819
0.070243
0.18097
0.24799
0.10537
0.085222
0.16331
0.069013
0.19575
0.24982
0.10391
0.087615
0.15352
0.071106
0.17726
0.25123
0.10475
0.085556
0.1566
0.069241
0.18615
0.25265
0.10464
0.085371
0.16047
0.068808
0.18265
0.24909
0.10241
0.083272
0.15164
0.069694
0.17862
0.25095
0.10275
0.081719
0.15494
0.068344
0.18313
0.24839
0.10193
0.08379
0.15718
0.067935
0.17771
0.25203
0.10593
0.084446
0.15609
0.070132
0.17803
0.25013
0.10219
0.085948
0.15205
0.066941
0.17737
0.24899
0.10156
0.083601
0.20765
0.044542
0.090943
0.075203
0.10008
0.069301
0.14324
0.2052
0.094356
0.076879
0.10017
0.067177
0.14362
0.21147
0.095682
0.073514
0.10075
0.068041
0.14229
0.21125
0.096138
0.075488
0.10118
0.066191
0.14502
0.21145
0.097377
0.07423
0.098947
0.064691
0.14287
0.20773
0.09519
0.075646
0.097657
0.066666
0.14093
0.21
0.092446
0.075538
0.099798
0.067825
0.13993
0.20503
0.091532
0.073824
0.10116
0.067311
0.14685
0.20918
0.094895
0.075218
0.097498
0.097296
0.096899
0.10008
0.096256
0.09566
0.097197
0.044193
0.089769
0.078603
0.10431
0.069316
0.13758
0.21041
0.092384
0.078483
0.10337
0.068483
0.14104
0.21364
0.09191
0.075473
0.1024
0.067787
0.13792
0.21192
0.09282
0.077279
0.10559
0.06653
0.14002
0.22547
0.094291
0.075881
0.10161
0.069002
0.141
0.22186
0.095095
0.080389
0.10783
0.072241
0.14061
0.21839
0.093999
0.074653
0.10649
0.070725
0.13537
0.22127
0.093551
0.074481
0.10493
0.066921
0.14296
0.21632
0.090044
0.073065
0.10164
0.067593
0.13807
0.21666
0.094403
0.07575
0.10277
0.066687
0.13995
0.21223
0.09492
0.075922
0.10455
0.069777
0.13537
0.2168
0.090982
0.073308
0.10436
0.064455
0.14038
0.22184
0.093209
0.074932
0.10271
0.066114
0.13959
0.21699
0.095865
0.074812
0.11749
0.068759
0.1388
0.21421
0.092106
0.075679
0.10435
0.069907
0.14
0.21601
0.091068
0.075956
0.10449
0.067332
0.13785
0.21623
0.091417
0.073434
0.10251
0.067358
0.14058
0.21479
0.09361
0.075891
0.10323
0.065711
0.1384
0.22013
0.092948
0.074245
0.10416
0.069273
0.13807
0.21564
0.093403
0.073699
0.10343
0.066714
0.13677
0.21614
0.093689
0.079286
0.10685
0.070555
0.1406
0.22165
0.094399
0.0754
0.10312
0.067013
0.13875
0.22457
0.092688
0.076661
0.10454
0.066845
0.13671
0.21892
0.092654
0.074092
0.10293
0.066366
0.13644
0.21162
0.093898
0.07485
0.10055
0.06646
0.13596
0.21249
0.092533
0.073342
0.10238
0.066172
0.13645
0.21492
0.09033
0.073774
0.10144
0.068108
0.13611
0.21214
0.089313
0.072882
0.10193
0.068084
0.13629
0.21814
0.091382
0.073716
0.10106
0.066324
0.13527
0.21603
0.092902
0.077444
0.10263
0.067869
0.13947
0.22153
0.094914
0.074008
0.10262
0.066852
0.13896
0.21111
0.089433
0.075356
0.10784
0.06736
0.14235
0.21102
0.091702
0.075246
0.10153
0.064474
0.13444
0.092768
0.042076
0.12905
0.097493
0.19262
0.074768
0.22024
0.44495
0.13612
0.098876
0.19282
0.078025
0.21979
0.448
0.13511
0.098479
0.19985
0.079994
0.21974
0.44754
0.13565
0.099751
0.19284
0.079031
0.22137
0.46818
0.13742
0.097486
0.20163
0.078914
0.21664
0.4534
0.13669
0.097087
0.1948
0.078411
0.21881
0.44903
0.13655
0.097124
0.19663
0.077676
0.21943
0.44475
0.13713
0.10076
0.0905
0.041367
0.19837
0.092473
0.091775
0.089477
0.090309
0.042704
0.088786
0.089804
0.089181
0.091848
0.041409
0.099044
0.092855
0.088544
0.088602
0.08951
0.089651
0.09563
0.090452
0.088015
0.088587
0.089121
0.088583
0.087367
0.088471
0.088201
0.088956
0.087999
0.090941
0.087565
0.088429
0.089495
0.090055
0.089754
0.095159
0.087745
0.087469
0.087488
0.088419
0.087837
0.087371
0.092833
0.086618
0.091608
0.088257
0.086534
0.086181
0.086935
0.089538
0.088535
0.087626
0.088935
0.091365
0.088733
0.088447
0.088709
0.091579
0.087637
0.091965
0.092389
0.088007
0.088247
0.090918
0.098061
0.088679
0.088086
0.099264
0.088829
0.091252
0.090686
0.089755
0.088521
