-100
-100
-100
-100
-100
-100
0.54181
0.72328
1.1021
0.97789
1.2072
1.4036
1.7051
2.0145
2.4055
3.3255
2.0673
2.0385
1.996
1.9381
2.0627
1.9633
1.7109
1.9942
2.3495
2.0494
2.2683
2.1807
1.7023
2.2556
2.4393
3.3524
2.0177
1.3335
1.0045
0.66442
0.66532
0.62802
0.72709
0.54401
0.73784
0.79412
0.7777
0.51276
0.42096
0.31145
0.30771
0.24692
0.2444
0.14696
0.24193
0.27169
0.30089
0.31424
0.19721
0.11739
0.15036
0.083974
-0.0094273
0.016422
-0.0073502
0.043866
0.053608
0.02964
0.029807
0.15112
0.12325
0.078923
0.16318
0.02757
0.044718
0.084628
0.084459
0.052155
0.050657
0.054899
0.076448
0.034704
0.050134
0.087154
0.16221
0.2126
0.11986
0.18245
0.20593
0.17785
0.14156
0.16181
0.23438
0.31341
0.26291
0.24225
0.16693
0.1639
0.14863
0.15799
0.0080386
0.029387
0.078593
-0.025943
-0.04171
-0.038257
0.015028
0.018645
-0.049731
-0.053992
-0.085506
-0.078917
-0.029602
-0.050256
-0.12701
-0.14091
-0.14412
-0.18818
-0.1437
-0.18799
-0.19787
-0.1559
-0.17289
-0.18932
-0.14656
-0.14584
-0.10546
-0.13377
-0.12503
-0.16458
-0.20688
-0.21125
-0.20255
-0.22552
-0.24415
-0.18939
-0.16398
-0.22969
-0.2163
-0.18527
-0.10223
-0.11154
-0.074702
0.080995
0.19268
0.47608
0.53477
0.76498
0.95896
0.96944
1.1702
1.2553
1.2716
1.3903
1.6373
1.4548
1.5733
1.4084
1.3231
1.3882
1.1997
1.204
1.0086
1.1467
1.2056
1.3848
1.5551
1.5131
1.6733
1.5343
1.9581
2.1304
2.1271
2.5241
3.4217
4.017
3.0893
2.8863
2.1421
1.8839
1.9132
2.054
1.8108
2.0838
1.8224
1.6417
1.4526
1.5847
1.2427
1.1667
0.96072
0.97346
0.9412
0.87465
0.84487
0.71228
0.49932
0.54331
0.39985
0.39299
0.42133
0.32908
0.33871
0.23251
0.13957
0.17859
0.11069
0.062322
0.085373
0.13109
0.043295
-0.018908
-0.08658
-0.11208
-0.086105
-0.13521
-0.19355
-0.21034
-0.24333
-0.23841
-0.18982
-0.19623
-0.18342
-0.10467
0.093995
0.15653
0.21281
0.049876
0.035514
-0.0040669
-0.080228
0.095979
0.27263
0.31424
0.31805
0.18468
0.2244
0.22416
0.21528
0.19282
0.17213
0.095726
0.075852
0.15168
0.15123
0.070182
0.21286
0.1449
0.20839
0.13728
0.22863
0.32212
0.17022
0.0711
0.02014
-0.056127
-0.023348
-0.092615
-0.16056
-0.15666
-0.15318
-0.22378
-0.23033
-0.2396
-0.30047
-0.31067
-0.30652
-0.33604
-0.29134
-0.3296
-0.38577
-0.4115
-0.42467
-0.45343
-0.43243
-0.4627
-0.44899
-0.43571
-0.44068
-0.42905
-0.40863
-0.43638
-0.46439
-0.46149
-0.44368
-0.47349
-0.44357
-0.45906
-0.42896
-0.42655
-0.43915
-0.46439
-0.44359
-0.45808
-0.48303
-0.48459
-0.458
-0.46978
-0.48142
-0.49542
-0.50115
-0.50321
-0.49055
-0.46923
-0.44935
-0.46978
-0.44633
-0.4398
-0.40985
-0.38453
-0.36929
-0.32369
-0.29013
-0.28724
-0.29759
-0.2413
-0.26856
-0.28195
-0.29926
-0.30014
-0.30692
-0.34392
-0.33413
-0.35202
-0.37631
-0.34911
-0.29914
-0.26746
-0.22528
-0.20604
-0.21674
-0.231
-0.26809
-0.28595
-0.26925
-0.33668
-0.31299
-0.25468
-0.19167
-0.15342
-0.099575
-0.075017
-0.032468
0.028326
0.035975
0.093173
0.19028
0.35213
0.38655
0.37568
0.42122
0.4595
0.58124
0.6778
0.65398
0.58436
0.63074
0.811
1.0586
1.288
1.6434
1.6967
2.2448
2.1998
2.5141
2.5096
2.6422
3.203
3.0851
2.8375
3.0566
3.4452
3.3603
3.6967
3.3598
3.5208
2.8201
2.8455
2.7144
2.7157
2.3681
2.1233
2.0282
2.0703
2.1045
1.8517
1.6147
1.3858
1.2147
1.2724
1.271
1.1855
1.1031
0.98999
1.086
1.0358
0.92993
0.95562
0.80018
0.6792
0.52446
0.53073
0.55154
0.47965
0.49703
0.44138
0.50854
0.47617
0.46651
0.44493
0.41395
0.44322
0.57002
0.61886
0.65634
0.6173
0.75073
0.83497
0.9237
0.83203
0.86077
0.87182
0.87818
0.84095
0.68823
0.88742
0.80339
0.80384
0.89601
0.71421
0.86443
0.82382
0.73129
0.59533
0.4502
0.47551
0.38367
0.43716
0.25601
0.19005
0.14432
0.096618
0.11756
0.052975
0.11285
0.14048
0.15473
0.0083855
-0.076921
0.015299
-0.033426
-0.071244
-0.12954
-0.13667
-0.10429
-0.087086
-0.10973
-0.080104
-0.035646
-0.052249
-0.055156
0.0020857
0.059493
0.0812
0.03498
0.030249
0.024545
-0.029712
-0.03808
-0.066803
-0.026338
-0.10135
-0.15506
-0.1598
-0.19464
-0.22541
-0.21608
-0.26508
-0.20419
-0.20894
-0.09978
-0.038102
-0.11478
-0.13023
-0.13924
-0.15439
-0.10618
0.043654
0.11991
0.34646
0.54091
0.64049
0.64315
0.47833
0.12606
0.087639
0.027946
-0.038059
-0.11397
-0.13161
-0.056956
-0.0023547
0.065903
0.19287
0.20887
0.3078
0.2859
0.20336
0.29875
0.52839
0.63258
0.89923
0.88558
0.78847
0.54067
0.31913
0.15914
0.28734
0.22865
0.086823
0.073019
0.00020696
-0.072498
-0.019186
-0.076152
-0.14929
-0.13002
-0.12237
-0.1216
-0.1209
-0.070203
-0.067484
-0.024057
0.061068
0.11939
0.18829
0.22099
0.19944
0.21242
0.34856
0.50005
0.68807
0.71881
0.98429
1.3016
1.2674
1.5572
1.5066
1.2987
0.96262
0.9762
0.88667
0.82725
0.74804
0.86289
0.84382
0.75801
0.78057
0.86258
0.90343
1.0029
1.0211
0.94173
1.121
1.2946
0.98234
1.4473
1.266
1.1165
1.2966
1.0863
0.76665
0.63709
0.39332
0.57362
0.62446
0.50286
0.35033
0.24148
0.18292
0.10734
0.12168
0.18614
0.20111
0.17121
0.17631
0.3735
0.3541
0.1186
0.20755
0.12379
0.053114
0.010399
-0.020551
-0.06112
-0.031145
-0.11015
-0.10782
-0.13423
-0.12501
-0.16778
-0.19422
-0.16149
-0.17868
-0.13469
-0.1678
-0.1252
-0.12152
-0.14981
-0.12188
-0.16271
-0.1641
-0.18313
-0.18002
-0.18603
-0.24042
-0.26792
-0.32495
-0.38048
-0.38238
-0.44919
-0.44817
-0.44678
-0.46993
-0.44494
-0.48753
-0.48539
-0.49274
-0.5139
-0.52063
-0.53224
-0.55797
-0.55826
-0.56685
-0.56421
-0.56592
-0.5684
-0.56783
-0.58237
-0.57831
-0.56825
-0.57216
-0.54279
-0.5444
-0.54571
-0.55582
-0.54278
-0.53504
-0.51168
-0.50377
-0.54039
-0.54635
-0.51213
-0.54652
-0.54739
-0.57097
-0.54778
-0.57216
-0.56163
-0.55584
-0.55659
-0.51625
-0.50739
-0.50046
-0.4505
-0.48302
-0.4752
-0.46478
-0.45678
-0.44324
-0.42583
-0.42797
-0.39146
-0.38207
-0.32521
-0.32067
-0.34179
-0.3511
-0.34269
-0.36239
-0.3427
-0.33657
-0.31204
-0.3343
-0.35278
-0.39979
-0.37211
-0.3472
-0.34209
-0.30032
-0.21159
-0.0029089
0.21543
0.31809
0.5857
0.60687
1.3542
1.6494
1.3587
1.6348
1.6272
1.605
1.3921
1.4364
1.2748
1.3186
0.99932
1.1619
1.1904
1.3311
1.7013
1.8984
2.2221
3.1625
3.3374
4.0015
4.2237
4.7547
4.8065
3.3044
5.9176
4.7222
3.8456
3.4507
3.8326
3.8352
3.971
3.8628
4.4641
4.1956
3.749
3.5885
4.87
6.9164
8.8365
3.6573
5.1167
4.4125
5.8043
4.3817
4.5677
7.6247
5.0553
5.1695
7.0116
5.9036
4.6497
3.6471
4.6715
5.1893
4.2883
5.5205
5.3347
4.9748
5.9841
8.0206
3.2766
3.2728
3.2776
3.0456
3.7363
6.3659
4.8942
9.2402
11.533
3.8292
5.6385
3.1404
2.9894
2.8956
1.9458
1.16
1.1632
1.0323
0.93516
0.94143
0.88653
1.1523
1.0913
0.96459
1.0885
1.0801
0.92023
0.76627
0.79168
0.7691
0.58139
0.67369
0.66193
0.59057
0.89824
0.85965
1.0895
1.6757
2.05
3.1518
5.0465
6.3401
4.9881
5.46
6.7683
5.5207
8.8959
4.7321
4.0732
4.1432
4.0835
3.7102
3.4286
3.3367
3.2202
2.9052
3.7026
4.6793
10.484
4.5584
8.2278
7.3901
8.6003
5.5646
3.65
4.0268
3.4144
4.5416
2.9588
3.5725
3.3673
3.5796
3.7341
4.2782
4.1393
3.6977
3.388
4.1983
4.1663
3.9621
4.7963
3.6246
3.9984
4.2295
4.5814
3.8689
3.8293
3.8462
3.934
4.2454
4.0445
4.1122
4.1437
4.0345
4.545
3.5529
3.8111
3.8943
