0.16695
0.1304
0.12768
0.12544
0.1229
0.12829
0.12416
0.12459
0.1232
0.12332
0.12205
0.12341
0.11676
0.12025
0.11939
0.11717
0.12114
0.11796
0.1177
0.11689
0.11723
0.11491
0.11861
0.12906
0.11759
0.11943
0.11853
0.11612
0.11536
0.11493
0.11345
0.11569
0.11296
0.11054
0.1136
0.11446
0.047962
0.115
0.11424
0.11424
0.11356
0.13591
0.11656
0.11508
0.11585
0.11616
0.11528
0.1147
0.11866
0.11685
0.11404
0.11741
0.11452
0.11914
0.11646
0.11368
0.1185
0.11727
0.11712
0.11691
0.11755
0.11354
0.11367
0.11302
0.11196
0.11029
0.11128
0.11103
0.10903
0.11136
0.11203
0.11497
0.10951
0.11201
0.10897
0.10963
0.11111
0.10922
0.11143
0.10998
0.10903
0.1085
0.10882
0.11053
0.10814
0.10897
0.10776
0.10948
0.10826
0.10348
0.10716
0.10432
0.10383
0.10933
0.10644
0.10485
0.10474
0.10458
0.10494
0.10431
0.10435
0.12476
0.10277
0.10468
0.10448
0.10302
0.097787
0.10058
0.099162
0.099954
0.10336
0.10346
0.1054
0.10161
0.1007
0.10037
0.10337
0.10103
0.10146
0.10185
0.10191
0.10177
0.10289
0.09885
0.10291
0.10439
0.1019
0.096425
0.09514
0.095139
0.095497
0.096614
0.10082
0.098967
0.097567
0.099752
0.097241
0.094635
0.094071
0.095483
0.097728
0.095816
0.097297
0.094364
0.094518
0.094502
0.098969
0.097581
0.096261
0.094992
0.094441
0.094767
0.097604
0.10138
0.096854
0.097846
0.097927
0.099699
0.093044
0.097466
0.09478
0.094004
0.0962
0.098422
0.098899
0.10149
0.098144
0.092751
0.093253
0.093464
0.096998
0.097775
0.095639
0.096985
0.096539
0.094852
0.096115
0.09562
0.095455
0.093723
0.10082
0.092798
0.096488
0.10194
0.096653
0.09566
0.095904
0.092594
0.09129
0.092336
0.092257
0.092295
0.094772
0.091861
0.092314
0.092756
0.094668
0.093313
0.094094
0.091252
0.093309
0.097866
0.093612
0.093138
0.093725
0.093377
0.092801
0.094935
0.09284
0.093023
0.09278
0.092067
0.092754
0.091587
0.091243
0.090839
0.094264
0.090604
0.09262
0.094539
0.091731
0.091708
0.09301
0.090962
0.091152
0.090085
0.091692
0.091915
0.091672
0.091431
0.090434
0.090052
0.090045
0.090963
0.10199
0.091725
0.091054
0.091249
0.091237
0.092296
0.088749
0.091931
0.088484
0.089869
0.091301
0.090721
0.088845
0.094025
0.088843
0.088394
0.088672
0.091462
0.090033
0.090146
0.08914
0.086962
0.088643
0.089335
0.089702
0.090987
0.043018
0.11466
0.083497
0.14324
0.074403
0.17452
0.30459
0.11522
0.087573
0.13683
0.07334
0.17329
0.29714
0.11275
0.081453
0.14046
0.077822
0.17012
0.29939
0.1136
0.082239
0.13958
0.074927
0.17324
0.29136
0.11539
0.082839
0.13954
0.073858
0.17177
0.30389
0.11057
0.083321
0.13932
0.075339
0.17177
0.30653
0.11465
0.082941
0.13583
0.078865
0.17384
0.30929
0.114
0.083015
0.14045
0.086382
0.17229
0.30187
0.11585
0.084199
0.13713
0.078349
0.17411
0.29925
0.11384
0.082723
0.13852
0.078958
0.17619
0.30931
0.11369
0.081858
0.13825
0.076615
0.1719
0.29653
0.11423
0.081358
0.13788
0.077147
0.17341
0.31036
0.11243
0.081859
0.13987
0.073641
0.17422
0.30689
0.11136
0.083928
0.14125
0.07638
0.17442
0.30074
0.11631
0.08215
0.13856
0.078747
0.1733
0.30766
0.11549
0.083562
0.14069
0.072904
0.17442
0.30415
0.11518
0.079167
0.14054
0.077659
0.17456
0.29983
0.11313
0.083341
0.13707
0.074001
0.17429
0.292
0.11377
0.082562
0.13819
0.074581
0.17239
0.31399
0.11519
0.082009
0.14038
0.072642
0.18112
0.31775
0.11687
0.083291
0.14023
0.071813
0.17684
0.30919
0.11337
0.081779
0.13884
0.074242
0.17289
0.29841
0.11679
0.083669
0.13928
0.073062
0.17425
0.304
0.1153
0.083497
0.13853
0.074998
0.18459
0.30271
0.11426
0.080659
0.13982
0.075515
0.17693
0.31591
0.11542
0.083288
0.13739
0.074984
0.1759
0.3
0.11714
0.083588
0.13913
0.076115
0.17726
0.29868
0.11588
0.082786
0.14683
0.078797
0.18152
0.30147
0.11301
0.082959
0.13916
0.07582
0.17719
0.30482
0.11386
0.084977
0.14168
0.078039
0.17645
0.30186
0.11511
0.08272
0.13949
0.078958
0.17729
0.29495
0.11534
0.082823
0.1382
0.073308
0.17374
0.30598
0.11478
0.082446
0.13883
0.075239
0.17622
0.29741
0.11769
0.083603
0.14048
0.074523
0.17027
0.29626
0.11558
0.081797
0.14222
0.074855
0.17561
0.302
0.1172
0.081346
0.13525
0.072609
0.175
0.30864
0.11597
0.079839
0.13849
0.073648
0.174
0.29392
0.11551
0.083109
0.13551
0.0747
0.17235
0.2951
0.11359
0.08413
0.13773
0.074817
0.17879
0.29774
0.11567
0.083294
0.13826
0.075378
0.1752
0.29733
0.1154
0.083998
0.14187
0.076076
0.17114
0.30785
0.11608
0.083877
0.14149
0.074676
0.188
0.30617
0.11461
0.085057
0.13997
0.074257
0.17527
0.29398
0.11935
0.081768
0.13749
0.073812
0.17642
0.298
0.11703
0.08092
0.14015
0.074651
0.17289
0.29728
0.11448
0.082483
0.13917
0.073553
0.17376
0.3016
0.11785
0.080516
0.1402
0.072864
0.17294
0.29881
0.114
0.080992
0.13786
0.072957
0.17518
0.29409
0.11551
0.082174
0.13793
0.073284
0.17384
0.31206
0.11322
0.082788
0.14067
0.073278
0.17163
0.29812
0.11767
0.080971
0.13941
0.077798
0.17558
0.30121
0.11906
0.083014
0.14069
0.077868
0.1747
0.30322
0.11687
0.082135
0.13662
0.075919
0.176
0.29321
0.11269
0.079465
0.13449
0.073012
0.17165
0.29668
0.11423
0.080319
0.1381
0.070673
0.17495
0.29274
0.11274
0.078515
0.13375
0.071444
0.17622
0.29529
0.11467
0.080242
0.13654
0.06966
0.17322
0.29793
0.11164
0.076752
0.14212
0.069003
0.17034
0.30147
0.11464
0.080624
0.14322
0.070373
0.16947
0.29154
0.11052
0.080963
0.13885
0.072224
0.17235
0.29552
0.11193
0.08006
0.13587
0.095976
0.093746
0.098429
0.09503
0.094071
0.09402
0.093269
0.09364
0.093712
0.094875
0.092556
0.095267
0.094881
0.092627
0.093992
0.092764
0.096486
0.0945
0.095601
0.095636
0.093077
0.099211
0.095287
0.09656
0.09355
0.09446
0.099887
0.098748
0.096087
0.098244
0.097263
0.092084
0.092984
0.093657
0.09416
0.10278
0.09672
0.097033
0.095775
0.096464
0.094253
0.095349
0.093596
0.092131
0.094687
0.092357
0.092323
0.092212
0.090821
0.090772
0.091195
0.092976
0.091305
0.092185
0.098763
0.093009
0.091498
0.093123
0.093136
0.043412
0.10381
0.085216
0.14681
0.07555
0.16167
0.24627
0.10905
0.082714
0.13674
0.071826
0.15528
0.24196
0.10944
0.083671
0.14726
0.071991
0.15638
0.24485
0.10907
0.080198
0.13832
0.067884
0.1527
0.23329
0.10668
0.082002
0.085832
0.042709
0.27378
0.16011
0.35525
0.28601
0.56367
0.86568
0.29583
0.16041
0.36181
0.28
0.55242
0.86901
0.30418
0.15719
0.35405
0.28178
0.55431
0.87321
0.29525
0.16001
0.36061
0.091195
0.045416
0.55536
0.57033
0.66499
0.58699
1.0152
1.7962
0.58135
0.59792
0.66364
0.57383
1.0092
1.7787
0.59364
0.56605
0.66145
0.58285
0.98557
1.8185
0.60064
0.56111
0.66
0.60559
0.091262
0.084488
0.041363
0.43192
0.44512
0.61802
0.44269
0.98536
0.098564
0.042512
0.43748
0.43793
0.61382
0.45369
0.97574
1.5915
0.45554
0.45937
0.66557
0.43789
0.98983
1.5943
0.45713
0.45098
0.6124
0.44478
0.96981
1.584
0.47457
0.42609
0.59234
0.4503
0.092301
0.084255
0.082307
0.086066
0.084012
0.083354
0.097217
0.08911
0.084399
0.085355
0.086603
0.081129
0.084658
0.081147
0.081781
0.080826
0.084271
0.086471
0.098435
0.084844
0.085249
0.084563
0.079716
0.080715
0.085016
0.083314
0.084819
0.084089
0.083658
0.083374
0.08335
0.081385
0.085616
0.082111
0.081105
0.084677
0.08457
0.086903
0.081678
0.083427
0.083254
0.083407
0.082126
0.08252
0.099175
0.092653
0.084306
0.083638
0.084184
0.083732
0.081993
0.08316
0.083416
0.081661
0.081976
0.084102
0.084939
0.08355
0.081391
0.082163
0.086898
0.08271
0.083705
0.08405
0.083806
0.083439
0.084238
0.084096
0.081082
0.087139
0.084776
0.083341
0.081373
0.083869
0.082948
0.083614
0.081761
0.083307
0.082766
0.088197
0.083173
0.082354
0.084478
0.084454
0.082075
0.086286
0.085725
0.083134
0.083403
0.088473
0.081742
0.083096
0.083763
0.081812
0.082175
0.082994
0.081032
0.081682
0.082475
0.083781
0.081754
0.086141
0.08255
0.08184
0.080906
0.081948
0.084192
0.084039
0.082773
0.082082
0.08461
0.085185
0.084003
