559,171,70,76
560.61,170.45,70,76
562.96,173.94,67.282,73.049
563.53,178.15,65.963,71.617
561.61,180.98,64.669,70.212
557.85,181.77,63.401,68.836
554.45,182.12,63.401,68.836
552.67,182.26,62.158,67.486
553.53,183.11,59.744,64.865
552.65,182.7,59.744,64.865
552.99,182.47,58.573,63.593
554.37,183.84,57.424,62.346
555.2,184.63,56.298,61.124
557.33,185.89,55.195,59.925
561.15,187.73,55.195,59.925
565.74,190.5,55.195,59.925
566.89,191.59,55.195,59.925
565.5,191.53,55.195,59.925
562.01,190.39,56.298,61.124
558.66,189.53,56.298,61.124
557.23,188.48,57.424,62.346
556.41,188.92,57.424,62.346
551.44,185.97,58.573,63.593
546.44,184.12,57.424,62.346
542.19,181.56,57.424,62.346
540.75,180.07,56.298,61.124
540.73,180.73,54.112,58.75
536.28,177.9,53.051,57.599
533.33,175.54,50.991,55.362
533.62,173.69,49.991,54.276
534.37,173.16,49.011,53.212
533.86,171.56,49.991,54.276
534.59,171.01,49.991,54.276
534.33,170.02,50.991,55.362
533.97,170.85,50.991,55.362
531.19,169.87,52.011,56.469
529.31,167.9,50.991,55.362
528.55,167.33,50.991,55.362
527.92,166.03,50.991,55.362
529.85,166.11,49.991,54.276
531.55,165.53,49.991,54.276
532.73,165.91,49.991,54.276
534.64,166.36,49.011,53.212
536.11,167.75,47.108,51.146
538.24,167.47,47.108,51.146
538.62,165.79,48.05,52.169
538.52,166.69,48.05,52.169
539.84,167.08,48.05,52.169
540.83,166.93,49.011,53.212
543.33,170.15,49.011,53.212
545.45,170.94,48.05,52.169
545.58,171.61,48.05,52.169
546.04,171.82,48.05,52.169
545.68,171.71,48.05,52.169
546.47,171.43,48.05,52.169
546.26,170.65,48.05,52.169
545.68,170.81,48.05,52.169
546.51,170.66,48.05,52.169
546.99,170.25,48.05,52.169
547.13,169.9,48.05,52.169
547.23,170.25,48.05,52.169
547.99,169.7,48.05,52.169
546.96,169.75,48.05,52.169
545.04,167.27,48.05,52.169
537.57,160.01,48.05,52.169
529.97,151.72,48.05,52.169
520.83,143.74,48.05,52.169
510.78,135.13,48.05,52.169
501.34,126.82,48.05,52.169
493.8,120.97,47.108,51.146
489.87,115.76,46.184,50.143
486.38,110.41,46.184,50.143
485.16,105.77,46.184,50.143
484.45,101.09,46.184,50.143
483.71,93.555,46.184,50.143
483.06,86.049,46.184,50.143
483.97,77.874,45.279,49.16
488.04,71.039,45.279,49.16
495.51,68.016,44.391,48.196
503.19,64.366,45.279,49.16
515.12,63.183,45.279,49.16
526.02,62.091,45.279,49.16
534.61,59.391,45.279,49.16
542.53,57.833,45.279,49.16
549.4,55.482,45.279,49.16
555.39,52.512,45.279,49.16
560.84,48.975,45.279,49.16
567.15,46.867,45.279,49.16
573.18,45.894,46.184,50.143
579.13,46.862,46.184,50.143
585.52,47.272,46.184,50.143
591.98,47.224,46.184,50.143
596.44,47.304,47.108,51.146
602.6,48.024,47.108,51.146
607.35,49.622,47.108,51.146
613.57,53.093,47.108,51.146
618.45,57.5,47.108,51.146
624.75,61.994,47.108,51.146
626.71,66.465,47.108,51.146
627.89,70.258,47.108,51.146
628.89,76.16,47.108,51.146
630.12,82.669,47.108,51.146
632.62,89.407,47.108,51.146
634.76,95.509,47.108,51.146
638.28,99.673,47.108,51.146
640.31,104.48,47.108,51.146
640.45,107.72,47.108,51.146
639.54,111.35,47.108,51.146
637.81,115.22,47.108,51.146
635.28,119.1,47.108,51.146
633.86,122.59,47.108,51.146
629.69,122.76,48.05,52.169
627.42,126.68,48.05,52.169
626.96,131.95,48.05,52.169
627.74,138.32,48.05,52.169
627.22,145.39,48.05,52.169
624.91,151.78,48.05,52.169
622.72,156.59,48.05,52.169
618.61,162.44,48.05,52.169
611.73,167.53,49.011,53.212
605.77,174.6,49.991,54.276
601.51,181.65,49.991,54.276
598.51,189.35,49.011,53.212
596.21,195.98,49.011,53.212
595.33,199.66,49.011,53.212
593.91,201.59,49.011,53.212
591.58,203.02,49.011,53.212
586.47,204.69,49.011,53.212
582.94,205.62,49.011,53.212
577.01,206.46,49.011,53.212
569.57,204.5,49.011,53.212
561.5,202.48,49.991,54.276
548.61,214.24,49.991,54.276
547.12,208.56,49.991,54.276
540.2,210.31,49.011,53.212
534.79,206.66,49.011,53.212
526.32,206.06,49.011,53.212
519.85,207.2,48.05,52.169
511.91,207.04,48.05,52.169
504.99,204.34,48.05,52.169
497.02,206.19,48.05,52.169
488.38,207.53,49.011,53.212
480.49,215.95,49.011,53.212
475.53,217.61,49.011,53.212
467.29,216.65,49.991,54.276
462.55,217.59,49.011,53.212
456.49,216.88,49.011,53.212
453.88,214.44,49.011,53.212
592.2,252.78,24.506,26.606
587.58,252.21,24.506,26.606
583.45,252.73,24.025,26.084
579.52,252.45,23.554,25.573
576.05,250.88,24.025,26.084
508.98,102.26,58.813,63.855
502.64,102.22,59.99,65.132
501.36,103.01,61.189,66.434
497.64,102.69,63.662,69.118
494.92,102.19,64.935,70.501
493.49,101.9,67.558,73.349
492.08,101.55,70.287,76.312
491.25,101.71,71.693,77.838
490.6,101.18,73.127,79.395
489.7,101.84,74.59,80.983
516.94,109.1,49.011,53.212
517.58,111.23,48.05,52.169
518.27,110.86,48.05,52.169
518.6,111.58,47.108,51.146
519.31,111.29,47.108,51.146
519.85,112.18,47.108,51.146
519.11,108.67,49.011,53.212
519.43,111.09,48.05,52.169
519.71,111.24,48.05,52.169
519.48,111.93,48.05,52.169
519.93,111.49,47.108,51.146
520.08,111.5,47.108,51.146
519.28,108.6,49.011,53.212
519.98,110.53,48.05,52.169
519.57,111.22,48.05,52.169
520.85,110.37,48.05,52.169
521.29,111.04,48.05,52.169
522.07,110.95,47.108,51.146
521.52,109.24,49.011,53.212
521.64,111.43,48.05,52.169
523.35,110.48,48.05,52.169
523.62,111.14,48.05,52.169
525.29,110.38,48.05,52.169
526.55,110.71,48.05,52.169
428.54,48.803,49.011,53.212
432.51,46.882,49.011,53.212
436.25,45.16,49.011,53.212
440.8,43.877,49.011,53.212
444.34,42.956,49.011,53.212
448.37,42.664,49.011,53.212
452.36,41.992,49.011,53.212
457.33,40.117,49.011,53.212
464.43,38.395,49.011,53.212
470.93,33.675,49.991,54.276
478.85,30.776,49.991,54.276
487.91,29.595,49.991,54.276
495.39,29.362,50.991,55.362
501.72,30.932,50.991,55.362
507.49,35.931,50.991,55.362
514.77,41.425,50.991,55.362
519.68,45.278,52.011,56.469
525.35,49.234,52.011,56.469
528.88,52.202,53.051,57.599
531.43,54.51,54.112,58.75
532.31,58.771,55.195,59.925
534.81,64.82,55.195,59.925
535.71,71.549,56.298,61.124
536.53,77.845,57.424,62.346
536.5,85.399,58.573,63.593
537.75,94.585,58.573,63.593
537.83,103.24,59.744,64.865
538.35,111.64,59.744,64.865
536.58,116.22,60.939,66.163
536.5,121.58,60.939,66.163
538.03,126.33,60.939,66.163
538.35,130.19,60.939,66.163
539.17,135.32,60.939,66.163
539.31,141.72,60.939,66.163
539.11,149.95,60.939,66.163
538.44,158.22,62.158,67.486
539.48,171.14,62.158,67.486
540.01,183.74,63.401,68.836
539.7,192.39,63.401,68.836
538.26,199.61,63.401,68.836
538.59,208.59,63.401,68.836
539.27,220.89,63.401,68.836
542.21,240.2,63.401,68.836
542.97,260.98,63.401,68.836
539.69,282.78,64.669,70.212
533.48,310.74,65.963,71.617
525.39,339.04,67.282,73.049
517.05,371.67,67.282,73.049
510.52,400.87,67.282,73.049
506.28,424.59,64.669,70.212
494.93,442.28,63.401,68.836
437.86,427.3,62.158,67.486
400.37,425.57,62.158,67.486
514,333.14,67.282,73.049
510.18,330.09,65.963,71.617
510.12,332.21,65.963,71.617
510.53,328.63,65.963,71.617
511.16,329.81,65.963,71.617
510.62,330.64,65.963,71.617
514.41,332.13,67.282,73.049
510.11,331.67,67.282,73.049
509.45,329.61,67.282,73.049
509.26,331.63,67.282,73.049
591.01,370.8,100.92,109.57
592.9,374.18,98.944,107.42
556.13,284.56,67.282,73.049
568.09,296.21,47.097,51.134
567.47,299.62,47.097,51.134
567.62,298.69,46.174,50.132
569.61,301.45,45.268,49.149
566.45,297.59,46.174,50.132
555.88,283.92,67.282,73.049
566.4,299.47,47.097,51.134
570.08,321.63,46.174,50.132
571.2,321.72,45.268,49.149
574.47,322.9,44.381,48.185
575.48,323.66,43.511,47.24
521.13,173.17,67.282,73.049
630.1,219.98,47.097,51.134
668.55,290.35,80.738,87.659
661.53,308.87,80.738,87.659
649.19,332.36,82.353,89.412
647.19,348.01,80.738,87.659
418.32,331.58,67.282,73.049
428.91,327.2,67.282,73.049
424.56,322.88,80.738,87.659
432.64,326.58,79.155,85.94
432.93,332.78,79.155,85.94
435.75,337.1,79.155,85.94
508.56,334.77,67.282,73.049
487.64,323.24,65.963,71.617
659.95,370.72,80.738,87.659
655.9,345.79,80.738,87.659
604.23,129.36,100.92,109.57
565.62,95.445,98.944,107.42
558.95,81.7,67.282,73.049
539.89,92.485,65.963,71.617
519.52,138.5,64.669,70.212
516.17,101.42,64.669,70.212
545.72,115.21,45.268,49.149
546.15,116.93,45.268,49.149
546.98,116.62,45.268,49.149
547.05,116.24,45.268,49.149
546.56,116.44,45.268,49.149
547.82,115.85,44.381,48.185
546.38,116.67,44.381,48.185
513.5,102.46,77.603,84.255
509.68,103.55,79.155,85.94
548.96,168.06,80.738,87.659
577.66,143.57,77.603,84.255
608.02,153.7,77.603,84.255
642.16,199.51,76.081,82.603
518.1,103.33,77.603,84.255
517.12,103.39,79.155,85.94
517.18,103.18,79.155,85.94
516.1,102.65,79.155,85.94
514.37,102.75,79.155,85.94
513.8,102.26,79.155,85.94
513.17,101.91,77.603,84.255
512.04,101.76,79.155,85.94
565.41,82.885,97.004,105.32
534.48,42.607,97.004,105.32
538.95,55.875,64.669,70.212
516.19,87.548,63.401,68.836
516.13,103.93,62.158,67.486
506.81,101.66,62.158,67.486
508.72,116.8,43.511,47.24
509.6,116.31,44.381,48.185
511.2,115.25,45.268,49.149
500.39,99.577,93.237,101.23
501.07,101.32,91.409,99.244
501.52,101.54,91.409,99.244
502.83,147.15,89.616,97.298
531.13,93.587,74.59,80.983
558.56,71.598,73.127,79.395
585.77,85.154,71.693,77.838
616.54,135.54,70.287,76.312
529.36,101.14,62.158,67.486
524.44,101.96,63.401,68.836
519.41,102.95,74.59,80.983
518.23,102.87,76.081,82.603
516.2,102.88,77.603,84.255
513.6,102.18,79.155,85.94
513.31,101.44,79.155,85.94
513.25,100.9,79.155,85.94
512.24,101.86,79.155,85.94
511.39,102.2,79.155,85.94
508.86,101.17,79.155,85.94
507.06,101.07,79.155,85.94
520.11,136.57,62.158,67.486
520.52,137.53,62.158,67.486
519.76,94.449,74.59,80.983
512.92,107.89,73.127,79.395
514.54,106.89,73.127,79.395
516.34,105.91,73.127,79.395
518.72,104.85,73.127,79.395
517.47,105.61,74.59,80.983
516.19,105.21,76.081,82.603
512.85,106.42,77.603,84.255
511.16,104.16,79.155,85.94
509.9,102.53,79.155,85.94
554.11,118.35,62.158,67.486
560.92,77.607,60.939,66.163
569.01,67.301,60.939,66.163
580.23,90.871,59.744,64.865
593.5,149.9,59.744,64.865
534.35,105.93,59.744,64.865
529.57,104.42,60.939,66.163
526.75,104.05,63.401,68.836
525.51,103.04,64.669,70.212
511.14,101.93,89.616,97.298
510.92,101.3,89.616,97.298
591.76,87.263,59.744,64.865
576.9,30.789,60.939,66.163
564.78,4.8009,62.158,67.486
556.1,13.801,60.939,66.163
547.46,58.019,60.939,66.163
521.73,100.62,60.939,66.163
520.14,101.16,60.939,66.163
523.01,101.23,62.158,67.486
518.65,101.81,73.127,79.395
517.57,101.7,74.59,80.983
516.31,101.56,76.081,82.603
514.13,101.99,77.603,84.255
514.94,101.17,77.603,84.255
514.84,101.07,77.603,84.255
515.67,100.6,77.603,84.255
516.6,100.76,77.603,84.255
517.49,101.43,77.603,84.255
517.38,102.1,77.603,84.255
516.33,102.33,77.603,84.255
515.98,102.38,77.603,84.255
517.2,102.2,77.603,84.255
517.16,101.98,77.603,84.255
519.59,101.75,77.603,84.255
519.7,102.27,77.603,84.255
520.33,100.99,77.603,84.255
518.88,99.703,79.155,85.94
518.85,99.634,79.155,85.94
518.25,99.56,79.155,85.94
518.03,100.1,79.155,85.94
517.85,100.06,79.155,85.94
517.63,99.682,79.155,85.94
517.03,99.673,79.155,85.94
516.38,98.844,79.155,85.94
514.63,98.592,79.155,85.94
512.06,98.875,79.155,85.94
509.43,99.843,79.155,85.94
505.8,98.817,79.155,85.94
504.18,99.919,79.155,85.94
506.53,99.925,79.155,85.94
509.33,99.663,79.155,85.94
507.08,97.321,91.409,99.244
513.96,98.751,89.616,97.298
530.76,95.823,60.939,66.163
530.17,98.487,62.158,67.486
518.87,97.432,73.127,79.395
517.56,98.3,73.127,79.395
627.37,99.173,91.409,99.244
620.79,100.03,89.616,97.298
639.27,111.25,60.939,66.163
635.5,114.58,59.744,64.865
630.9,120.05,58.573,63.593
629.73,130.97,57.424,62.346
632.24,140.56,56.298,61.124
637.41,146.15,55.195,59.925
647.22,149.14,54.112,58.75
655.14,148.71,54.112,58.75
663.62,145.4,53.051,57.599
671.35,141.78,52.011,56.469
680.37,136.55,50.991,55.362
690.49,131.93,50.991,55.362
702.27,129.21,49.991,54.276
711.92,128.23,49.991,54.276
722.26,127.68,49.991,54.276
732.1,124.49,49.011,53.212
735.61,116.56,49.011,53.212
735.17,104.87,49.011,53.212
735.19,88.74,49.011,53.212
734.41,66.734,49.991,54.276
733.5,39.679,49.991,54.276
732.81,8.5628,49.991,54.276
734.4,-20.308,50.991,55.362
727.79,35.964,50.991,55.362
733.05,20.788,35.694,38.753
721.4,18.402,35.694,38.753
716,9.7267,35.694,38.753
718.72,-6.8053,35.694,38.753
720.12,-9.4971,35.694,38.753
737.15,15.341,50.991,55.362
734.98,-0.11857,49.991,54.276
759.55,47.686,61.189,66.434
766.51,49.838,59.99,65.132
674.16,64.344,76.487,83.043
647.11,102.42,73.517,79.818
709.93,63.403,50.991,55.362
748.43,62.181,35.694,38.753
735.94,55.651,61.189,66.434
753.3,54.989,61.189,66.434
777.99,78.778,59.99,65.132
755.42,45.272,58.813,63.855
747.3,60.005,50.991,55.362
731.82,75.192,35.694,38.753
718.62,83.672,35.694,38.753
719.68,95.085,34.994,37.993
748.19,56.332,76.487,83.043
529.08,26.291,101.98,110.72
528.78,28.996,101.98,110.72
528.77,32.146,101.98,110.72
527.93,39.119,101.98,110.72
526.77,43.611,101.98,110.72
524.11,49.663,101.98,110.72
518.15,50.425,101.98,110.72
516.69,55.681,101.98,110.72
512.27,54.901,101.98,110.72
509.28,59.041,101.98,110.72
506.81,59.992,101.98,110.72
504.73,60.933,101.98,110.72
502.75,61.157,101.98,110.72
503.17,61.065,99.983,108.55
501.84,59.231,99.983,108.55
501.91,57.074,99.983,108.55
501.14,54.252,99.983,108.55
500.6,51.794,99.983,108.55
501.84,48.089,99.983,108.55
502.43,45.556,99.983,108.55
502.79,43.45,99.983,108.55
504.24,40.952,99.983,108.55
504.33,39.02,99.983,108.55
504.75,37.715,99.983,108.55
504.56,37.735,99.983,108.55
503.98,37.325,99.983,108.55
502.55,38.389,99.983,108.55
499.72,39.253,99.983,108.55
497.45,40.228,99.983,108.55
494.54,41.745,99.983,108.55
492.45,42.317,99.983,108.55
490.23,44.198,99.983,108.55
488.47,45.49,99.983,108.55
487.25,47.179,99.983,108.55
486.55,48.624,99.983,108.55
485.83,51.201,99.983,108.55
486.25,52.582,99.983,108.55
734.52,88.34,50.991,55.362
752.96,116.37,50.991,55.362
763.49,128.16,50.991,55.362
767.98,140.77,50.991,55.362
759.88,150.01,50.991,55.362
760.54,174.84,50.991,55.362
719.74,137.26,50.991,55.362
723.97,150.23,50.991,55.362
718.55,160.55,52.011,56.469
709.64,165.58,52.011,56.469
694.84,169.84,52.011,56.469
678.69,177.89,52.011,56.469
676.11,248.59,50.991,55.362
658.58,249.87,50.991,55.362
645.55,241.64,50.991,55.362
633.71,237.16,50.991,55.362
628.97,221.32,50.991,55.362
625.81,215.79,50.991,55.362
621.34,213.89,49.991,54.276
619.45,211.63,49.991,54.276
611.08,210.48,61.189,66.434
619.28,213.52,61.189,66.434
633.4,215.23,61.189,66.434
647.19,216.53,59.99,65.132
661.53,212.53,59.99,65.132
679.87,207.9,59.99,65.132
696.62,202.56,59.99,65.132
721.6,195.61,59.99,65.132
735.68,191.95,59.99,65.132
752.14,191.44,58.813,63.855
773.59,193.97,58.813,63.855
804.68,203.73,58.813,63.855
849.15,225.93,58.813,63.855
903.01,271.29,59.99,65.132
935.48,305.57,59.99,65.132
877.21,285.66,59.99,65.132
535.31,146.11,73.427,79.721
532.83,148.96,73.427,79.721
537.06,154.52,73.427,79.721
532.42,153.81,71.988,78.158
672.42,146.07,61.189,66.434
654.34,229.78,42.833,46.504
582.83,257.15,73.427,79.721
603.97,270.96,30.595,33.217
606.95,278.18,29.995,32.566
487.55,122.72,122.38,132.87
576.55,280.63,61.189,66.434
584.66,231.01,42.833,46.504
514.24,90.929,73.427,79.721
509.43,89.302,73.427,79.721
505.19,85.771,74.896,81.316
504.16,84.315,76.394,82.942
518.22,155.07,61.189,66.434
522.42,154.46,61.189,66.434
527.23,156.03,61.189,66.434
532.4,158.48,61.189,66.434
535.36,161.53,61.189,66.434
536.96,163.79,61.189,66.434
535.82,162.68,59.99,65.132
533.64,163.88,59.99,65.132
532.24,163.67,59.99,65.132
530.71,164.79,59.99,65.132
531,165.4,59.99,65.132
530.77,166.21,59.99,65.132
661.05,237.32,61.189,66.434
649.51,122.17,42.833,46.504
488.83,242.02,73.427,79.721
482.64,230.75,73.427,79.721
510.31,129.12,91.784,99.651
513.62,128.51,91.784,99.651
537.52,160.23,61.189,66.434
533.02,162.98,61.189,66.434
533.55,186.78,61.189,66.434
536.24,167.79,61.189,66.434
538.71,167.19,61.189,66.434
538.1,169.03,61.189,66.434
475.35,373.85,61.189,66.434
448.16,379.85,61.189,66.434
406.4,377.68,61.189,66.434
351.67,401.43,61.189,66.434
524.23,85.955,91.784,99.651
514.89,84.338,93.62,101.64
514.11,83.9,91.784,99.651
509.95,83.652,91.784,99.651
507,83.937,89.984,97.697
506.35,83.927,88.22,95.782
507.49,82.854,86.49,93.904
510.91,81.902,86.49,93.904
529.43,150.04,61.189,66.434
530,151.27,61.189,66.434
532.55,152.52,61.189,66.434
536,154.19,61.189,66.434
539.22,154.78,61.189,66.434
539.87,156.72,61.189,66.434
280.89,382.03,61.189,66.434
281.4,383.62,59.99,65.132
527.46,81.478,73.427,79.721
526.78,81.979,73.427,79.721
525.27,83.622,73.427,79.721
524.01,84.687,74.896,81.316
534.59,159.38,61.189,66.434
530.55,157.93,61.189,66.434
653.89,159.85,73.427,79.721
448.77,150.96,30.595,33.217
498.48,131.46,91.784,99.651
385.13,92.357,122.38,132.87
526.58,161.25,61.189,66.434
518.28,165.13,59.99,65.132
456.29,68.528,73.427,79.721
514.77,105.86,73.427,79.721
519.13,108.65,73.427,79.721
522.84,110.95,73.427,79.721
480.74,340.33,61.189,66.434
482.94,380.7,59.99,65.132
497.79,401.5,59.99,65.132
534.34,409.86,59.99,65.132
559.4,399.19,59.99,65.132
565.2,384.5,58.813,63.855
320.17,376.16,61.189,66.434
515.17,124.42,42.833,46.504
518.18,126.61,42.833,46.504
519.13,127.13,42.833,46.504
520.08,127.38,42.833,46.504
518.5,127.18,42.833,46.504
515.37,182.49,61.189,66.434
509.16,181.03,61.189,66.434
505.58,177.52,61.189,66.434
505.03,179.41,61.189,66.434
506.28,180.07,61.189,66.434
381.3,91.51,122.38,132.87
624.18,389.48,61.189,66.434
320.13,385.18,42.833,46.504
501.72,172.39,73.427,79.721
502.72,174.33,73.427,79.721
502.78,177.01,71.988,78.158
503.71,179,70.576,76.625
608.51,357.04,61.189,66.434
658.01,335.37,61.189,66.434
507.7,123,73.427,79.721
509.88,123.05,73.427,79.721
510.69,123.15,73.427,79.721
510.76,123.15,73.427,79.721
509.68,124.04,73.427,79.721
506.5,124.54,73.427,79.721
503.14,124.25,73.427,79.721
500.92,124.75,73.427,79.721
499.65,124.76,73.427,79.721
498.83,124.31,73.427,79.721
591.37,271.67,61.189,66.434
518.54,258.95,62.413,67.763
431.43,272.62,73.427,79.721
421.41,301.7,71.988,78.158
394.35,319.82,70.576,76.625
372.15,336.33,70.576,76.625
384.88,346.66,61.189,66.434
444.31,326.95,42.833,46.504
501.96,297.7,73.427,79.721
605.24,334.66,30.595,33.217
634.07,337.75,91.784,99.651
672.77,375.41,89.984,97.697
692.27,397.84,89.984,97.697
692.56,390.6,89.984,97.697
707.27,383.71,89.984,97.697
661.57,335.29,89.984,97.697
557.14,303.13,91.784,99.651
498.42,315.12,89.984,97.697
485.35,362.24,61.189,66.434
485.93,371.06,61.189,66.434
492.43,393.74,73.427,79.721
536.98,413.98,73.427,79.721
489.14,121.95,91.784,99.651
494.14,121.41,89.984,97.697
495.2,120.54,89.984,97.697
497.78,120.69,88.22,95.782
616.44,253.71,73.427,79.721
627.47,130.4,30.595,33.217
496.25,153.37,91.784,99.651
495.83,151.66,91.784,99.651
518.57,178.47,61.189,66.434
512.02,173.69,61.189,66.434
233.5,145.56,73.427,79.721
228.92,144.3,71.988,78.158
501.2,114.43,91.784,99.651
510.27,107.98,89.984,97.697
534.06,170.87,61.189,66.434
535.55,165.8,59.99,65.132
544.14,163.3,58.813,63.855
551.49,158.66,57.66,62.602
559.97,153.11,57.66,62.602
570.36,145.4,57.66,62.602
365.99,375.13,61.189,66.434
362.28,378.06,59.99,65.132
603.32,107.18,73.427,79.721
613.57,97.976,73.427,79.721
629.63,89.141,73.427,79.721
642.46,80.719,73.427,79.721
651.04,73.698,73.427,79.721
659,68.159,73.427,79.721
663.08,59.148,73.427,79.721
666.75,48.735,73.427,79.721
670.49,40.814,73.427,79.721
671.19,33.246,73.427,79.721
671.35,24.606,73.427,79.721
671.16,18.841,73.427,79.721
672.09,13.422,73.427,79.721
673,8.4755,73.427,79.721
673.82,4.4508,73.427,79.721
673.28,-0.75397,74.896,81.316
673.49,-0.53238,73.427,79.721
670.97,-2.6866,73.427,79.721
672.36,-3.1526,73.427,79.721
673.52,-4.2914,73.427,79.721
675.05,-4.4134,71.988,78.158
675.95,-3.8684,70.576,76.625
675.92,-3.5007,69.192,75.123
677.46,-1.2544,67.836,73.65
677.68,-0.33886,66.505,72.206
