338,165,99,54
337.91,164.99,99,54
337.75,165.77,99,54
337.93,165.8,99,54
338.07,165.69,99,54
338.17,165.64,99,54
338.25,165.57,99,54
338.32,165.51,99,54
338.42,165.43,99,54
338.55,165.46,99,54
337.56,165.35,99,54
337.59,165.37,99,54
337.53,165.4,99,54
337.39,165.5,99,54
337.96,165.35,99,54
337.68,165.26,99,54
337.43,165.21,99,54
337.99,165.11,99,54
337.81,165,99,54
337.66,164.99,99,54
337.44,165.63,99,54
337.9,165.46,99,54
337.66,165.43,99,54
337.29,165.42,99,54
337.62,165.31,99,54
337.17,165.24,99,54
337.73,165.29,99,54
337.43,165.31,99,54
337.94,165.42,99,54
337.46,165.48,99,54
337.97,165.51,99,54
337.63,165.64,99,54
337.36,165.71,99,54
337.74,165.72,99,54
337.64,165.9,99,54
337.29,166.09,99,54
337.49,165.51,99,54
337.74,165.57,99,54
337.44,165.66,99,54
337.82,165.73,99,54
337.4,165.77,99,54
337.67,165.75,99,54
337.3,165.73,99,54
337.63,165.78,99,54
337.29,165.81,99,54
337.6,165.74,99,54
337.29,165.64,99,54
337.64,165.48,99,54
337.35,165.37,99,54
337.7,165.18,99,54
337.44,165.09,99,54
337.7,165,99,54
337.32,164.84,99,54
337.62,165.41,99,54
337.25,165.25,99,54
337.66,165.13,99,54
337.26,165.05,99,54
337.67,165.02,99,54
337.14,164.95,99,54
337.49,165.53,99,54
337.64,165.38,99,54
337.25,165.32,99,54
337.51,165.36,99,54
337.1,165.48,99,54
337.47,165.52,99,54
337.85,165.67,99,54
337.6,165.67,99,54
337.3,165.67,99,54
337.76,165.76,99,54
337.75,165.81,99,54
337.96,165.72,99,54
338.43,165.62,99,54
338.97,165.41,99,54
338.86,164.98,99,54
338.81,165.08,99,54
339.27,164.35,99,54
339.7,164.34,99,54
339.53,163.91,99,54
339.58,164.06,99,54
339.84,163.17,99,54
340.51,163.11,99,54
340.69,163.11,99,54
340.97,163.04,99,54
341.41,163.17,99,54
342.39,163.31,99,54
342.92,163.45,99,54
342.64,163.86,99,54
342.52,164.47,99,54
342.38,164.71,99,54
344.42,165.82,97.059,52.941
343.82,165.28,99,54
343.42,165.23,99,54
343.96,165.16,99,54
343.76,164.95,99,54
343.56,165.42,99,54
343.39,164.76,99,54
344.12,164.61,99,54
343.76,164.23,99,54
343.32,163.82,99,54
344.68,164.54,97.059,52.941
343.12,163.33,99,54
343.07,163.24,99,54
342.79,162.97,99,54
342.88,163.45,99,54
342.67,162.89,99,54
342.33,162.88,99,54
342.62,162.61,99,54
341.91,162,99,54
341.97,161.24,99,54
341.69,161.1,99,54
341.23,160.5,99,54
341.41,160.33,99,54
341.83,159.66,99,54
340.96,159.52,99,54
340.74,158.93,99,54
340.56,158.87,99,54
340.27,158.46,99,54
340.96,157.83,99,54
340.69,157.48,99,54
338.97,156.42,100.98,55.08
340.28,156.86,99,54
340.46,156.41,99,54
339.61,154.92,100.98,55.08
338.66,154.47,100.98,55.08
338.48,153.58,100.98,55.08
340.04,153.7,99,54
339.81,153.54,99,54
338.37,152.56,100.98,55.08
339.97,152.33,99,54
338.51,151.2,100.98,55.08
338.19,151.07,100.98,55.08
339.41,151.33,99,54
339.58,150.54,99,54
337.81,149.82,100.98,55.08
337.96,149.24,100.98,55.08
339.45,149.34,99,54
339.74,148.74,99,54
338.31,147.84,100.98,55.08
339.69,147.67,99,54
338.11,146.86,100.98,55.08
338.36,146.05,100.98,55.08
339.49,146.03,99,54
338.32,144.51,100.98,55.08
338.29,143.91,100.98,55.08
338.37,143.5,100.98,55.08
338.47,142.48,100.98,55.08
338.58,141.95,100.98,55.08
337.73,141.85,100.98,55.08
337.8,141.18,100.98,55.08
337.81,140.76,100.98,55.08
337.87,140.04,100.98,55.08
337.81,139.87,100.98,55.08
337.75,139.17,100.98,55.08
337.63,138.72,100.98,55.08
337.32,137.88,100.98,55.08
338.76,137.92,99,54
337.16,137.22,100.98,55.08
337.16,136.82,100.98,55.08
336.96,135.84,100.98,55.08
336.6,135.35,100.98,55.08
336.32,135.53,100.98,55.08
336.48,134.45,100.98,55.08
337.53,135.13,99,54
335.64,133.65,100.98,55.08
335.32,133.18,100.98,55.08
336.7,133.76,99,54
335.47,132.93,100.98,55.08
335.51,132.31,100.98,55.08
334.73,131.64,100.98,55.08
334.55,130.8,100.98,55.08
335.36,130.95,99,54
335.51,131.33,99,54
333.86,130.46,100.98,55.08
334.71,131.54,99,54
334.52,131.48,99,54
333.87,132.05,99,54
333.83,132.25,99,54
333.75,132.79,99,54
333.51,133.97,99,54
332.89,134.95,99,54
332.85,135.67,99,54
332.55,136.36,99,54
332.27,136.66,99,54
332.47,137.62,99,54
332.29,138.38,99,54
331.85,139.17,99,54
331.26,139.93,99,54
331.33,141.21,99,54
331.28,141.19,99,54
331.04,141.81,99,54
330.65,142.93,99,54
330.26,143.65,99,54
330.43,144.2,99,54
330.54,144.43,99,54
329.82,145.18,99,54
329.93,145.78,99,54
329.87,146.91,99,54
329.92,147.89,99,54
330.05,148.34,99,54
330.27,148.55,99,54
330.35,149.29,99,54
330.52,149.72,99,54
328.94,150.13,100.98,55.08
330.19,151.38,99,54
330.71,151.62,99,54
330.34,152.48,99,54
330.93,152.97,99,54
331.04,154.19,99,54
331.14,154.09,99,54
331.22,154.47,99,54
331.3,155.26,99,54
331.53,155.84,99,54
330,156.36,100.98,55.08
331.18,157.54,99,54
331.25,157.66,99,54
331.48,158.18,99,54
331.6,158.37,99,54
331.01,158.93,99,54
331.38,160.09,99,54
331.52,160.24,99,54
331.23,160.95,99,54
331.73,162.4,99,54
331.79,163,99,54
331.78,164.12,99,54
331.99,164.16,99,54
332.46,164.87,99,54
334.3,166.75,97.059,52.941
333.77,166.59,99,54
333.87,167.54,99,54
334.43,167.93,99,54
335.74,168.86,99,54
335.89,169.29,99,54
336.75,169.39,99,54
337.49,169.96,99,54
338.97,170.62,99,54
338.13,170.12,100.98,55.08
339.54,171.19,99,54
338.42,170.47,100.98,55.08
340.33,170.86,99,54
341.37,171.44,99,54
341.99,171.42,99,54
341.82,171.33,99,54
342.59,171,99,54
342.72,170.65,99,54
344.11,171.52,97.059,52.941
345.12,171.67,97.059,52.941
345.93,170.7,97.059,52.941
346.77,170.18,97.059,52.941
347.54,170.39,97.059,52.941
347.93,169.88,97.059,52.941
348.71,168.82,97.059,52.941
349.5,168.27,97.059,52.941
350.08,168.06,97.059,52.941
351.51,167.53,97.059,52.941
351.93,166.6,97.059,52.941
352.92,166,97.059,52.941
353.7,165.75,97.059,52.941
354.34,165.12,97.059,52.941
355.32,165.11,97.059,52.941
356.21,164.59,97.059,52.941
356.68,163.85,97.059,52.941
355.7,162.73,99,54
356.79,163.3,97.059,52.941
357.4,163.01,97.059,52.941
358.15,162.47,97.059,52.941
358.43,162.49,97.059,52.941
358.88,162.41,97.059,52.941
358.94,162.23,97.059,52.941
359.07,161.92,97.059,52.941
359.41,161.66,97.059,52.941
360.15,161.01,97.059,52.941
360.22,161.13,97.059,52.941
361.77,161.94,95.156,51.903
361.82,162.04,95.156,51.903
362.16,162.21,95.156,51.903
363.03,161.48,95.156,51.903
363.25,161.58,95.156,51.903
363.43,161.63,95.156,51.903
363.18,161.67,95.156,51.903
363.91,161.56,95.156,51.903
363.93,161.34,95.156,51.903
364.31,161.11,95.156,51.903
364.97,160.84,95.156,51.903
365.83,161.83,93.29,50.885
365.94,161.46,93.29,50.885
366.1,161.73,93.29,50.885
366.36,161.21,93.29,50.885
364.72,160.9,95.156,51.903
365.76,161.52,93.29,50.885
366.03,161.5,93.29,50.885
366.15,161.5,93.29,50.885
366.16,161.51,93.29,50.885
366.03,161.47,93.29,50.885
365.88,161.33,93.29,50.885
365.62,161.24,93.29,50.885
365.24,161.31,93.29,50.885
366.59,161.79,91.461,49.888
365.15,161.34,93.29,50.885
366.4,161.92,91.461,49.888
365.07,161.5,93.29,50.885
366.14,162.1,91.461,49.888
366.41,161.57,91.461,49.888
365.73,161.77,91.461,49.888
366.56,162.15,89.667,48.909
366.43,162.02,89.667,48.909
366.3,162,89.667,48.909
366.2,161.93,89.667,48.909
366.15,161.81,89.667,48.909
368.27,162.46,87.909,47.95
366.62,161.8,89.667,48.909
366.57,161.55,89.667,48.909
366.53,161.28,89.667,48.909
367.55,162.55,87.909,47.95
367.78,162.5,87.909,47.95
367.96,162.49,87.909,47.95
368.08,162.55,87.909,47.95
365.68,161.9,89.667,48.909
367.32,162.4,87.909,47.95
367.15,162.41,87.909,47.95
367,162.47,87.909,47.95
367.5,162.56,87.909,47.95
365.73,161.96,89.667,48.909
367,162.73,87.909,47.95
367.36,162.98,87.909,47.95
365.36,162.43,89.667,48.909
365.12,162.21,89.667,48.909
366.71,162.83,87.909,47.95
365.11,162.18,89.667,48.909
365.04,162.01,89.667,48.909
364.86,161.87,89.667,48.909
364.39,161.71,89.667,48.909
363.63,161.58,89.667,48.909
363.59,161.44,89.667,48.909
364.8,162.78,87.909,47.95
363.65,162.06,89.667,48.909
363.21,161.71,89.667,48.909
362.71,161.29,89.667,48.909
362.6,161.54,89.667,48.909
362.35,161.67,89.667,48.909
361.7,160.82,91.461,49.888
361.54,160.95,91.461,49.888
361.42,161.04,91.461,49.888
360.95,160.88,91.461,49.888
361.06,160.69,91.461,49.888
359.94,159.95,93.29,50.885
358.78,159.19,95.156,51.903
358.25,158.93,95.156,51.903
359.15,159.71,93.29,50.885
357.83,158.78,95.156,51.903
357.27,159.17,95.156,51.903
356.97,158.74,95.156,51.903
356.33,159.02,95.156,51.903
356.5,159.37,95.156,51.903
355.57,158.95,95.156,51.903
355.1,159.37,95.156,51.903
355.2,158.99,95.156,51.903
355.19,159.38,95.156,51.903
353.5,158.22,97.059,52.941
352.61,158.42,97.059,52.941
352.28,158.62,97.059,52.941
354.03,158.92,95.156,51.903
352.26,158.66,97.059,52.941
352.16,158.2,97.059,52.941
351.41,158.59,97.059,52.941
351.13,158.26,97.059,52.941
350.55,158.86,97.059,52.941
349.73,158.78,97.059,52.941
349.08,158.82,97.059,52.941
348.79,158.99,97.059,52.941
346.92,158.6,99,54
346.29,158.86,99,54
346.11,159.15,99,54
345.81,158.75,99,54
345.26,159.02,99,54
344.94,158.54,99,54
344.17,158.8,99,54
343.87,158.98,99,54
343.19,158.97,99,54
342.82,158.89,99,54
342.14,158.77,99,54
341.83,158.45,99,54
341.45,158.19,99,54
341.47,157.81,99,54
341.33,158.06,99,54
339.91,156.95,100.98,55.08
339.24,157.02,100.98,55.08
339.15,157.06,100.98,55.08
338.8,156.98,100.98,55.08
338.51,156.78,100.98,55.08
337.92,156.61,100.98,55.08
337.55,156.5,100.98,55.08
337.27,156.46,100.98,55.08
337.33,156.96,100.98,55.08
336.96,156.7,100.98,55.08
336.44,156.35,100.98,55.08
336.45,156.66,100.98,55.08
336.49,156.14,100.98,55.08
336.05,156.15,100.98,55.08
335.35,156.05,100.98,55.08
335.35,155.8,100.98,55.08
335.27,155.27,100.98,55.08
335.02,155.52,100.98,55.08
334.89,154.96,100.98,55.08
334.36,155.12,100.98,55.08
334.27,155.36,100.98,55.08
334.02,155.7,100.98,55.08
333.6,155.43,100.98,55.08
333.02,156.08,100.98,55.08
333.06,156.09,100.98,55.08
333.1,156.26,100.98,55.08
333.27,156.57,100.98,55.08
333.32,156.24,100.98,55.08
333.06,156.77,100.98,55.08
332.81,156.56,100.98,55.08
332.3,156.33,100.98,55.08
332.51,156.68,100.98,55.08
332.05,156.16,100.98,55.08
332.76,156.1,100.98,55.08
332.8,155.82,100.98,55.08
332.99,155.29,100.98,55.08
333.23,155.25,100.98,55.08
333.5,154.92,100.98,55.08
333.38,154.36,100.98,55.08
333.54,154.39,100.98,55.08
332.75,154.18,100.98,55.08
332.97,153.7,100.98,55.08
333.07,153.09,100.98,55.08
333.26,153.19,100.98,55.08
333.37,153.23,100.98,55.08
333.5,153.38,100.98,55.08
333.36,153.7,100.98,55.08
333.33,153.55,100.98,55.08
333.34,153.71,100.98,55.08
333.48,154.14,100.98,55.08
333.63,154.99,100.98,55.08
332.93,155.47,100.98,55.08
332.95,155.62,100.98,55.08
333.01,156,100.98,55.08
332.91,156.65,100.98,55.08
332.85,156.72,100.98,55.08
332.27,157.05,100.98,55.08
332,157.51,100.98,55.08
331.52,157.36,100.98,55.08
330.6,157.93,100.98,55.08
330.13,157.69,100.98,55.08
330.04,157.18,100.98,55.08
329.96,157.35,100.98,55.08
329.48,157.41,100.98,55.08
329.49,157.16,100.98,55.08
329.39,156.76,100.98,55.08
329.12,156.26,100.98,55.08
328.66,156.26,100.98,55.08
328.41,155.9,100.98,55.08
328.69,155.47,100.98,55.08
328.35,155.05,100.98,55.08
328.95,155.77,100.98,55.08
328.84,155.85,100.98,55.08
328.7,156.24,100.98,55.08
328.62,156.83,100.98,55.08
328.56,156.73,100.98,55.08
328.75,156.75,100.98,55.08
329.07,156.85,100.98,55.08
329.13,156.87,100.98,55.08
329.45,156.81,100.98,55.08
329.78,156.65,100.98,55.08
329.63,156.43,100.98,55.08
329.71,156.77,100.98,55.08
329.75,156.07,100.98,55.08
329.92,156.18,100.98,55.08
329.97,156.1,100.98,55.08
329.79,155.94,100.98,55.08
329.84,155.41,100.98,55.08
330.06,155.44,100.98,55.08
330.35,155.44,100.98,55.08
330.66,155.37,100.98,55.08
330.22,155.12,100.98,55.08
330.56,154.71,100.98,55.08
330.05,154.4,100.98,55.08
330.52,154.59,100.98,55.08
330.2,153.81,100.98,55.08
330.62,153.29,100.98,55.08
330.36,153.29,100.98,55.08
330.76,153.3,100.98,55.08
331.22,153.68,99,54
331.1,153.34,99,54
330.78,153.07,99,54
330.3,152.93,99,54
329.98,153.61,99,54
329.26,153.6,99,54
329.28,153.26,99,54
328.98,152.99,99,54
328.13,153.56,99,54
328.24,153.19,99,54
328.45,152.61,99,54
328.37,152.76,99,54
328.44,152.74,99,54
329.09,152.49,99,54
329.48,152.05,99,54
329.83,151.47,99,54
329.67,151.6,99,54
329.68,151.58,99,54
329.96,151.33,99,54
330.42,150.73,99,54
330.98,150.53,99,54
330.74,150.15,99,54
330.43,149.62,99,54
330.7,149.33,99,54
330.21,148.51,99,54
330.45,148.19,99,54
330.8,147.46,99,54
330.54,147.39,99,54
330.02,147.2,99,54
330.45,146.81,99,54
330.85,147.02,99,54
330.58,146.44,99,54
330.46,146.59,99,54
331.13,146.6,99,54
330.75,146.78,99,54
330.42,147.01,99,54
331.14,146.59,99,54
331.25,147.01,99,54
331.17,146.48,99,54
331.28,146.7,99,54
331.49,146.53,99,54
331.87,146.18,99,54
331.32,145.57,99,54
331.77,145.39,99,54
331.41,144.96,99,54
331.79,144.87,99,54
331.55,144.57,99,54
331.38,144.09,99,54
332.95,144.01,97.059,52.941
333.04,144.08,97.059,52.941
333.17,144.09,97.059,52.941
333.27,144.15,97.059,52.941
333.29,144.25,97.059,52.941
333.35,144.32,97.059,52.941
333.13,144.56,97.059,52.941
332.91,144.24,97.059,52.941
332.78,144.76,97.059,52.941
332.18,144.74,97.059,52.941
332.28,144.8,97.059,52.941
332.41,145.23,97.059,52.941
332.19,145.9,97.059,52.941
332.13,146.11,97.059,52.941
331.96,146.58,97.059,52.941
330.7,146.13,99,54
330.36,146.44,99,54
330.69,147.18,99,54
330.06,147.36,99,54
330.32,148.24,99,54
330.43,148.75,99,54
330.6,149.42,99,54
330.1,149.26,99,54
330.43,149.32,99,54
330.86,149.58,99,54
330.79,149.87,99,54
330.86,150.07,99,54
331.78,149.45,99,54
332.46,149.81,99,54
334.5,150.58,97.059,52.941
334.34,150.12,97.059,52.941
335.73,150.38,97.059,52.941
335.64,150.36,97.059,52.941
336.09,150.36,97.059,52.941
336.69,150.13,97.059,52.941
336.84,149.91,97.059,52.941
338.6,150.19,95.156,51.903
338.61,149.75,95.156,51.903
339.84,150.42,93.29,50.885
341.25,150.8,91.461,49.888
342.44,150.72,89.667,48.909
342.36,150.13,89.667,48.909
344.31,151.08,87.909,47.95
344.36,150.8,87.909,47.95
344.75,151.36,86.185,47.01
345.53,151.33,86.185,47.01
345.36,151.21,86.185,47.01
345.31,151.11,86.185,47.01
345.59,151.04,86.185,47.01
345.75,150.83,86.185,47.01
346.05,150.58,86.185,47.01
346.81,151.23,84.496,46.088
346.57,151.4,84.496,46.088
347.24,151.49,84.496,46.088
347.1,151.74,84.496,46.088
347.09,151.93,84.496,46.088
347.21,151.98,84.496,46.088
347.74,150.78,82.839,45.185
347.59,150.9,82.839,45.185
347.38,151.05,82.839,45.185
348.18,151.2,82.839,45.185
348.05,151.18,82.839,45.185
347.93,150.94,82.839,45.185
347.84,150.93,82.839,45.185
347.78,151,82.839,45.185
347.49,151.22,82.839,45.185
348.14,151.36,82.839,45.185
348.14,151.79,82.839,45.185
348.22,151.51,82.839,45.185
348.27,151.35,82.839,45.185
349.4,153.16,81.214,44.299
349.29,152.84,81.214,44.299
350.25,153.76,81.214,44.299
350.13,154.08,81.214,44.299
350.13,153.63,81.214,44.299
349.5,154.06,81.214,44.299
346.28,153.72,81.214,44.299
346.65,154.31,81.214,44.299
344.86,154.02,81.214,44.299
343.27,152.94,82.839,45.185
340.54,152.92,84.496,46.088
338.4,152.85,86.185,47.01
337.78,152.1,87.909,47.95
338.13,151.79,89.667,48.909
361.59,159.66,40.607,22.149
363.48,162.75,40.607,22.149
365.58,162.6,40.607,22.149
367.46,162.92,40.607,22.149
369.37,162.14,41.419,22.592
370.7,161.88,40.607,22.149
373.45,162.92,40.607,22.149
375.34,161.64,40.607,22.149
377.88,162.6,40.607,22.149
378.25,162.42,40.607,22.149
354.58,164.53,40.607,22.149
356,165.32,39.811,21.715
357.35,164.78,39.03,21.289
358.17,164.81,39.03,21.289
358.01,165.15,39.03,21.289
358.75,165.23,38.265,20.872
359.58,164.71,39.03,21.289
358.71,164,39.811,21.715
360.96,164.07,39.811,21.715
361.32,164.34,39.811,21.715
361.62,163.71,39.811,21.715
363.21,163.85,39.811,21.715
363.38,164.04,39.811,21.715
364.36,164.2,39.811,21.715
365.3,163.02,39.811,21.715
365.86,163.6,39.811,21.715
367.14,163.3,39.811,21.715
366.88,163.09,39.811,21.715
368.27,163.65,39.811,21.715
368.63,163.25,39.811,21.715
369.06,162.81,39.811,21.715
369.88,163.18,39.811,21.715
369.41,161.74,40.607,22.149
370.27,162.39,40.607,22.149
370.07,161.93,41.419,22.592
370.64,161.74,41.419,22.592
370.52,161.49,42.248,23.044
370.62,161.25,43.093,23.505
369.56,161.28,43.955,23.975
369.99,160.62,43.955,23.975
370.51,160.87,43.955,23.975
370.5,160.83,43.955,23.975
370.06,160.57,44.834,24.455
370.34,160.58,44.834,24.455
370.72,160.72,44.834,24.455
370.33,160.91,45.73,24.944
370.89,160.51,45.73,24.944
371.54,161.02,45.73,24.944
370.7,160,46.645,25.443
370.29,160.36,47.578,25.952
370.33,160.16,47.578,25.952
370.66,160.04,47.578,25.952
370.88,159.95,47.578,25.952
371.44,160.67,47.578,25.952
370.96,160.15,48.529,26.471
370.9,160.02,48.529,26.471
370.97,159.96,48.529,26.471
371.09,159.93,48.529,26.471
371.2,159.84,48.529,26.471
371.36,159.81,48.529,26.471
371.56,159.84,48.529,26.471
372.14,159.88,48.529,26.471
370.99,159.31,49.5,27
372.23,160.84,48.529,26.471
371.48,159.61,49.5,27
371.63,159.61,49.5,27
372.02,159.81,49.5,27
373.57,160.7,48.529,26.471
373.18,160.66,49.5,27
373.65,159.94,49.5,27
372.46,159.47,51.5,28.091
372.45,159.38,51.5,28.091
373.69,159.74,50.49,27.54
374.52,159.51,49.5,27
374.11,158.9,50.49,27.54
374.73,159.21,50.49,27.54
375.69,159.13,49.5,27
375.56,158.67,50.49,27.54
376.17,158.39,50.49,27.54
375.13,157.2,51.5,28.091
376.4,157.68,50.49,27.54
376.51,157.66,50.49,27.54
376.84,157.48,50.49,27.54
375.56,156.39,51.5,28.091
376.62,157.11,50.49,27.54
377.5,157.47,49.5,27
377.2,157.68,50.49,27.54
377.37,157.3,50.49,27.54
377.74,156.92,50.49,27.54
378.51,157.23,49.5,27
378,157.41,50.49,27.54
378.06,157.04,50.49,27.54
378.34,157.18,49.5,27
378.29,156.89,49.5,27
378.53,156.5,49.5,27
378.93,156.82,49.5,27
379.35,155.91,49.5,27
378.89,155.76,50.49,27.54
378.96,155.65,50.49,27.54
378.87,155.32,50.49,27.54
378.74,154.68,50.49,27.54
379.18,154.46,50.49,27.54
378.62,154.12,50.49,27.54
378.46,154.23,50.49,27.54
378.45,154.16,50.49,27.54
378.3,153.72,50.49,27.54
377.79,152.97,50.49,27.54
377,152.86,50.49,27.54
377.17,152.17,49.5,27
377.34,151.96,50.49,27.54
377.08,152.19,50.49,27.54
376.85,152.19,50.49,27.54
376.61,152.04,50.49,27.54
376.87,152.02,50.49,27.54
376.53,151.73,50.49,27.54
376.87,151.42,50.49,27.54
376.34,151.2,50.49,27.54
376.28,152.03,50.49,27.54
376.21,152.04,50.49,27.54
376.22,152.12,50.49,27.54
376.06,152.4,50.49,27.54
375.63,152.11,50.49,27.54
376.03,152.44,50.49,27.54
375.56,151.99,50.49,27.54
375.82,152.3,50.49,27.54
375.08,151.88,50.49,27.54
374.91,152.22,50.49,27.54
374.92,152.49,50.49,27.54
374.73,151.42,50.49,27.54
375.16,151.16,50.49,27.54
374.05,151.68,50.49,27.54
373.8,151.13,50.49,27.54
373.37,151.41,50.49,27.54
373.6,150.95,50.49,27.54
373.73,151.17,50.49,27.54
373.71,151.46,50.49,27.54
373.32,150.84,50.49,27.54
372.36,151.3,50.49,27.54
372.12,150.5,50.49,27.54
371.6,150.49,50.49,27.54
371.61,150.4,50.49,27.54
371.3,150.03,50.49,27.54
371.15,150.03,50.49,27.54
370.27,149.87,50.49,27.54
370.45,149.16,50.49,27.54
370.25,148.91,50.49,27.54
370.11,148.34,50.49,27.54
370.13,147.68,50.49,27.54
370.15,147.91,50.49,27.54
370.35,148.16,50.49,27.54
370.27,148.27,50.49,27.54
370.15,148.1,50.49,27.54
370.18,148.74,50.49,27.54
370.08,148.71,50.49,27.54
369.77,148.61,50.49,27.54
369.2,148.38,50.49,27.54
369.53,147.88,49.5,27
369.25,147.76,49.5,27
370.43,148.31,48.529,26.471
369.02,148.06,49.5,27
368.76,148.02,49.5,27
368.26,148.08,49.5,27
367.59,148.29,50.49,27.54
368.37,147.77,49.5,27
367.42,148.06,50.49,27.54
367.77,148.88,50.49,27.54
366.23,148.14,51.5,28.091
367.86,148.17,50.49,27.54
365.54,148.42,51.5,28.091
366.82,148.92,50.49,27.54
365.9,148.71,51.5,28.091
367.21,149.44,50.49,27.54
366.18,148.68,51.5,28.091
366.05,148.97,51.5,28.091
365.8,148.59,51.5,28.091
365.33,148.84,51.5,28.091
364.87,149.22,51.5,28.091
365.41,148.77,51.5,28.091
365.4,149.02,51.5,28.091
365.81,148.38,51.5,28.091
367.41,149.03,50.49,27.54
366.72,149.13,51.5,28.091
367.6,149.51,50.49,27.54
367.95,149.69,50.49,27.54
366.32,149.36,51.5,28.091
367.21,149.93,50.49,27.54
367.73,150.18,49.5,27
367.7,150.32,49.5,27
367.66,150.54,49.5,27
367.62,149.89,49.5,27
367.51,149.99,49.5,27
367.41,149.97,49.5,27
367.34,149.87,49.5,27
367.24,149.73,49.5,27
369.29,150.01,48.529,26.471
367.92,149.53,50.49,27.54
366.58,148.73,51.5,28.091
367.63,149.57,50.49,27.54
368.17,149.24,50.49,27.54
366.75,148.35,51.5,28.091
367.67,148.91,50.49,27.54
367.8,149.11,50.49,27.54
365.57,148.53,51.5,28.091
366.74,148.78,49.5,27
367,148.31,49.5,27
368.21,149.39,48.529,26.471
367.34,148.64,49.5,27
367.06,148.15,49.5,27
368.99,149.22,47.578,25.952
367.52,147.98,49.5,27
366.97,147.74,49.5,27
368.16,147.99,48.529,26.471
367.11,147.11,49.5,27
368.29,147.5,48.529,26.471
367.2,146.82,49.5,27
368.41,146.5,48.529,26.471
367.5,145.78,49.5,27
366.94,145.2,49.5,27
368.25,145.66,48.529,26.471
367.13,145.23,49.5,27
367.98,145.78,48.529,26.471
366.26,144.76,50.49,27.54
366.21,145.08,50.49,27.54
365.7,145.75,50.49,27.54
365.42,145.76,50.49,27.54
365.01,145.65,50.49,27.54
363.37,145.3,51.5,28.091
362.88,144.98,51.5,28.091
363.2,144.61,51.5,28.091
363.44,144.91,51.5,28.091
362.72,144.97,52.53,28.653
363.68,144.05,51.5,28.091
363.04,144.23,52.53,28.653
362.72,144.78,52.53,28.653
363.5,143.33,51.5,28.091
362.9,143.69,51.5,28.091
364.11,144.17,50.49,27.54
362.7,143.96,51.5,28.091
363.66,143.46,50.49,27.54
362.94,142.97,51.5,28.091
362.34,143.22,51.5,28.091
361.71,144.37,51.5,28.091
361.44,145.23,51.5,28.091
361.65,146.73,50.49,27.54
362.18,146.86,49.5,27
363.26,147.83,48.529,26.471
362.55,148.21,48.529,26.471
362.7,149.01,48.529,26.471
362.82,148.91,48.529,26.471
361.74,149.04,48.529,26.471
362.47,149.23,47.578,25.952
362.37,149.15,47.578,25.952
374.39,164.95,47.578,25.952
374.04,164.85,47.578,25.952
373.93,162.81,47.578,25.952
373.72,162.06,47.578,25.952
371.14,158.54,48.529,26.471
378.94,161.08,33.971,18.529
378.6,159.18,33.971,18.529
377.65,157.48,34.65,18.9
377.63,156.35,34.65,18.9
375.99,154.4,34.65,18.9
374.89,152.66,35.343,19.278
375.95,153.81,33.971,18.529
374.33,152.96,34.65,18.9
372.65,147.53,35.343,19.278
370.64,145.32,35.343,19.278
369.98,143.74,35.343,19.278
370.23,140.07,35.343,19.278
370.02,139.35,35.343,19.278
370.27,138.74,35.343,19.278
365,132.01,48.529,26.471
362.87,130.62,47.578,25.952
363,128.95,46.645,25.443
362.55,126.8,46.645,25.443
363.51,124.64,46.645,25.443
364.51,121.96,46.645,25.443
367.06,121.38,45.73,24.944
367.61,120.56,45.73,24.944
368.68,117.54,44.834,24.455
360.04,151.59,48.529,26.471
359.27,150.49,49.5,27
359.36,150.07,50.49,27.54
360.11,149.67,50.49,27.54
359.05,148.26,51.5,28.091
360.82,147.51,49.5,27
361.27,146.35,49.5,27
361.43,146.45,50.49,27.54
362.25,145.39,50.49,27.54
361.73,143.11,51.5,28.091
362.92,143.25,50.49,27.54
362.4,141.18,51.5,28.091
362.57,140.8,51.5,28.091
363.08,141.06,51.5,28.091
364.71,140.93,50.49,27.54
363.92,140.52,51.5,28.091
363.84,140.11,51.5,28.091
363.66,139.54,51.5,28.091
363.4,139.63,51.5,28.091
363.01,139.54,51.5,28.091
363.48,139.44,51.5,28.091
362.98,139.41,52.53,28.653
362.93,139.25,52.53,28.653
362.78,138.94,52.53,28.653
362.5,138.46,52.53,28.653
363.06,138.59,51.5,28.091
363.1,138.29,51.5,28.091
363.07,137.91,51.5,28.091
363.14,138.32,51.5,28.091
363.22,137.92,51.5,28.091
363.21,138.45,51.5,28.091
363.33,138.41,51.5,28.091
362.46,138.47,52.53,28.653
363.06,138.9,51.5,28.091
363.21,139.13,51.5,28.091
363.48,138.62,51.5,28.091
361.77,138.6,53.58,29.226
363.05,138.82,51.5,28.091
363.28,139.35,51.5,28.091
362.59,139.41,52.53,28.653
363.48,139.56,51.5,28.091
362.96,139.61,52.53,28.653
362.88,139.86,52.53,28.653
362.86,139.44,52.53,28.653
362.86,139.79,52.53,28.653
362.8,139.42,52.53,28.653
362.81,140.02,52.53,28.653
362.84,140.07,52.53,28.653
363.07,139.87,51.5,28.091
364.53,140.91,50.49,27.54
363.69,140.58,51.5,28.091
363.15,140.74,52.53,28.653
363.1,140.75,52.53,28.653
363.01,141.39,52.53,28.653
362.78,142.53,52.53,28.653
362.61,143.33,52.53,28.653
363.3,143.84,51.5,28.091
362.48,144.97,52.53,28.653
363.13,145.13,51.5,28.091
364.33,146.18,50.49,27.54
363.31,147.38,51.5,28.091
362.86,148.02,51.5,28.091
364.08,149.17,49.5,27
364.22,150.55,49.5,27
364.32,150.89,49.5,27
362.44,151.32,51.5,28.091
363.26,152.59,50.49,27.54
363.28,153.26,50.49,27.54
363.14,153.42,50.49,27.54
363.02,153.72,50.49,27.54
362.74,154.08,50.49,27.54
363.14,154.43,49.5,27
363,154.48,49.5,27
362.66,154.53,49.5,27
362.2,153.86,50.49,27.54
362.05,154.09,50.49,27.54
361.77,154.13,50.49,27.54
361.39,153.97,50.49,27.54
362.89,154.14,48.529,26.471
361.63,152.56,49.5,27
362.66,152.87,48.529,26.471
363.06,152.63,48.529,26.471
361.59,152.39,50.49,27.54
361.96,151.49,49.5,27
361.84,151.59,49.5,27
361.72,150.8,49.5,27
361.52,150.58,49.5,27
361.28,150.38,50.49,27.54
361.66,150.47,50.49,27.54
362.11,150.63,50.49,27.54
361.06,149.96,51.5,28.091
362.29,150.41,50.49,27.54
361.22,149.98,51.5,28.091
362.44,150.46,50.49,27.54
361.48,150.05,51.5,28.091
361.04,150.01,51.5,28.091
362.41,150.48,50.49,27.54
361.62,150.15,51.5,28.091
361.51,150.1,51.5,28.091
361.5,150.02,51.5,28.091
361.59,149.93,51.5,28.091
363.42,149.95,51.5,28.091
381.5,155.03,52.53,28.653
393.9,149.96,53.58,29.226
408.94,168.51,54.652,29.81
429.45,162.52,55.745,30.406
328.63,136.49,52.53,28.653
321.34,150.03,78.795,42.979
336.35,154.42,77.25,42.136
318.43,165.07,75.735,41.31
324.41,181.66,71.367,38.927
339.73,152.98,72.794,39.706
337.14,124.47,52.53,28.653
331.73,131.05,52.53,28.653
338.2,118.53,52.53,28.653
363.72,129.2,52.53,28.653
375.81,136.9,36.771,20.057
375.03,129.29,63.036,34.383
368.66,143.54,52.53,28.653
375.11,139.91,52.53,28.653
378.8,137.26,51.5,28.091
382.46,141.28,52.53,28.653
412.07,137.49,36.771,20.057
347.36,150.94,63.036,34.383
354.71,150.48,63.036,34.383
355.87,151.27,59.4,32.4
356.4,151.31,58.235,31.765
358.79,152.61,52.745,28.77
358.06,153.33,52.745,28.77
358.58,153.93,51.711,28.206
358.36,153.67,51.711,28.206
357.63,154.47,51.711,28.206
357.83,154.67,50.697,27.653
356.98,154.8,51.711,28.206
357.35,155.27,50.697,27.653
356.95,154.77,50.697,27.653
356.26,155.4,51.711,28.206
355.95,155.56,51.711,28.206
356.37,155.76,50.697,27.653
356.14,155.87,50.697,27.653
355.43,156.11,51.711,28.206
355.12,155.76,51.711,28.206
355.51,156.18,50.697,27.653
355.25,155.47,50.697,27.653
354.91,155.64,50.697,27.653
354.41,155.89,50.697,27.653
355.41,156.76,49.703,27.111
354.21,156.12,50.697,27.653
355.08,157.38,49.703,27.111
355.35,157.61,49.703,27.111
353.72,156.66,50.697,27.653
353.19,157.24,50.697,27.653
354.19,157.67,48.729,26.579
354.13,158.35,48.729,26.579
353.5,158.77,49.703,27.111
353.05,159.17,49.703,27.111
353.44,159.71,48.729,26.579
353.2,159.51,48.729,26.579
352.47,160.72,49.703,27.111
351.92,160.85,49.703,27.111
351.96,161.05,48.729,26.579
351.23,161.43,48.729,26.579
351.91,162.53,47.773,26.058
352.07,162.61,47.773,26.058
351.88,162.89,47.773,26.058
351.35,163.38,47.773,26.058
350.77,163.07,47.773,26.058
350.82,162.7,46.836,25.547
349.99,163.04,46.836,25.547
350.23,163.51,45.918,25.046
349.65,163.2,45.918,25.046
350.53,164.22,45.018,24.555
350.08,164.18,45.018,24.555
350.36,164.06,45.018,24.555
350.63,163.89,45.018,24.555
350.02,164.13,45.018,24.555
350.2,163.87,45.018,24.555
350.48,163.38,45.018,24.555
350.88,163.84,45.018,24.555
349.83,162.38,45.918,25.046
350.09,162.85,45.918,25.046
349.4,162.03,46.836,25.547
350.72,162.07,45.918,25.046
350.6,161.49,46.836,25.547
350.32,161.32,47.773,26.058
350.97,161.26,47.773,26.058
351.09,160.26,48.729,26.579
351.33,160.12,48.729,26.579
351.93,159.66,48.729,26.579
352.2,159.78,48.729,26.579
352.49,159.53,49.703,27.111
352.44,159.28,49.703,27.111
351.48,159.45,50.697,27.653
352.87,160.29,49.703,27.111
352.07,160.43,50.697,27.653
351.78,160.56,50.697,27.653
351.5,161.29,50.697,27.653
352.05,161.54,50.697,27.653
351.87,161.97,50.697,27.653
351.68,163.03,50.697,27.653
351.61,163.81,50.697,27.653
352.75,163.88,50.697,27.653
353.22,165.01,49.703,27.111
353.53,165.04,49.703,27.111
353.46,164.78,49.703,27.111
353.62,164.8,48.729,26.579
354.27,165.12,48.729,26.579
353.78,165.52,48.729,26.579
353.39,166.3,48.729,26.579
353.68,166.6,48.729,26.579
354.12,167.16,47.773,26.058
353.12,165.83,48.729,26.579
367.34,148.22,48.729,26.579
367.33,149.3,49.703,27.111
365.07,148.73,50.697,27.653
364.4,151.28,51.711,28.206
362.6,151.87,52.745,28.77
362.56,152.2,52.745,28.77
361.37,154.28,52.745,28.77
361.51,155.92,50.697,27.653
361.16,159.41,49.703,27.111
359.5,159.92,48.729,26.579
359.66,159.89,46.836,25.547
357.08,162.5,46.836,25.547
356.37,163.16,46.836,25.547
357.41,164.43,45.918,25.046
356.28,165.75,45.018,24.555
355.44,165.67,45.018,24.555
353.06,168.13,45.018,24.555
352.27,166.42,44.135,24.074
349.21,168.44,44.135,24.074
347.7,170.24,44.135,24.074
365.78,161.35,50.697,27.653
365.78,160.48,50.697,27.653
365.51,160.62,50.697,27.653
367.07,161.41,49.703,27.111
366.38,161.39,50.697,27.653
366.1,160.99,50.697,27.653
365.58,161.81,51.711,28.206
364.57,161.33,52.745,28.77
364.66,161.22,52.745,28.77
363.89,161.36,53.8,29.346
362.92,160.22,54.876,29.933
362.48,159.88,55.974,30.531
362.42,160.12,57.093,31.142
362.02,159.92,58.235,31.765
360.43,159.71,59.4,32.4
360.35,160.35,60.588,33.048
359.72,160.36,61.8,33.709
358.86,159.53,63.036,34.383
357.57,159.19,64.296,35.071
357.34,159.16,65.582,35.772
355.18,158.19,68.232,37.217
355.37,158.92,68.232,37.217
354.73,158.59,69.597,37.962
354.17,158.35,70.988,38.721
354.17,158.83,70.988,38.721
354.1,158.52,70.988,38.721
354.37,159.19,70.988,38.721
354.19,159.12,70.988,38.721
353.88,159.49,70.988,38.721
353.29,160.19,72.408,39.495
352.26,160.23,73.856,40.285
351.24,159.68,75.334,41.091
351.73,159.83,75.334,41.091
350.97,160.12,75.334,41.091
349.79,159.69,76.84,41.913
349.26,159.97,76.84,41.913
348.83,160.26,78.377,42.751
348.04,160.46,78.377,42.751
348.72,161.23,78.377,42.751
348.85,161.66,79.945,43.606
348.36,161.89,79.945,43.606
348.09,162.52,78.377,42.751
348.01,162.85,78.377,42.751
347.5,162.58,78.377,42.751
347.82,163.33,78.377,42.751
346.99,163.21,78.377,42.751
346.82,163.3,78.377,42.751
346.19,163.5,78.377,42.751
346.33,164.02,78.377,42.751
346.14,163.99,78.377,42.751
345.51,164.11,78.377,42.751
345.73,164.82,78.377,42.751
344.96,165.22,78.377,42.751
343.99,166.69,79.945,43.606
344.36,167.43,79.945,43.606
343.49,168.15,78.377,42.751
342.86,169.44,79.945,43.606
342.36,170.11,79.945,43.606
341.52,171.32,78.377,42.751
340.96,171.85,78.377,42.751
339.76,172.13,78.377,42.751
339.26,172.92,78.377,42.751
337.64,173.03,78.377,42.751
337.14,173.36,78.377,42.751
336.91,173.86,76.84,41.913
335.48,173.97,76.84,41.913
334.95,174.2,76.84,41.913
333.32,173.52,76.84,41.913
333.19,174.04,76.84,41.913
332.46,174.17,76.84,41.913
331.41,173.76,76.84,41.913
330.58,174.3,76.84,41.913
330.27,174.89,75.334,41.091
330.03,175.45,75.334,41.091
328.88,176.02,75.334,41.091
326.99,175.76,75.334,41.091
326.29,175.67,75.334,41.091
325.09,175.62,75.334,41.091
323.73,175.91,75.334,41.091
321.81,176.38,75.334,41.091
320.65,177.18,75.334,41.091
318.61,177.62,75.334,41.091
317.04,177.86,75.334,41.091
316.17,178.74,75.334,41.091
313.34,178.37,76.84,41.913
312.36,179.08,76.84,41.913
310.71,179.87,76.84,41.913
309.63,181.33,76.84,41.913
308.02,181.92,76.84,41.913
307.46,183.06,76.84,41.913
306.64,183.27,76.84,41.913
305.21,183.91,76.84,41.913
305.26,185.11,76.84,41.913
304.23,185.33,76.84,41.913
303.41,185.9,76.84,41.913
303.05,186.94,76.84,41.913
302.45,187.39,76.84,41.913
302.42,187.34,76.84,41.913
302.42,187.34,76.84,41.913
302.22,187.49,76.84,41.913
301.92,187.62,76.84,41.913
301.54,187.77,76.84,41.913
301.42,188.08,76.84,41.913
300.8,187.59,76.84,41.913
299.95,187.76,76.84,41.913
298.83,188.03,76.84,41.913
297.27,188.22,76.84,41.913
295.81,187.21,78.377,42.751
294.81,187.28,78.377,42.751
293.1,187.65,78.377,42.751
291.12,187.62,78.377,42.751
289.57,188.37,78.377,42.751
288.27,188.37,78.377,42.751
285.27,188.14,78.377,42.751
283.73,187.91,78.377,42.751
282.71,187.5,78.377,42.751
279.16,187.59,79.945,43.606
276.76,187.08,79.945,43.606
275.69,187.24,79.945,43.606
270.88,185.41,81.543,44.478
269.53,186.36,79.945,43.606
267.31,185.9,79.945,43.606
263.63,186.12,79.945,43.606
261.88,186.5,79.945,43.606
260.06,186.26,79.945,43.606
254.33,184.82,81.543,44.478
253.03,186.13,79.945,43.606
250.56,186.6,79.945,43.606
248.3,187.09,79.945,43.606
245.14,187.01,79.945,43.606
243.02,187.26,78.377,42.751
241.76,188.19,76.84,41.913
238.43,186.95,78.377,42.751
237.08,187.55,76.84,41.913
235.09,187.62,76.84,41.913
232.83,187.44,76.84,41.913
231.18,186.7,76.84,41.913
229.62,186.35,76.84,41.913
227.34,185.73,76.84,41.913
227.71,185.8,75.334,41.091
224.89,184.18,76.84,41.913
223.67,183.48,76.84,41.913
222,183.03,76.84,41.913
222.33,183.76,75.334,41.091
221.96,183.08,75.334,41.091
217.95,182.07,76.84,41.913
216.77,181.66,76.84,41.913
215.33,182.2,76.84,41.913
214.83,182.29,76.84,41.913
213.57,182.81,76.84,41.913
214.75,184.21,75.334,41.091
212.79,184.16,76.84,41.913
212,183.9,76.84,41.913
212.09,185.73,75.334,41.091
212.27,185.32,75.334,41.091
210.9,185.08,76.84,41.913
210.27,184.6,76.84,41.913
209.8,185.07,76.84,41.913
209.07,184.88,76.84,41.913
208.88,185.71,76.84,41.913
208.28,185.79,76.84,41.913
208.37,186.04,76.84,41.913
208.3,185.42,76.84,41.913
208.24,185.74,76.84,41.913
208.43,185.9,76.84,41.913
208.98,186,76.84,41.913
209.33,186.12,76.84,41.913
210.11,185.45,76.84,41.913
210.84,185.78,76.84,41.913
212.68,186.27,76.84,41.913
213.37,185.69,78.377,42.751
216.29,185.58,78.377,42.751
218.63,186.25,78.377,42.751
221.48,186.3,78.377,42.751
224.28,186.45,78.377,42.751
226.58,186.63,78.377,42.751
229.87,186.13,78.377,42.751
231.68,186.49,78.377,42.751
236.53,187.12,76.84,41.913
240.74,187.38,75.334,41.091
242.98,187.97,75.334,41.091
247.17,188.34,72.408,39.495
249.72,187.46,70.988,38.721
254.42,188.84,66.894,36.488
256.73,187.64,68.232,37.217
258.43,187.33,68.232,37.217
260.86,188.38,65.582,35.772
262.74,187.84,65.582,35.772
263.45,187.7,65.582,35.772
264.05,187.74,65.582,35.772
264.9,187.9,65.582,35.772
266.44,188.27,65.582,35.772
267.72,188.14,65.582,35.772
270.04,187.9,65.582,35.772
273.45,189.49,64.296,35.071
275.88,189.94,63.036,34.383
277.12,190.69,63.036,34.383
279.58,191.45,63.036,34.383
281.21,192.09,61.8,33.709
283.17,193,60.588,33.048
284.58,192.77,60.588,33.048
287.15,192.7,60.588,33.048
304.32,191.54,61.8,33.709
305.5,190.46,63.036,34.383
305.27,190.84,63.036,34.383
308.11,190.17,63.036,34.383
308.31,189.67,64.296,35.071
307.8,188.43,65.582,35.772
310.31,187.16,65.582,35.772
311.08,186.33,65.582,35.772
322.43,186.02,64.296,35.071
322.83,185.9,64.296,35.071
323.2,185.62,64.296,35.071
322.13,185.05,64.296,35.071
323.35,185.39,64.296,35.071
294.21,216.14,44.125,24.068
227.62,153.68,75.643,41.26
318.69,197.41,31.518,17.192
185.06,191.8,94.554,51.575
187.84,190.46,94.554,51.575
186.73,190.89,94.554,51.575
186.71,190.62,94.554,51.575
187.88,190.37,94.554,51.575
186.53,190.5,94.554,51.575
189.47,190.22,92.7,50.563
189.92,191.81,90.882,49.572
324.65,185.67,63.036,34.383
322.15,185.43,64.296,35.071
323.3,185.88,64.296,35.071
321.99,185.29,64.296,35.071
322.76,185.72,64.296,35.071
320.16,186.75,64.296,35.071
204.3,201.21,63.036,34.383
205.05,200.51,63.036,34.383
204.84,200.68,63.036,34.383
204.72,200.78,63.036,34.383
203.96,201.11,63.036,34.383
203.38,199.81,64.296,35.071
297.09,192.99,63.036,34.383
297.45,193.84,63.036,34.383
297.37,193.69,63.036,34.383
297.4,194.62,61.8,33.709
294.84,195.15,61.8,33.709
294.52,194.1,61.8,33.709
292.27,197.12,60.588,33.048
293.52,195.24,60.588,33.048
293.38,193.14,60.588,33.048
287.91,198.4,60.588,33.048
285.01,198.89,60.588,33.048
282.4,199.03,60.588,33.048
286.7,192.58,60.588,33.048
286.36,190.58,60.588,33.048
279.08,198.54,60.588,33.048
282.73,191.04,60.588,33.048
280.75,192.27,60.588,33.048
280.29,191,60.588,33.048
280.09,190.8,60.588,33.048
278.23,192.01,60.588,33.048
277.17,191.82,60.588,33.048
275.7,191.89,60.588,33.048
274.94,192.99,60.588,33.048
273.41,192.93,60.588,33.048
272.51,193.93,60.588,33.048
270.8,194.68,60.588,33.048
268.67,195.53,60.588,33.048
268.54,193.98,59.4,32.4
265.79,194.13,59.4,32.4
264.53,194.01,59.4,32.4
263.08,193.56,59.4,32.4
263.05,194.32,58.235,31.765
261.09,192.48,58.235,31.765
259.84,192.26,58.235,31.765
259.13,190.21,58.235,31.765
257.12,189.76,58.235,31.765
255.22,189.47,58.235,31.765
255.05,186.91,58.235,31.765
255.36,187.32,57.093,31.142
255.68,186.42,55.974,30.531
255.5,185.99,54.876,29.933
255.72,184.24,54.876,29.933
255.05,183.09,54.876,29.933
255.05,183.16,54.876,29.933
254.66,182.71,54.876,29.933
254.27,182.5,54.876,29.933
253.94,181.54,55.974,30.531
253.6,181.6,55.974,30.531
253.37,181.54,55.974,30.531
252.77,181.48,55.974,30.531
253.76,181.31,54.876,29.933
253.13,181.15,54.876,29.933
253.29,181.26,54.876,29.933
253.49,181.01,54.876,29.933
253.91,181.61,54.876,29.933
253.66,180.87,54.876,29.933
253.85,180.76,54.876,29.933
254.57,179.98,54.876,29.933
254.88,179.01,54.876,29.933
255.48,178.91,54.876,29.933
256.52,176.92,54.876,29.933
257.55,176.35,54.876,29.933
258.19,175.24,54.876,29.933
258.57,175,54.876,29.933
258.52,175.25,54.876,29.933
259.43,174.58,54.876,29.933
259.71,174.6,54.876,29.933
259.31,174.42,54.876,29.933
259.79,174.41,54.876,29.933
259.52,174.56,54.876,29.933
260.98,175.67,53.8,29.346
259.95,175.58,54.876,29.933
259.25,176.9,54.876,29.933
259.11,178.5,54.876,29.933
258.79,179.19,54.876,29.933
258.34,181.11,54.876,29.933
259.41,183.46,53.8,29.346
257.65,185.91,54.876,29.933
257,189.63,54.876,29.933
257.09,190.59,54.876,29.933
256.56,169.63,54.876,29.933
255.07,173.54,54.876,29.933
254.98,180.06,53.8,29.346
252.47,183.98,54.876,29.933
251.27,189.22,54.876,29.933
263.89,179.32,54.876,29.933
264.07,179.4,54.876,29.933
265.83,180.81,53.8,29.346
266.54,181.03,53.8,29.346
266.61,181.54,53.8,29.346
267.65,181.27,53.8,29.346
268.55,181.74,53.8,29.346
268,181.23,53.8,29.346
268.5,181.05,54.876,29.933
268.42,179.92,54.876,29.933
269.08,181.03,54.876,29.933
268.23,181.25,54.876,29.933
268.35,180.55,54.876,29.933
270.02,180.97,53.8,29.346
270.12,180.61,53.8,29.346
269.07,179.91,53.8,29.346
269.82,179.91,53.8,29.346
268.09,178.8,54.876,29.933
267.87,178.88,54.876,29.933
267.36,178.77,54.876,29.933
267.36,179.02,54.876,29.933
266.98,179.43,54.876,29.933
266.17,179.22,54.876,29.933
265.87,179.7,54.876,29.933
264.77,181.78,54.876,29.933
264.59,182.78,54.876,29.933
264.4,183.93,54.876,29.933
265.01,184.97,54.876,29.933
264.9,186.22,54.876,29.933
264.85,186.47,54.876,29.933
265.17,187.64,54.876,29.933
266.74,189.14,53.8,29.346
267.55,189.9,53.8,29.346
268.44,190.16,53.8,29.346
269.4,190.61,53.8,29.346
270.84,191.07,53.8,29.346
272.73,191.84,52.745,28.77
273.48,191.81,52.745,28.77
276.25,192.43,53.8,29.346
277.39,192.58,53.8,29.346
279.76,192.58,52.745,28.77
282.17,193.16,52.745,28.77
284.64,193.04,52.745,28.77
286.71,192.69,52.745,28.77
289.41,192.34,52.745,28.77
292.56,192.82,52.745,28.77
295.35,192.27,52.745,28.77
297.98,192.33,52.745,28.77
300,192.21,52.745,28.77
303.24,191.33,52.745,28.77
306.05,191.1,52.745,28.77
308.89,190.56,52.745,28.77
311.62,190.52,52.745,28.77
315.04,190.09,52.745,28.77
316.92,189.63,52.745,28.77
319.62,188.81,52.745,28.77
322.15,188.77,52.745,28.77
323.93,188.63,52.745,28.77
325.85,188.53,52.745,28.77
327.16,189.5,52.745,28.77
330.78,190.17,51.711,28.206
332.93,189.9,51.711,28.206
334.3,189.49,51.711,28.206
335.41,189.75,51.711,28.206
337.41,189.84,50.697,27.653
339.94,190.47,49.703,27.111
340.92,189.11,50.697,27.653
340.85,189.94,50.697,27.653
342.61,190.27,49.703,27.111
343.05,190.15,49.703,27.111
344.26,189.6,49.703,27.111
343.97,188.66,49.703,27.111
345.54,188.33,49.703,27.111
345.56,188.15,49.703,27.111
345.48,187.53,49.703,27.111
345.34,186.05,49.703,27.111
344.88,185.73,49.703,27.111
345.35,184.06,48.729,26.579
345.81,183.76,47.773,26.058
345.97,182.99,47.773,26.058
346.44,180.68,46.836,25.547
347.29,180.47,45.918,25.046
347.04,180.11,45.918,25.046
346.97,178.92,45.918,25.046
348.59,177.4,45.918,25.046
350.04,177.79,45.018,24.555
351.04,176.1,45.018,24.555
351.93,175.69,45.018,24.555
353.3,175.12,45.018,24.555
355.28,173.28,45.018,24.555
355.9,171.84,45.918,25.046
357.52,170.96,45.918,25.046
358.26,170.1,46.836,25.547
360.75,169.94,45.918,25.046
362.71,168.83,45.918,25.046
363.61,167.91,46.836,25.547
364.34,168.03,47.773,26.058
366.61,167.62,47.773,26.058
367.46,167.34,48.729,26.579
369.14,167.75,48.729,26.579
370.61,167.43,48.729,26.579
372.22,168.78,48.729,26.579
372.75,168.67,49.703,27.111
374.11,169.26,49.703,27.111
375.38,170.13,48.729,26.579
376.1,170.47,48.729,26.579
376.21,171.23,48.729,26.579
378.92,172.09,47.773,26.058
379.25,171.46,48.729,26.579
380.09,172.56,48.729,26.579
382.01,173.17,48.729,26.579
383.18,173.53,48.729,26.579
385.1,174.55,48.729,26.579
386.67,175.37,48.729,26.579
387.4,176.64,49.703,27.111
388.95,177,49.703,27.111
391.23,178.25,49.703,27.111
391.66,179.1,48.729,26.579
392.93,180.18,49.703,27.111
395.2,181.24,49.703,27.111
395.41,182.06,48.729,26.579
397.36,182.55,48.729,26.579
398.91,183.95,49.703,27.111
399.51,183.67,48.729,26.579
400.37,184.01,49.703,27.111
400.96,183.56,48.729,26.579
401.69,183.57,48.729,26.579
402.25,183.51,48.729,26.579
404.55,183.6,48.729,26.579
406.08,183.77,48.729,26.579
406.69,183.51,48.729,26.579
407.89,184.65,48.729,26.579
410.38,186.5,48.729,26.579
412.26,187.56,48.729,26.579
414.01,189.54,48.729,26.579
415.42,190.73,48.729,26.579
417.32,191.95,48.729,26.579
418.88,193.75,48.729,26.579
419.97,195.07,48.729,26.579
422.27,196.99,48.729,26.579
423.83,198.21,48.729,26.579
425.95,200.15,49.703,27.111
428.31,201.73,49.703,27.111
429.72,202.3,49.703,27.111
432.5,204.82,49.703,27.111
434.11,205.18,48.729,26.579
436.96,206.9,48.729,26.579
438.99,207.79,48.729,26.579
440.86,208.71,48.729,26.579
443.28,210.85,48.729,26.579
445.83,211.02,48.729,26.579
446.73,211.51,48.729,26.579
449.09,212.85,48.729,26.579
451.97,213.18,48.729,26.579
454.65,214.52,49.703,27.111
457.04,214.96,49.703,27.111
460.11,216.23,49.703,27.111
462.64,217.45,49.703,27.111
464.76,217.55,49.703,27.111
465.78,216.91,50.697,27.653
466.66,217.88,50.697,27.653
468.69,218.3,50.697,27.653
469.31,217.37,51.711,28.206
470.12,217.47,51.711,28.206
471.48,217.39,51.711,28.206
470.34,216.42,52.745,28.77
471.42,217.05,51.711,28.206
471.3,216.29,51.711,28.206
471.39,216.46,51.711,28.206
471.49,217.12,51.711,28.206
471.64,217.35,51.711,28.206
472,218.04,51.711,28.206
472.59,218.44,51.711,28.206
472.69,220.14,51.711,28.206
472.93,220.46,51.711,28.206
473.29,222.15,51.711,28.206
473.06,222.86,51.711,28.206
473.94,223.92,50.697,27.653
473.35,224.67,51.711,28.206
473.42,225.22,51.711,28.206
473.54,225.24,51.711,28.206
474.04,225.21,51.711,28.206
474.82,225.22,50.697,27.653
474.67,225.2,51.711,28.206
475.83,225.46,50.697,27.653
475.65,225.92,51.711,28.206
476.49,226.32,51.711,28.206
476.62,227.71,51.711,28.206
477.06,229.42,51.711,28.206
477.41,230.17,51.711,28.206
476.22,230.35,52.745,28.77
477.14,232.91,51.711,28.206
477.39,233.24,51.711,28.206
475.65,233.5,52.745,28.77
476.42,235.74,51.711,28.206
476.39,235.78,51.711,28.206
476.46,235.97,51.711,28.206
476.58,235.49,51.711,28.206
476.75,236.03,51.711,28.206
476.95,235.76,51.711,28.206
477.21,236.46,51.711,28.206
476.01,235.6,52.745,28.77
477.25,236.5,50.697,27.653
478.67,236.63,49.703,27.111
477.8,235.81,51.711,28.206
477.97,236.3,51.711,28.206
478.56,235.77,50.697,27.653
478.69,235.6,50.697,27.653
478.09,235.41,51.711,28.206
478.98,235.37,50.697,27.653
478.52,235.09,51.711,28.206
478.44,235.09,51.711,28.206
478.32,235.09,51.711,28.206
478.13,235.17,51.711,28.206
478.72,235.23,50.697,27.653
477.7,235.25,51.711,28.206
477.66,235.82,51.711,28.206
477.53,236.61,51.711,28.206
477.16,236.81,51.711,28.206
475.65,236.47,52.745,28.77
476.09,237.41,51.711,28.206
476.71,237.44,50.697,27.653
475.44,237.4,51.711,28.206
475.3,237.83,51.711,28.206
475.04,238.41,51.711,28.206
475.38,238.06,50.697,27.653
475.12,238.44,50.697,27.653
474.65,238.21,51.711,28.206
474.61,238.26,51.711,28.206
474.29,238.13,51.711,28.206
472.43,237.08,52.745,28.77
474.54,238.29,49.703,27.111
473.04,237.72,51.711,28.206
472.51,237.6,51.711,28.206
469.84,236.41,52.745,28.77
469.55,236.72,51.711,28.206
467.93,236.56,51.711,28.206
466.93,236.13,50.697,27.653
464.69,235.83,51.711,28.206
462.65,235.38,51.711,28.206
460.89,234.61,51.711,28.206
459.24,234.38,50.697,27.653
457.12,233.69,50.697,27.653
454.96,233.68,50.697,27.653
452.78,233.38,50.697,27.653
450.33,232.81,50.697,27.653
450.2,233.53,49.703,27.111
445.31,231.91,52.745,28.77
444.48,232.45,50.697,27.653
442.13,232.58,50.697,27.653
439.75,232.86,50.697,27.653
437.06,233.24,50.697,27.653
435.78,233.64,49.703,27.111
433.95,233.94,49.703,27.111
430.52,233.74,50.697,27.653
429.32,234.86,49.703,27.111
425.42,234.14,51.711,28.206
423.21,233.76,50.697,27.653
422.49,234.53,49.703,27.111
418.52,233.63,51.711,28.206
416.21,234.02,50.697,27.653
414.67,234.9,49.703,27.111
412.16,234.54,49.703,27.111
408.16,233.62,50.697,27.653
406.48,234.23,48.729,26.579
404.71,234.98,47.773,26.058
401.02,233.77,48.729,26.579
398.13,233.52,48.729,26.579
396.14,234.8,47.773,26.058
392.37,234.07,49.703,27.111
389.58,233.46,49.703,27.111
387.14,232.14,48.729,26.579
385.33,232.84,47.773,26.058
381.81,232.29,48.729,26.579
379.91,232.23,47.773,26.058
378.12,231.42,47.773,26.058
373.96,230.64,49.703,27.111
372.55,230.74,47.773,26.058
368.99,230.25,48.729,26.579
366.21,229.92,48.729,26.579
364.52,230.34,47.773,26.058
361.07,229.63,48.729,26.579
359.58,230.9,47.773,26.058
356.29,230.05,48.729,26.579
355.09,229.94,47.773,26.058
351.69,229.58,48.729,26.579
348.67,229.38,49.703,27.111
346.83,229.3,48.729,26.579
344.29,228.37,48.729,26.579
343.92,228.91,47.773,26.058
340.73,228.41,48.729,26.579
338.03,228.08,49.703,27.111
336.4,227.58,48.729,26.579
334.5,227.53,48.729,26.579
333.72,227.92,47.773,26.058
330.54,227.18,49.703,27.111
328.84,226.83,49.703,27.111
327.1,226.4,49.703,27.111
325.62,226.72,48.729,26.579
325.57,226.45,47.773,26.058
321.74,225.37,50.697,27.653
320.65,225.88,49.703,27.111
319.5,226.21,48.729,26.579
320.12,227,47.773,26.058
317.42,225.88,49.703,27.111
316.47,226.09,48.729,26.579
317.05,226.53,47.773,26.058
314.78,226.2,48.729,26.579
313.64,225.89,48.729,26.579
312,225.49,48.729,26.579
312.84,226.49,47.773,26.058
312.77,226.18,47.773,26.058
311.01,225.08,48.729,26.579
310.39,224.76,48.729,26.579
311.15,225.01,47.773,26.058
308.77,223.96,48.729,26.579
309.49,224.47,47.773,26.058
309.5,224.54,47.773,26.058
309.11,224.62,47.773,26.058
309.3,224.28,47.773,26.058
307.34,222.68,48.729,26.579
308.3,223.95,47.773,26.058
306.8,223.55,48.729,26.579
306.51,223.29,48.729,26.579
308.04,223.36,47.773,26.058
308.09,223.3,47.773,26.058
308.06,223.2,47.773,26.058
308.1,223.1,47.773,26.058
307.94,223.04,47.773,26.058
307.92,222.81,47.773,26.058
308.04,223.43,47.773,26.058
308.24,223.14,47.773,26.058
306.62,222.5,48.729,26.579
308.18,223.28,47.773,26.058
306.44,222.81,48.729,26.579
307.89,222.9,47.773,26.058
308,223.8,47.773,26.058
308.19,223.86,47.773,26.058
306.59,223.45,48.729,26.579
308.45,223.78,47.773,26.058
306.96,223.64,48.729,26.579
307.66,224.23,47.773,26.058
307.82,223.87,47.773,26.058
307.84,224.76,47.773,26.058
307.92,224.85,47.773,26.058
306.87,224.36,48.729,26.579
306.16,224.34,48.729,26.579
307.02,224.78,47.773,26.058
307.14,224.95,47.773,26.058
304.99,224.83,49.703,27.111
305.51,224.14,48.729,26.579
304.91,224.08,48.729,26.579
304,224.18,48.729,26.579
304.45,225.11,47.773,26.058
302.94,224.44,48.729,26.579
303.34,225.59,47.773,26.058
301.67,225.17,48.729,26.579
301.08,225.36,48.729,26.579
301.6,226.48,47.773,26.058
300.99,226.8,47.773,26.058
300.47,227.42,47.773,26.058
298.49,226.87,48.729,26.579
299.18,227.71,47.773,26.058
296.49,227.94,48.729,26.579
296.63,228.15,48.729,26.579
296.22,228.98,48.729,26.579
296.21,229.99,47.773,26.058
295.17,230.61,47.773,26.058
294.17,230.95,46.836,25.547
293.88,231.76,47.773,26.058
293.5,232.31,47.773,26.058
293.04,232.39,45.918,25.046
293.05,233.79,45.918,25.046
292.71,234.52,45.018,24.555
292.3,235.27,44.135,24.074
292.35,235.59,43.27,23.602
293.23,237.06,42.421,23.139
292.52,238.16,41.589,22.685
292.22,238.37,40.774,22.24
292.39,239.28,39.974,21.804
292,239.44,39.974,21.804
292.99,240.77,39.191,21.377
292.41,241.72,39.191,21.377
291.89,242.07,39.191,21.377
292.32,242.88,39.191,21.377
292.38,243.34,39.191,21.377
292.39,243.43,39.191,21.377
292.75,244.46,38.422,20.958
292.35,245.88,38.422,20.958
292.32,246.05,38.422,20.958
292.2,246.45,38.422,20.958
292.07,247.28,38.422,20.958
291.87,247.93,38.422,20.958
291.32,247.92,38.422,20.958
291.33,248.08,38.422,20.958
290.69,248.53,38.422,20.958
290.75,248.35,38.422,20.958
290.47,249.01,38.422,20.958
290.01,248.96,38.422,20.958
289.37,248.85,38.422,20.958
289.09,248.55,38.422,20.958
288.86,248.35,38.422,20.958
288.21,249.13,38.422,20.958
287.97,249.1,38.422,20.958
287.3,248.8,38.422,20.958
287.1,248.56,38.422,20.958
286.81,247.71,38.422,20.958
286.26,247.75,38.422,20.958
286.44,247.92,38.422,20.958
286.4,248.25,38.422,20.958
285.6,248.57,38.422,20.958
285.4,248.64,38.422,20.958
285.02,248.73,38.422,20.958
284.5,248.94,38.422,20.958
284.63,249.34,38.422,20.958
284.22,249.81,38.422,20.958
283.2,249.38,38.422,20.958
281.68,250.23,38.422,20.958
302.99,254.54,38.422,20.958
301.62,254.88,38.422,20.958
301.22,257.08,38.422,20.958
299.41,258.47,38.422,20.958
298.68,260.38,38.422,20.958
297,262.17,38.422,20.958
295.08,264.09,38.422,20.958
292.56,265.55,38.422,20.958
291.93,267.16,38.422,20.958
289.51,269.84,38.422,20.958
287.8,271.13,38.422,20.958
285.7,273.92,38.422,20.958
284.93,275.2,38.422,20.958
282.34,277.59,38.422,20.958
281.12,278.37,38.422,20.958
279.52,280.82,38.422,20.958
278.86,281.59,38.422,20.958
276.87,283.02,38.422,20.958
275.46,285.03,38.422,20.958
274.72,286.55,38.422,20.958
273.52,286.75,38.422,20.958
273.05,288.69,38.422,20.958
271.2,289.81,38.422,20.958
270.28,290.71,38.422,20.958
269.48,291.55,38.422,20.958
268.2,291.88,38.422,20.958
266.65,293.79,38.422,20.958
266.66,294.77,38.422,20.958
265.16,295.72,38.422,20.958
263.89,296.93,38.422,20.958
263.48,298.29,38.422,20.958
263.61,300.51,38.422,20.958
263.92,302.05,38.422,20.958
261.82,302.27,38.422,20.958
261.63,303.58,38.422,20.958
262.38,303.79,38.422,20.958
262.54,305.31,38.422,20.958
262.42,307.19,38.422,20.958
262.48,307.77,38.422,20.958
262.65,308.64,38.422,20.958
263.13,309.17,38.422,20.958
263.71,310.6,38.422,20.958
264.6,310.58,38.422,20.958
