324.000000,134.000000,100.000000,83.000000
324.103577,134.043350,100.000000,83.000000
324.149017,133.853210,100.000000,83.000000
324.280121,133.476303,100.000000,83.000000
324.736938,134.057175,98.039215,81.372551
325.553101,134.278793,98.039215,81.372551
325.179077,134.156158,98.039215,81.372551
324.779907,134.234451,98.039215,81.372551
325.322510,134.117050,98.039215,81.372551
324.820892,133.989990,98.039215,81.372551
324.950989,134.553055,98.039215,81.372551
324.726593,134.066681,100.000000,83.000000
324.926605,133.728378,100.000000,83.000000
325.084351,133.492935,100.000000,83.000000
324.418640,134.255081,100.000000,83.000000
324.318420,134.135803,100.000000,83.000000
324.490479,133.622192,100.000000,83.000000
324.542419,133.338821,100.000000,83.000000
325.400146,134.388763,98.039215,81.372551
324.395721,133.246704,100.000000,83.000000
325.030121,134.073227,98.039215,81.372551
324.424744,134.216034,98.039215,81.372551
325.032593,134.090622,98.039215,81.372551
324.849304,134.014618,98.039215,81.372551
325.723938,133.993301,98.039215,81.372551
325.565582,133.976929,98.039215,81.372551
325.451538,134.017914,98.039215,81.372551
325.432495,134.280777,98.039215,81.372551
324.971313,134.324219,98.039215,81.372551
324.344177,133.515854,100.000000,83.000000
324.546753,133.266083,100.000000,83.000000
325.025146,134.046860,98.039215,81.372551
324.780182,134.025986,98.039215,81.372551
325.324921,134.016586,98.039215,81.372551
325.298645,133.991043,98.039215,81.372551
325.265411,134.147522,98.039215,81.372551
324.856842,134.095963,98.039215,81.372551
325.585571,134.165695,98.039215,81.372551
325.326385,133.992935,98.039215,81.372551
325.113708,133.835678,98.039215,81.372551
324.925598,133.624603,98.039215,81.372551
325.660187,133.563400,98.039215,81.372551
325.235352,133.487823,98.039215,81.372551
325.098175,133.383240,98.039215,81.372551
325.495667,132.929596,98.039215,81.372551
327.691162,134.734497,96.116875,79.777008
332.817932,77.295235,98.039215,81.372551
329.897522,65.422173,104.040001,86.353203
329.373108,56.684174,106.120796,88.080261
328.486847,54.446869,106.120796,88.080261
326.591858,47.185028,106.120796,88.080261
333.724335,50.506836,102.000000,84.660004
339.940277,47.982285,102.000000,84.660004
345.046936,47.120464,104.040001,86.353203
348.819427,47.519470,106.120796,88.080261
348.407898,45.921993,110.408081,91.638710
365.632568,40.720966,110.408081,91.638710
377.559204,40.047924,108.243217,89.841866
388.690186,37.595158,110.408081,91.638710
396.449768,39.431614,108.243217,89.841866
398.381317,39.884495,108.243217,89.841866
396.933624,38.553089,110.408081,91.638710
395.613800,37.535458,110.408081,91.638710
395.992432,33.892891,112.616241,93.471481
398.749451,30.915535,112.616241,93.471481
399.596405,29.658356,112.616241,93.471481
401.516815,29.777603,112.616241,93.471481
402.915497,34.737549,112.616241,93.471481
410.883942,41.172478,114.868568,95.340912
412.567291,39.813309,114.868568,95.340912
411.139038,36.259529,117.165939,97.247726
412.882751,35.240082,117.165939,97.247726
412.525818,76.692924,114.868568,95.340912
413.036652,76.031685,112.616241,93.471481
378.028839,46.152145,112.616241,93.471481
356.196564,55.222923,112.616241,93.471481
344.892426,50.587555,114.868568,95.340912
339.172821,48.418571,117.165939,97.247726
337.860321,47.830971,117.165939,97.247726
334.391144,47.257046,119.509254,99.192680
333.785126,49.992138,119.509254,99.192680
334.772980,54.227116,119.509254,99.192680
336.996124,62.795673,119.509254,99.192680
336.570648,62.805058,119.509254,99.192680
330.912872,63.347187,119.509254,99.192680
329.331299,65.500465,119.509254,99.192680
328.768036,65.416534,121.899445,101.176537
331.894012,65.706200,121.899445,101.176537
337.014435,64.477753,121.899445,101.176537
340.823883,67.091682,121.899445,101.176537
347.684601,75.276604,121.899445,101.176537
359.222565,83.168335,121.899445,101.176537
388.121979,84.110931,121.899445,101.176537
405.022247,103.673828,121.899445,101.176537
414.690674,106.716904,121.899445,101.176537
433.338654,100.712570,119.509254,99.192680
431.897125,100.837418,119.509254,99.192680
433.478638,101.131287,119.509254,99.192680
434.035217,100.494797,119.509254,99.192680
436.934662,100.887177,119.509254,99.192680
440.744019,99.557327,119.509254,99.192680
449.268402,93.685760,119.509254,99.192680
446.520081,92.557999,119.509254,99.192680
439.466156,93.700836,119.509254,99.192680
437.985962,93.774277,119.509254,99.192680
437.342285,95.205704,119.509254,99.192680
412.413452,117.624695,119.509254,99.192680
407.340912,119.361641,117.165939,97.247726
407.348724,119.241783,117.165939,97.247726
407.766113,119.572060,117.165939,97.247726
406.354095,117.985718,119.509254,99.192680
403.859802,116.342560,119.509254,99.192680
382.396271,115.672714,119.509254,99.192680
366.434906,114.390488,119.509254,99.192680
344.947906,116.130478,119.509254,99.192680
327.784790,118.695358,119.509254,99.192680
318.658203,119.771225,119.509254,99.192680
319.383453,121.571884,119.509254,99.192680
319.181885,128.226608,119.509254,99.192680
325.549133,139.270126,119.509254,99.192680
323.201569,137.281769,119.509254,99.192680
322.632751,138.231659,119.509254,99.192680
319.341095,138.336777,119.509254,99.192680
318.256073,138.928986,119.509254,99.192680
312.795074,138.213730,119.509254,99.192680
310.936798,135.864212,119.509254,99.192680
315.230133,135.169098,119.509254,99.192680
323.653198,136.103058,119.509254,99.192680
390.082458,161.226776,119.509254,99.192680
387.721069,163.218521,119.509254,99.192680
381.401154,162.050827,119.509254,99.192680
378.053162,160.812088,119.509254,99.192680
375.603058,160.412216,119.509254,99.192680
368.295654,160.776520,119.509254,99.192680
361.569061,166.286835,119.509254,99.192680
354.519684,162.058655,119.509254,99.192680
344.690582,161.401123,119.509254,99.192680
301.721008,167.832275,119.509254,99.192680
283.407288,167.811722,119.509254,99.192680
266.986084,167.524048,119.509254,99.192680
258.563629,175.441391,119.509254,99.192680
264.302521,179.082291,119.509254,99.192680
271.445679,181.162369,119.509254,99.192680
269.366058,187.480453,119.509254,99.192680
264.537750,192.698608,119.509254,99.192680
254.723312,187.085205,119.509254,99.192680
263.182465,163.709747,119.509254,99.192680
251.665482,176.710266,119.509254,99.192680
219.471024,204.570786,119.509254,99.192680
210.497787,209.949097,119.509254,99.192680
198.855087,210.890198,119.509254,99.192680
193.771133,226.444275,119.509254,99.192680
170.149155,278.847137,119.509254,99.192680
149.263260,253.079620,119.509254,99.192680
121.005424,278.391937,119.509254,99.192680
111.009712,281.852386,119.509254,99.192680
139.964630,244.823730,119.509254,99.192680
140.464188,227.303070,119.509254,99.192680
141.250824,228.354553,119.509254,99.192680
128.347168,210.565002,119.509254,99.192680
125.721367,205.843506,119.509254,99.192680
126.338646,207.166748,119.509254,99.192680
132.068924,210.581787,119.509254,99.192680
63.826709,394.086245,119.509257,99.192683
46.425791,-12.579816,119.509257,99.192683
54.006325,-9.280614,117.165939,97.247726
55.115101,-8.608665,114.868568,95.340912
59.540985,-11.683517,112.616241,93.471481
57.943199,-11.643642,112.616241,93.471481
58.630058,-7.752565,110.408081,91.638710
58.157982,-9.182573,110.408081,91.638710
57.450378,-8.500292,110.408081,91.638710
58.659428,-9.455854,108.243217,89.841866
59.256001,-9.425615,108.243217,89.841866
58.728016,-7.956751,108.243217,89.841866
60.324764,-9.039614,108.243217,89.841866
58.817928,-8.282049,108.243217,89.841866
60.543552,-10.049501,108.243217,89.841866
57.961643,-8.030249,108.243217,89.841866
59.132671,-10.313288,108.243217,89.841866
