219	173	143	95
217	173	148	88
214	173	152	88
211	173	154	92
215	176	154	91
213	176	158	89
213	174	161	93
212	165	163	105
211	171	167	97
216	172	158	95
219	171	156	94
219	165	162	110
220	161	174	117
222	157	183	122
226	168	166	114
227	172	161	113
225	180	159	105
228	183	163	108
226	184	163	113
225	195	166	104
224	196	163	105
220	194	165	108
219	201	160	97
215	199	164	94
216	196	160	98
213	196	160	95
214	197	157	90
205	195	164	91
201	191	164	93
192	185	169	95
194	184	164	95
188	182	166	97
182	179	168	96
176	172	166	100
168	169	171	103
163	165	177	107
156	166	185	102
150	162	191	104
144	161	190	106
150	166	185	100
156	164	174	101
158	161	166	100
157	159	168	98
156	164	172	91
158	159	176	97
159	162	162	93
157	161	163	94
161	163	158	92
163	162	145	95
167	169	130	90
171	168	125	94
175	169	125	95
175	169	138	101
177	174	137	99
181	175	121	94
187	177	118	96
190	178	119	96
198	176	101	98
204	177	97	96
211	176	82	101
213	174	89	106
222	178	80	104
226	184	74	97
230	182	84	102
234	184	82	103
240	185	75	104
244	185	71	105
250	187	66	99
254	187	63	97
261	190	61	94
265	184	63	100
270	186	60	99
275	189	56	96
277	185	56	103
278	182	59	107
278	179	56	117
277	181	55	119
295	184	68	130
278	177	89	141
264	171	103	152
256	164	104	169
265	160	86	158
260	157	87	163
253	151	88	164
261	150	71	179
232	156	94	176
236	145	85	200
248	151	60	187
252	152	48	186
242	150	50	194
234	149	43	210
223	142	50	229
213	149	50	215
203	151	53	205
198	157	50	186
192	156	50	183
187	157	51	182
184	163	52	174
183	171	49	165
185	163	43	174
184	171	44	168
172	177	57	162
172	170	49	167
175	155	56	182
180	153	72	176
146	150	89	189
190	157	121	168
193	161	150	171
195	169	150	146
194	166	161	170
207	165	143	201
209	165	145	209
209	168	149	209
87	143	179	255
156	149	178	260
59	138	173	307
77	126	190	311
49	132	191	309
83	120	209	314
46	120	207	325
73	139	210	287
56	130	216	303
67	125	259	306
61	115	202	327
86	122	238	298
123	121	266	263
85	139	293	252
65	137	289	282
65	135	317	285
53	137	330	286
56	141	327	282
86	121	335	237
61	136	331	241
85	134	352	234
60	146	335	242
59	143	316	246
82	147	343	215
60	148	323	250
52	158	323	277
67	111	375	263
56	143	326	247
47	160	327	266
47	126	334	250
53	149	327	266
47	166	324	259
43	157	334	268
43	158	344	277
56	169	351	269
53	124	387	249
61	168	339	190
52	173	330	215
54	189	331	245
50	126	364	235
62	172	328	206
44	181	339	249
26	122	270	204
160	193	246	185
230	205	212	164
227	202	181	135
243	209	163	116
268	212	140	104
280	214	129	102
289	217	122	95
288	218	122	89
284	216	125	91
288	217	122	88
263	216	146	90
254	213	154	92
253	212	151	93
254	212	146	91
247	212	152	92
246	215	152	86
237	214	159	84
231	214	161	82
229	214	160	85
228	214	158	87
228	217	155	83
230	216	153	85
228	214	155	91
228	215	153	92
229	217	152	90
227	219	152	87
226	221	157	89
227	219	156	105
224	219	160	101
226	222	159	105
223	219	160	111
220	225	158	109
220	225	158	102
225	237	162	85
229	238	152	94
228	240	152	99
229	242	156	101
227	247	158	78
231	246	157	80
225	247	162	77
226	247	161	80
226	251	165	63
228	257	158	59
226	258	164	50
222	267	173	35
221	264	171	36
217	264	167	38
224	265	174	53
215	264	178	63
225	263	175	65
226	261	174	68
221	257	182	73
219	255	182	81
221	242	183	57
224	238	179	53
229	240	175	37
61	362	170	46
193	233	186	34
210	226	183	38
194	227	203	38
184	231	206	46
210	233	205	46
216	257	189	61
220	245	188	95
223	213	180	114
234	218	165	139
237	209	161	155
235	211	164	143
232	208	162	139
236	210	158	130
229	207	170	129
230	206	171	126
236	210	165	117
231	209	171	120
235	209	168	117
237	210	167	110
236	214	170	100
237	214	170	99
239	214	175	98
241	218	178	85
234	219	187	80
236	220	185	78
237	223	184	79
239	224	179	83
234	229	189	77
233	232	192	75
230	230	192	75
239	238	188	59
242	242	185	58
245	235	186	62
250	235	183	64
249	232	182	68
251	227	182	75
261	226	171	79
264	224	171	80
263	223	173	79
265	219	173	81
261	220	174	80
263	217	175	83
265	215	169	89
262	208	170	99
271	216	160	87
268	212	167	92
271	210	159	91
276	205	155	96
273	206	154	95
271	202	159	96
270	202	159	98
272	200	162	102
272	202	153	101
272	200	155	104
271	204	153	98
270	198	156	104
271	204	153	99
261	197	162	105
265	201	157	101
262	195	154	110
263	203	153	99
258	199	155	104
258	207	157	98
258	220	154	83
250	220	164	85
261	229	151	81
252	233	157	78
249	234	163	78
251	232	157	81
248	231	156	80
250	232	155	78
248	226	155	86
249	223	152	91
250	218	149	99
251	220	143	100
250	222	142	97
249	225	144	101
246	225	144	98
244	231	143	89
245	234	142	84
244	233	146	86
236	229	152	91
236	227	157	90
245	225	137	91
254	232	128	79
254	233	119	78
257	234	114	77
257	238	106	69
258	241	107	66
255	242	108	67
256	241	106	68
257	246	109	65
250	251	117	64
250	253	117	64
238	258	132	60
226	254	142	67
225	253	145	67
249	218	145	56
227	258	149	58
233	258	149	62
244	261	139	62
252	261	131	66
272	267	111	63
272	269	112	61
274	274	110	57
277	280	111	53
280	281	105	54
280	284	104	52
280	284	100	56
280	286	101	52
279	288	98	56
279	286	104	59
267	285	126	59
264	284	129	60
264	281	127	64
270	267	114	82
266	274	117	77
262	244	119	108
263	234	114	129
260	233	119	135
264	218	118	151
275	230	98	142
282	233	95	138
282	234	97	131
279	235	102	131
281	241	96	126
279	235	104	128
277	239	106	130
267	244	117	128
267	260	117	111
268	269	108	96
272	270	107	93
269	271	115	90
263	278	124	77
259	277	133	79
257	279	133	77
255	281	131	76
256	282	134	77
254	286	137	71
251	280	145	82
254	281	127	86
256	281	127	75
252	273	135	89
256	273	128	90
255	272	130	93
257	270	135	87
256	270	132	89
254	267	135	91
256	265	139	92
250	259	140	100
250	250	141	114
247	232	139	138
245	234	141	134
233	220	155	153
230	220	158	151
228	218	147	150
217	219	158	147
213	216	154	155
210	215	152	156
200	217	159	152
186	229	173	132
179	234	178	126
176	245	179	110
171	252	175	91
164	252	184	81
161	245	187	86
164	243	181	88
162	237	188	90
168	244	178	82
171	232	174	90
173	229	169	92
175	220	172	102
186	241	158	78
188	237	163	85
188	236	167	85
186	228	173	96
186	221	178	104
181	226	181	97
182	219	188	103
188	227	187	95
180	239	201	81
183	230	200	92
187	230	198	96
182	235	201	84
180	234	211	85
192	233	198	88
201	228	186	95
211	230	172	97
216	233	168	95
217	236	167	92
219	233	166	93
215	241	167	85
224	245	161	83
224	245	155	82
226	243	152	87
225	246	151	85
221	248	153	85
221	246	154	89
226	247	144	90
229	245	137	98
227	248	137	96
230	250	132	94
226	246	134	100
227	249	133	98
242	244	110	107
246	241	106	113
247	241	107	106
252	237	98	113
254	232	99	118
257	222	95	128
259	212	93	132
262	199	88	144
265	181	90	153
264	168	92	172
257	163	93	187
255	158	97	187
249	160	100	175
246	153	104	181
245	156	99	175
238	158	100	166
230	158	107	157
228	158	110	164
222	159	114	158
216	159	120	151
216	152	122	160
215	157	126	148
223	157	123	144
230	164	109	133
228	157	123	141
227	168	136	122
241	153	124	141
251	161	115	129
256	163	120	123
257	172	130	115
260	176	132	110
262	186	143	100
266	191	142	98
267	197	141	88
269	202	147	80
268	209	154	68
271	210	151	64
272	215	155	59
272	215	158	60
273	217	158	60
275	223	158	50
279	226	155	43
279	229	155	37
283	244	157	51
278	237	166	61
286	239	159	54
294	241	155	48
298	240	153	44
317	238	138	44
317	233	135	43
295	240	141	50
297	232	143	49
276	240	134	66
275	228	139	75
311	220	133	64
286	249	117	59
316	216	125	67
312	219	130	54
289	229	142	73
307	221	137	71
290	243	122	73
304	255	98	61
315	235	117	64
314	229	113	74
332	208	96	92
316	206	108	100
295	209	118	110
296	198	111	142
268	187	138	160
295	179	108	175
279	188	117	158
230	178	133	177
217	180	163	179
197	175	197	190
122	126	232	247
132	139	207	264
155	137	213	280
144	130	182	302
175	137	153	290
153	135	177	305
150	130	188	310
144	144	197	283
173	133	224	268
147	146	211	282
151	146	202	285
151	149	207	276
153	151	203	275
145	148	228	279
146	144	224	285
155	145	203	283
148	149	216	283
149	153	218	275
147	148	217	281
153	169	206	261
156	178	196	255
184	151	221	248
157	178	229	247
158	189	206	248
170	158	246	251
159	190	237	243
154	151	213	277
159	190	189	247
216	163	171	239
183	184	194	248
162	204	201	226
159	167	209	264
153	196	208	241
159	145	198	281
149	176	205	257
156	212	184	231
155	205	206	216
139	117	224	235
152	224	188	214
152	215	207	215
154	152	205	267
146	177	212	261
117	116	246	196
127	216	240	187
121	120	240	188
155	195	247	190
126	118	234	174
154	164	247	177
143	143	234	153
176	200	251	175
99	122	253	174
139	187	282	179
132	159	284	207
105	139	294	183
95	122	281	184
127	170	286	148
102	131	309	178
109	171	287	189
110	126	275	193
109	137	265	218
107	124	261	209
106	121	252	220
115	116	221	229
118	114	260	229
114	115	244	229
121	119	253	223
126	113	208	228
168	153	216	248
126	119	225	242
122	118	212	235
125	121	228	220
126	119	226	227
121	119	236	226
124	113	213	234
125	114	193	233
125	116	197	228
128	116	192	226
127	116	196	227
158	125	219	198
146	134	252	175
118	125	289	197
123	130	293	184
121	130	297	188
126	128	290	191
123	130	298	186
116	135	318	169
118	135	314	170
119	127	309	191
121	130	314	191
119	131	331	181
127	138	330	170
116	122	316	214
124	135	338	186
120	135	341	167
120	137	343	167
121	140	353	161
116	134	326	178
117	128	308	191
122	124	267	200
130	119	207	202
130	118	199	209
134	118	198	211
134	118	197	207
140	115	192	217
142	114	193	214
138	112	199	215
148	117	188	205
150	116	184	206
144	115	194	209
142	115	199	209
147	118	194	204
153	115	188	205
153	115	185	204
152	116	187	203
156	114	180	207
158	115	186	200
160	113	183	200
162	107	181	220
177	121	200	190
169	109	180	210
171	106	184	221
169	115	191	200
172	111	189	207
174	118	192	176
175	125	177	193
172	110	180	223
192	114	202	216
171	109	199	222
172	111	189	218
191	109	209	229
163	107	240	227
163	116	238	217
158	120	248	204
153	122	252	212
151	127	250	194
155	125	238	195
142	127	248	195
153	137	229	177
159	132	214	186
154	135	213	179
177	146	184	173
166	161	183	152
153	192	182	118
144	200	188	102
134	194	193	116
120	199	201	109
116	199	196	113
104	201	203	110
97	202	203	109
87	198	210	116
79	192	216	122
74	194	214	121
58	189	228	129
57	188	232	132
53	187	234	132
57	187	231	132
75	192	206	121
82	188	195	125
99	187	181	130
110	185	168	133
117	186	173	127
116	176	175	143
118	179	181	140
127	181	177	133
105	169	215	154
119	159	219	185
123	145	218	202
131	131	207	220
159	113	178	234
166	112	167	234
178	110	157	225
176	114	160	206
188	106	147	211
193	108	135	202
206	105	117	213
216	105	109	206
220	103	105	191
221	111	106	213
214	97	98	193
256	145	105	197
225	96	94	214
238	100	83	203
250	99	72	226
272	95	56	228
286	99	53	214
299	98	53	221
317	105	43	221
328	88	57	211
261	117	67	219
243	120	97	219
227	114	126	226
217	106	145	251
217	108	146	243
210	102	153	252
208	100	158	259
206	101	162	256
203	100	164	255
205	98	167	258
201	94	174	258
200	91	159	267
206	96	163	264
210	89	150	269
225	91	146	254
233	91	139	266
190	89	142	266
191	93	179	275
101	100	184	288
62	111	209	286
92	103	236	289
53	108	252	280
42	98	234	295
99	88	183	321
156	97	189	295
165	97	175	284
153	95	192	287
170	101	151	278
176	101	151	274
174	108	163	268
171	103	166	281
166	111	181	267
165	113	179	266
156	110	181	269
162	104	179	277
155	105	170	273
155	99	148	273
150	104	156	263
144	100	151	264
139	101	143	262
126	111	154	231
113	104	185	234
109	110	214	221
114	124	189	189
103	118	204	188
106	122	199	174
96	132	215	158
92	136	243	148
91	136	235	153
91	122	230	166
86	125	239	168
88	125	242	170
88	130	238	165
105	136	224	147
108	141	219	142
113	146	216	133
120	150	208	133
128	158	205	125
141	161	188	120
141	161	185	120
142	153	184	135
152	152	168	151
176	155	140	149
165	165	140	153
160	174	138	152
156	175	123	157
195	173	116	151
181	175	125	160
180	127	126	204
188	129	81	206
200	125	106	212
203	117	84	224
211	113	88	227
219	117	83	224
230	114	80	221
246	128	79	211
252	169	93	210
243	173	114	180
240	172	117	177
235	176	100	178
249	167	111	177
228	167	119	187
218	169	134	166
219	164	131	173
217	157	137	180
211	155	146	176
203	156	166	172
196	152	174	171
186	149	195	169
183	147	205	167
174	142	216	176
171	144	217	175
170	149	218	170
166	151	223	169
157	156	234	162
168	156	214	169
174	154	215	171
176	152	212	174
172	147	218	184
183	149	203	180
188	148	208	185
199	160	191	168
206	161	191	165
212	164	173	158
220	164	167	162
234	166	151	168
248	169	136	164
267	167	115	185
276	168	101	194
299	178	74	172
259	182	62	143
288	181	48	156
296	180	61	156
313	175	53	173
307	177	73	161
306	179	88	142
307	180	87	128
310	190	68	110
318	191	70	107
320	196	74	94
319	198	91	85
313	194	107	86
310	195	115	86
310	198	116	81
309	204	115	74
313	203	107	73
316	203	102	71
318	199	99	77
320	199	98	72
323	199	96	71
324	195	97	73
329	192	95	77
337	193	90	73
339	191	95	75
346	192	92	70
354	188	87	75
353	188	93	74
360	182	88	76
375	179	75	80
379	177	76	77
387	175	71	71
389	173	66	66
390	171	69	61
393	170	67	56
396	167	63	58
393	164	61	59
397	162	57	57
398	163	50	58
399	162	47	58
388	161	57	61
375	160	68	70
374	161	66	70
375	160	60	70
373	157	54	73
371	156	50	72
374	156	39	76
377	156	30	75
375	156	31	78
377	156	30	77
376	157	33	80
375	157	32	81
376	159	33	75
380	159	29	73
383	160	26	68
384	162	28	65
386	164	29	63
388	165	27	64
391	165	27	64
393	166	27	63
395	168	26	62
400	170	25	63
405	170	24	60
413	171	24	61
418	170	22	62
426	170	18	62
432	169	17	62
438	169	14	60
440	169	13	60
428	169	17	61
430	168	17	63
430	167	16	63
429	168	16	61
427	165	16	65
428	165	14	64
427	165	16	65
426	165	15	63
426	165	14	63
424	165	17	63
425	165	15	63
423	166	17	63
423	167	16	64
423	166	13	63
421	165	12	66
418	165	12	64
363	176	18	66
395	167	26	72
391	165	29	74
372	169	24	75
372	167	28	73
374	167	30	70
379	167	25	66
380	168	25	68
384	165	22	66
386	168	22	59
390	169	19	60
393	170	21	61
395	170	21	62
397	171	20	60
400	172	18	59
403	172	17	59
408	172	15	60
411	173	14	58
415	173	12	59
417	173	12	60
419	173	13	58
420	173	12	57
421	173	10	59
418	173	12	61
414	172	16	62
415	171	16	61
416	171	18	58
416	172	19	56
414	171	21	55
410	170	25	50
411	172	26	48
409	174	21	48
407	174	23	51
330	171	30	51
372	183	31	54
367	182	32	56
373	180	25	59
398	188	17	55
401	184	13	58
402	178	10	59
401	175	11	59
398	168	12	57
390	164	12	61
393	168	10	56
386	154	14	57
388	158	13	57
384	160	14	53
375	184	20	56
370	185	26	60
362	179	36	63
356	186	45	59
352	180	54	65
345	178	62	67
340	175	68	67
340	175	68	65
339	175	68	63
341	176	64	61
342	177	62	57
341	176	64	55
344	175	61	59
347	178	60	58
346	175	60	65
344	172	61	70
343	169	63	74
343	173	59	67
344	172	58	66
341	164	60	74
341	163	60	71
339	160	60	74
337	158	64	75
337	154	63	80
333	154	68	84
330	154	72	88
337	155	64	85
340	158	63	82
339	158	65	81
337	157	68	84
334	157	70	86
324	156	81	90
329	157	76	86
335	161	71	81
335	159	70	83
329	160	74	86
323	160	78	90
326	158	73	98
313	157	83	105
311	160	85	101
313	156	81	107
312	154	80	112
317	152	68	117
317	154	69	112
320	156	61	111
314	159	65	106
315	158	63	109
317	162	60	104
317	163	60	103
316	167	60	97
310	168	67	97
330	173	52	96
334	177	45	89
327	174	59	95
326	175	62	92
334	175	54	94
325	171	67	100
326	171	69	99
328	172	69	98
327	174	70	95
328	175	71	93
319	174	82	93
326	177	74	91
330	181	71	87
330	183	70	85
330	186	68	82
324	181	74	85
316	179	83	84
306	178	95	84
305	178	99	77
304	179	97	74
305	178	100	73
303	180	97	69
306	177	97	67
307	176	96	68
310	175	93	65
311	177	90	63
309	175	93	61
314	172	87	64
311	171	92	64
311	173	89	62
313	172	84	63
316	172	85	61
315	172	85	61
319	173	81	59
314	171	85	61
317	172	85	59
318	173	78	58
321	172	75	60
318	169	76	66
320	168	78	72
322	165	72	79
319	162	76	89
317	160	78	92
314	160	82	97
315	158	79	101
314	156	78	106
313	156	79	106
310	156	80	106
309	153	80	109
313	154	72	109
311	152	76	109
314	152	69	109
313	152	68	109
317	153	64	108
322	151	56	111
319	151	62	109
324	153	58	109
329	154	54	102
331	155	55	105
332	156	57	104
328	157	63	94
332	158	63	93
327	159	72	95
325	160	76	90
321	162	82	104
327	173	81	101
317	164	93	91
328	171	86	72
337	176	79	67
339	175	77	65
337	175	83	62
335	176	86	60
333	175	91	62
346	178	83	60
340	176	89	69
357	176	75	69
363	182	68	62
364	185	67	61
369	182	58	68
370	183	53	73
361	180	60	88
361	180	56	90
368	175	44	96
367	178	42	89
368	178	39	88
368	178	35	89
367	177	32	92
365	176	29	94
348	181	39	98
351	186	31	94
313	190	41	91
312	187	49	91
306	185	63	95
302	183	70	101
302	187	68	96
300	188	73	95
300	198	61	88
297	200	70	88
299	210	79	79
292	221	96	75
289	230	100	75
287	240	104	76
298	256	92	69
295	270	98	66
307	282	86	61
303	298	92	50
301	303	92	53
300	311	87	56
292	324	94	59
274	333	102	67
256	345	112	81
241	362	110	69
299	160	115	82
277	150	123	96
254	219	94	114
287	142	115	120
267	221	86	108
318	147	84	116
299	144	104	106
291	140	107	110
290	147	108	113
280	134	118	121
372	260	108	131
389	161	118	110
342	22	130	106
261	144	145	112
217	170	162	109
221	149	157	125
251	128	146	145
269	125	119	130
260	116	118	132
248	112	120	136
234	114	133	130
223	117	141	129
216	105	137	146
208	106	138	144
200	104	144	148
193	103	142	145
184	103	150	154
180	103	143	154
177	100	151	156
172	99	157	160
174	103	157	140
167	96	172	136
164	90	178	132
209	151	166	150
203	105	179	174
153	80	160	197
157	114	146	178
138	130	167	174
144	71	138	151
115	77	163	161
92	86	174	185
61	86	203	224
36	73	233	263
11	60	238	276
-5	53	240	285
-4	47	235	284
-6	45	225	287
-5	37	210	295
-11	42	199	309
-6	53	182	309
-9	65	184	325
-6	88	156	336
202	152	147	277
216	175	141	252
242	198	109	222
235	206	120	210
242	229	110	175
237	247	114	147
241	249	111	133
242	255	113	125
240	253	115	125
240	252	113	130
241	254	113	124
238	255	118	122
242	254	113	125
239	254	116	125
238	253	116	126
240	255	115	125
238	253	116	127
241	254	113	128
238	255	116	125
239	254	114	126
239	252	116	127
241	255	112	127
241	252	114	126
242	255	111	124
241	254	111	125
243	256	112	122
242	255	111	123
239	254	115	126
243	254	111	127
241	256	116	121
