0.548733
0.042371
0.042552
0.043870
0.042566
0.043220
0.043468
0.044719
0.043942
0.043672
0.042938
0.038400
0.048595
0.042740
0.043098
0.042702
0.043807
0.043753
0.043851
0.044434
0.073397
0.042542
0.042722
0.043035
0.044000
0.042964
0.043059
0.042891
0.043784
0.077500
0.061906
0.044739
0.044392
0.045162
0.044600
0.045000
0.045370
0.043584
0.042874
0.043193
0.078682
0.044968
0.044689
0.044258
0.044887
0.044177
0.044127
0.044930
0.042919
0.041695
0.042580
0.041857
0.044760
0.044137
0.062131
0.062405
0.044581
0.043532
0.044773
0.045314
0.077236
0.042456
0.038636
0.043905
0.044836
0.044623
0.045069
0.044613
0.044506
0.044526
0.044308
0.044174
0.044472
0.042809
0.042789
0.040288
0.042074
0.044694
0.065523
0.062936
0.042445
0.061960
0.044179
0.043762
0.043105
0.061102
0.060946
0.058244
0.059285
0.043896
0.044554
0.044374
0.043971
0.062429
0.061395
0.045272
0.043257
0.043681
0.043211
0.044026
0.077168
0.044549
0.039109
0.041869
0.044253
0.045083
0.044757
0.044961
0.044864
0.044210
0.044274
0.044289
0.043991
0.043010
0.042678
0.039058
0.039057
0.042994
0.043397
0.042941
0.076947
0.044227
0.043923
0.044188
0.044225
0.045075
0.045210
0.043858
0.039248
0.039331
0.045142
0.045626
0.067204
0.045047
0.063497
0.042552
0.044005
0.043647
0.043831
0.044579
0.076921
0.044882
0.045411
0.045317
0.045320
0.045622
0.045626
0.045640
0.044884
0.045487
0.045492
0.044166
0.044135
0.040383
0.045521
0.045578
0.045518
0.045020
0.045629
0.045345
0.080705
0.043930
0.043790
0.061368
0.061857
0.062518
0.071495
0.066821
0.049961
0.049220
0.050102
0.052060
0.050608
0.049930
0.050130
0.044669
0.062546
0.061715
0.064255
0.063951
0.061335
0.062133
0.062272
0.045737
0.045167
0.045179
0.044247
0.044592
0.043732
0.045841
0.044720
0.066873
0.062361
0.062186
0.062419
0.061850
0.045090
0.044730
0.044290
0.043895
0.077201
0.043618
0.046122
0.044076
0.043931
0.044209
0.047117
0.047154
0.045837
0.045716
0.046531
0.046405
0.046764
0.046273
0.046132
0.046359
0.044950
0.044621
0.056578
0.043595
0.078744
0.044209
0.043973
0.044153
0.045323
0.044592
0.045471
0.045628
0.044010
0.044775
0.044450
0.043669
0.044615
0.044111
0.062518
0.064800
0.045836
0.047236
0.047885
0.045998
0.078489
0.061404
0.061965
0.046150
0.044796
0.045159
0.045738
0.063028
0.045967
0.046143
0.047757
0.045403
0.045405
0.045195
0.046074
0.046311
0.056672
0.046345
0.046192
0.046093
0.080234
0.046499
0.046751
0.045843
0.046108
0.045417
0.045743
0.045869
0.046190
0.046869
0.045968
0.046422
0.046474
0.046696
0.046503
0.046536
0.045503
0.049765
0.045667
0.045438
0.080906
0.045496
0.045650
0.046283
0.046044
0.046444
0.046234
0.045803
0.045104
0.045393
0.044966
0.044989
0.047243
0.045599
0.063835
0.045589
0.045254
0.046015
0.045092
0.045640
0.079211
0.045258
0.045488
0.045866
0.047379
0.046887
0.046580
0.046449
0.046114
0.046042
0.045628
0.042436
0.046720
0.046625
0.047746
0.046647
0.046128
0.046514
0.045835
0.045478
0.079865
0.042629
0.041085
0.040965
0.044137
0.062939
0.044125
0.044530
0.044068
0.045234
0.045485
0.043818
0.044657
0.044602
0.043616
0.043728
0.050455
0.060440
0.044374
0.046673
0.106110
0.048806
0.044635
0.044541
0.046000
0.043629
0.043338
0.061460
0.042538
0.060315
0.043341
0.043131
0.047120
0.066090
0.066880
0.067513
0.065331
0.066509
0.067508
0.063407
0.066111
0.062867
0.044271
0.043725
0.044790
0.043139
0.043286
0.044481
0.044804
0.044487
0.044951
0.044139
0.045266
0.064382
0.066223
0.047288
0.063845
0.065406
0.047236
0.046210
0.063747
0.046741
0.050920
0.044660
0.043964
0.045269
0.045975
0.045504
0.065885
0.066934
0.048360
0.047048
0.046624
0.065625
0.063633
0.062752
0.061617
0.046757
0.048269
0.046525
0.134563
0.048068
0.062745
0.045338
0.046149
0.063742
0.063169
0.064189
0.043984
0.044258
0.043432
0.043370
0.043427
0.045105
0.045103
0.046180
0.046898
0.046746
0.047560
0.049297
0.080172
0.044943
0.043597
0.043536
0.043823
0.044547
0.044344
0.044789
0.045450
0.045992
0.045105
0.045608
0.046755
0.065213
0.064600
0.044707
0.062972
0.044719
0.043817
0.043690
0.080191
0.045891
0.045867
0.045108
0.040433
0.046928
0.048259
0.063969
0.063647
0.063712
0.043139
0.061916
0.043767
0.063947
0.043684
0.045123
0.045525
0.045894
0.046655
0.048413
0.081672
0.050974
0.064542
0.063408
0.061769
0.061752
0.043884
0.043652
0.045914
0.043804
0.048184
0.046763
0.045288
0.045730
0.046144
0.062045
0.041395
0.068628
0.054848
0.048496
0.079207
0.045043
0.044592
0.043700
0.043537
0.043308
0.042572
0.044735
0.045746
0.047024
0.066169
0.064389
0.046236
0.046175
0.046991
0.065634
0.045195
0.039206
0.039572
0.043368
0.078294
0.043847
0.043922
0.044461
0.045277
0.064070
0.064741
0.044674
0.043546
0.039818
0.042853
0.043694
0.045967
0.044400
0.063125
0.046744
0.047302
0.065138
0.046053
0.042130
0.075709
0.048876
0.064298
0.065102
0.066180
0.046320
0.063449
0.045620
0.043235
0.039578
0.038424
0.044195
0.044764
0.043927
0.044605
0.045422
0.045748
0.064964
0.046851
0.046482
0.079453
0.049618
0.045867
0.052807
0.065307
0.051040
0.043738
0.043977
0.043881
0.061991
0.062899
0.044417
0.040926
0.046718
0.045581
0.044208
0.044086
0.044589
0.044737
0.046111
0.076464
0.043348
0.042465
0.043168
0.044514
0.043393
0.044137
0.045208
0.046302
0.063505
0.045510
0.044809
0.045723
0.045219
0.045142
0.048163
0.045775
0.046115
0.045945
0.047323
0.080262
0.046825
0.048025
0.047210
0.047172
0.048288
0.058352
0.044607
0.048013
0.047815
0.047173
0.067209
0.048376
0.065056
0.044493
0.046771
0.043444
0.041057
0.038679
0.043004
0.085179
0.068079
0.047210
0.047561
0.053018
0.053298
0.045814
0.079253
0.047932
0.039636
0.039420
0.043874
0.083776
0.044046
0.044430
0.043938
0.044203
0.044291
0.043806
0.044154
0.078785
0.040841
0.039145
0.046308
0.045349
0.051535
0.046152
0.046117
0.046090
0.046355
0.044920
0.063502
0.064625
0.040062
0.048835
0.045270
0.046160
0.045754
0.044524
0.044110
0.077649
0.043888
0.044403
0.043308
0.043300
0.043706
0.045169
0.044395
0.045400
0.045341
0.046494
0.045272
0.045270
0.045386
0.045709
0.045268
0.045379
0.043972
0.048582
0.046268
0.079909
0.045302
0.044482
0.044697
0.043813
0.061841
0.042923
0.061655
0.044404
0.045041
0.045978
0.046328
0.046362
0.046395
0.045419
0.044759
0.044812
0.044017
0.043951
0.043628
0.077049
0.043653
0.044035
0.044613
0.045173
0.045589
0.046093
0.047899
0.048822
0.043241
0.062273
0.043899
0.062145
0.040185
0.040286
0.045786
0.046097
0.045758
0.042778
0.045575
0.078939
0.045996
0.046249
0.045318
0.042354
0.040850
0.039203
0.045811
0.047390
0.046721
0.046244
0.045738
0.046099
0.046160
0.045408
0.045915
0.045746
0.045164
0.041240
0.044118
0.077514
0.045247
