318	235	91	65
324	229	92	66
335	227	88	68
338	228	90	67
345	229	85	67
340	230	88	71
341	235	86	72
344	236	87	74
342	233	92	76
344	232	94	74
345	230	95	73
347	228	94	71
343	230	95	74
343	229	95	68
344	227	97	67
345	228	95	67
349	228	94	68
351	227	93	68
355	226	89	65
359	225	89	68
362	225	90	65
369	226	91	65
376	229	85	66
376	231	86	68
382	230	84	68
385	228	84	72
389	230	83	72
390	232	87	69
398	232	78	74
395	230	80	74
392	233	79	71
391	231	75	69
385	230	79	70
386	231	75	69
386	229	74	71
386	232	71	70
384	235	71	74
386	240	66	73
387	244	64	75
390	244	63	78
389	245	65	75
392	241	60	78
396	251	53	73
397	246	52	76
399	245	50	80
404	243	44	78
410	243	39	79
416	246	34	79
421	248	29	82
427	251	20	80
426	255	20	80
393	242	22	82
402	258	36	77
405	260	47	80
408	264	53	77
414	268	49	75
418	271	50	72
418	273	51	72
424	277	48	72
406	274	61	76
398	271	82	74
395	266	88	86
395	265	89	91
398	266	88	92
399	269	90	87
393	271	95	81
396	274	95	78
394	279	100	71
391	282	103	72
388	286	102	70
386	287	96	70
387	287	89	73
393	290	84	70
391	291	90	69
392	291	90	69
394	294	90	68
398	295	87	70
402	297	84	68
408	299	71	66
412	297	63	70
418	297	55	71
420	300	49	66
424	301	41	68
426	301	39	69
427	304	37	69
423	302	39	73
423	304	37	72
412	307	47	67
423	307	41	69
405	306	53	71
402	308	56	67
405	306	51	70
414	307	48	70
418	310	50	68
404	313	65	67
397	316	83	69
393	321	103	72
389	322	98	73
391	327	93	69
388	331	88	65
387	332	89	67
387	332	87	67
388	331	88	66
387	330	90	65
388	329	90	65
392	327	88	65
396	327	87	64
398	324	89	64
404	321	81	61
406	319	83	60
409	317	82	60
410	317	82	63
411	313	82	63
412	313	83	62
413	313	81	60
416	313	83	58
418	307	81	61
417	308	83	58
419	303	83	58
423	297	79	61
425	295	78	58
426	290	79	58
426	287	80	59
426	282	79	62
423	280	81	61
421	278	80	61
421	274	76	58
419	270	77	60
418	267	78	60
416	265	82	62
417	265	82	59
418	263	79	65
417	258	81	69
419	253	78	72
419	254	77	71
419	255	75	69
415	251	79	70
416	251	78	69
413	247	79	69
413	248	78	69
412	247	79	69
412	245	79	68
415	244	77	68
415	243	78	65
414	243	76	65
413	243	78	64
411	244	81	58
411	244	79	60
410	244	78	55
411	245	76	54
412	246	77	47
413	249	79	42
420	253	75	38
421	255	75	39
424	248	76	50
426	248	76	52
426	247	79	53
427	245	78	58
430	238	72	71
430	231	74	72
429	235	76	67
430	236	76	67
430	236	76	67
430	236	77	66
429	235	77	65
427	233	79	65
423	234	79	58
423	233	79	60
425	237	78	58
424	240	77	57
423	242	78	57
423	242	77	58
424	242	78	60
423	241	81	63
424	241	77	67
424	240	79	68
423	239	79	69
423	243	78	68
422	242	78	69
423	243	78	69
423	243	78	66
424	247	78	63
424	247	77	60
427	246	75	58
425	249	76	54
426	254	76	49
430	257	75	43
432	258	72	41
431	260	74	40
431	261	72	41
431	263	71	40
430	264	72	40
428	265	73	40
426	267	73	43
425	266	71	50
425	264	73	53
427	263	73	56
425	266	77	59
425	267	77	61
427	269	76	62
426	270	80	67
428	273	77	68
426	277	78	69
427	276	78	69
428	279	80	70
432	280	77	72
437	283	77	70
439	286	79	70
447	289	77	67
450	291	76	68
455	297	75	58
460	300	72	63
467	303	70	64
469	303	70	67
471	306	69	66
474	308	68	69
479	309	66	71
482	310	67	71
488	308	62	77
492	314	59	70
495	319	56	66
495	320	56	68
495	322	55	69
492	323	55	72
493	323	54	74
492	328	54	73
495	330	49	75
492	334	54	77
490	335	56	76
487	337	57	74
485	338	59	76
485	338	56	73
482	338	54	72
479	338	57	74
474	337	61	72
470	337	62	73
467	337	64	70
463	332	68	74
462	330	68	73
460	328	70	71
458	329	69	71
456	323	69	75
455	326	69	70
449	325	72	71
443	320	79	75
449	323	69	71
452	322	64	70
449	319	65	71
451	318	64	73
446	316	65	73
444	316	64	75
442	316	65	79
431	313	72	82
433	318	64	78
433	315	57	82
431	314	57	82
429	313	59	82
426	312	61	84
419	312	68	86
406	309	81	93
403	315	83	82
403	321	81	64
412	325	72	59
404	334	83	63
405	329	77	75
427	342	54	64
419	338	57	69
411	328	69	78
408	326	77	81
409	324	74	82
431	322	52	80
420	315	60	90
418	311	63	93
443	311	65	78
450	312	77	78
439	311	78	78
422	307	87	88
422	303	107	89
420	301	111	89
427	304	106	84
424	303	110	85
423	304	112	84
421	304	117	84
421	306	119	80
424	305	119	79
423	303	120	79
422	305	122	75
426	307	120	68
413	307	137	68
418	308	135	64
401	307	150	66
413	309	138	64
405	307	131	74
410	310	135	80
399	306	111	87
399	295	118	92
396	322	121	72
398	300	118	91
394	322	127	79
376	309	118	81
382	317	91	72
385	326	81	66
387	322	69	72
368	321	81	75
368	316	74	81
363	324	74	72
344	313	87	78
339	320	84	74
335	312	85	80
330	311	85	81
330	312	81	80
328	309	81	84
329	308	76	85
326	303	77	90
325	317	74	73
339	327	60	63
319	306	71	84
312	299	77	91
307	323	84	64
304	302	82	87
305	314	77	74
299	296	83	89
299	299	79	95
300	302	75	93
294	289	77	103
305	306	80	96
294	288	86	95
303	297	86	100
298	310	85	83
301	295	83	95
314	305	78	88
313	310	72	76
315	302	80	87
314	307	87	78
317	306	89	78
323	308	87	72
330	315	83	64
340	320	75	59
344	323	75	56
354	325	71	51
361	326	71	46
365	321	71	49
369	315	72	56
374	309	68	62
377	304	68	67
372	305	73	67
377	302	78	68
376	300	82	64
375	299	85	61
375	299	85	65
374	299	90	68
374	298	93	74
380	299	92	76
383	299	91	79
383	300	91	83
387	299	87	92
400	299	69	98
404	301	65	99
402	304	71	104
399	310	80	102
403	310	80	104
402	315	82	103
409	320	75	105
406	324	79	111
403	331	80	106
401	336	77	107
396	339	83	110
396	342	83	109
418	359	71	88
424	364	60	87
426	365	58	86
426	366	62	84
429	368	58	80
429	368	57	78
431	369	52	72
431	373	45	67
427	380	52	58
424	383	51	55
419	385	52	53
412	383	54	53
399	381	63	53
387	382	68	52
377	383	75	54
366	381	88	56
360	377	97	58
352	373	101	63
342	365	108	74
338	360	102	84
327	358	109	87
322	355	114	90
322	353	113	91
321	349	115	100
323	347	113	101
329	350	105	91
320	352	112	89
306	349	122	93
303	349	125	94
301	352	127	95
300	354	127	98
302	359	121	96
315	361	108	98
326	361	91	101
325	360	91	101
327	357	86	106
323	357	89	102
322	353	86	108
317	355	90	102
318	354	88	102
316	354	89	93
302	358	103	86
306	357	93	64
300	358	99	57
295	360	102	55
293	362	101	55
281	359	108	60
280	352	103	65
266	348	107	73
268	344	101	73
264	339	100	80
260	332	99	87
265	325	90	94
265	315	89	101
266	313	90	99
268	306	86	102
267	304	93	100
277	300	83	100
282	300	86	96
286	293	81	100
291	298	90	90
296	292	83	96
300	289	79	95
303	281	76	97
305	277	79	98
311	278	79	92
309	272	86	97
314	273	83	96
320	267	83	103
334	258	75	115
335	260	96	115
347	253	100	125
357	252	109	128
374	257	110	118
397	254	101	117
409	251	105	117
429	260	97	111
440	262	106	105
451	267	96	103
459	261	96	110
461	261	102	114
463	264	110	114
456	270	131	108
453	265	141	113
449	261	140	117
442	258	147	121
437	257	146	126
436	279	163	98
432	256	167	124
433	250	155	128
437	268	143	107
438	257	120	121
432	265	118	117
436	269	110	110
435	267	109	111
430	264	112	113
431	263	112	109
430	262	110	108
429	248	108	118
424	264	113	101
419	253	112	112
424	258	103	104
413	232	106	115
414	242	116	115
413	235	119	122
414	229	121	128
411	240	123	118
412	251	121	109
417	248	130	115
420	247	123	117
421	263	117	104
422	262	121	100
421	273	127	90
426	283	102	87
433	279	93	81
438	284	89	84
440	281	90	87
441	276	91	87
453	263	101	102
446	274	90	85
447	276	91	84
450	277	91	85
451	281	90	81
455	281	85	79
455	286	94	82
459	291	87	81
459	296	85	83
461	284	83	95
465	288	82	86
484	286	79	92
467	283	77	81
469	284	68	76
467	283	69	74
472	283	60	78
470	281	60	80
468	281	57	83
468	280	51	83
494	290	55	90
477	289	71	95
487	293	76	102
478	286	84	109
479	292	82	108
475	289	81	108
477	302	79	101
474	312	84	92
469	314	85	89
469	325	94	81
463	286	92	97
459	320	80	83
456	292	81	105
447	309	87	93
444	288	86	108
439	275	89	124
427	283	101	120
418	283	123	123
418	289	140	113
416	302	146	100
416	318	145	83
419	293	137	108
429	309	125	103
404	293	139	111
402	302	146	110
400	298	151	112
375	302	158	116
396	306	146	105
411	325	139	89
413	296	133	116
396	304	153	113
393	305	142	113
396	332	164	87
370	298	149	96
397	303	132	106
414	321	131	97
406	318	129	100
410	325	145	92
415	329	138	81
382	349	156	97
423	327	131	80
405	350	138	71
419	341	143	76
415	324	150	81
426	347	139	68
410	359	144	79
422	345	140	69
433	351	132	79
434	345	113	66
432	349	104	69
429	350	106	72
428	353	106	67
426	347	107	74
426	345	106	70
425	345	107	68
416	339	106	74
415	333	105	79
407	328	106	79
404	328	105	75
404	323	98	77
407	321	91	79
401	320	95	82
396	318	93	83
394	317	88	80
434	337	84	85
400	313	79	89
395	304	73	95
411	310	79	96
411	308	88	105
408	308	94	115
412	301	84	126
412	297	94	132
416	303	88	124
419	301	93	120
418	307	100	107
422	309	97	107
418	316	104	96
427	326	101	86
435	329	92	82
442	336	84	79
452	344	71	69
454	347	67	67
452	357	72	62
438	333	77	72
433	329	88	88
430	325	94	108
430	318	98	116
445	323	87	104
440	315	96	107
448	307	87	102
448	308	96	95
441	294	107	92
437	302	113	89
447	301	103	83
440	297	104	81
441	290	104	83
446	287	95	83
457	285	84	78
464	283	77	57
475	288	60	51
474	286	62	58
458	283	76	57
457	277	76	64
453	275	79	65
458	277	80	67
461	277	78	75
460	278	82	68
468	280	72	64
466	285	77	61
466	289	79	62
462	295	85	63
462	300	93	63
467	303	93	65
472	307	97	65
474	310	99	67
480	311	97	66
489	314	94	68
494	317	95	68
497	321	95	66
501	329	99	65
504	331	97	67
509	331	98	65
512	332	97	69
515	332	93	66
513	337	99	64
512	332	99	65
508	334	105	65
510	333	101	62
508	329	100	61
505	326	98	65
504	324	99	61
501	321	100	61
497	321	94	58
495	321	88	51
498	321	83	49
498	324	83	47
496	322	83	47
498	324	82	45
496	324	83	46
498	324	84	46
497	326	82	43
498	326	81	41
498	326	86	38
499	326	86	37
497	328	86	31
497	329	85	29
495	340	85	41
497	343	84	49
495	335	87	57
497	332	94	57
499	332	97	54
500	334	97	52
502	333	96	54
500	334	94	53
498	334	94	50
495	333	94	47
490	334	97	47
487	333	100	49
487	333	97	49
484	335	99	46
483	335	99	44
485	335	98	42
481	333	99	43
477	332	97	39
479	328	90	39
477	324	88	36
478	323	80	33
475	320	81	36
472	320	81	36
471	319	81	37
471	318	80	37
470	316	79	33
470	316	78	34
468	316	78	33
467	316	76	32
470	315	75	33
468	316	78	31
474	317	75	29
473	318	78	29
475	318	77	29
478	320	75	29
479	321	75	30
475	323	78	29
473	322	82	25
476	320	79	21
476	321	82	22
475	322	80	20
476	322	76	18
477	329	70	16
480	326	68	13
479	331	65	14
485	329	63	12
484	338	64	16
481	341	66	18
480	359	70	22
480	356	71	28
479	351	74	36
480	345	77	46
480	336	75	56
478	335	80	58
476	334	86	67
479	332	85	69
475	332	98	64
475	329	99	65
485	319	86	68
487	316	78	67
493	308	68	72
492	307	67	66
488	305	69	62
485	304	71	54
482	301	75	49
479	299	79	43
471	297	86	42
461	299	95	38
455	298	97	36
454	296	100	36
451	293	106	37
448	290	110	36
461	301	119	47
455	290	117	61
441	283	116	69
441	278	110	69
440	276	104	67
434	271	106	68
433	268	100	68
435	268	94	65
430	268	103	65
426	262	103	72
421	264	105	66
415	259	110	74
417	260	103	64
413	258	107	53
413	260	108	53
406	258	111	57
408	258	112	61
407	263	118	65
402	267	122	66
403	267	115	65
408	269	108	64
425	275	96	60
428	274	94	63
447	281	75	56
450	281	74	57
454	282	71	57
460	282	63	55
465	281	60	54
470	281	53	51
480	283	48	48
483	282	45	51
494	279	37	56
463	274	36	49
471	275	29	45
474	279	27	42
471	274	27	44
476	278	34	43
482	283	30	41
477	279	38	38
466	279	37	37
461	279	44	37
486	281	51	35
483	279	59	39
481	279	73	42
485	283	74	41
495	282	64	43
499	282	60	44
505	281	54	48
510	280	48	50
460	293	56	55
458	295	62	53
455	294	64	50
453	293	66	50
454	293	69	50
455	292	70	50
457	291	69	50
459	288	72	49
461	286	78	49
462	285	73	48
464	283	73	51
465	281	77	52
470	278	74	50
472	274	74	51
472	276	75	46
472	276	75	41
475	276	74	39
475	276	72	36
468	276	80	49
467	276	81	50
465	281	82	39
471	285	76	31
473	285	75	28
475	284	73	25
474	286	72	21
483	288	66	15
493	286	56	14
512	303	53	18
517	291	47	22
509	288	49	25
515	283	49	27
517	275	45	32
519	267	42	36
524	267	45	31
520	267	45	31
518	267	45	35
515	268	48	40
512	271	53	44
511	274	63	43
506	279	74	41
508	279	69	45
509	279	69	43
513	276	71	45
521	274	63	44
529	277	63	46
536	276	65	46
542	277	66	44
548	274	60	43
557	270	60	45
562	263	61	49
569	260	60	47
574	259	62	45
578	257	66	46
588	256	62	42
589	251	63	44
598	248	57	43
601	245	57	41
602	244	59	41
605	242	58	41
608	240	56	40
608	237	55	42
606	235	56	42
602	234	56	43
599	237	56	40
596	238	54	38
592	239	53	41
588	240	50	37
583	242	52	38
577	242	54	35
573	241	54	37
573	241	50	36
572	244	51	35
572	246	51	35
573	247	50	36
574	248	51	37
575	250	52	36
577	250	51	34
583	252	48	34
586	251	48	34
591	251	47	35
595	252	47	35
600	253	46	34
601	253	48	35
605	255	47	33
607	254	46	34
606	253	45	34
604	251	47	34
600	251	47	36
598	253	46	34
595	254	45	35
590	256	46	35
584	259	47	35
580	260	44	34
576	264	45	34
570	264	46	36
566	268	45	34
565	268	44	35
564	268	42	35
560	267	44	33
559	266	44	36
558	264	43	35
556	264	45	36
556	262	43	34
556	261	42	36
555	261	43	34
556	259	42	36
555	260	43	37
555	258	44	38
557	258	44	37
561	255	41	39
564	254	39	39
568	252	34	42
568	251	31	41
567	251	29	40
566	254	27	39
565	256	24	35
565	256	21	36
563	255	20	39
559	254	24	40
557	250	22	45
549	251	25	46
536	250	30	42
537	248	27	36
536	248	26	33
533	248	28	33
535	248	27	30
536	247	27	32
536	246	26	32
535	246	27	32
537	245	27	33
537	244	26	33
538	245	26	32
539	245	27	34
539	246	26	33
540	246	25	34
540	245	27	35
543	247	25	36
540	248	31	36
545	249	26	37
547	251	24	34
547	252	25	34
543	251	28	36
535	251	35	40
529	251	41	43
523	253	47	43
521	253	52	41
524	253	46	42
524	253	48	41
523	254	51	38
525	254	49	40
524	255	51	39
524	258	49	37
525	257	49	38
525	258	49	37
523	257	56	37
524	256	57	40
524	255	56	39
524	256	57	37
523	255	58	38
523	256	58	38
524	259	57	35
524	258	57	36
523	259	57	35
524	258	57	36
525	261	56	36
527	261	54	37
527	262	54	36
528	260	55	37
530	262	52	37
531	262	51	36
531	262	50	37
531	261	50	36
531	261	50	35
530	261	51	36
531	261	49	35
531	260	48	35
531	259	49	35
531	258	48	35
532	255	49	39
531	254	49	40
531	253	50	41
530	252	50	39
530	251	49	40
528	250	49	41
527	249	50	38
527	249	48	36
526	248	50	36
528	247	49	35
527	248	50	33
524	247	49	32
525	248	50	29
524	247	51	29
527	247	49	29
529	248	47	26
530	246	45	28
529	245	44	31
528	246	44	28
526	247	47	24
527	245	43	24
527	243	43	28
526	243	44	30
524	243	45	33
522	242	48	36
523	240	46	38
522	241	49	38
523	241	47	39
522	242	46	40
522	242	46	39
522	241	45	39
522	242	45	38
522	243	44	39
523	244	42	37
523	244	42	36
525	244	41	35
525	244	41	35
525	243	39	34
523	241	41	34
522	240	42	35
520	241	43	35
520	241	42	35
520	241	41	34
520	240	40	34
519	239	41	35
518	240	42	34
517	240	42	34
516	239	42	35
515	238	42	33
513	238	44	35
512	238	44	34
514	238	45	32
515	237	47	41
514	238	50	40
515	237	48	39
515	238	49	42
514	239	49	41
514	237	51	41
513	238	51	40
513	239	51	39
513	238	50	40
512	239	52	37
513	240	51	37
513	241	52	36
514	243	48	33
516	242	45	33
515	244	46	30
516	244	46	31
518	246	43	26
517	246	44	25
518	247	45	24
517	247	46	25
519	247	43	25
520	248	41	23
518	249	43	22
519	248	41	24
519	248	41	24
518	247	45	27
518	246	52	34
517	244	50	39
519	242	47	42
520	241	47	43
519	242	48	42
519	243	48	42
519	244	48	42
519	244	48	42
519	247	49	41
520	245	46	42
520	246	47	41
522	246	44	40
523	248	45	36
523	248	45	36
523	247	45	35
522	246	45	35
524	246	43	35
522	245	45	41
522	246	45	40
523	246	45	41
524	246	44	40
524	247	46	39
523	248	44	37
524	249	43	36
524	249	43	36
526	250	41	34
526	249	40	32
525	251	41	31
525	252	40	29
526	252	39	28
526	252	39	25
525	251	39	24
525	249	40	30
523	249	42	32
521	249	44	36
524	249	40	36
522	249	43	37
521	249	45	39
523	247	39	41
523	249	40	41
523	249	38	40
524	249	37	40
523	250	37	40
522	250	35	40
522	251	35	38
524	253	33	35
524	253	32	35
524	252	33	35
524	252	31	36
525	252	30	35
525	253	29	35
525	252	27	35
525	253	25	34
526	252	25	35
527	253	23	34
528	252	20	35
519	253	24	34
516	255	25	34
512	255	29	34
511	256	29	35
507	257	33	36
509	259	29	33
512	257	25	36
514	257	25	37
515	256	25	36
516	255	25	37
517	254	26	36
518	254	27	35
522	253	26	35
524	252	25	35
525	254	24	32
526	254	23	31
527	253	22	33
527	254	23	33
528	256	22	31
531	256	21	31
532	257	21	31
533	259	21	28
533	259	21	29
535	259	19	30
536	261	20	28
537	263	19	28
539	266	16	25
540	268	14	25
510	278	18	30
510	278	17	36
511	268	22	39
509	265	30	40
507	262	37	44
501	261	46	44
497	260	51	44
491	258	55	47
489	257	54	48
485	256	55	47
481	257	57	40
479	255	56	39
475	255	58	38
473	254	54	34
466	253	57	31
462	255	56	28
456	251	57	30
450	248	56	30
446	247	56	30
443	247	54	28
441	245	50	31
440	244	46	31
439	245	42	29
435	245	43	28
435	248	40	26
437	251	37	22
439	253	35	21
440	255	35	20
437	255	37	22
439	257	36	25
442	258	34	26
441	257	36	27
442	256	39	29
444	258	40	33
443	261	46	34
442	261	53	37
445	266	54	35
444	256	62	44
445	260	64	41
448	265	62	38
452	253	66	49
449	254	75	48
453	252	76	58
459	252	77	73
456	246	78	77
461	248	81	77
461	251	81	76
461	253	80	77
459	254	84	78
457	254	82	79
454	257	85	78
448	261	88	77
442	265	94	75
440	262	91	78
430	255	85	63
430	256	89	66
432	253	87	80
435	253	80	89
429	236	81	103
423	247	82	95
423	255	74	87
418	252	79	91
415	243	76	100
419	254	68	91
410	254	77	86
410	255	75	87
409	256	76	86
408	250	76	94
409	228	76	109
415	249	74	95
425	249	63	95
431	253	63	92
402	233	71	90
398	257	78	85
395	260	70	87
408	261	86	81
410	265	109	86
416	274	106	81
421	278	108	83
426	276	117	89
430	276	120	92
405	271	102	87
430	278	82	73
438	281	76	81
443	299	69	70
449	287	71	58
432	310	73	67
449	302	67	75
456	293	64	91
460	286	70	96
473	284	60	98
483	285	46	104
480	283	56	103
482	286	62	98
460	321	60	76
479	316	68	73
500	305	64	79
525	295	53	80
487	307	60	78
492	305	74	77
485	313	94	70
479	311	110	78
466	316	123	78
460	319	125	82
445	326	130	88
428	341	137	88
411	344	135	93
394	351	129	87
359	357	139	92
334	367	146	112
313	387	145	106
295	425	145	111
292	465	146	90
182	384	128	96
-26	489	133	113
-116	514	135	144
-119	518	167	139
-142	510	184	157
-166	517	189	158
-159	517	179	163
-139	502	157	178
-141	525	152	149
-129	526	136	137
21	335	112	131
-41	334	114	144
-98	486	127	134
-105	481	118	142
-101	479	124	150
-96	500	112	135
-90	514	109	120
-65	514	116	122
-104	534	128	98
-108	521	118	78
-103	540	128	59
-104	538	126	45
-88	537	129	43
-101	522	115	40
-87	535	101	43
-67	519	93	47
-67	524	91	46
-70	526	96	50
-64	532	87	45
-60	536	78	41
-69	534	81	43
-58	537	87	35
-63	524	94	36
-65	524	99	44
-61	527	85	43
-59	530	77	41
-64	531	84	43
