408.500000,163.800000,56.500000,126.000000
409.192474,163.942108,57.000000,126.000000
409.037567,164.758820,57.000000,126.000000
408.866241,165.214737,57.000000,126.000000
408.520966,165.101410,57.000000,126.000000
408.134033,165.037323,57.000000,126.000000
408.575470,164.860565,57.000000,126.000000
408.358643,165.443726,57.000000,126.000000
409.055328,165.380859,57.000000,126.000000
409.107605,165.332809,57.000000,126.000000
409.225800,165.240158,57.000000,126.000000
409.483002,164.775818,57.000000,126.000000
409.844696,164.866730,57.000000,126.000000
409.511353,164.717422,57.000000,126.000000
409.481262,164.418076,57.000000,126.000000
410.512421,163.693405,57.000000,126.000000
410.242584,162.908936,57.000000,126.000000
412.289154,163.506348,55.882355,123.529411
411.974976,159.840927,57.000000,126.000000
413.979065,161.261597,55.882355,123.529411
413.713257,158.377365,57.000000,126.000000
414.780121,159.874954,55.882355,123.529411
416.052521,159.788162,55.882355,123.529411
417.252533,159.251846,55.882355,123.529411
415.972046,156.891937,57.000000,126.000000
418.323059,158.898895,55.882355,123.529411
417.549988,157.404465,57.000000,126.000000
418.125916,157.108109,57.000000,126.000000
418.852142,157.232880,57.000000,126.000000
418.836548,157.629608,57.000000,126.000000
420.420715,159.909973,55.882355,123.529411
419.734772,158.443726,57.000000,126.000000
420.773529,159.581390,55.882355,123.529411
420.755371,159.551804,55.882355,123.529411
421.020569,159.790649,55.882355,123.529411
422.715240,160.197815,55.882355,123.529411
423.882050,160.580994,55.882355,123.529411
425.398102,160.051254,55.882355,123.529411
426.586548,160.024780,55.882355,123.529411
427.671631,161.155899,55.882355,123.529411
428.232422,162.096481,55.882355,123.529411
428.052490,163.482880,55.882355,123.529411
429.381927,165.389343,54.786621,121.107269
429.187592,167.148102,54.786621,121.107269
429.186035,166.385376,55.882355,123.529411
429.245514,166.708542,55.882355,123.529411
429.470215,167.513931,55.882355,123.529411
430.370544,167.552597,55.882355,123.529411
431.414917,167.576263,55.882355,123.529411
431.873901,165.260788,57.000000,126.000000
432.837097,164.539291,57.000000,126.000000
433.848816,163.506424,57.000000,126.000000
434.587799,162.345932,57.000000,126.000000
434.583862,161.209274,57.000000,126.000000
436.962677,161.587921,55.882355,123.529411
437.282257,160.968933,55.882355,123.529411
437.151550,162.133270,54.786621,121.107269
436.986267,161.886230,54.786621,121.107269
437.005554,161.856674,54.786621,121.107269
437.219849,162.692200,54.786621,121.107269
437.435394,162.235519,55.882355,123.529411
437.664520,163.022812,55.882355,123.529411
438.535156,165.390808,55.882355,123.529411
437.918304,164.648743,57.000000,126.000000
437.808014,167.529755,57.000000,126.000000
439.084015,168.007751,57.000000,126.000000
439.647583,167.978470,57.000000,126.000000
440.575043,170.731766,55.882355,123.529411
440.624481,170.813950,55.882355,123.529411
440.317932,171.203293,55.882355,123.529411
440.398071,171.820618,55.882355,123.529411
439.278198,169.899933,57.000000,126.000000
440.028015,172.121246,55.882355,123.529411
438.168945,170.608917,57.000000,126.000000
437.248779,170.303421,57.000000,126.000000
437.063416,169.688049,57.000000,126.000000
438.032471,171.787766,55.882355,123.529411
438.826111,172.130447,55.882355,123.529411
439.263947,172.708923,55.882355,123.529411
438.291931,170.305191,57.000000,126.000000
440.358154,171.656021,55.882355,123.529411
440.661224,171.800827,55.882355,123.529411
441.411133,171.459274,55.882355,123.529411
441.658356,171.048019,55.882355,123.529411
441.775513,171.240738,55.882355,123.529411
441.376221,170.532669,55.882355,123.529411
440.437866,170.499832,55.882355,123.529411
440.037415,170.447876,55.882355,123.529411
440.657288,170.391891,55.882355,123.529411
440.296692,170.424332,55.882355,123.529411
439.545319,170.648178,55.882355,123.529411
439.089813,171.103439,55.882355,123.529411
438.906586,171.490051,55.882355,123.529411
439.902466,171.137085,55.882355,123.529411
440.768066,173.269272,54.786621,121.107269
440.018127,171.599258,55.882355,123.529411
441.032532,170.861206,55.882355,123.529411
441.059204,170.576065,55.882355,123.529411
440.295380,170.393906,55.882355,123.529411
440.519745,170.046677,55.882355,123.529411
440.968048,170.416977,55.882355,123.529411
441.835236,170.131744,55.882355,123.529411
442.155823,169.903427,55.882355,123.529411
441.983948,169.466125,55.882355,123.529411
442.985626,168.565720,55.882355,123.529411
443.794830,168.073029,55.882355,123.529411
444.292297,168.164963,55.882355,123.529411
444.662476,167.562805,55.882355,123.529411
444.654999,166.946701,55.882355,123.529411
445.149628,166.766479,55.882355,123.529411
444.479919,165.919983,55.882355,123.529411
444.659363,165.543259,55.882355,123.529411
444.880524,165.158630,55.882355,123.529411
445.426483,165.083542,55.882355,123.529411
282.524872,267.807800,52.388390,115.805916
282.233948,269.519958,52.388390,115.805916
281.384155,268.472626,52.388390,115.805916
282.084564,268.892090,52.388390,115.805916
282.058929,269.354706,52.388390,115.805916
281.709137,267.746368,52.388390,115.805916
282.919403,269.625153,51.361168,113.535210
282.293549,268.047180,52.388390,115.805916
282.424194,270.144012,51.361168,113.535210
281.946594,268.592072,52.388390,115.805916
281.551361,268.260345,52.388390,115.805916
282.242554,268.034027,52.388390,115.805916
282.268158,269.881287,51.361168,113.535210
282.326538,268.575348,52.388390,115.805916
282.407715,268.230042,52.388390,115.805916
282.292572,268.031799,52.388390,115.805916
282.597198,269.954834,51.361168,113.535210
281.903259,268.588440,52.388390,115.805916
281.885010,268.328003,52.388390,115.805916
281.760223,268.135376,52.388390,115.805916
282.388123,267.900513,52.388390,115.805916
282.783356,269.881866,51.361168,113.535210
282.142700,268.571594,52.388390,115.805916
282.334900,268.401917,52.388390,115.805916
282.187347,268.171112,52.388390,115.805916
282.129486,267.926788,52.388390,115.805916
282.562134,269.836212,51.361168,113.535210
282.205872,268.485779,52.388390,115.805916
282.353516,268.349365,52.388390,115.805916
282.481934,268.192139,52.388390,115.805916
282.347809,268.062317,52.388390,115.805916
282.378082,268.777283,52.388390,115.805916
282.484253,268.612396,52.388390,115.805916
282.503082,268.488800,52.388390,115.805916
282.667877,268.339020,52.388390,115.805916
282.733063,268.148926,52.388390,115.805916
282.821564,268.035645,52.388390,115.805916
282.029846,268.812958,52.388390,115.805916
282.092773,268.634735,52.388390,115.805916
282.239838,268.433533,52.388390,115.805916
282.425842,268.232544,52.388390,115.805916
282.585999,268.033051,52.388390,115.805916
282.676117,268.694244,52.388390,115.805916
282.828796,268.503021,52.388390,115.805916
282.196747,268.474457,52.388390,115.805916
282.414276,268.379547,52.388390,115.805916
282.618866,268.259735,52.388390,115.805916
282.801758,268.189789,52.388390,115.805916
283.048340,268.138733,52.388390,115.805916
282.530457,268.124451,52.388390,115.805916
282.732513,268.034485,52.388390,115.805916
282.861877,268.755585,52.388390,115.805916
282.483521,268.761719,52.388390,115.805916
282.754456,268.645477,52.388390,115.805916
282.968628,268.527954,52.388390,115.805916
282.548218,268.534760,52.388390,115.805916
282.881500,268.493042,52.388390,115.805916
282.441010,268.441498,52.388390,115.805916
282.807739,268.350830,52.388390,115.805916
282.339203,268.375580,52.388390,115.805916
282.659546,268.287628,52.388390,115.805916
283.062164,268.130676,52.388390,115.805916
282.638977,268.082001,52.388390,115.805916
283.053955,268.843018,52.388390,115.805916
282.726685,268.884949,52.388390,115.805916
283.147675,268.753571,52.388390,115.805916
282.941498,268.701294,52.388390,115.805916
282.645020,268.653198,52.388390,115.805916
283.087799,268.645538,52.388390,115.805916
282.805267,268.663269,52.388390,115.805916
283.313568,268.570374,52.388390,115.805916
283.107635,268.650116,52.388390,115.805916
282.859863,268.706238,52.388390,115.805916
282.677246,268.647278,52.388390,115.805916
283.209320,268.567932,52.388390,115.805916
283.015686,268.563751,52.388390,115.805916
282.907806,268.529510,52.388390,115.805916
282.655945,268.584320,52.388390,115.805916
283.197998,268.556183,52.388390,115.805916
282.890564,268.639435,52.388390,115.805916
282.717896,268.575806,52.388390,115.805916
283.321167,268.492981,52.388390,115.805916
283.265106,268.528748,52.388390,115.805916
283.047760,268.570160,52.388390,115.805916
282.893494,268.611389,52.388390,115.805916
282.739380,268.721832,52.388390,115.805916
283.370392,268.680878,52.388390,115.805916
283.147156,268.724121,52.388390,115.805916
282.968933,268.773285,52.388390,115.805916
282.801025,268.835052,52.388390,115.805916
283.506653,268.860840,52.388390,115.805916
283.484863,268.822662,52.388390,115.805916
283.383026,268.985107,52.388390,115.805916
283.180450,269.017090,52.388390,115.805916
282.956390,269.224274,52.388390,115.805916
282.936401,268.451111,52.388390,115.805916
282.909393,268.565216,52.388390,115.805916
282.899841,268.711151,52.388390,115.805916
282.876862,268.795471,52.388390,115.805916
282.882935,268.861908,52.388390,115.805916
283.075378,268.938782,52.388390,115.805916
283.053436,268.971008,52.388390,115.805916
283.068420,269.098511,52.388390,115.805916
283.127441,268.377808,52.388390,115.805916
283.115479,268.492859,52.388390,115.805916
283.220490,268.670502,52.388390,115.805916
283.319397,268.838043,52.388390,115.805916
283.318451,268.948334,52.388390,115.805916
283.368713,269.123352,52.388390,115.805916
283.380127,268.500183,52.388390,115.805916
283.520996,268.639801,52.388390,115.805916
283.685272,268.753510,52.388390,115.805916
283.781281,268.878082,52.388390,115.805916
283.985535,269.041962,52.388390,115.805916
283.320190,269.165680,52.388390,115.805916
283.356110,268.588684,52.388390,115.805916
283.447052,268.741058,52.388390,115.805916
283.670868,268.941376,52.388390,115.805916
283.862640,269.164368,52.388390,115.805916
283.310211,268.612427,52.388390,115.805916
283.571045,268.858429,52.388390,115.805916
283.801208,269.020508,52.388390,115.805916
284.061096,269.156586,52.388390,115.805916
283.352539,268.670349,52.388390,115.805916
283.605530,268.820679,52.388390,115.805916
283.908417,268.959839,52.388390,115.805916
283.243622,269.076843,52.388390,115.805916
283.558868,269.223358,52.388390,115.805916
283.822540,268.648315,52.388390,115.805916
283.149445,268.827972,52.388390,115.805916
283.458405,268.965210,52.388390,115.805916
283.716522,269.079285,52.388390,115.805916
283.921631,269.255554,52.388390,115.805916
283.322540,268.734436,52.388390,115.805916
283.676392,268.842194,52.388390,115.805916
284.100342,268.962524,52.388390,115.805916
283.461365,269.207886,52.388390,115.805916
283.896820,268.590698,52.388390,115.805916
283.410004,268.801208,52.388390,115.805916
283.751068,268.982727,52.388390,115.805916
284.199066,269.185822,52.388390,115.805916
283.768829,268.694183,52.388390,115.805916
284.149292,268.945557,52.388390,115.805916
283.657684,269.193573,52.388390,115.805916
284.069946,268.619110,52.388390,115.805916
283.602234,268.874023,52.388390,115.805916
284.028534,269.152802,52.388390,115.805916
283.627441,268.701202,52.388390,115.805916
284.071808,268.979248,52.388390,115.805916
283.603790,269.245239,52.388390,115.805916
283.956329,268.743073,52.388390,115.805916
283.492096,268.945709,52.388390,115.805916
283.926880,269.141907,52.388390,115.805916
283.581879,268.672821,52.388390,115.805916
284.059326,268.858887,52.388390,115.805916
283.728058,269.160950,52.388390,115.805916
284.298615,268.642334,52.388390,115.805916
283.848999,268.887054,52.388390,115.805916
283.466705,269.193970,52.388390,115.805916
283.994751,268.706879,52.388390,115.805916
283.735168,268.913177,52.388390,115.805916
284.195251,269.120941,52.388390,115.805916
283.871948,268.640717,52.388390,115.805916
283.609009,268.937775,52.388390,115.805916
284.321167,269.169678,52.388390,115.805916
284.093384,268.755066,52.388390,115.805916
283.791199,269.043488,52.388390,115.805916
284.332977,269.305145,52.388390,115.805916
284.171234,268.890594,52.388390,115.805916
284.069061,269.192230,52.388390,115.805916
283.905914,268.874329,52.388390,115.805916
283.777069,269.216919,52.388390,115.805916
284.423004,268.826538,52.388390,115.805916
284.260284,269.142365,52.388390,115.805916
284.167542,268.843079,52.388390,115.805916
284.054688,269.161865,52.388390,115.805916
283.943756,268.846741,52.388390,115.805916
283.747894,269.177155,52.388390,115.805916
284.568207,268.790344,52.388390,115.805916
284.421844,269.128906,52.388390,115.805916
284.338318,268.712280,52.388390,115.805916
284.225128,269.086578,52.388390,115.805916
284.126434,269.341278,52.388390,115.805916
284.069519,269.037048,52.388390,115.805916
283.963074,269.395996,52.388390,115.805916
283.999420,269.116150,52.388390,115.805916
283.992065,268.736145,52.388390,115.805916
283.788055,269.092651,52.388390,115.805916
284.760681,269.423096,52.388390,115.805916
284.882050,269.191315,52.388390,115.805916
284.187347,268.849243,52.388390,115.805916
284.223236,269.230499,52.388390,115.805916
284.256317,268.894836,52.388390,115.805916
284.219879,269.315796,52.388390,115.805916
284.299805,269.031097,52.388390,115.805916
284.308197,269.439087,52.388390,115.805916
284.450714,269.140503,52.388390,115.805916
284.550781,268.778229,52.388390,115.805916
284.570007,269.283020,52.388390,115.805916
284.705872,268.917572,52.388390,115.805916
284.779633,269.317627,52.388390,115.805916
284.892700,269.016174,52.388390,115.805916
284.251801,269.296936,52.388390,115.805916
284.446259,268.899323,52.388390,115.805916
284.564911,269.341919,52.388390,115.805916
284.771057,269.044098,52.388390,115.805916
284.826813,269.453522,52.388390,115.805916
284.189178,269.169159,52.388390,115.805916
284.328430,268.848663,52.388390,115.805916
284.457886,269.300507,52.388390,115.805916
284.737488,269.038483,52.388390,115.805916
284.958191,269.507568,52.388390,115.805916
284.374084,269.174591,52.388390,115.805916
284.707275,268.873627,52.388390,115.805916
284.942902,269.320770,52.388390,115.805916
284.363434,269.078461,52.388390,115.805916
284.611908,269.456116,52.388390,115.805916
284.937744,269.169189,52.388390,115.805916
284.404175,268.928406,52.388390,115.805916
284.585846,269.355042,52.388390,115.805916
285.035004,269.101593,52.388390,115.805916
284.613953,268.848328,52.388390,115.805916
284.860779,269.290131,52.388390,115.805916
284.353455,269.038239,52.388390,115.805916
284.750275,269.492432,52.388390,115.805916
285.060547,269.206329,52.388390,115.805916
284.612305,269.005310,52.388390,115.805916
284.970215,269.540466,52.388390,115.805916
284.479584,269.410309,52.388390,115.805916
284.907745,269.245697,52.388390,115.805916
284.473938,269.179016,52.388390,115.805916
284.910583,268.977753,52.388390,115.805916
284.529602,269.524109,52.388390,115.805916
284.986969,269.335999,52.388390,115.805916
284.664093,269.167175,52.388390,115.805916
285.122375,268.935699,52.388390,115.805916
284.740540,269.453735,52.388390,115.805916
285.224396,269.263458,52.388390,115.805916
284.863861,269.118103,52.388390,115.805916
284.517426,268.955994,52.388390,115.805916
284.965179,269.430664,52.388390,115.805916
284.697540,269.349579,52.388390,115.805916
285.240387,269.148254,52.388390,115.805916
284.906006,269.014984,52.388390,115.805916
284.530823,269.540009,52.388390,115.805916
285.101013,269.375336,52.388390,115.805916
284.856476,269.222015,52.388390,115.805916
284.595154,269.094177,52.388390,115.805916
285.210571,269.586426,52.388390,115.805916
284.891785,269.400879,52.388390,115.805916
284.663605,269.263763,52.388390,115.805916
285.331268,269.203613,52.388390,115.805916
285.192780,269.047363,52.388390,115.805916
284.996796,269.733337,52.388390,115.805916
284.777771,269.600677,52.388390,115.805916
285.482758,269.452057,52.388390,115.805916
285.242859,269.280762,52.388390,115.805916
285.097076,269.155151,52.388390,115.805916
284.955566,269.035736,52.388390,115.805916
284.842255,269.611420,52.388390,115.805916
284.803650,269.484894,52.388390,115.805916
285.502808,269.342804,52.388390,115.805916
285.484283,269.202026,52.388390,115.805916
285.367340,269.101440,52.388390,115.805916
285.252594,269.007935,52.388390,115.805916
285.078369,269.610596,52.388390,115.805916
285.035248,269.555817,52.388390,115.805916
284.969849,269.471497,52.388390,115.805916
284.956970,269.370789,52.388390,115.805916
284.930939,269.298248,52.388390,115.805916
284.927795,269.228821,52.388390,115.805916
284.894623,269.222107,52.388390,115.805916
284.839813,269.185760,52.388390,115.805916
284.931091,269.157715,52.388390,115.805916
284.903656,269.148010,52.388390,115.805916
284.883026,269.108185,52.388390,115.805916
284.888336,269.044189,52.388390,115.805916
284.926910,269.721436,52.388390,115.805916
285.041779,269.688263,52.388390,115.805916
285.186920,269.635925,52.388390,115.805916
285.297333,269.597748,52.388390,115.805916
285.507568,269.698792,52.388390,115.805916
285.566925,269.717163,52.388390,115.805916
285.557465,269.661774,52.388390,115.805916
285.680908,269.642700,52.388390,115.805916
285.777344,269.574066,52.388390,115.805916
285.935944,269.653595,52.388390,115.805916
285.264496,269.717957,52.388390,115.805916
285.490082,269.648712,52.388390,115.805916
285.661774,269.663879,52.388390,115.805916
285.761566,269.623108,52.388390,115.805916
285.913879,269.577606,52.388390,115.805916
285.342590,269.668335,52.388390,115.805916
285.532806,269.642303,52.388390,115.805916
285.665894,269.639160,52.388390,115.805916
285.824493,269.568207,52.388390,115.805916
285.323364,269.672028,52.388390,115.805916
285.640778,269.696014,52.388390,115.805916
285.836243,269.711395,52.388390,115.805916
285.264099,269.839478,52.388390,115.805916
285.492004,269.785095,52.388390,115.805916
285.811798,269.677155,52.388390,115.805916
285.319763,269.769318,52.388390,115.805916
285.679443,269.851624,52.388390,115.805916
286.032074,269.751678,52.388390,115.805916
285.598236,269.897308,52.388390,115.805916
285.890991,269.885193,52.388390,115.805916
285.382599,270.028809,52.388390,115.805916
285.723206,270.079620,52.388390,115.805916
286.012299,270.030182,52.388390,115.805916
285.558838,270.008636,52.388390,115.805916
286.028320,270.022705,52.388390,115.805916
285.583313,270.144257,52.388390,115.805916
285.982178,269.523468,52.388390,115.805916
285.502838,269.583496,52.388390,115.805916
285.876801,269.646179,52.388390,115.805916
285.558624,269.780670,52.388390,115.805916
285.858734,269.786957,52.388390,115.805916
285.458923,269.882050,52.388390,115.805916
285.877960,269.868256,52.388390,115.805916
285.539276,270.094330,52.388390,115.805916
286.069977,270.121429,52.388390,115.805916
285.772736,269.609070,52.388390,115.805916
286.290588,269.718842,52.388390,115.805916
286.091461,269.903687,52.388390,115.805916
285.835571,269.934662,52.388390,115.805916
285.513062,270.152496,52.388390,115.805916
286.189087,269.460510,52.388390,115.805916
285.919891,269.608002,52.388390,115.805916
285.742767,269.766235,52.388390,115.805916
286.295410,269.830475,52.388390,115.805916
286.086182,269.993652,52.388390,115.805916
285.895233,270.271759,52.388390,115.805916
285.769379,269.647308,52.388390,115.805916
286.406097,269.736359,52.388390,115.805916
286.241638,269.909485,52.388390,115.805916
286.033173,270.039703,52.388390,115.805916
285.899170,270.205933,52.388390,115.805916
285.752502,269.746887,52.388390,115.805916
286.383606,269.812469,52.388390,115.805916
286.298645,269.982513,52.388390,115.805916
286.239838,270.109131,52.388390,115.805916
286.156616,269.562103,52.388390,115.805916
286.079346,269.828552,52.388390,115.805916
286.083405,270.070557,52.388390,115.805916
285.986267,270.281250,52.388390,115.805916
285.985535,269.808563,52.388390,115.805916
285.936859,270.004333,52.388390,115.805916
285.929535,270.265564,52.388390,115.805916
285.831268,269.742035,52.388390,115.805916
285.734680,269.913208,52.388390,115.805916
286.485626,270.048065,52.388390,115.805916
286.531281,270.223328,52.388390,115.805916
286.555878,269.665802,52.388390,115.805916
286.500458,269.912567,52.388390,115.805916
286.520721,270.115631,52.388390,115.805916
286.561798,269.736267,52.388390,115.805916
286.630249,270.000122,52.388390,115.805916
286.643982,270.215698,52.388390,115.805916
286.600586,269.755219,52.388390,115.805916
286.615448,270.020142,52.388390,115.805916
286.636719,270.204224,52.388390,115.805916
286.769348,269.709686,52.388390,115.805916
286.860382,269.977661,52.388390,115.805916
286.202362,270.269714,52.388390,115.805916
286.302826,269.795380,52.388390,115.805916
286.424713,270.071503,52.388390,115.805916
286.486450,270.290405,52.388390,115.805916
286.626587,269.847839,52.388390,115.805916
286.711487,270.034180,52.388390,115.805916
286.811554,270.240295,52.388390,115.805916
286.027679,269.881378,52.388390,115.805916
286.203613,270.123962,52.388390,115.805916
286.364288,269.694702,52.388390,115.805916
286.626648,269.922028,52.388390,115.805916
286.777222,270.230255,52.388390,115.805916
286.991577,269.780823,52.388390,115.805916
286.337860,270.054749,52.388390,115.805916
286.510315,270.338501,52.388390,115.805916
286.727295,269.912842,52.388390,115.805916
286.933472,270.197174,52.388390,115.805916
286.362915,269.843445,52.388390,115.805916
286.552795,270.151031,52.388390,115.805916
286.775482,269.832275,52.388390,115.805916
287.015594,270.122986,52.388390,115.805916
286.501404,269.836243,52.388390,115.805916
286.839844,270.142395,52.388390,115.805916
286.414734,269.741302,52.388390,115.805916
286.798248,270.105316,52.388390,115.805916
287.087524,269.776733,52.388390,115.805916
286.712830,270.089569,52.388390,115.805916
287.058441,270.365936,52.388390,115.805916
286.604309,270.027069,52.388390,115.805916
286.907684,270.388092,52.388390,115.805916
286.509979,269.965271,52.388390,115.805916
286.808350,270.355927,52.388390,115.805916
286.330536,269.991333,52.388390,115.805916
286.706818,270.345520,52.388390,115.805916
287.146393,269.976013,52.388390,115.805916
286.697601,270.381317,52.388390,115.805916
287.145111,270.063599,52.388390,115.805916
286.770142,270.423950,52.388390,115.805916
287.228882,270.048676,52.388390,115.805916
286.884796,270.448853,52.388390,115.805916
286.636139,270.129181,52.388390,115.805916
287.082031,269.828278,52.388390,115.805916
286.719299,270.242889,52.388390,115.805916
287.257080,269.964996,52.388390,115.805916
286.946960,270.443695,52.388390,115.805916
286.604828,270.087769,52.388390,115.805916
287.153351,270.450256,52.388390,115.805916
286.700470,270.201202,52.388390,115.805916
287.236481,269.842102,52.388390,115.805916
286.949463,270.219757,52.388390,115.805916
286.700867,269.923492,52.388390,115.805916
287.214081,270.311981,52.388390,115.805916
287.027679,270.037537,52.388390,115.805916
286.703033,270.483948,52.388390,115.805916
287.263611,270.219238,52.388390,115.805916
287.018829,269.972870,52.388390,115.805916
286.793091,270.358917,52.388390,115.805916
287.369537,270.105499,52.388390,115.805916
287.093842,269.893524,52.388390,115.805916
286.756226,270.413971,52.388390,115.805916
287.375580,270.173035,52.388390,115.805916
287.247192,269.970978,52.388390,115.805916
287.068268,270.450348,52.388390,115.805916
286.897522,270.149109,52.388390,115.805916
286.717651,269.906494,52.388390,115.805916
287.325867,270.280945,52.388390,115.805916
287.148285,270.123993,52.388390,115.805916
286.990784,269.802399,52.388390,115.805916
286.854889,270.269989,52.388390,115.805916
286.727661,270.049683,52.388390,115.805916
287.441956,270.529694,52.388390,115.805916
287.450531,270.303070,52.388390,115.805916
287.285797,270.033234,52.388390,115.805916
287.102753,270.509766,52.388390,115.805916
287.050385,270.332123,52.388390,115.805916
286.986633,270.105011,52.388390,115.805916
286.870239,269.923676,52.388390,115.805916
286.709320,270.469086,52.388390,115.805916
287.429871,270.224579,52.388390,115.805916
287.370911,270.039215,52.388390,115.805916
287.273468,270.572723,52.388390,115.805916
287.256012,270.425903,52.388390,115.805916
287.239258,270.215393,52.388390,115.805916
287.231293,270.108795,52.388390,115.805916
287.090637,269.971924,52.388390,115.805916
286.955963,270.635345,52.388390,115.805916
286.964417,270.579407,52.388390,115.805916
286.979523,270.445007,52.388390,115.805916
286.958954,270.237610,52.388390,115.805916
287.049133,270.085876,52.388390,115.805916
287.036102,270.640930,52.388390,115.805916
287.128265,270.487000,52.388390,115.805916
287.145508,270.454651,52.388390,115.805916
287.255249,270.360199,52.388390,115.805916
287.267700,270.181549,52.388390,115.805916
287.293976,270.027740,52.388390,115.805916
287.204224,270.587433,52.388390,115.805916
287.229065,270.522339,52.388390,115.805916
287.245605,270.414154,52.388390,115.805916
287.302551,270.259827,52.388390,115.805916
287.381866,270.232300,52.388390,115.805916
287.481781,270.216370,52.388390,115.805916
287.573364,270.095947,52.388390,115.805916
287.678345,270.657990,52.388390,115.805916
287.739319,270.631653,52.388390,115.805916
287.815796,270.548584,52.388390,115.805916
287.148804,270.536102,52.388390,115.805916
287.320770,270.449615,52.388390,115.805916
287.461090,270.430237,52.388390,115.805916
287.580200,270.412781,52.388390,115.805916
287.778229,270.325897,52.388390,115.805916
287.898834,270.264740,52.388390,115.805916
287.249664,270.214783,52.388390,115.805916
287.397278,270.245392,52.388390,115.805916
287.593231,270.220673,52.388390,115.805916
287.763062,270.162720,52.388390,115.805916
287.957550,270.086060,52.388390,115.805916
287.368317,270.832977,52.388390,115.805916
287.557953,270.779388,52.388390,115.805916
287.744812,270.759491,52.388390,115.805916
287.926819,270.728790,52.388390,115.805916
287.354919,270.723358,52.388390,115.805916
287.639923,270.616364,52.388390,115.805916
287.846832,270.587250,52.388390,115.805916
287.330200,270.554077,52.388390,115.805916
287.584167,270.581421,52.388390,115.805916
287.787292,270.609985,52.388390,115.805916
288.049164,270.528992,52.388390,115.805916
287.533813,270.530579,52.388390,115.805916
287.809967,270.606262,52.388390,115.805916
287.347534,270.678955,52.388390,115.805916
287.594360,270.710022,52.388390,115.805916
287.809204,270.680969,52.388390,115.805916
287.353088,270.704376,52.388390,115.805916
287.576996,270.729340,52.388390,115.805916
287.831451,270.770660,52.388390,115.805916
287.386475,270.823883,52.388390,115.805916
287.701965,270.835602,52.388390,115.805916
287.938049,270.844696,52.388390,115.805916
287.552765,270.984222,52.388390,115.805916
287.917969,270.975494,52.388390,115.805916
287.414001,271.001740,52.388390,115.805916
287.729767,271.015015,52.388390,115.805916
288.066284,271.065552,52.388390,115.805916
287.613678,271.154755,52.388390,115.805916
288.616486,271.558624,51.361168,113.535210
287.670258,270.508301,52.388390,115.805916
288.141479,270.549042,52.388390,115.805916
287.762878,270.624878,52.388390,115.805916
288.174286,270.701904,52.388390,115.805916
287.846130,270.783936,52.388390,115.805916
287.540863,270.889740,52.388390,115.805916
287.884796,270.958618,52.388390,115.805916
287.480927,271.052795,52.388390,115.805916
287.999084,271.161102,52.388390,115.805916
288.358826,271.751648,51.361168,113.535210
287.547760,270.788269,52.388390,115.805916
287.943726,270.899231,52.388390,115.805916
287.670013,271.038208,52.388390,115.805916
288.083282,271.151031,52.388390,115.805916
288.484314,271.757202,51.361168,113.535210
287.682404,270.777161,52.388390,115.805916
288.204956,270.855347,52.388390,115.805916
287.938507,271.025452,52.388390,115.805916
287.623047,271.186859,52.388390,115.805916
288.729645,271.616913,51.361168,113.535210
288.001984,270.672882,52.388390,115.805916
287.699768,270.852753,52.388390,115.805916
288.174316,271.007477,52.388390,115.805916
287.974396,271.115540,52.388390,115.805916
288.354523,271.769409,51.361168,113.535210
287.618988,270.787872,52.388390,115.805916
288.103821,270.984711,52.388390,115.805916
287.922821,271.128265,52.388390,115.805916
287.773590,270.623077,52.388390,115.805916
288.241882,270.824158,52.388390,115.805916
287.974457,271.026276,52.388390,115.805916
287.802032,271.223694,52.388390,115.805916
288.970947,271.750916,51.361168,113.535210
288.258179,270.866882,52.388390,115.805916
288.086487,271.121002,52.388390,115.805916
287.970642,270.580414,52.388390,115.805916
287.780457,270.815338,52.388390,115.805916
288.322266,271.081360,52.388390,115.805916
288.210266,271.343719,52.388390,115.805916
288.153198,270.912811,52.388390,115.805916
287.996399,271.264984,52.388390,115.805916
287.976471,270.802002,52.388390,115.805916
287.876190,271.096466,52.388390,115.805916
287.701782,271.357574,52.388390,115.805916
288.985107,271.890076,51.361168,113.535210
288.340637,271.033813,52.388390,115.805916
288.201935,271.284515,52.388390,115.805916
288.167969,270.814087,52.388390,115.805916
288.098633,271.011047,52.388390,115.805916
288.012268,271.341217,52.388390,115.805916
288.045746,270.923431,52.388390,115.805916
287.893066,271.279633,52.388390,115.805916
287.950836,270.795074,52.388390,115.805916
287.909729,271.091339,52.388390,115.805916
287.799377,271.431213,52.388390,115.805916
289.201050,272.062012,51.361168,113.535210
288.607056,271.253448,52.388390,115.805916
288.644562,270.855682,52.388390,115.805916
288.523712,271.183868,52.388390,115.805916
288.585724,270.751587,52.388390,115.805916
288.494751,271.064880,52.388390,115.805916
288.405487,271.388184,52.388390,115.805916
288.447052,270.960388,52.388390,115.805916
288.419891,271.274994,52.388390,115.805916
288.479248,270.913483,52.388390,115.805916
288.425293,271.286957,52.388390,115.805916
288.472412,270.932770,52.388390,115.805916
288.470825,271.316284,52.388390,115.805916
288.630585,271.002686,52.388390,115.805916
288.598053,271.412109,52.388390,115.805916
288.656097,271.014160,52.388390,115.805916
288.605804,271.458374,52.388390,115.805916
288.701569,271.120300,52.388390,115.805916
288.840668,270.737976,52.388390,115.805916
288.169434,271.279205,52.388390,115.805916
288.297241,270.869629,52.388390,115.805916
288.319855,271.287323,52.388390,115.805916
288.443604,270.960358,52.388390,115.805916
288.493164,271.384705,52.388390,115.805916
288.597992,271.043854,52.388390,115.805916
288.630249,271.474609,52.388390,115.805916
288.766296,271.128113,52.388390,115.805916
288.996796,270.844696,52.388390,115.805916
288.448517,271.366913,52.388390,115.805916
288.616028,271.038605,52.388390,115.805916
288.661774,271.477081,52.388390,115.805916
288.850739,271.191467,52.388390,115.805916
288.322632,270.958984,52.388390,115.805916
288.411469,271.388000,52.388390,115.805916
288.608856,271.106628,52.388390,115.805916
288.809906,270.849426,52.388390,115.805916
288.362823,271.436584,52.388390,115.805916
288.609863,271.203400,52.388390,115.805916
288.758057,270.996277,52.388390,115.805916
288.806244,271.493439,52.388390,115.805916
288.248444,271.249023,52.388390,115.805916
288.458344,270.982361,52.388390,115.805916
288.667206,271.508240,52.388390,115.805916
288.902435,271.213928,52.388390,115.805916
288.476044,271.087067,52.388390,115.805916
288.661530,271.629089,52.388390,115.805916
288.958649,271.403503,52.388390,115.805916
288.402069,271.213837,52.388390,115.805916
288.610809,271.027283,52.388390,115.805916
288.770599,271.502655,52.388390,115.805916
289.110352,271.266632,52.388390,115.805916
288.573944,271.104401,52.388390,115.805916
288.836487,270.912659,52.388390,115.805916
288.417114,271.507690,52.388390,115.805916
288.638672,271.241211,52.388390,115.805916
288.938965,271.101593,52.388390,115.805916
288.524750,270.994843,52.388390,115.805916
288.699158,271.572021,52.388390,115.805916
288.992432,271.411316,52.388390,115.805916
288.582703,271.368866,52.388390,115.805916
288.873749,271.248688,52.388390,115.805916
288.514801,271.076141,52.388390,115.805916
288.798126,271.630737,52.388390,115.805916
289.165314,271.436951,52.388390,115.805916
288.726654,271.319794,52.388390,115.805916
289.067841,271.141663,52.388390,115.805916
288.562378,271.112610,52.388390,115.805916
288.926636,271.009796,52.388390,115.805916
288.519592,271.709625,52.388390,115.805916
288.931671,271.492981,52.388390,115.805916
288.534454,271.311188,52.388390,115.805916
288.841156,271.121582,52.388390,115.805916
288.456451,271.093414,52.388390,115.805916
288.771729,271.729126,52.388390,115.805916
289.162659,271.619141,52.388390,115.805916
288.829071,271.558411,52.388390,115.805916
288.528046,271.547577,52.388390,115.805916
288.932098,271.494232,52.388390,115.805916
288.642975,271.461487,52.388390,115.805916
289.032440,271.354279,52.388390,115.805916
288.732544,271.317902,52.388390,115.805916
289.080414,271.204224,52.388390,115.805916
288.773499,271.216461,52.388390,115.805916
289.215820,271.194275,52.388390,115.805916
288.864777,271.134888,52.388390,115.805916
288.604492,271.192688,52.388390,115.805916
289.064880,271.041412,52.388390,115.805916
288.760040,271.764038,52.388390,115.805916
289.235474,271.681976,52.388390,115.805916
288.931519,271.636047,52.388390,115.805916
288.673553,271.670135,52.388390,115.805916
289.186737,271.627014,52.388390,115.805916
288.896606,271.658783,52.388390,115.805916
288.632416,271.650574,52.388390,115.805916
289.119476,271.648346,52.388390,115.805916
288.931122,271.643402,52.388390,115.805916
288.593384,271.632141,52.388390,115.805916
289.123535,271.568909,52.388390,115.805916
288.872986,271.627991,52.388390,115.805916
288.683167,271.643188,52.388390,115.805916
289.221680,271.668304,52.388390,115.805916
288.996338,271.720551,52.388390,115.805916
288.742981,271.768127,52.388390,115.805916
289.233185,271.766907,52.388390,115.805916
289.022552,271.772736,52.388390,115.805916
288.739349,271.853607,52.388390,115.805916
289.248322,271.921204,52.388390,115.805916
289.002075,271.984253,52.388390,115.805916
288.675781,272.016907,52.388390,115.805916
289.240265,272.113373,52.388390,115.805916
289.621399,272.621155,51.361168,113.535210
288.854370,271.585693,52.388390,115.805916
288.622437,271.644501,52.388390,115.805916
289.246002,271.696564,52.388390,115.805916
289.024353,271.791260,52.388390,115.805916
288.905487,271.884064,52.388390,115.805916
288.719238,271.996857,52.388390,115.805916
289.360626,272.124847,52.388390,115.805916
289.168152,271.516663,52.388390,115.805916
289.039581,271.633820,52.388390,115.805916
288.789185,271.748810,52.388390,115.805916
289.390594,271.858215,52.388390,115.805916
289.210938,271.967438,52.388390,115.805916
289.033997,272.066010,52.388390,115.805916
288.925781,272.206329,52.388390,115.805916
288.831360,271.583832,52.388390,115.805916
288.656769,271.696960,52.388390,115.805916
289.250610,271.847412,52.388390,115.805916
289.179138,271.973267,52.388390,115.805916
288.959839,272.147308,52.388390,115.805916
288.833130,271.537201,52.388390,115.805916
288.698456,271.733215,52.388390,115.805916
289.373016,271.833588,52.388390,115.805916
289.305817,272.050903,52.388390,115.805916
289.100830,272.257568,52.388390,115.805916
289.027100,271.748993,52.388390,115.805916
288.860535,271.941833,52.388390,115.805916
288.698761,272.140778,52.388390,115.805916
289.876526,272.722809,51.361168,113.535210
289.287170,271.773010,52.388390,115.805916
289.091278,272.051422,52.388390,115.805916
289.003326,272.234344,52.388390,115.805916
289.053253,271.698334,52.388390,115.805916
288.960327,271.908630,52.388390,115.805916
288.929108,272.057800,52.388390,115.805916
288.840088,272.261566,52.388390,115.805916
288.856934,271.737823,52.388390,115.805916
288.766815,271.920685,52.388390,115.805916
289.446899,272.089355,52.388390,115.805916
289.330536,272.365631,52.388390,115.805916
289.293152,271.879150,52.388390,115.805916
289.296204,272.123413,52.388390,115.805916
289.289398,271.699371,52.388390,115.805916
289.254120,271.931274,52.388390,115.805916
289.183197,272.225677,52.388390,115.805916
289.164612,271.739044,52.388390,115.805916
289.148743,271.956726,52.388390,115.805916
289.070923,272.183289,52.388390,115.805916
289.066772,271.735901,52.388390,115.805916
289.092621,272.026306,52.388390,115.805916
288.983917,272.244751,52.388390,115.805916
289.026245,271.822601,52.388390,115.805916
289.003937,272.108093,52.388390,115.805916
289.009674,271.714478,52.388390,115.805916
289.032501,272.013428,52.388390,115.805916
288.973724,272.316925,52.388390,115.805916
288.957672,271.866638,52.388390,115.805916
288.944061,272.153595,52.388390,115.805916
289.046082,271.703125,52.388390,115.805916
288.972382,272.022949,52.388390,115.805916
289.004669,272.321899,52.388390,115.805916
289.039856,271.851929,52.388390,115.805916
289.129089,272.142731,52.388390,115.805916
289.163269,271.757050,52.388390,115.805916
289.180908,272.107697,52.388390,115.805916
289.253204,271.758423,52.388390,115.805916
289.277588,272.055328,52.388390,115.805916
289.278931,272.346832,52.388390,115.805916
289.305084,272.014343,52.388390,115.805916
289.335144,272.300415,52.388390,115.805916
289.427032,271.835693,52.388390,115.805916
289.421875,272.180023,52.388390,115.805916
289.514008,271.820892,52.388390,115.805916
289.500305,272.175079,52.388390,115.805916
289.590485,271.804932,52.388390,115.805916
289.679047,272.188477,52.388390,115.805916
289.762299,271.819916,52.388390,115.805916
289.811127,272.221252,52.388390,115.805916
289.190979,271.862518,52.388390,115.805916
289.241089,272.207275,52.388390,115.805916
289.361603,271.800903,52.388390,115.805916
289.365662,272.156219,52.388390,115.805916
289.524689,271.798828,52.388390,115.805916
289.566223,272.141754,52.388390,115.805916
289.683014,271.755432,52.388390,115.805916
289.700500,272.070190,52.388390,115.805916
289.783173,272.467926,52.388390,115.805916
289.891907,272.123444,52.388390,115.805916
289.212708,271.778290,52.388390,115.805916
289.241272,272.201630,52.388390,115.805916
289.358490,271.864441,52.388390,115.805916
289.516327,272.240295,52.388390,115.805916
289.698181,271.865387,52.388390,115.805916
289.761353,272.303558,52.388390,115.805916
289.939911,271.933502,52.388390,115.805916
289.305878,272.385681,52.388390,115.805916
289.386078,272.102631,52.388390,115.805916
289.550812,271.770294,52.388390,115.805916
289.643372,272.217682,52.388390,115.805916
289.769043,271.894318,52.388390,115.805916
289.844879,272.346283,52.388390,115.805916
289.244385,271.994843,52.388390,115.805916
289.355042,272.442657,52.388390,115.805916
289.574493,272.228363,52.388390,115.805916
289.734070,272.059845,52.388390,115.805916
289.843872,272.516907,52.388390,115.805916
289.377441,272.228394,52.388390,115.805916
289.607117,271.968079,52.388390,115.805916
289.709930,272.338074,52.388390,115.805916
289.894318,272.087738,52.388390,115.805916
289.369659,272.599304,52.388390,115.805916
289.569061,272.254028,52.388390,115.805916
289.818512,272.011322,52.388390,115.805916
289.308319,272.451202,52.388390,115.805916
289.495758,272.243652,52.388390,115.805916
289.671478,272.004944,52.388390,115.805916
289.857574,272.443848,52.388390,115.805916
289.381714,272.222656,52.388390,115.805916
289.611176,272.004425,52.388390,115.805916
289.760529,272.525665,52.388390,115.805916
289.941650,272.257416,52.388390,115.805916
289.438477,272.040161,52.388390,115.805916
289.618652,272.529388,52.388390,115.805916
289.803223,272.375031,52.388390,115.805916
289.998596,272.115784,52.388390,115.805916
289.517517,271.900604,52.388390,115.805916
289.609619,272.441040,52.388390,115.805916
289.797302,272.205658,52.388390,115.805916
290.074799,272.012848,52.388390,115.805916
289.593933,272.595490,52.388390,115.805916
289.740814,272.346100,52.388390,115.805916
289.995178,272.181030,52.388390,115.805916
289.562744,272.035736,52.388390,115.805916
289.738190,272.633423,52.388390,115.805916
289.989716,272.412109,52.388390,115.805916
289.486237,272.207184,52.388390,115.805916
289.774597,272.055481,52.388390,115.805916
289.899323,272.626862,52.388390,115.805916
289.476868,272.474518,52.388390,115.805916
289.821686,272.304779,52.388390,115.805916
289.356842,272.201843,52.388390,115.805916
289.610504,272.000580,52.388390,115.805916
289.863586,272.577545,52.388390,115.805916
289.396545,272.441254,52.388390,115.805916
289.652832,272.317841,52.388390,115.805916
289.910919,272.139862,52.388390,115.805916
289.419006,272.029266,52.388390,115.805916
289.662689,272.679443,52.388390,115.805916
289.958130,272.462189,52.388390,115.805916
289.519867,272.284760,52.388390,115.805916
289.751343,272.118439,52.388390,115.805916
290.057220,271.958679,52.388390,115.805916
289.561249,272.581970,52.388390,115.805916
289.869781,272.403839,52.388390,115.805916
289.442719,272.328125,52.388390,115.805916
289.658722,272.264038,52.388390,115.805916
289.940796,272.200134,52.388390,115.805916
289.502167,272.099884,52.388390,115.805916
289.758179,271.951233,52.388390,115.805916
289.936035,272.618286,52.388390,115.805916
289.508789,272.510284,52.388390,115.805916
289.789612,272.447357,52.388390,115.805916
290.025024,272.322632,52.388390,115.805916
289.510559,272.246399,52.388390,115.805916
289.827362,272.170502,52.388390,115.805916
289.421112,272.178558,52.388390,115.805916
289.678009,272.117859,52.388390,115.805916
289.991058,271.937439,52.388390,115.805916
289.634705,272.653107,52.388390,115.805916
289.920563,272.528107,52.388390,115.805916
289.527618,272.448547,52.388390,115.805916
289.888641,272.382294,52.388390,115.805916
289.460144,272.346222,52.388390,115.805916
289.799469,272.266632,52.388390,115.805916
290.162415,272.262848,52.388390,115.805916
289.746277,272.226105,52.388390,115.805916
290.054993,272.211731,52.388390,115.805916
289.654297,272.089752,52.388390,115.805916
290.051514,272.777618,52.388390,115.805916
289.616577,272.733185,52.388390,115.805916
289.973358,272.738220,52.388390,115.805916
289.514893,272.747498,52.388390,115.805916
289.822571,272.719391,52.388390,115.805916
289.504303,272.687958,52.388390,115.805916
289.843567,272.604462,52.388390,115.805916
289.437561,272.652679,52.388390,115.805916
289.829224,272.584015,52.388390,115.805916
289.488373,272.568268,52.388390,115.805916
289.791260,272.582764,52.388390,115.805916
290.125214,272.610016,52.388390,115.805916
289.751160,272.586670,52.388390,115.805916
290.077393,272.549042,52.388390,115.805916
289.639435,272.613525,52.388390,115.805916
289.937103,272.575592,52.388390,115.805916
289.595825,272.601257,52.388390,115.805916
289.926300,272.578857,52.388390,115.805916
289.556854,272.548340,52.388390,115.805916
289.862396,272.578186,52.388390,115.805916
289.463104,272.558258,52.388390,115.805916
289.805267,272.543793,52.388390,115.805916
290.172180,272.594330,52.388390,115.805916
289.834778,272.656616,52.388390,115.805916
289.525177,272.705292,52.388390,115.805916
289.850525,272.636414,52.388390,115.805916
289.495239,272.678894,52.388390,115.805916
289.805176,272.731598,52.388390,115.805916
290.178101,272.709198,52.388390,115.805916
289.819702,272.741058,52.388390,115.805916
289.477600,272.775208,52.388390,115.805916
289.908417,272.807098,52.388390,115.805916
289.549744,272.858643,52.388390,115.805916
289.940247,272.921234,52.388390,115.805916
289.587463,272.921722,52.388390,115.805916
289.959290,272.934296,52.388390,115.805916
289.611603,273.023865,52.388390,115.805916
289.997986,273.095795,52.388390,115.805916
289.666138,273.138641,52.388390,115.805916
290.051788,272.392273,52.388390,115.805916
289.693817,272.436493,52.388390,115.805916
290.108307,272.466675,52.388390,115.805916
289.699280,272.602661,52.388390,115.805916
290.140717,272.690613,52.388390,115.805916
289.800232,272.872803,52.388390,115.805916
290.184143,272.967712,52.388390,115.805916
289.948456,273.098633,52.388390,115.805916
289.675476,272.440247,52.388390,115.805916
289.983490,272.651398,52.388390,115.805916
289.506805,272.829163,52.388390,115.805916
289.686890,273.028656,52.388390,115.805916
289.961273,273.241089,52.388390,115.805916
289.788483,272.630463,52.388390,115.805916
290.108887,272.803101,52.388390,115.805916
289.734436,273.011444,52.388390,115.805916
289.969025,273.163879,52.388390,115.805916
289.663757,272.621063,52.388390,115.805916
290.028473,272.788757,52.388390,115.805916
289.683624,272.969086,52.388390,115.805916
290.056274,273.175690,52.388390,115.805916
289.660492,272.650665,52.388390,115.805916
290.050354,272.858887,52.388390,115.805916
289.722260,273.089142,52.388390,115.805916
290.094330,273.253601,52.388390,115.805916
289.776306,272.764801,52.388390,115.805916
290.168060,272.993073,52.388390,115.805916
289.872681,273.263733,52.388390,115.805916
289.630035,272.632660,52.388390,115.805916
290.066315,272.877228,52.388390,115.805916
289.779663,273.109863,52.388390,115.805916
290.243164,272.631958,52.388390,115.805916
289.969818,272.893341,52.388390,115.805916
289.714020,273.119965,52.388390,115.805916
290.148956,272.640106,52.388390,115.805916
289.824646,272.920349,52.388390,115.805916
289.546387,273.132538,52.388390,115.805916
289.977844,272.583588,52.388390,115.805916
289.725586,272.781464,52.388390,115.805916
290.145966,272.963379,52.388390,115.805916
289.817230,273.187805,52.388390,115.805916
289.563354,272.618408,52.388390,115.805916
290.042694,272.878937,52.388390,115.805916
289.755707,273.080780,52.388390,115.805916
290.213226,273.317169,52.388390,115.805916
289.944427,272.854218,52.388390,115.805916
289.681213,273.154510,52.388390,115.805916
290.141327,272.634338,52.388390,115.805916
289.888824,272.842285,52.388390,115.805916
289.655304,273.144592,52.388390,115.805916
290.100098,272.665588,52.388390,115.805916
289.879089,272.937561,52.388390,115.805916
289.689789,273.251862,52.388390,115.805916
290.146667,272.775269,52.388390,115.805916
289.879181,273.087585,52.388390,115.805916
289.709930,273.284332,52.388390,115.805916
290.133270,272.839996,52.388390,115.805916
289.896088,273.114410,52.388390,115.805916
289.700104,272.676941,52.388390,115.805916
290.166718,272.924042,52.388390,115.805916
289.867920,273.292999,52.388390,115.805916
289.710693,272.819458,52.388390,115.805916
290.162598,273.144440,52.388390,115.805916
289.892792,272.739044,52.388390,115.805916
289.698090,272.990662,52.388390,115.805916
290.149384,273.287750,52.388390,115.805916
289.929474,272.788422,52.388390,115.805916
289.653503,273.103607,52.388390,115.805916
290.123260,272.657440,52.388390,115.805916
289.926453,272.945770,52.388390,115.805916
289.714905,273.318359,52.388390,115.805916
290.233093,272.930389,52.388390,115.805916
289.999786,273.212860,52.388390,115.805916
289.868927,272.749390,52.388390,115.805916
289.621460,273.056061,52.388390,115.805916
290.057495,273.348999,52.388390,115.805916
289.914948,272.948547,52.388390,115.805916
289.700867,273.284668,52.388390,115.805916
290.232208,272.823059,52.388390,115.805916
290.031647,273.133575,52.388390,115.805916
289.950348,272.697052,52.388390,115.805916
289.751190,272.997925,52.388390,115.805916
290.266388,273.313141,52.388390,115.805916
290.075867,272.878052,52.388390,115.805916
289.929291,273.203583,52.388390,115.805916
289.837128,272.817261,52.388390,115.805916
289.679230,273.139374,52.388390,115.805916
290.109161,272.741760,52.388390,115.805916
289.917969,273.074463,52.388390,115.805916
289.722565,273.404816,52.388390,115.805916
290.273376,273.023712,52.388390,115.805916
290.126099,273.443176,52.388390,115.805916
289.979218,273.072449,52.388390,115.805916
289.809540,273.458832,52.388390,115.805916
289.771088,273.063080,52.388390,115.805916
290.268555,273.398132,52.388390,115.805916
290.226929,272.998260,52.388390,115.805916
290.097534,273.359528,52.388390,115.805916
289.957916,272.985565,52.388390,115.805916
289.808716,273.435486,52.388390,115.805916
289.741608,273.086670,52.388390,115.805916
290.257080,273.423859,52.388390,115.805916
290.157196,273.046997,52.388390,115.805916
290.021912,273.443848,52.388390,115.805916
289.878174,273.039368,52.388390,115.805916
289.720215,273.496399,52.388390,115.805916
290.308746,273.183807,52.388390,115.805916
290.230652,272.833374,52.388390,115.805916
290.103149,273.277039,52.388390,115.805916
289.955505,272.900909,52.388390,115.805916
289.828156,273.255554,52.388390,115.805916
289.822968,272.975006,52.388390,115.805916
289.684174,273.309662,52.388390,115.805916
290.278168,272.974121,52.388390,115.805916
290.153564,273.401459,52.388390,115.805916
290.125122,273.059326,52.388390,115.805916
290.049072,273.513397,52.388390,115.805916
290.011292,273.238861,52.388390,115.805916
290.002777,272.977203,52.388390,115.805916
289.875000,273.467987,52.388390,115.805916
289.826752,273.154663,52.388390,115.805916
289.738708,272.805359,52.388390,115.805916
290.270996,273.313293,52.388390,115.805916
290.125458,273.014313,52.388390,115.805916
290.008911,273.484009,52.388390,115.805916
289.988922,273.215576,52.388390,115.805916
289.960693,272.933868,52.388390,115.805916
289.844055,273.379883,52.388390,115.805916
289.810699,273.108521,52.388390,115.805916
289.783966,272.872437,52.388390,115.805916
290.375671,273.319366,52.388390,115.805916
290.297241,272.993866,52.388390,115.805916
290.117279,273.489136,52.388390,115.805916
290.124420,273.215851,52.388390,115.805916
290.141541,272.929047,52.388390,115.805916
290.059570,273.429321,52.388390,115.805916
289.976471,273.168823,52.388390,115.805916
289.953064,272.932068,52.388390,115.805916
289.841156,273.465240,52.388390,115.805916
289.791534,273.253754,52.388390,115.805916
290.493683,273.024231,52.388390,115.805916
290.399323,273.501221,52.388390,115.805916
290.364929,273.236603,52.388390,115.805916
290.386414,273.140228,52.388390,115.805916
290.310974,272.982849,52.388390,115.805916
290.211823,273.476624,52.388390,115.805916
290.212311,273.260437,52.388390,115.805916
290.252686,273.016907,52.388390,115.805916
290.133636,273.499054,52.388390,115.805916
290.061676,273.297699,52.388390,115.805916
290.081726,273.109589,52.388390,115.805916
290.034363,272.866425,52.388390,115.805916
289.920319,273.487152,52.388390,115.805916
289.982025,273.221405,52.388390,115.805916
289.909912,273.059601,52.388390,115.805916
289.915710,273.632812,52.388390,115.805916
289.901001,273.478271,52.388390,115.805916
289.874756,273.277832,52.388390,115.805916
289.880859,273.117706,52.388390,115.805916
289.841095,272.938538,52.388390,115.805916
289.847626,273.530670,52.388390,115.805916
289.894348,273.356201,52.388390,115.805916
289.979370,273.146393,52.388390,115.805916
289.944611,272.996643,52.388390,115.805916
289.935455,273.582245,52.388390,115.805916
289.946350,273.460754,52.388390,115.805916
289.934662,273.343384,52.388390,115.805916
289.887207,273.229248,52.388390,115.805916
289.983368,273.120361,52.388390,115.805916
289.985138,273.050049,52.388390,115.805916
289.970795,273.622925,52.388390,115.805916
290.026733,273.496490,52.388390,115.805916
290.013641,273.350983,52.388390,115.805916
290.039551,273.263794,52.388390,115.805916
290.021759,273.193970,52.388390,115.805916
289.982300,273.109314,52.388390,115.805916
289.995819,273.092499,52.388390,115.805916
289.920532,273.781036,52.388390,115.805916
289.885406,273.662018,52.388390,115.805916
289.881012,273.505859,52.388390,115.805916
289.801910,273.470184,52.388390,115.805916
290.462555,273.441162,52.388390,115.805916
290.555450,273.371429,52.388390,115.805916
290.539795,273.335022,52.388390,115.805916
290.574463,273.329956,52.388390,115.805916
290.530670,273.298859,52.388390,115.805916
290.542725,273.210724,52.388390,115.805916
290.561157,273.154572,52.388390,115.805916
290.534302,273.128235,52.388390,115.805916
290.527191,273.155884,52.388390,115.805916
290.513580,273.130615,52.388390,115.805916
290.464417,273.124512,52.388390,115.805916
290.488281,273.149963,52.388390,115.805916
290.456238,273.178680,52.388390,115.805916
290.446106,273.178345,52.388390,115.805916
290.452179,273.192291,52.388390,115.805916
290.415527,273.217468,52.388390,115.805916
290.433014,273.271423,52.388390,115.805916
290.428558,273.258606,52.388390,115.805916
290.422760,273.298523,52.388390,115.805916
290.474091,273.355530,52.388390,115.805916
290.503113,273.393677,52.388390,115.805916
290.536438,273.334961,52.388390,115.805916
290.556671,273.410095,52.388390,115.805916
290.603943,273.448700,52.388390,115.805916
290.605652,273.475708,52.388390,115.805916
290.632355,273.562775,52.388390,115.805916
290.628723,273.713379,52.388390,115.805916
290.580292,273.784454,52.388390,115.805916
290.578339,273.874725,52.388390,115.805916
290.554779,273.958435,52.388390,115.805916
290.584412,274.011566,52.388390,115.805916
290.508362,274.036652,52.388390,115.805916
290.625824,274.128448,52.388390,115.805916
290.596924,273.471344,52.388390,115.805916
290.633209,273.505219,52.388390,115.805916
290.688751,273.653839,52.388390,115.805916
290.705139,273.676117,52.388390,115.805916
290.752686,273.726990,52.388390,115.805916
290.742645,273.914459,52.388390,115.805916
290.780212,273.999481,52.388390,115.805916
290.804260,274.087128,52.388390,115.805916
290.812805,274.197083,52.388390,115.805916
290.070862,273.650421,52.388390,115.805916
290.162903,273.816315,52.388390,115.805916
290.183746,273.962616,52.388390,115.805916
290.257324,274.024536,52.388390,115.805916
290.301300,274.137085,52.388390,115.805916
290.423828,273.479553,52.388390,115.805916
290.480225,273.623627,52.388390,115.805916
290.586945,273.717865,52.388390,115.805916
290.460724,273.918915,52.388390,115.805916
290.595764,273.996674,52.388390,115.805916
290.604614,274.194763,52.388390,115.805916
290.669373,273.555786,52.388390,115.805916
290.678040,273.762024,52.388390,115.805916
290.707672,273.866119,52.388390,115.805916
290.804779,274.036682,52.388390,115.805916
290.778778,274.227386,52.388390,115.805916
290.865662,273.558197,52.388390,115.805916
290.127289,273.791351,52.388390,115.805916
290.191620,274.009125,52.388390,115.805916
290.206604,274.224335,52.388390,115.805916
290.153778,273.674622,52.388390,115.805916
290.294922,273.834473,52.388390,115.805916
290.357239,274.051239,52.388390,115.805916
290.380127,274.210876,52.388390,115.805916
290.407776,273.616333,52.388390,115.805916
290.456024,273.842224,52.388390,115.805916
290.486359,274.067749,52.388390,115.805916
290.559998,274.383820,52.388390,115.805916
290.583923,273.821381,52.388390,115.805916
290.674408,274.006317,52.388390,115.805916
290.694946,274.286438,52.388390,115.805916
290.711853,273.758118,52.388390,115.805916
290.757172,274.037506,52.388390,115.805916
290.795685,274.315704,52.388390,115.805916
290.871490,273.759064,52.388390,115.805916
290.218170,274.098480,52.388390,115.805916
290.290741,273.538116,52.388390,115.805916
290.411499,273.750763,52.388390,115.805916
290.493408,274.071289,52.388390,115.805916
290.478424,274.360657,52.388390,115.805916
290.544281,273.881958,52.388390,115.805916
290.577850,274.207123,52.388390,115.805916
290.695923,273.695221,52.388390,115.805916
290.715942,274.068848,52.388390,115.805916
290.762329,274.394684,52.388390,115.805916
290.834442,273.869904,52.388390,115.805916
290.229858,274.264771,52.388390,115.805916
290.271759,273.869476,52.388390,115.805916
290.311218,274.227661,52.388390,115.805916
290.453247,273.874634,52.388390,115.805916
290.497528,274.284485,52.388390,115.805916
290.546936,273.860291,52.388390,115.805916
290.544434,274.181915,52.388390,115.805916
290.618988,273.769073,52.388390,115.805916
290.742828,274.133942,52.388390,115.805916
290.716156,273.761353,52.388390,115.805916
290.730225,274.114288,52.388390,115.805916
290.782135,273.769714,52.388390,115.805916
290.803497,274.221527,52.388390,115.805916
290.868561,273.889954,52.388390,115.805916
290.139618,274.356354,52.388390,115.805916
290.187012,273.989471,52.388390,115.805916
290.289062,274.343384,52.388390,115.805916
290.397980,274.000153,52.388390,115.805916
290.461029,274.505432,52.388390,115.805916
290.535004,274.154327,52.388390,115.805916
290.657043,273.878937,52.388390,115.805916
290.688049,274.293823,52.388390,115.805916
290.729523,273.953247,52.388390,115.805916
290.710083,274.424255,52.388390,115.805916
290.755280,274.159851,52.388390,115.805916
290.781677,273.869598,52.388390,115.805916
290.933289,274.305847,52.388390,115.805916
290.242462,274.050903,52.388390,115.805916
290.314972,274.559540,52.388390,115.805916
290.504761,274.294220,52.388390,115.805916
290.621277,274.077576,52.388390,115.805916
290.726257,274.567627,52.388390,115.805916
290.826141,274.364685,52.388390,115.805916
290.111725,274.206116,52.388390,115.805916
290.261658,273.955658,52.388390,115.805916
290.255371,274.499268,52.388390,115.805916
290.341461,274.271790,52.388390,115.805916
290.471863,274.091248,52.388390,115.805916
290.606995,274.716064,52.388390,115.805916
290.682343,274.488159,52.388390,115.805916
290.824615,274.347382,52.388390,115.805916
290.165894,274.236237,52.388390,115.805916
290.303009,274.047974,52.388390,115.805916
290.448273,274.605255,52.388390,115.805916
290.568787,274.397675,52.388390,115.805916
290.719604,274.252106,52.388390,115.805916
290.847290,274.052399,52.388390,115.805916
290.097412,274.733185,52.388390,115.805916
290.181519,274.650208,52.388390,115.805916
290.353912,274.448029,52.388390,115.805916
290.458221,274.286255,52.388390,115.805916
290.577942,274.162292,52.388390,115.805916
290.719818,273.998108,52.388390,115.805916
290.801575,274.645660,52.388390,115.805916
291.057922,274.476654,52.388390,115.805916
290.366150,274.375946,52.388390,115.805916
290.472931,274.237915,52.388390,115.805916
290.534546,274.121338,52.388390,115.805916
290.664307,273.980530,52.388390,115.805916
290.770233,274.706268,52.388390,115.805916
290.944977,274.588287,52.388390,115.805916
290.271454,274.515106,52.388390,115.805916
290.355133,274.431580,52.388390,115.805916
290.539062,274.346130,52.388390,115.805916
290.621429,274.284454,52.388390,115.805916
290.855286,274.252533,52.388390,115.805916
290.158722,274.229553,52.388390,115.805916
290.308441,274.171326,52.388390,115.805916
290.352234,274.167786,52.388390,115.805916
290.526245,274.164368,52.388390,115.805916
290.600861,274.183319,52.388390,115.805916
290.755798,274.176605,52.388390,115.805916
290.883514,274.167755,52.388390,115.805916
290.227936,274.233978,52.388390,115.805916
290.376953,274.227020,52.388390,115.805916
290.563751,274.197540,52.388390,115.805916
290.648315,274.236145,52.388390,115.805916
290.837738,274.237518,52.388390,115.805916
290.175690,274.330109,52.388390,115.805916
290.370941,274.401031,52.388390,115.805916
290.540833,274.410217,52.388390,115.805916
290.700195,274.407349,52.388390,115.805916
290.852051,274.545898,52.388390,115.805916
290.215881,274.597046,52.388390,115.805916
290.358276,274.705963,52.388390,115.805916
290.462006,274.769836,52.388390,115.805916
290.616272,274.917816,52.388390,115.805916
290.731384,275.016113,52.388390,115.805916
290.893127,275.110046,52.388390,115.805916
290.368622,274.435364,52.388390,115.805916
290.515747,274.576935,52.388390,115.805916
290.649170,274.670532,52.388390,115.805916
290.832397,274.830017,52.388390,115.805916
290.157288,275.022430,52.388390,115.805916
290.317108,275.149139,52.388390,115.805916
291.092468,275.628815,51.361168,113.535210
290.735779,274.641541,52.388390,115.805916
290.799561,274.821533,52.388390,115.805916
291.005493,275.016968,52.388390,115.805916
290.442810,275.243286,52.388390,115.805916
290.540405,274.720734,52.388390,115.805916
290.686859,274.912384,52.388390,115.805916
290.949219,275.097534,52.388390,115.805916
290.399994,274.620972,52.388390,115.805916
290.562408,274.750488,52.388390,115.805916
290.688538,274.901855,52.388390,115.805916
290.851685,275.148743,52.388390,115.805916
290.397583,274.644562,52.388390,115.805916
290.552094,274.815521,52.388390,115.805916
290.739685,275.012268,52.388390,115.805916
290.939850,275.194702,52.388390,115.805916
290.436249,274.693817,52.388390,115.805916
290.548523,274.926422,52.388390,115.805916
290.759918,275.148315,52.388390,115.805916
290.864777,274.688324,52.388390,115.805916
290.280365,274.991272,52.388390,115.805916
290.498505,275.255280,52.388390,115.805916
290.717377,274.834198,52.388390,115.805916
290.896698,275.037201,52.388390,115.805916
290.243439,275.364807,52.388390,115.805916
290.353577,274.874023,52.388390,115.805916
290.502686,275.202057,52.388390,115.805916
290.757324,274.774658,52.388390,115.805916
290.926697,275.062805,52.388390,115.805916
290.277405,275.342529,52.388390,115.805916
290.427704,274.973480,52.388390,115.805916
290.530762,275.251282,52.388390,115.805916
290.657379,274.764130,52.388390,115.805916
290.866272,275.047607,52.388390,115.805916
290.240509,275.456635,52.388390,115.805916
290.485443,275.035004,52.388390,115.805916
290.602905,275.361084,52.388390,115.805916
290.698730,275.038574,52.388390,115.805916
290.847443,275.386505,52.388390,115.805916
290.240448,275.008453,52.388390,115.805916
290.432129,275.395416,52.388390,115.805916
290.633942,275.076813,52.388390,115.805916
290.800110,275.451019,52.388390,115.805916
290.965729,275.052032,52.388390,115.805916
290.292328,275.515778,52.388390,115.805916
290.470673,275.221985,52.388390,115.805916
290.671478,274.923889,52.388390,115.805916
290.771423,275.292297,52.388390,115.805916
291.000275,274.970093,52.388390,115.805916
290.280701,275.394440,52.388390,115.805916
290.457245,275.142761,52.388390,115.805916
290.745392,274.882080,52.388390,115.805916
290.860931,275.289642,52.388390,115.805916
290.271149,275.049896,52.388390,115.805916
290.349091,275.579834,52.388390,115.805916
290.489990,275.369232,52.388390,115.805916
290.648956,275.126312,52.388390,115.805916
290.866791,274.901276,52.388390,115.805916
290.220001,275.436829,52.388390,115.805916
290.341888,275.242188,52.388390,115.805916
290.481934,275.077332,52.388390,115.805916
290.706238,275.582031,52.388390,115.805916
290.827301,275.386810,52.388390,115.805916
290.264984,275.222778,52.388390,115.805916
290.541107,275.012207,52.388390,115.805916
290.784485,275.499237,52.388390,115.805916
290.963379,275.304901,52.388390,115.805916
290.424805,275.176147,52.388390,115.805916
290.643372,275.056427,52.388390,115.805916
290.764374,275.644409,52.388390,115.805916
290.892548,275.470184,52.388390,115.805916
290.347260,275.278198,52.388390,115.805916
290.539856,275.088837,52.388390,115.805916
290.740204,275.684937,52.388390,115.805916
290.965668,275.637604,52.388390,115.805916
290.393402,275.589264,52.388390,115.805916
290.564514,275.493500,52.388390,115.805916
290.743683,275.340759,52.388390,115.805916
290.922882,275.274292,52.388390,115.805916
290.402710,275.186951,52.388390,115.805916
290.557251,275.106049,52.388390,115.805916
290.707062,275.114441,52.388390,115.805916
290.862366,275.041412,52.388390,115.805916
290.243317,275.729462,52.388390,115.805916
290.419098,275.640839,52.388390,115.805916
290.595123,275.587280,52.388390,115.805916
290.712952,275.549713,52.388390,115.805916
290.915436,275.539032,52.388390,115.805916
290.311920,275.498108,52.388390,115.805916
290.511810,275.430603,52.388390,115.805916
290.662140,275.421600,52.388390,115.805916
290.813965,275.386108,52.388390,115.805916
290.226318,275.333344,52.388390,115.805916
290.481689,275.346466,52.388390,115.805916
290.647034,275.303650,52.388390,115.805916
290.786865,275.397827,52.388390,115.805916
290.939453,275.396759,52.388390,115.805916
290.333252,275.443085,52.388390,115.805916
290.406372,275.559052,52.388390,115.805916
290.544159,275.578400,52.388390,115.805916
290.759796,275.610229,52.388390,115.805916
290.936584,275.697968,52.388390,115.805916
290.353973,275.797607,52.388390,115.805916
290.444946,275.852631,52.388390,115.805916
290.580109,275.904327,52.388390,115.805916
290.751587,275.951050,52.388390,115.805916
290.879303,275.983643,52.388390,115.805916
290.293976,276.065338,52.388390,115.805916
290.463501,276.164032,52.388390,115.805916
291.197540,276.605438,51.361168,113.535210
290.822784,275.526276,52.388390,115.805916
290.250092,275.672180,52.388390,115.805916
290.428162,275.817932,52.388390,115.805916
290.676880,275.969452,52.388390,115.805916
290.864685,276.092407,52.388390,115.805916
290.400909,276.279572,52.388390,115.805916
291.177338,276.775818,51.361168,113.535210
290.793121,275.873322,52.388390,115.805916
290.996857,275.970947,52.388390,115.805916
290.419861,276.131653,52.388390,115.805916
291.189056,276.710541,51.361168,113.535210
290.836151,275.824646,52.388390,115.805916
290.292542,275.939606,52.388390,115.805916
290.478668,276.107086,52.388390,115.805916
291.217194,276.747437,51.361168,113.535210
290.862915,275.792206,52.388390,115.805916
290.285950,275.971954,52.388390,115.805916
290.426514,276.237030,52.388390,115.805916
291.179962,276.782928,51.361168,113.535210
290.891846,275.845978,52.388390,115.805916
290.295135,276.034332,52.388390,115.805916
290.428375,276.314270,52.388390,115.805916
291.250153,276.934845,51.361168,113.535210
290.875275,276.038269,52.388390,115.805916
290.361450,276.302460,52.388390,115.805916
291.073669,276.983582,51.361168,113.535210
290.640717,276.141571,52.388390,115.805916
291.434540,276.798248,51.361168,113.535210
290.385376,275.900665,52.388390,115.805916
290.562469,276.223785,52.388390,115.805916
291.263245,276.859619,51.361168,113.535210
290.864471,276.048187,52.388390,115.805916
290.322174,276.302399,52.388390,115.805916
291.094940,276.957947,51.361168,113.535210
290.751190,276.122162,52.388390,115.805916
291.479706,276.773285,51.361168,113.535210
290.444397,275.969940,52.388390,115.805916
290.604767,276.301819,52.388390,115.805916
291.341217,276.960663,51.361168,113.535210
290.268890,276.179047,52.388390,115.805916
291.016479,276.918610,51.361168,113.535210
290.615967,276.094238,52.388390,115.805916
