1.000000
1.000000
0.965934
0.940718
0.949534
0.894222
0.933897
0.931245
0.919625
0.947483
0.920257
0.975358
0.927716
0.902087
0.962890
0.914764
0.950942
0.974596
0.944016
0.966209
1.062099
1.003960
1.030076
1.079874
1.081970
1.050751
1.106700
1.060377
1.047447
1.079844
1.043170
1.055470
1.064817
1.037598
1.018563
0.987235
0.979737
0.944468
0.956755
0.966449
0.933831
0.956835
0.901343
0.947113
0.921966
0.944043
0.934730
0.901897
0.895701
0.944207
0.896322
0.906506
0.878396
0.914800
0.900192
0.906804
0.914871
0.944087
0.933634
0.962358
0.985904
0.985632
0.983028
1.011959
1.028141
0.984253
0.987355
0.989046
0.973709
0.944172
0.937399
0.915939
0.899409
0.884773
0.896327
0.906794
0.916745
0.916367
0.934354
0.967510
0.956232
0.983776
1.007518
0.986970
0.987186
0.989745
1.010055
1.018912
0.998780
0.986368
0.983289
0.981363
0.972235
0.953267
0.950391
0.964787
0.964448
0.969717
0.983756
0.973272
0.981486
0.980995
0.982573
0.979103
0.997881
0.982311
0.967274
0.955509
0.953899
0.946386
0.890687
0.934005
0.963253
0.947073
0.959340
0.975729
0.988075
0.967818
0.998819
0.991264
0.989806
0.968514
0.982749
0.976347
0.978678
0.969072
0.979467
0.957814
0.956268
0.973999
0.958483
0.957612
0.944863
0.947018
0.956856
0.995391
0.954838
0.961430
0.965323
0.961540
0.967852
0.950124
0.951280
0.958049
0.976045
0.989203
0.977325
0.980759
0.977681
0.960517
0.930278
0.892656
0.876365
0.839595
0.805330
0.777997
0.783419
0.771402
0.796370
0.801027
0.798572
0.788461
0.812639
0.772247
0.802227
0.828107
0.832712
0.864212
0.841736
0.876733
0.867639
0.901647
0.915849
0.918544
0.935773
0.922108
0.956751
0.972951
0.990167
1.019297
1.011344
1.024237
0.985004
0.999984
1.013678
1.022789
1.017454
0.992992
0.976100
0.916764
0.917537
0.919857
0.924474
0.919360
0.913005
0.890424
0.885794
0.869865
0.811684
0.769863
0.735366
0.745137
0.755326
0.789766
0.803348
0.812540
0.795492
0.794317
0.831493
0.798069
0.844065
0.868737
0.901602
0.947199
0.950634
1.001652
1.029395
1.054691
1.075615
1.113186
1.108697
1.104760
1.134395
1.145627
1.105694
1.165469
1.202194
1.137947
1.128409
1.088123
1.090021
1.103104
1.062513
1.105016
1.035931
1.077212
0.975093
1.015203
0.999913
0.995388
1.037588
1.072513
1.070126
1.068063
1.038130
1.045022
1.081669
1.073527
0.997370
1.071791
1.038429
1.037251
1.065493
1.017231
1.011024
1.004828
0.991071
1.031957
0.976438
0.983882
0.994043
0.981711
0.963771
1.004102
1.007413
1.007781
0.986228
1.007594
1.009755
0.945464
1.021066
1.001376
1.024888
1.042002
1.044932
1.039754
1.083054
1.068456
1.065741
1.047018
1.045381
1.055826
0.998133
1.051673
1.049352
0.970944
0.984152
1.012014
0.990670
0.908841
0.911230
0.915967
0.835185
0.839774
0.863876
0.832106
0.853736
0.878673
0.862992
0.885019
0.917504
0.937460
0.927337
0.923176
0.924502
0.910695
0.951736
0.945131
0.936464
0.983298
0.932887
0.973361
0.998252
1.046203
1.083577
1.099529
1.103969
1.133747
1.150992
1.107159
1.164341
1.150003
1.124149
1.140300
1.113752
1.100924
1.081511
1.064516
1.057039
1.064971
1.127319
1.077347
1.106774
1.090197
1.096127
1.105623
1.120636
1.079546
1.118835
1.045523
1.049543
1.096544
1.053868
1.070138
1.089601
1.092386
1.131244
1.114809
1.125173
1.121733
1.086888
1.087421
1.056697
1.010481
1.051133
0.996402
0.979021
0.908108
0.835164
0.816478
0.805182
0.818066
0.814058
0.781853
0.718079
0.677494
0.646605
0.601101
0.612774
0.599299
0.650524
0.686298
0.697299
0.623492
0.626806
0.640811
0.506195
0.501151
0.396296
0.558699
0.544126
0.747355
0.814955
0.892287
0.997308
1.005930
1.031442
1.102924
1.163191
1.237645
1.191310
1.279979
1.281788
1.398438
1.351829
1.420142
1.376823
1.373305
1.361913
1.476798
1.422610
1.368161
1.425021
1.427018
1.349225
1.374269
1.416585
1.257675
1.313800
1.268240
1.244188
1.279229
1.225723
1.239597
1.205227
1.160027
1.163403
1.150982
1.162636
1.156396
1.137176
1.124594
1.079044
1.055513
1.058788
1.065794
1.063395
1.057612
1.036235
1.057509
1.027254
1.040847
1.000830
1.023783
1.018122
1.019117
1.021659
1.022693
1.020378
1.019825
0.983331
0.954861
0.994515
1.015816
1.025898
1.010875
1.022415
1.015921
0.999288
1.004724
1.027892
1.036040
1.021228
1.022496
1.026851
1.027393
1.029771
1.029275
1.046911
1.018599
1.013779
1.035636
1.024986
0.999949
1.041623
1.036410
1.051771
1.025103
1.049296
1.014399
1.046590
0.990120
1.013931
0.989181
1.013262
1.009469
1.002838
0.996985
0.981041
0.985299
1.008856
0.982280
1.003017
1.022210
1.013053
1.067283
1.031602
1.058466
1.093412
1.061465
1.043913
1.053865
1.087014
1.074208
1.056381
1.066225
1.068171
1.041549
1.031978
1.004639
1.008741
1.014071
0.997528
0.983734
0.999778
1.021265
0.992346
1.012696
1.017401
0.967117
1.012415
0.993106
0.992556
0.974832
0.997170
0.997807
0.972824
0.955076
0.987481
0.996296
0.995277
1.000207
0.984622
1.005031
0.993430
0.998858
0.987778
0.996611
0.970774
0.986708
0.928283
0.924666
0.974535
0.982358
0.977873
0.941504
0.958653
0.984103
0.985938
0.973873
0.996953
1.008450
0.979142
0.994738
0.988705
1.013877
0.997724
1.026981
0.984932
1.022935
1.024326
1.027946
1.010245
1.009814
1.031423
1.027613
1.029520
1.019548
1.018357
1.006189
0.967851
0.989169
1.003727
1.011792
0.996945
0.996441
0.936393
0.948894
0.894613
0.718827
0.533977
0.434079
0.429339
0.438520
0.469271
0.473905
0.454579
0.504971
0.494203
0.533177
0.542478
0.600964
0.631934
0.666818
0.709217
0.740169
0.805833
0.815700
0.848006
0.923398
0.916381
0.998349
1.053884
1.036517
1.090671
1.101324
1.197026
1.288367
1.355224
1.320329
1.313766
1.260719
1.266863
1.253564
1.079533
0.997739
0.811507
0.822070
0.810709
0.750173
0.696647
0.620033
0.612270
0.566126
0.714416
0.650351
0.633673
0.655936
0.696666
0.795166
0.776316
0.793951
0.859112
0.845038
0.848192
0.828876
0.898647
0.847266
0.928274
0.931646
1.027163
1.013807
1.048692
1.014359
1.116643
1.058458
1.070275
1.014744
0.958545
0.943921
0.973500
0.951754
0.860717
0.933938
0.860852
0.902612
0.850744
0.901379
0.915536
0.866578
0.785345
0.789104
0.754745
0.637066
0.829460
0.661354
0.684204
0.749894
0.718397
1.080485
1.314300
1.220446
1.271926
1.183538
1.318935
1.174740
1.144937
1.237617
1.156563
1.204427
1.256731
1.252104
1.208026
1.236791
1.213814
1.181164
1.041273
1.249846
1.206300
1.293800
1.177657
1.237844
1.142462
1.083391
1.108679
1.025557
0.865574
0.911262
0.911913
0.901902
0.895311
0.851258
0.828553
0.820357
0.803067
0.752866
0.767791
0.739269
0.752799
0.765985
0.761560
0.736174
0.777051
0.759182
0.726338
0.734362
0.786927
0.821018
0.832458
0.871643
0.874920
0.886913
0.966804
0.966672
1.073184
1.201871
1.035620
1.203319
1.249032
1.301573
1.208883
1.313408
1.271917
1.189060
1.293616
1.385568
1.261306
1.285234
1.282247
1.285693
1.266878
1.305884
1.264867
1.258101
1.240147
1.220152
1.205787
1.215941
1.184463
1.193840
1.211322
1.225083
1.218973
1.172974
1.182147
1.183871
1.160832
1.098523
1.088321
1.052189
1.017393
1.048577
1.004643
1.021017
1.013742
1.017070
0.997399
0.957739
1.000754
0.981221
1.010178
1.023774
1.063116
1.021606
1.025747
1.052781
1.123854
1.137102
1.165921
1.114231
1.134780
1.111689
1.140537
1.145756
1.123929
1.075920
1.093958
1.012621
1.010764
0.970338
0.973784
0.942705
0.942019
0.977420
0.955716
0.956950
0.918424
0.902548
0.919278
0.899566
0.930671
0.797907
0.844915
0.900267
0.857794
0.934441
0.888543
0.932407
0.962086
0.930463
0.975922
0.943944
1.041174
1.051783
0.973028
1.028424
1.057947
1.027909
0.998352
1.025844
1.066091
1.063680
1.085716
1.049372
1.090550
1.081476
1.058847
1.095535
1.101176
1.067965
1.058088
1.040176
1.098145
1.044268
1.033548
1.026658
1.000406
0.969988
1.020334
1.025598
1.011622
1.026847
0.979930
0.996340
0.999244
1.023687
1.025271
1.051855
1.053964
0.974596
1.016666
1.054862
1.042054
1.039486
1.054093
1.037202
1.073106
1.051925
1.081543
1.056322
1.055670
1.028880
1.027745
1.043257
1.053684
0.993432
1.050899
1.036189
1.047736
1.016960
0.978771
1.012897
0.983178
0.983737
0.968223
0.941875
0.938357
0.983102
0.988938
0.939279
0.932280
1.021132
0.955591
0.973278
1.012505
1.012959
1.025215
1.038103
1.052752
1.000570
1.043200
0.991553
1.047849
1.046505
1.044096
1.053336
1.034203
0.995191
1.062052
1.023118
1.055349
1.082065
1.022839
1.060885
1.068050
1.035991
1.067944
1.129486
1.050667
1.083763
1.014866
1.052074
1.015796
0.994126
0.953599
1.020718
0.949783
0.950902
0.967123
0.936719
0.931147
0.925284
0.915926
0.920697
0.847261
0.893719
0.891964
0.885341
0.876651
0.926578
0.876033
0.854992
0.901176
0.867286
0.877025
0.922697
0.917433
0.938765
0.965991
0.988245
0.946281
0.908453
0.961772
0.905839
0.909541
0.859302
0.878528
0.884799
0.899723
0.860649
0.857029
0.880839
0.929953
0.912679
0.977239
0.989526
0.989265
0.975972
0.928009
0.988098
0.919750
0.941169
0.898583
0.932040
0.885152
0.943221
0.947759
0.932032
0.851794
0.876175
0.903594
0.917444
0.959091
0.897385
0.949926
1.024484
0.990026
1.042870
1.070470
1.038813
1.028826
1.022261
1.056264
1.070870
1.047830
1.017677
1.036949
1.071075
1.078785
1.064303
1.123806
1.076386
1.039086
1.103656
1.114175
1.085804
1.079639
1.102348
1.099519
1.119284
1.111788
1.048627
1.100810
1.049871
1.021989
1.073876
1.029028
1.048796
0.993307
1.045384
1.009748
1.025149
1.042174
1.061711
1.047401
1.036812
1.031636
1.015694
0.999277
0.889741
0.860005
0.916462
0.930398
0.952975
0.887194
0.919360
0.901320
0.933861
0.865522
0.928354
0.906485
0.935499
0.929054
0.903376
0.954093
0.886022
0.940022
0.912650
0.917931
0.911947
0.971679
0.935538
0.914388
0.936235
0.924978
0.931999
0.930226
0.955907
0.908093
0.976695
0.992208
0.995497
0.996185
0.965759
1.006815
0.966719
0.966547
0.975845
1.035769
0.972349
0.980035
0.968129
0.977351
0.995632
0.999143
0.934791
0.987968
0.952475
1.007390
0.965112
0.948601
0.994254
0.946895
0.933803
0.967511
1.021906
1.006631
0.962643
0.956590
0.946313
0.897036
0.977249
0.941496
0.920760
0.976108
0.941928
0.965973
0.928751
0.980957
0.959113
0.971130
0.960452
0.930438
0.966838
0.970267
0.742390
0.815576
0.817920
0.818429
0.947449
1.010517
1.037691
1.064684
1.049577
0.990444
1.068989
1.080865
1.057576
1.104123
1.092343
1.076625
1.099017
1.071414
1.081708
1.075350
1.072832
1.012696
1.110799
1.090129
1.085436
1.089762
1.078590
1.068501
1.026808
0.966917
1.020881
1.041842
1.016783
0.989866
1.015286
1.020286
1.007826
1.015518
1.025033
1.016930
0.959634
0.945127
0.934711
0.921097
0.959637
0.915411
0.918700
0.868540
0.967459
0.943876
1.048883
0.837846
0.849801
0.899700
1.027267
0.931495
0.856227
0.888481
0.925243
0.858390
0.927637
0.930766
0.970905
0.959542
0.971609
0.870245
0.881361
0.999003
0.968402
1.114586
1.106460
0.911154
0.940976
1.078783
0.969153
0.940966
1.006727
1.069129
1.077020
1.034370
1.066056
1.082969
0.993163
1.134806
1.105850
1.234352
1.269104
1.184678
1.248971
1.163071
1.221001
1.197007
1.201952
1.295746
1.259957
1.332494
1.279404
1.307597
1.289038
1.293022
1.359055
1.332951
1.270261
1.332123
1.217873
1.215826
1.215563
1.208487
1.210106
1.206085
1.116312
1.139021
1.133956
1.122390
1.093729
0.983475
0.934185
0.741901
0.640539
0.556687
0.465415
0.621898
0.669088
0.698977
0.689298
0.734329
0.707719
0.724229
0.650580
0.817766
0.799485
0.740625
0.730232
0.810451
0.885625
0.918980
0.822099
0.851666
0.814931
0.773122
0.967620
0.819460
1.018450
0.973657
0.939294
0.925575
0.796695
1.024231
1.045963
1.077263
1.056879
1.032690
1.033381
1.053765
1.005047
1.060695
1.120183
1.025397
1.201076
1.138725
1.193294
1.163471
1.172077
1.167652
1.185695
1.119928
1.061014
0.998846
1.030793
1.003331
1.102820
1.116951
1.062538
1.070035
0.869443
0.971886
0.771227
0.849614
0.650152
0.745855
0.745858
0.716354
1.023590
1.020220
0.905525
0.814736
0.975841
1.005346
1.120787
1.040754
0.972786
1.025059
1.084676
1.043952
1.142542
0.981027
0.978713
0.815877
0.736223
0.685968
0.606937
0.600198
0.725493
0.692909
0.885473
0.744725
0.971980
0.953505
0.828969
0.992668
0.776689
0.779589
0.705504
0.852988
1.009853
1.140845
0.949079
0.911612
0.939366
1.080476
1.119843
1.355213
1.305223
1.375097
1.439582
1.377862
1.542365
1.494344
1.354691
1.072505
1.285609
1.184733
1.190929
1.030913
