1.000000
1.000000
0.993941
0.996590
0.982110
0.990372
0.985679
0.987831
0.982589
0.994688
1.015251
1.004871
1.010012
1.013349
0.998813
0.994732
1.003193
1.000385
0.981818
1.001587
0.999314
1.016689
1.021027
1.016184
1.043156
1.006551
1.021858
1.007982
1.013762
1.009125
1.001240
1.023700
0.995444
0.963332
1.004161
0.974228
0.989776
0.989780
0.991003
0.962443
0.988556
0.955654
0.999069
0.983351
0.954512
0.990761
0.936412
1.009394
0.991892
0.939980
0.967966
0.958150
0.984956
0.954832
0.974261
0.959481
0.958898
0.985592
0.977746
0.954667
0.998769
1.008681
1.016696
1.002480
1.016707
1.007519
1.043562
1.038205
1.034010
1.020429
1.044329
1.039300
1.003672
1.024218
0.993464
1.004505
1.006111
0.992138
0.995175
0.958920
0.988226
0.967133
0.973058
0.986209
0.944354
0.991643
0.999862
0.986964
0.955238
0.981066
0.980864
0.950034
0.982753
1.010380
0.982800
0.900761
0.997098
0.986711
0.989313
0.937315
1.020356
0.967027
0.991418
1.003895
0.943863
1.041905
1.025717
0.959322
1.041100
0.995662
1.011485
0.973668
1.000131
1.013315
0.994307
1.012719
1.023191
0.997208
1.027291
0.991523
1.018026
1.005961
0.992660
1.013801
1.016671
1.035640
1.004572
0.988827
0.984422
1.003772
0.949139
1.021002
0.979854
1.001123
1.034513
1.020008
0.976490
1.049821
1.064439
1.066244
1.033299
1.051064
1.057809
1.059921
1.036085
1.037532
1.031390
0.988314
0.984189
1.020156
0.961245
0.998283
0.968133
0.904425
0.916072
0.935880
0.942917
0.929963
0.880855
0.909611
0.883855
0.904777
0.871456
0.873428
0.837952
0.861353
0.906016
0.863522
0.892972
0.871552
0.854124
0.825013
0.796799
0.738706
0.721662
0.675048
0.682270
0.684581
0.711423
0.727828
0.713477
0.733138
0.744400
0.783055
0.764878
0.771731
0.746921
0.715764
0.718656
0.681473
0.675246
0.662364
0.658060
0.659288
0.706456
0.681369
0.686256
0.714321
0.708000
0.737916
0.750243
0.767247
0.772655
0.771030
0.754182
0.776013
0.774081
0.801730
0.814736
0.850886
0.835795
0.840260
0.877217
0.853011
0.873856
0.842455
0.835114
0.775001
0.771237
0.806250
0.842879
0.857128
0.922706
0.975278
1.051585
1.079181
1.108427
1.103939
1.189171
1.214624
1.188224
1.234614
1.235638
1.189799
1.174720
1.149835
1.110292
1.071677
1.044985
1.035645
1.062788
1.038377
1.102624
1.166158
1.244850
1.254048
1.270317
1.267482
1.251605
1.263676
1.283141
1.274288
1.250132
1.255762
1.293946
1.280945
1.266636
1.263773
1.254671
1.292917
1.291215
1.264005
1.241974
1.247158
1.230510
1.190228
1.200157
1.201737
1.169907
1.144921
1.118823
1.112586
1.139702
1.120009
1.180262
1.150164
1.154094
1.134616
1.068399
1.081315
1.087625
1.075796
1.038994
1.054442
1.035611
1.053225
1.048295
1.016173
1.022102
1.027391
1.046355
1.055891
1.052671
1.032623
1.024825
1.002113
0.979055
0.957882
0.928036
0.926778
0.904010
0.856265
0.824795
0.796426
0.803315
0.795871
0.783462
0.759300
0.726082
0.753523
0.748153
0.706069
0.708214
0.743385
0.716931
0.678779
0.669750
0.665339
0.691421
0.688153
0.703910
0.759106
0.793863
0.797005
0.821126
0.835491
0.858877
0.911611
0.891090
0.859981
0.819088
0.791440
0.786071
0.763820
0.778670
0.715921
0.767931
0.726040
0.748547
0.701325
0.638312
0.626497
0.732374
0.773377
0.793553
0.818368
0.830149
0.893998
0.908962
0.898055
0.954844
0.964523
0.953722
0.965639
0.991074
0.976236
1.010852
0.994461
1.045291
1.053478
1.037594
1.033763
1.064091
1.085831
1.109841
1.117224
1.115808
1.130091
1.141738
1.176544
1.217631
1.218425
1.235886
1.241836
1.267541
1.276473
1.293403
1.278625
1.315200
1.322943
1.306790
1.300167
1.305313
1.296616
1.264311
1.212530
1.160833
1.153830
1.152974
1.083855
1.082282
1.109526
1.126586
1.127557
1.125545
1.100336
1.096976
1.056783
1.093206
1.067541
1.090997
1.060995
1.057013
1.070709
1.077325
1.087658
1.093953
1.096603
1.107769
1.107400
1.129863
1.136564
1.126319
1.178843
1.181854
1.229476
1.208873
1.232354
1.248737
1.245811
1.277242
1.266081
1.309657
1.298191
1.278692
1.289994
1.270762
1.278168
1.291646
1.294904
1.282030
1.282879
1.286858
1.242720
1.283062
1.280011
1.269048
1.278185
1.254939
1.240842
1.223510
1.228687
1.189557
1.193349
1.167680
1.164946
1.171063
1.170522
1.156215
1.152883
1.154597
1.152736
1.124198
1.134667
1.117741
1.125517
1.118648
1.097524
1.083387
1.089342
1.092249
1.086168
1.094139
1.085246
1.090486
1.068523
1.089983
1.082523
1.064219
1.070420
1.062139
1.009982
1.011933
0.996713
1.011445
0.978160
0.974706
0.931220
0.972300
0.922765
0.922115
0.925929
0.886650
0.835611
0.852602
0.855331
0.836170
0.842909
0.882657
0.869660
0.867481
0.869946
0.875012
0.962691
0.930741
0.935920
0.988367
0.957580
0.994445
1.012555
0.994444
0.999816
0.994530
1.002931
0.968251
0.994581
0.954507
0.989405
0.955038
0.985490
0.956456
0.974777
0.992238
1.020345
0.982954
0.981826
1.010850
0.996779
0.995449
1.000092
1.035055
0.982374
1.023304
0.990484
1.016972
0.987142
1.039947
1.014150
0.934821
1.043347
0.999900
0.921752
0.982187
0.958730
1.000230
0.988340
1.017508
1.038731
1.035960
1.018376
1.086253
1.072260
1.045360
1.110867
1.096882
1.052055
1.135932
1.088018
1.080770
1.082452
1.090175
1.105485
1.063299
1.032966
1.061556
1.046274
1.052689
1.053647
1.029259
1.040124
1.039891
1.054896
1.038972
1.023931
0.997103
0.988460
0.992468
0.955901
0.991281
0.983314
0.950626
0.977190
0.993892
0.972819
0.956217
0.912487
0.888428
0.839354
0.876647
0.795444
0.806070
0.776708
0.760866
0.728407
0.734741
0.729338
0.737669
0.737194
0.755816
0.740587
0.745800
0.787955
0.757790
0.811693
0.768409
0.785864
0.756136
0.772239
0.817121
0.777929
0.810691
0.817674
0.830908
0.806319
0.788190
0.817088
0.782281
0.801279
0.781511
0.784703
0.828111
0.787657
0.776538
0.773561
0.753768
0.734898
0.739783
0.707593
0.706905
0.684003
0.664492
0.680968
0.686867
0.693897
0.657060
0.662856
0.682515
0.723331
0.753310
0.725099
0.761808
0.765816
0.795995
0.794539
0.873158
0.867687
0.890414
0.948751
0.992772
0.959358
1.019272
1.018144
1.033954
1.061827
1.088590
1.106514
1.167107
1.096922
1.180593
1.158622
1.206733
1.133936
1.217437
1.206829
1.225973
1.192333
1.204800
1.147519
1.198178
1.182821
1.239196
1.219753
1.193563
1.249866
1.254923
1.310793
1.234571
1.247206
1.227290
1.230793
1.285015
1.175423
1.171147
1.206843
1.138903
1.162666
1.173894
1.175324
1.153408
1.172914
1.173900
1.167431
1.166262
1.183180
1.117834
1.108867
1.146528
1.127618
1.152627
1.143600
1.169531
1.130721
1.131385
1.115781
1.082921
1.090337
1.065611
1.081606
1.048247
1.056536
1.030708
0.963538
1.036780
1.033888
1.056111
1.108172
1.081226
1.093545
1.105589
1.104294
1.130705
1.136478
1.130757
1.154926
1.135894
1.142781
1.095292
1.107238
1.079166
1.064964
1.066901
1.052593
1.028796
1.068425
1.053821
1.081205
1.083587
1.086762
1.118180
1.106088
1.105020
1.101284
1.044654
1.013596
1.035130
0.945225
0.958330
0.918322
0.933532
0.926742
0.930410
0.958559
0.883751
0.884732
0.882903
0.822845
0.820568
0.790237
0.744294
0.739824
0.715583
0.761785
0.730072
0.658993
0.731991
0.662828
0.649761
0.622643
0.630739
0.720456
0.733604
0.767570
0.801795
0.754033
0.768406
0.766153
0.747510
0.791210
0.763730
0.631228
0.568821
0.571186
0.451723
0.500590
0.791436
0.874106
0.848142
0.862541
0.808535
0.796020
0.776379
0.717559
0.762939
0.728175
0.737318
0.771378
0.878490
0.859302
0.871633
0.838751
0.885731
0.932978
0.913653
0.935602
0.903101
0.887158
0.884386
0.873625
0.952981
0.950111
0.973129
1.102135
1.039235
1.088520
1.142649
1.190074
1.220858
1.158743
1.210698
1.315843
1.285311
1.354331
1.292484
1.337667
1.414967
1.306805
1.391671
1.435527
1.394841
1.398509
1.455212
1.470846
1.329873
1.445789
1.418668
1.358108
1.314401
1.285064
1.129359
1.185374
1.136999
1.175679
1.063476
1.126764
1.119716
0.936900
0.977366
0.825559
0.838707
0.781473
0.803482
0.738902
0.734347
0.738797
0.815502
0.869141
0.840391
0.826382
0.805573
0.882170
0.893042
1.010971
1.056138
1.074526
1.040957
1.061429
1.073596
1.043578
1.039640
1.088740
1.130879
1.022030
1.017164
1.058181
1.041378
0.998867
0.990006
0.996181
1.093517
1.056597
1.066361
1.037605
1.022952
0.985935
1.016120
0.979932
0.981988
0.985840
1.057293
1.045828
1.035207
1.041635
1.029031
1.032560
0.963936
1.057967
1.060514
1.012777
0.951735
0.961240
0.937166
0.993335
0.916787
0.870729
0.911880
0.899758
0.770609
0.849178
0.911580
0.906993
0.964996
1.004297
1.040108
1.074179
1.075553
1.117669
1.135922
1.172886
1.153542
1.153720
1.221805
1.130567
1.160825
1.108799
1.061504
1.109304
1.098099
1.028660
1.051670
1.007338
1.004248
0.912961
0.861176
0.863420
0.828305
0.857088
0.884690
0.910785
0.881288
0.878054
0.840764
0.825889
0.841925
0.825191
0.997298
0.996534
1.073714
1.086412
1.052187
0.990805
0.932805
0.904366
0.843026
0.785246
0.822826
0.814744
0.806319
0.739702
0.788119
0.889471
0.966406
0.989432
0.991990
1.034950
1.016205
1.004703
1.029819
1.074075
1.057789
1.053166
1.022703
1.008325
1.009804
1.010838
1.032110
0.993994
0.998893
1.034305
1.044090
1.067529
1.060137
1.022070
1.070977
1.083255
1.070964
1.063902
1.044986
1.035585
1.027996
0.959305
0.986415
0.922487
0.911783
0.899322
0.918969
0.834722
0.844414
0.909976
0.855304
0.853021
0.849731
0.869205
0.837102
0.838485
0.875486
0.915720
0.873851
0.908045
0.913923
0.958784
0.978008
0.973934
0.979627
1.014915
0.977011
1.031167
1.056393
1.001050
1.107241
1.093317
1.082659
1.059376
1.095301
1.152752
1.125103
1.100052
1.070044
1.057192
1.064133
1.082608
1.068094
1.072289
1.042677
1.050307
1.052154
1.026482
1.041565
0.999932
1.071850
1.049989
0.995927
0.969979
0.996337
0.970491
0.954584
0.903291
0.858087
0.888637
0.900987
0.891154
0.937872
0.954749
0.979405
0.948613
0.967723
1.044690
0.943862
1.013457
0.956791
0.941829
0.954420
0.931418
0.940844
0.916823
0.903914
0.850449
0.904254
0.892702
0.865101
0.932784
1.016776
0.959534
0.985108
1.085844
1.133214
1.005159
1.043486
1.170526
1.028341
1.025977
0.965078
1.015250
0.957134
0.807833
0.969976
1.068317
1.041448
1.094109
1.029110
1.111328
1.092624
1.023299
1.100326
1.068770
1.015724
0.887371
0.893522
0.910614
0.856121
0.967897
0.942288
0.852764
0.924859
0.877030
0.855450
0.876074
0.832109
0.857428
0.881292
0.849316
0.824698
0.848481
0.862499
0.845622
0.896891
0.824940
0.862747
0.874479
0.879378
0.901593
0.821650
0.994574
1.024489
0.992295
0.985346
1.083936
1.060293
1.027270
1.058425
1.071021
1.021724
1.137428
1.026356
0.995322
0.998875
1.105739
1.128150
1.048809
1.118559
1.097907
1.102120
1.063452
1.045335
1.034110
1.053824
1.009490
1.007623
1.044693
1.029419
1.040630
1.029329
1.066799
1.059660
1.079420
1.070143
1.103583
1.069040
1.115011
1.126361
1.119217
1.133273
1.201873
1.177300
1.210830
1.192084
1.239308
1.251758
1.269108
1.242523
1.195473
1.291526
1.213088
1.182827
1.180221
1.215347
1.198263
1.159273
1.110661
1.008053
0.990067
0.941975
0.919862
0.884512
0.884438
0.846765
0.885239
0.770388
0.798142
0.789437
0.777386
0.728624
0.784059
0.765081
0.750794
0.665210
0.663374
0.639880
0.578571
0.666754
0.693640
0.666826
0.590852
0.578240
0.629246
0.659778
0.722102
0.745101
0.831333
0.862227
0.960445
0.933607
1.022663
1.144638
1.155145
1.174033
1.199155
1.259450
1.247359
1.297408
1.273567
1.372489
1.270189
1.347143
1.347047
1.371440
1.445211
1.318177
1.274651
1.187314
1.085421
0.904492
0.900821
0.892651
1.002942
1.013025
1.063840
1.025053
1.139269
1.073121
1.228339
1.099016
1.161535
1.175928
1.282707
1.261354
1.268450
1.246386
1.129683
1.259409
1.234936
1.221359
1.045619
1.040946
1.073533
1.154940
1.143238
1.101940
1.201212
1.190256
1.162057
1.039022
1.089422
1.088885
1.101254
1.069478
1.114944
1.071206
1.078333
0.981282
1.022881
0.937303
0.895596
0.901402
0.830408
0.961910
0.925323
0.933420
0.921965
0.915376
0.832142
0.939717
0.969649
0.961395
1.000170
0.952441
1.047250
0.960853
1.043129
1.021373
1.050244
1.057556
1.040702
1.022972
1.031803
0.912148
1.035519
0.923374
0.920972
0.836521
0.956730
0.908699
0.933845
0.906442
0.917508
0.928641
0.914346
0.934581
1.011874
1.058711
1.127926
1.080840
1.091690
1.109533
1.090135
1.023757
1.087728
1.067003
1.048179
1.028822
1.165913
1.190771
1.303131
1.135933
1.230577
1.326240
1.235751
1.305637
1.455818
1.331169
1.347459
1.246593
1.274255
1.349545
1.372522
1.312707
1.241276
1.256863
1.321957
1.302763
1.222158
1.158336
1.174846
1.161148
1.178445
1.219837
1.208890
1.284006
1.268504
1.311012
1.254679
1.253055
1.265711
1.210343
1.171646
1.165005
1.082494
1.130350
1.047169
1.030646
0.938902
0.932413
0.826591
0.804829
0.691349
0.789993
0.769058
0.792697
0.828856
0.806880
0.833144
0.859331
0.843180
0.878557
0.870259
0.861359
0.895312
0.930500
0.852678
0.958338
0.953254
0.975596
0.966666
1.001130
1.013003
1.009462
0.994364
1.105496
1.022953
1.050246
1.139058
1.019768
0.972039
0.821780
0.914821
0.933569
0.973238
0.990334
1.086444
1.053900
1.030191
0.989534
0.994774
0.897127
1.006845
1.035345
1.020900
0.996836
1.031943
0.977375
0.923300
0.885461
1.013246
0.999416
0.982770
1.055531
0.985528
0.992712
0.938315
1.027575
1.049549
0.941009
0.991924
0.931851
0.943116
0.884200
0.953795
0.955101
0.927284
0.963749
0.924340
0.874693
0.756336
0.768576
0.702775
0.763234
0.723522
0.716423
0.736867
0.728368
0.738573
0.722863
0.652053
0.677551
0.639730
0.566843
0.656484
0.602907
0.588277
0.589601
0.651028
0.575766
0.613011
0.620758
0.625447
0.628351
0.609728
0.624907
0.619859
0.627619
0.598806
0.612331
0.584487
0.612983
0.622512
0.585033
0.627825
0.608463
0.591885
0.570001
0.605366
0.612112
0.580150
0.632535
0.618361
0.648705
0.604405
0.608246
0.601642
0.593077
0.608835
0.626835
0.602773
0.608137
0.619847
0.618583
0.593655
0.584800
0.586890
0.574258
0.564763
0.603616
0.584890
0.553354
0.603425
0.595236
0.608428
0.532263
0.539195
0.608082
0.612301
0.598775
0.592589
0.597565
0.572309
0.615440
0.603648
0.604883
0.584407
0.637426
0.604750
0.629692
0.567451
0.591454
0.566999
0.614665
0.614825
0.585735
0.591321
0.580386
0.558590
0.576573
0.596181
0.581503
0.585972
0.611384
0.513002
0.573550
0.527009
0.607916
0.621991
0.603707
0.569050
0.553989
0.607089
0.614063
0.612773
0.614149
0.595232
0.593967
0.531307
0.509879
0.523290
0.536679
0.555540
0.542953
0.539647
0.538653
0.535029
0.535446
0.517986
0.506388
0.554096
0.527379
0.551678
0.538956
0.471537
0.490873
0.516578
0.477893
0.538086
0.454253
0.402248
0.420243
0.521772
0.522823
0.519714
0.532331
0.555498
0.533500
0.537209
0.573126
0.565271
0.570482
0.597704
0.548336
0.591649
0.554873
0.577648
0.557885
0.554948
0.560588
0.522678
0.542457
0.559421
0.559779
0.609282
0.557709
0.628196
0.630880
0.645174
0.544545
0.646996
0.667524
0.620230
0.606967
0.616175
0.648833
0.598804
0.651210
0.528822
0.557453
0.518197
0.501362
0.495985
0.499382
0.507121
0.527423
0.532672
0.533533
0.520240
0.529050
0.531455
0.536278
0.507531
0.595108
0.501266
0.505426
0.503728
0.607615
1.386091
0.498941
0.626309
0.741749
0.766444
1.531715
1.693569
1.669499
1.695690
1.598586
1.710091
1.578687
1.609861
1.556275
1.559450
1.572434
1.404043
1.496429
1.464782
1.436199
1.430902
1.446657
1.312880
1.356865
1.348485
1.362589
1.314923
1.290150
1.256987
1.268245
1.183543
1.144039
1.090781
1.114172
1.078945
0.983665
1.037041
0.969983
1.051418
1.012627
1.050437
1.005489
1.039414
1.021705
1.032537
1.031681
1.063400
1.069982
1.077833
1.039416
1.053265
1.039948
1.027918
1.006659
1.027089
1.011267
1.029335
0.998738
1.033855
1.012262
1.045793
1.031927
1.014109
1.039665
1.013968
1.009783
1.043963
1.018091
1.078622
1.073439
1.075372
1.071989
1.096482
1.083181
1.062001
1.057633
1.070509
1.061490
1.020969
1.008872
0.982881
1.029570
1.031553
0.970597
0.997919
1.008605
1.023270
1.028280
1.051021
1.030615
1.072438
1.045505
1.031549
1.042699
1.039957
1.042416
1.050665
0.961712
1.034619
1.022960
1.009882
1.021281
0.954266
1.011668
0.995731
0.941943
0.974400
0.962487
1.008002
1.014617
1.017685
1.013860
1.017322
1.005932
1.016602
0.999484
1.029817
1.031308
0.954879
1.033291
0.955100
0.932149
0.915485
0.875840
0.835107
0.835132
0.877843
0.900281
0.906384
0.907704
0.868359
0.905041
0.817662
0.917839
0.865154
0.871251
0.871859
0.905812
0.910895
0.929067
0.895923
0.970412
0.959686
1.014390
1.054404
1.040297
1.004740
1.025371
1.015200
0.933274
0.892276
0.841482
0.675643
0.594257
0.493463
0.469735
0.478996
0.463117
0.404067
0.406909
0.388291
0.365722
0.381177
0.343011
0.324924
0.363698
0.429032
0.415588
0.387757
0.514914
0.655896
0.515954
0.615597
0.484562
0.706690
0.714093
0.728180
0.723460
0.795140
0.712559
0.732698
0.709381
0.769154
0.734779
0.714858
0.894835
1.027364
0.999791
1.010565
0.982619
0.980143
1.204490
1.013166
1.058043
1.029723
1.034136
1.046933
0.914240
0.926150
0.881660
0.931373
1.062228
1.006692
0.966006
1.021534
0.994506
0.920598
0.999911
0.867288
