1.000000
1.000000
1.001860
1.003019
0.991498
0.985652
1.007518
0.948430
1.039602
1.005620
1.024422
1.022917
1.015699
1.031977
1.006272
1.010653
1.018462
1.015220
1.010996
1.023184
1.027958
1.033069
1.037445
1.044284
1.037955
1.059419
1.057636
1.040094
1.064537
1.062067
1.069517
1.062564
1.063986
1.075162
1.087656
1.059625
1.062222
1.062473
1.077091
1.065332
1.058809
1.058481
1.055459
1.064641
1.066372
1.041751
1.045508
1.044850
1.045136
1.032739
1.035920
1.012349
1.004383
1.037934
1.036869
1.035645
1.025858
1.013824
1.026044
1.042741
1.035884
1.037222
1.026564
1.036664
1.025462
1.039649
1.029088
1.031310
1.031940
1.018070
1.012186
1.011363
1.008137
0.992337
1.000290
0.985257
0.969640
0.972920
0.949146
0.957633
0.931644
0.955074
0.929610
0.944957
0.933578
0.908112
0.902552
0.922768
0.909275
0.905901
0.928006
0.949161
0.941544
0.950686
0.973967
0.959722
0.947185
0.958432
0.962894
0.990534
0.999101
1.010085
1.000251
1.014669
1.024810
1.015544
1.031267
1.026574
1.027840
1.032417
0.997229
1.000131
1.001162
0.968762
0.966955
0.973228
0.956667
0.963688
0.917181
0.935867
0.909677
0.939467
0.902553
0.902947
0.891613
0.888743
0.848768
0.881108
0.860528
0.826866
0.840778
0.829997
0.833723
0.821908
0.863745
0.849773
0.855513
0.852573
0.859837
0.870844
0.848228
0.865612
0.884633
0.880909
0.903627
0.914108
0.901845
0.897469
0.913334
0.913371
0.944151
0.926463
0.951526
0.943441
0.950892
0.964089
0.956470
0.973135
1.006048
0.996996
0.998433
0.983110
0.987510
0.971702
0.981516
1.000265
0.967454
0.982364
1.023210
1.003738
1.032860
1.010687
1.024937
1.018177
1.015964
1.006754
1.005477
1.020096
1.016427
1.022631
0.992374
1.002184
1.001561
1.021555
0.996329
1.038782
1.065381
1.069412
1.080332
1.053779
1.057115
1.063312
1.014240
1.032317
1.053330
1.045251
1.033592
1.022925
1.033020
1.019074
1.035226
1.048199
1.056453
1.048451
1.029050
1.028092
1.000619
1.018545
1.065831
1.049364
1.048388
1.050192
1.049462
1.033133
1.033467
1.042113
1.033625
1.051000
1.025506
1.034618
1.025702
1.017735
1.013791
0.981249
0.973035
0.982959
0.998024
0.953809
0.961272
0.977169
0.957071
0.939537
0.962449
0.989298
0.951133
0.946214
0.943448
0.962226
0.983883
0.972063
0.978375
0.997649
0.980000
1.009841
0.948733
0.965917
0.996411
0.975024
0.995714
0.972232
0.970884
0.970327
0.942971
0.912024
0.880042
0.891045
0.927914
0.941900
0.959078
0.899033
0.936430
0.958740
0.937326
0.948315
0.958152
0.948285
0.936556
0.961551
0.970115
0.968939
0.939790
0.959519
0.971021
0.973662
0.969130
0.961992
0.977076
0.987540
1.001673
1.020348
1.011758
0.991997
1.004255
1.009209
0.998631
1.006530
1.019268
1.027412
1.040757
1.038108
1.061656
1.058994
1.070598
1.062379
1.048039
1.058997
1.067054
1.064726
1.071204
1.077706
1.071979
1.091086
1.083639
1.061792
1.070786
1.079780
1.080320
1.090910
1.100740
1.102234
1.046921
1.091042
1.063776
1.050780
1.047733
1.057137
1.050267
1.038284
1.069057
1.050813
1.029639
1.038582
1.039272
1.015082
1.044374
1.036257
1.045590
1.021191
1.000894
1.000602
1.009805
1.002371
0.969865
0.996104
0.975834
0.971035
0.978090
0.966056
0.965311
0.976928
0.961873
0.975036
0.960398
0.957068
0.962068
0.956721
0.952326
0.963874
0.943158
0.954804
0.982217
0.966104
0.989319
0.980225
0.952052
0.972215
0.959642
0.969439
0.980414
0.976966
0.967846
0.981223
0.991430
0.969218
1.004764
0.981187
0.976095
0.988842
0.964437
1.025994
1.023432
1.021327
1.018440
1.057574
1.058987
1.065939
1.056721
1.066895
1.059515
1.077381
1.075676
1.071819
1.091309
1.074050
1.077659
1.073110
1.070904
1.086034
1.075980
1.065239
1.085482
1.097273
1.090080
1.068888
1.069973
1.046338
1.056623
1.031129
1.056523
1.016727
1.025238
1.021195
0.992573
1.001303
1.011128
0.994497
0.985717
0.973766
0.984089
0.964679
0.973468
0.976861
0.989854
0.976862
0.972335
1.013953
0.993182
1.005717
0.997101
0.974205
0.967135
0.972304
0.992341
0.957528
0.980471
0.969734
0.959289
0.966861
0.963012
0.984011
0.960591
0.984252
0.960383
0.947312
0.961017
0.972739
0.984992
0.951816
0.946244
0.934803
0.929677
0.936463
0.936247
0.932870
0.922977
0.945215
0.972530
0.980899
0.974823
0.960220
0.964564
0.963730
0.968723
0.966444
0.995238
0.998085
0.988089
0.983912
0.993324
1.011590
1.023006
0.995441
1.029862
1.025937
1.022042
1.021426
1.037122
1.044573
1.035155
1.030931
1.032027
1.026555
1.035116
1.027697
1.033806
1.004124
1.015601
1.004075
0.966307
0.966404
0.982505
0.943518
0.935950
0.931594
0.912673
0.904297
0.891464
0.909628
0.891812
0.895123
0.907098
0.916942
0.918343
0.919292
0.919065
0.943467
0.929467
0.950076
0.978996
0.964481
0.960105
0.980236
0.968815
0.984695
1.003644
0.992552
0.988183
1.013028
1.036689
1.030689
1.031718
1.061170
1.042707
1.071127
1.068210
1.041283
1.041185
1.047948
1.037774
1.013868
1.023176
1.016480
1.011244
1.001703
1.000685
1.009510
0.988846
0.993731
1.011588
0.988126
0.971745
0.999018
0.993936
0.999842
1.018513
1.009646
1.027725
1.046402
1.058923
1.038359
1.035609
1.055093
1.021150
1.023422
1.005167
1.007525
1.020968
1.000799
1.006413
0.998828
1.005189
0.975385
0.962362
0.982221
0.982187
0.966878
0.992439
0.993534
0.980336
0.968026
0.970047
0.956017
0.927829
0.934750
0.932530
0.901566
0.923563
0.886129
0.893712
0.889345
0.894398
0.843155
0.855316
0.865891
0.850655
0.835855
0.883421
0.872679
0.884077
0.907637
0.912333
0.907215
0.931854
0.941600
0.929283
0.955275
1.002476
0.982968
1.009397
1.036441
1.021733
1.011800
1.039359
1.042127
1.054134
1.031162
1.056443
1.034673
1.059859
1.070891
1.018323
0.976692
0.929482
0.898799
0.829163
0.727544
0.672917
0.670139
0.520251
0.446231
0.414759
0.339508
0.301184
0.388336
0.454279
0.535909
0.542573
0.506767
0.610321
0.643374
0.632867
0.643774
0.687513
0.802365
0.846771
0.840256
0.916797
0.893337
1.052548
1.024627
0.934061
1.021347
1.078360
1.078972
1.178101
2.027118
1.879771
1.791530
1.702888
1.653921
1.546064
1.461183
1.449081
1.410032
1.281357
1.350123
1.295399
1.289120
1.202926
1.185982
1.211715
1.196271
1.165271
1.189650
1.167948
1.129483
1.160012
1.067383
1.106192
1.089738
1.085895
1.010330
0.969671
0.981332
0.920663
0.994061
0.941713
0.984382
0.982852
0.995876
1.005469
0.992078
1.024285
1.036088
1.051054
1.076195
1.050954
1.043382
1.038847
1.039166
1.019746
0.927846
1.004414
1.032345
1.002570
0.989371
0.987562
1.021358
0.996888
0.979463
1.018397
1.060716
1.027217
0.998895
0.985054
1.043674
1.002411
1.043205
1.019225
1.069903
1.045550
1.024532
1.028820
1.012958
1.013552
0.983617
0.995315
0.943507
0.915180
0.923612
0.892218
0.875687
0.839326
0.816535
0.774306
0.755908
0.716872
0.662392
0.654742
0.723613
0.761252
0.818241
0.809616
0.827060
0.871113
0.881012
0.876002
0.899900
0.909437
0.952812
0.989514
1.010068
0.944272
1.005704
1.021146
1.022023
1.020279
1.029359
1.051662
1.010293
1.092639
1.069291
1.069141
1.053751
1.087823
1.071368
1.012604
1.037148
0.990747
0.998175
1.000338
0.901020
0.906242
0.890564
0.859229
0.910177
0.925157
0.908207
0.884484
0.882474
0.894119
0.879348
0.947982
0.980490
1.034101
1.082435
1.082236
1.096941
1.046880
1.082179
1.067756
1.099501
1.058438
1.142649
1.123281
1.035712
1.115770
1.045544
1.115732
1.136880
1.131485
1.112628
1.094082
1.093843
1.087286
1.126153
1.115643
1.094345
1.064302
0.979672
1.020767
1.061463
1.058427
1.079073
1.178723
1.158071
1.164123
1.169753
1.161684
1.141691
1.144510
1.137017
1.112713
1.121873
1.115880
1.134551
1.164609
1.132279
1.128451
1.124296
1.104049
1.085497
1.104067
1.063407
1.108878
1.063576
1.078431
1.093601
1.076882
1.123542
0.977714
1.070394
1.034473
1.049505
0.921245
1.024592
1.023041
1.056164
1.061779
1.057003
0.883765
1.018824
1.061935
1.076237
1.009005
0.998135
0.955554
0.948837
0.942429
0.776829
0.820075
0.775422
0.752530
0.744009
0.765769
0.858710
0.812762
0.836636
0.867202
0.897566
0.863879
0.934770
0.877371
0.902871
0.913788
0.879306
0.855999
0.829620
0.787489
0.869021
0.946058
0.917880
0.936689
0.925102
0.866713
0.823882
0.769694
0.490365
0.444240
0.437153
0.314357
0.423960
0.382499
0.391314
0.433863
0.427922
0.408383
0.356091
0.316488
0.378495
0.240432
0.236616
0.233701
0.212878
0.269819
0.251304
0.291842
0.246117
0.279083
0.326129
0.310672
0.298159
0.298382
0.377777
0.347318
0.366190
0.419575
0.396837
0.435070
0.441661
0.413914
0.451261
0.471363
0.479469
0.512809
0.542711
0.542473
0.568943
0.563285
0.607320
0.611518
0.621690
0.621962
0.642708
0.638861
0.658772
0.641870
0.656386
0.624385
0.652710
0.632941
0.648798
0.653856
0.611393
0.638104
0.611593
0.655808
0.640561
0.621031
0.631798
0.641358
0.629853
0.644145
0.655201
0.680973
0.690976
0.771927
0.859420
0.892898
0.922094
0.990949
1.002773
1.027266
1.110010
1.154103
1.197065
1.210183
1.223946
1.233219
1.276372
1.322943
1.301392
1.332112
1.302909
1.313429
1.357208
1.352834
1.363245
1.313430
1.341155
1.341054
1.291649
1.286402
1.259405
1.262472
1.241356
1.210994
1.194035
1.170837
1.168562
1.181606
1.158532
1.128358
1.135946
1.139631
1.134997
1.105777
1.123986
1.135576
1.130249
1.121722
1.106147
1.060880
1.147557
1.099314
1.104285
1.114262
1.108991
1.117892
1.102541
1.085810
1.098782
1.098424
1.104510
0.920278
0.807157
0.397992
0.217475
0.240050
0.196371
0.120500
0.167936
0.105998
0.225344
0.274686
0.197302
0.238870
0.230645
0.188426
0.237073
0.227484
0.264367
0.255777
0.264068
0.242874
0.250385
0.220850
0.251655
0.264843
0.354366
0.415404
0.848195
0.960587
1.029775
0.981994
1.054443
1.085454
1.092483
1.080602
1.116631
1.098186
1.102023
1.102231
1.113383
1.101636
1.087868
1.105650
1.110855
1.103631
1.139719
1.136017
1.147257
1.115712
1.131137
1.122332
1.118626
1.150906
1.126163
1.110908
1.081995
1.047887
1.028425
1.014729
0.983870
0.944128
0.939358
0.943295
0.949650
0.944129
0.933833
0.932928
0.906097
0.907898
0.909157
0.891668
0.867955
0.859828
0.830905
0.827504
0.803367
0.830654
0.809156
0.840575
0.856241
0.852091
0.869063
0.845206
0.852887
0.877979
0.911184
0.886697
0.890961
0.882689
0.874841
0.878334
0.868128
0.896681
0.878459
0.839646
0.869409
0.812503
0.802369
0.774513
0.784960
0.750706
0.713834
0.737011
0.719073
0.749146
0.743525
0.737150
0.682728
0.686921
0.662105
0.683085
0.663282
0.663572
0.642282
0.633716
0.624778
0.618184
0.611147
0.631619
0.688905
0.717410
0.791175
0.845370
0.862638
0.881177
0.948460
0.930529
0.933937
0.900231
0.884128
0.848738
0.759144
0.809772
0.823232
0.857197
0.904953
1.191898
1.280775
1.336886
1.343142
1.377638
1.434478
1.442050
1.521963
1.525865
1.594489
1.584667
1.555109
1.558833
1.507796
1.455136
1.443297
1.449588
1.450334
1.431943
1.406940
1.403220
1.366889
1.339083
1.289921
1.303784
1.293130
1.304730
1.254208
1.209612
1.185418
1.183383
1.157631
1.175426
1.157060
1.147988
1.126649
1.126227
1.100641
1.122476
1.116748
1.094824
1.078408
1.104510
1.103882
1.089770
1.090542
1.070688
1.108465
1.076561
1.034107
1.046333
1.024872
1.014460
0.985509
0.988630
0.970184
0.993840
0.949284
0.943906
0.920975
0.923395
0.938630
0.920349
0.906502
0.902364
0.889534
0.944606
0.912016
0.945903
0.923192
0.922863
0.905850
0.916583
0.922602
0.900746
0.912425
0.913345
0.881682
0.880989
0.859282
0.857191
0.938840
0.866205
0.848326
0.902833
0.868584
0.928470
0.923728
0.986690
0.997606
0.951538
1.009272
1.018680
1.019910
1.021760
1.035462
1.044819
1.059893
1.080926
1.058420
1.051835
1.054500
1.062676
1.066547
0.988191
0.980895
0.950607
0.937085
0.896834
0.941457
0.958040
0.993500
0.951353
0.924242
1.011275
0.917772
0.977972
0.959069
0.963715
0.989171
1.073176
0.964126
0.964402
1.050417
1.020233
1.021878
1.058407
1.042249
1.042356
1.050163
1.053812
1.061615
1.023895
1.082803
1.133797
1.123266
1.166433
1.178321
1.182330
1.152390
1.144168
1.146202
1.098744
1.133270
1.088054
1.082017
1.055779
1.072778
1.064060
1.049585
1.039731
1.080842
1.035254
1.036557
1.057292
1.042538
1.049958
1.036692
1.059502
1.069874
1.063658
1.102965
1.098622
1.095609
1.074357
1.041760
1.045110
1.041679
0.978731
0.946865
0.968325
0.939565
0.884636
0.850480
0.851694
0.832481
0.807872
0.740363
0.744083
0.743473
0.733923
0.746900
0.723935
0.721338
0.710053
0.686599
0.687838
0.658695
0.673883
0.677184
0.680054
0.687701
0.653781
0.711268
0.620264
0.637559
0.600094
0.610085
0.664841
0.589757
0.606609
0.603967
0.605876
0.690466
0.699099
0.708350
0.712351
0.743283
0.782864
0.761439
0.774150
0.822892
0.824468
0.895756
0.912621
0.908690
1.019576
0.960370
1.016329
1.046763
1.110919
1.156147
1.181924
1.229059
1.218191
1.218336
1.248998
1.202288
1.187211
1.184264
1.207688
1.148489
1.155571
1.149021
1.135249
1.112261
1.159011
1.140800
1.211053
1.170855
1.119088
1.065571
1.069825
1.033537
0.984765
1.022854
0.997927
1.034108
1.029010
1.026230
1.071666
1.032306
1.050461
1.014860
1.168771
1.198795
1.244767
1.245333
1.172275
1.194835
1.155998
1.172701
1.210739
1.197031
1.185954
1.171208
1.189446
1.186718
1.145753
1.119216
1.094819
1.040831
1.026413
1.069238
1.022682
1.019328
0.987220
1.062015
1.037121
1.014358
1.020692
0.980288
0.979151
1.007162
0.983625
0.979079
0.975438
0.987394
1.000767
0.950414
1.017697
0.985661
1.049202
1.019652
1.087664
1.053194
1.037361
1.045135
1.004459
1.041484
1.127410
1.108903
1.119373
1.089088
1.087392
1.066123
1.004735
1.007172
0.938012
1.018982
0.890875
0.769939
0.669315
0.619343
0.557182
0.459338
0.457303
0.393127
0.511373
0.527383
0.548997
0.542740
0.559029
0.570294
0.666364
0.666360
0.755557
0.744139
0.799365
0.955748
0.984396
1.056911
1.064966
1.112824
1.138716
1.126621
1.125123
1.145066
1.145611
1.160256
1.171551
1.213571
1.231139
1.269911
1.257385
1.249112
1.311078
1.325190
1.384696
1.366333
1.368576
1.318184
1.354213
1.259741
1.318699
1.191487
1.216216
1.205538
1.147049
1.173914
1.055552
1.085060
1.064380
1.037353
1.055935
1.058734
1.067855
1.031458
0.987020
0.996356
0.990533
1.005938
1.048559
1.022397
1.004536
0.956672
0.923491
0.943350
0.949570
0.976467
0.922907
0.953961
0.929093
0.953468
0.932681
0.997766
0.944347
0.994960
1.002983
0.993651
1.004713
1.011784
1.000637
1.012117
1.046072
1.030076
1.023907
1.038467
1.052787
1.074955
1.054085
1.102862
1.067549
1.101457
1.088854
1.113240
1.053221
1.081589
1.073331
1.055280
1.009645
1.034654
1.016531
0.945873
0.938330
0.883092
0.924969
0.884168
0.885206
0.901668
0.910916
0.979802
0.956250
1.012063
0.968983
1.038885
1.021937
1.016558
1.052881
1.016943
0.976896
1.008290
0.997379
0.989574
0.997205
0.999834
0.979236
0.964050
0.936701
0.946838
0.932409
0.969393
0.930997
1.005299
0.976102
0.986789
0.993253
1.032978
1.028778
1.024636
0.996266
0.986030
0.993357
1.014374
1.011936
1.005689
1.003691
1.038666
1.044278
1.041895
1.011218
1.071740
0.991054
1.002071
0.970431
0.944694
0.956667
0.920320
0.913030
0.925683
0.928890
0.893555
0.900013
0.898580
0.888612
0.863993
0.847919
0.861981
0.915427
0.912475
0.932217
0.921638
0.936519
0.951931
0.955464
0.973986
0.958954
0.964787
0.959637
1.000639
1.029910
1.030186
1.009991
1.031575
1.087445
1.122639
1.116948
1.093810
1.156670
1.157404
1.170169
1.156268
1.161528
1.160206
1.148238
1.143585
1.121177
1.074219
1.076307
1.135489
1.097261
1.122324
1.078837
1.133084
1.097383
1.110852
1.124962
1.116015
1.112997
1.099261
1.127127
1.099062
1.105778
1.108387
1.081343
1.126210
1.100610
1.093146
1.114808
1.114976
1.122515
1.105462
1.134186
1.124822
1.100562
1.127561
1.104381
1.107073
1.092602
1.114235
1.109065
1.110570
1.127982
1.103309
1.099547
1.102477
1.095038
1.067320
1.083734
1.085958
1.099438
1.080383
1.064802
1.047377
1.011394
0.997047
0.981465
0.962188
0.914974
0.912770
0.902724
0.849132
0.914971
0.866696
0.888304
0.860639
0.872709
0.869871
0.863197
0.860411
0.850669
0.844851
0.879914
0.871819
0.838424
0.902732
0.846289
0.907675
0.915281
0.884643
0.893033
0.887819
0.885091
0.914542
0.935623
0.914099
0.914941
0.970085
0.937672
1.014315
0.989748
1.012349
0.991520
1.021642
1.022670
1.027057
1.035678
1.007721
1.007156
1.019702
1.011635
1.019970
1.025796
1.047919
1.019488
1.007068
1.030449
1.032392
0.987674
1.003900
0.992453
1.049432
0.977071
1.024400
0.975929
0.997999
1.006749
0.992962
0.998033
0.999718
1.045790
0.985888
0.999205
1.005035
1.025197
0.979393
1.011453
1.028508
1.033965
1.040287
1.035515
1.044359
1.046718
1.051745
1.056906
1.047320
1.047684
1.046012
1.062040
1.086256
1.105971
1.102453
1.094811
1.077955
1.100653
1.109603
1.104648
1.099868
1.114987
1.115639
1.130087
1.128412
1.116020
1.096669
1.092413
1.100861
1.087746
1.102167
1.111029
1.101170
1.114783
1.100122
1.113571
1.110981
1.109658
1.126089
1.097124
1.103758
1.113738
1.057472
1.087766
1.097890
1.088040
1.092801
1.112823
1.116031
1.104028
1.067634
1.067191
1.106181
1.093248
1.085556
1.080087
1.074011
1.066643
1.052660
1.066501
1.049791
1.065662
1.055877
1.042932
1.026913
1.013456
1.000640
0.982802
0.927011
0.898843
0.889207
0.861079
0.836817
0.793124
0.770947
0.746703
0.719705
0.698402
0.661091
0.653496
0.649040
0.604702
0.596011
0.607443
0.586635
0.591922
0.594381
0.582367
0.588608
0.633326
0.641175
0.674079
0.721543
0.714303
0.749140
0.751791
0.786705
0.811978
0.803622
0.837855
0.845822
0.845231
0.876352
0.855503
0.817231
0.831030
0.813583
0.764006
0.762593
0.729730
0.692422
0.726257
0.640883
0.614901
0.625177
0.604129
0.620588
0.604808
0.581949
0.674759
0.556952
0.562723
0.568309
0.541751
0.617800
0.662936
0.727471
0.674162
0.786798
0.779921
0.861054
0.913876
0.914380
0.985953
1.049015
1.070241
1.116729
1.107188
1.188321
1.122295
1.273091
1.255414
1.299669
1.247378
1.322985
1.365367
1.218785
1.290936
1.335178
1.286675
1.236902
1.271504
1.268346
1.245161
