278	98	167	216
276	96	185	223
269	106	220	211
276	97	194	214
275	107	206	206
280	101	201	210
283	110	209	206
288	106	198	204
287	107	213	215
285	99	216	219
278	106	247	218
295	109	221	209
287	110	230	208
290	112	225	200
287	110	232	197
284	106	239	211
287	110	237	205
287	125	244	190
291	120	237	194
288	110	236	206
289	117	241	191
287	132	249	189
288	116	241	199
284	117	250	197
298	130	226	188
294	108	232	204
290	110	238	212
288	106	246	210
288	116	248	210
291	104	251	208
295	97	239	217
298	97	229	224
291	88	242	230
290	91	236	239
301	67	221	252
300	78	211	244
294	82	232	237
289	92	235	231
281	72	256	247
284	78	255	242
303	79	219	247
302	76	225	251
304	72	238	240
304	90	243	237
314	79	228	236
300	103	237	217
294	78	246	247
299	90	240	235
292	99	249	229
316	92	220	227
308	81	223	249
297	89	244	232
296	74	243	255
301	83	234	239
313	79	222	247
308	88	234	241
288	87	260	230
290	85	254	235
300	78	238	249
301	63	233	258
299	82	235	236
299	59	234	265
297	70	239	245
297	88	241	234
297	67	241	250
299	63	240	258
299	53	238	264
299	65	242	252
314	39	218	283
300	61	241	261
310	58	210	262
321	65	186	252
327	77	171	248
334	86	148	231
335	82	135	237
335	75	131	243
339	74	105	242
328	79	106	241
302	84	134	232
296	65	173	256
295	59	187	255
304	55	177	258
297	47	190	277
296	54	185	251
305	59	161	266
304	50	173	267
301	55	183	265
297	62	200	260
299	72	191	249
296	68	201	252
298	68	202	253
299	62	190	257
302	54	182	264
300	62	196	257
301	50	198	276
296	62	223	262
312	48	179	272
301	53	188	270
298	57	208	262
307	49	198	272
308	34	191	286
325	35	167	282
325	41	164	283
310	47	195	275
308	44	199	278
296	61	223	260
300	63	221	256
303	70	214	249
306	56	202	266
301	70	214	254
299	51	227	266
301	65	215	256
303	57	207	266
298	69	215	253
300	62	202	260
301	56	194	273
310	41	179	279
306	33	187	287
309	49	171	272
311	43	169	277
299	32	186	290
296	38	196	288
319	31	162	286
325	47	163	275
349	43	121	276
372	47	95	270
387	33	100	283
373	46	140	264
361	32	160	280
349	50	189	266
352	49	190	261
343	59	205	257
339	48	210	271
343	60	204	257
341	68	202	240
343	73	191	241
333	64	210	244
312	64	236	251
303	69	238	247
298	68	245	251
300	58	240	256
319	77	212	244
313	61	215	259
323	73	202	250
325	62	198	252
318	73	199	255
325	77	186	247
333	97	170	233
328	109	181	215
328	119	180	207
321	117	182	209
330	103	170	211
322	114	181	203
323	117	176	197
323	107	184	206
320	120	181	195
319	117	182	194
312	124	187	196
312	112	188	200
312	123	188	189
312	128	189	187
315	135	188	182
319	137	181	174
318	143	190	171
326	141	169	169
326	132	173	178
325	136	176	175
324	125	181	184
319	133	187	184
311	122	196	189
310	127	196	196
310	110	196	208
305	124	198	204
293	100	218	224
286	108	234	218
300	117	216	205
295	119	223	195
296	128	216	196
299	127	212	188
300	116	204	199
295	114	201	207
297	120	201	197
292	115	212	197
296	116	216	200
300	114	219	202
306	107	210	208
304	132	223	194
319	118	204	201
314	137	212	187
326	126	196	194
332	126	186	195
330	133	181	191
325	135	190	189
323	139	185	186
324	141	188	183
314	148	202	181
309	146	212	177
315	144	200	179
320	140	198	179
318	147	205	172
312	137	205	189
302	136	224	190
299	139	228	183
298	134	226	190
295	132	227	190
295	127	239	198
290	142	248	181
296	152	241	164
303	143	231	180
310	143	220	177
303	145	234	176
301	145	239	176
294	145	249	173
290	142	249	176
284	140	252	180
284	141	249	178
293	141	244	179
283	140	255	181
286	143	247	177
278	138	253	179
281	130	251	185
285	130	252	192
289	140	238	182
291	151	249	167
315	164	210	154
303	173	226	145
291	192	236	123
300	186	217	130
308	176	205	140
309	168	204	150
313	158	199	158
311	158	203	160
305	161	207	157
305	159	210	158
295	158	223	163
305	154	205	165
292	150	226	171
298	150	216	167
290	143	232	178
286	145	246	174
289	138	233	182
286	143	246	178
287	148	244	171
285	141	245	180
286	147	243	171
288	145	232	174
285	142	246	178
284	139	234	179
287	137	234	181
293	141	221	179
298	151	219	170
302	153	214	167
295	142	220	180
294	146	219	178
297	143	212	177
297	151	218	172
299	150	220	169
291	140	228	183
296	147	228	174
291	143	243	177
289	137	253	186
289	145	249	177
288	147	244	172
285	145	249	177
286	138	252	181
299	150	241	168
283	141	257	179
283	139	251	180
285	131	257	193
283	134	259	182
282	141	259	181
288	152	249	165
306	145	219	170
309	134	215	184
297	139	241	180
284	129	257	191
278	125	266	196
278	123	263	200
271	120	263	201
298	114	236	207
288	118	238	203
292	125	239	194
318	118	209	205
333	129	196	190
345	122	178	198
350	123	167	200
350	120	165	202
348	114	166	211
353	118	155	204
350	111	157	211
343	109	169	216
347	111	165	207
344	108	166	211
343	109	172	210
341	115	182	205
340	104	174	216
337	111	184	211
339	110	181	212
341	108	178	215
343	113	176	208
337	111	184	211
349	126	163	200
352	122	163	200
353	132	155	189
356	135	143	187
350	134	156	183
351	138	155	178
348	143	153	176
350	141	160	174
349	149	155	166
348	153	161	159
349	148	161	165
343	146	167	163
335	133	171	178
323	125	183	185
310	131	201	178
310	123	196	188
310	136	197	177
321	152	194	163
319	163	193	151
334	166	168	146
347	172	154	141
349	175	148	138
357	168	138	143
350	181	138	130
357	185	135	125
358	187	132	122
356	187	135	123
356	185	136	126
356	188	135	123
358	186	130	124
361	183	130	129
365	176	128	140
361	182	133	137
367	180	129	135
374	167	122	144
380	167	114	152
384	189	108	133
379	177	120	139
380	172	113	148
381	176	111	146
380	173	121	145
378	176	118	137
377	177	118	142
373	176	126	142
375	176	119	134
380	172	107	139
373	170	109	141
377	169	103	143
365	171	86	140
370	164	80	145
363	154	93	160
356	137	111	183
360	129	125	191
364	128	135	190
350	131	155	191
344	148	175	176
329	153	200	170
308	151	220	171
318	155	208	166
318	162	207	160
310	161	223	156
305	153	229	166
311	165	224	153
291	161	251	157
290	166	255	150
305	163	234	154
302	163	238	156
313	163	216	155
309	159	222	156
306	166	233	151
305	169	235	148
301	167	239	150
301	162	245	151
302	162	257	159
305	148	260	159
295	151	265	168
287	146	269	172
282	143	278	177
296	133	259	183
310	136	238	192
321	125	215	195
330	140	200	184
330	140	198	182
327	148	204	174
321	153	214	168
315	157	229	164
301	149	248	171
301	150	243	169
296	120	248	195
286	123	267	194
287	124	261	189
285	128	263	188
286	129	267	184
286	126	269	188
287	128	272	184
292	127	268	185
284	130	281	184
289	127	275	186
290	129	276	187
290	134	275	178
289	128	274	183
297	123	261	192
290	122	261	194
291	112	261	200
281	102	272	211
280	97	272	221
287	108	269	215
318	114	234	205
319	110	227	207
324	109	226	207
327	99	217	220
318	118	212	197
307	125	241	194
304	126	250	195
297	128	258	193
313	125	239	195
323	129	230	192
328	137	230	187
320	143	238	182
313	138	247	185
302	139	262	184
302	139	259	181
306	135	258	183
306	133	260	186
298	126	269	196
298	128	272	191
291	131	278	188
309	119	261	200
295	114	277	206
293	128	282	196
293	111	281	206
294	111	279	211
288	115	289	206
286	110	291	206
289	113	279	207
285	105	284	214
283	104	285	214
283	100	275	222
292	97	268	223
286	95	283	219
282	104	296	215
288	91	292	228
283	78	313	240
288	69	318	256
287	71	307	247
298	73	281	250
308	87	255	226
295	74	241	240
280	90	234	229
272	72	244	247
267	72	252	241
272	87	237	227
301	73	217	247
282	74	224	242
277	78	235	242
281	68	232	247
291	62	219	260
276	54	241	263
289	76	215	242
280	63	229	262
294	46	226	273
299	45	233	278
318	44	203	275
317	39	199	277
272	27	236	288
298	52	204	263
280	31	214	282
260	43	241	271
247	49	242	263
249	57	245	260
251	52	237	257
243	29	257	288
226	31	252	285
216	21	241	294
223	32	222	271
223	33	228	272
229	31	219	270
226	28	230	277
229	29	238	279
227	23	246	279
225	40	252	274
227	34	243	275
224	30	248	287
224	19	252	296
225	22	246	295
228	19	236	294
232	14	236	297
220	17	244	302
244	29	222	300
270	42	215	283
314	39	183	286
343	57	155	262
346	47	167	271
347	51	180	269
342	49	187	272
354	48	175	274
356	52	166	273
300	56	205	266
305	54	197	269
290	67	202	253
282	60	211	260
281	70	215	248
276	75	219	244
271	75	224	241
275	86	220	233
282	81	187	234
285	80	165	238
298	91	138	225
313	96	136	217
301	95	139	223
304	97	158	224
300	96	154	220
307	110	145	208
309	110	154	209
308	117	147	205
318	115	123	202
329	113	133	210
320	126	144	194
320	127	151	194
326	132	147	190
330	132	130	187
334	131	126	185
339	133	121	186
336	136	127	184
344	142	106	177
347	149	115	172
356	159	110	160
356	152	114	165
362	165	120	151
364	173	97	146
364	181	103	134
361	183	111	139
364	176	108	141
364	173	108	151
363	157	115	161
358	170	134	148
364	167	120	152
363	160	118	157
362	167	127	151
360	159	122	160
360	164	127	151
358	172	140	146
359	169	132	151
361	160	121	161
361	160	120	158
358	157	120	160
356	157	121	159
353	157	122	162
355	165	116	156
346	166	125	154
343	184	130	133
347	187	122	129
344	188	123	128
339	190	129	126
335	192	132	124
340	192	116	125
336	192	115	125
306	183	113	135
305	167	109	151
293	161	122	157
289	156	124	163
280	151	132	166
275	151	132	173
271	151	132	166
280	146	119	177
283	154	114	167
289	156	109	164
293	153	104	165
298	153	104	164
296	181	110	137
305	184	97	137
308	196	104	125
301	194	115	124
310	196	104	119
304	190	111	131
307	194	111	123
310	190	106	125
306	194	114	125
300	189	129	128
311	197	112	119
312	196	111	122
310	192	116	125
314	189	113	126
314	186	115	132
324	187	104	129
321	186	113	133
325	184	109	131
329	190	105	128
330	187	103	131
329	185	110	132
334	188	102	128
338	187	95	130
340	185	97	132
344	186	91	130
347	189	87	129
349	186	87	129
349	188	82	129
348	191	88	128
348	196	86	121
345	200	88	115
346	195	83	120
346	195	86	122
345	194	88	124
347	191	81	128
349	185	77	132
351	181	74	135
369	183	84	131
356	179	72	133
333	175	83	140
327	174	89	138
342	184	72	130
324	176	88	138
308	173	105	142
302	179	114	137
304	181	114	136
311	187	108	128
316	189	107	128
321	188	104	129
318	209	113	109
322	220	113	96
327	237	94	81
323	235	101	81
325	237	97	82
327	238	86	77
327	236	85	79
329	235	75	78
337	234	85	81
329	237	85	79
325	235	90	81
322	238	91	78
321	236	90	80
325	236	78	80
325	235	82	80
321	236	91	81
321	233	95	84
317	234	105	83
316	235	106	82
320	233	96	84
321	232	100	85
323	229	101	89
319	227	107	91
318	225	108	93
317	226	109	93
318	226	112	92
321	227	109	93
320	231	114	86
322	230	116	88
321	229	121	88
324	225	115	93
326	230	114	90
327	228	115	90
326	227	117	90
325	227	124	90
324	226	126	91
325	221	125	97
325	222	126	94
327	220	125	98
335	215	113	101
331	210	122	106
337	204	119	112
333	196	127	121
333	192	132	123
329	194	133	121
322	190	148	124
343	192	170	125
331	182	172	137
330	182	183	135
327	172	172	146
327	174	171	144
327	171	169	147
325	177	190	141
326	178	182	142
333	185	182	132
336	184	184	135
337	181	181	136
335	189	184	126
335	191	183	125
338	191	163	126
334	199	151	122
335	192	135	127
335	199	128	119
332	195	131	121
332	198	128	119
338	191	117	127
337	193	114	123
340	196	108	121
344	197	99	117
342	197	97	118
342	195	96	123
342	201	95	116
341	202	95	115
338	201	97	115
335	194	103	123
341	194	107	126
347	198	95	117
347	200	97	119
346	198	100	118
344	202	98	115
344	201	98	116
343	199	100	120
341	200	99	115
336	200	104	120
336	193	96	123
329	193	105	126
332	191	99	126
326	196	110	123
314	202	121	115
305	197	131	121
303	195	145	123
300	190	159	127
308	186	133	131
296	185	149	132
299	187	127	129
300	196	121	120
303	192	117	125
305	194	112	123
303	196	117	120
304	196	116	120
302	191	119	125
304	195	116	121
304	196	117	119
303	199	117	116
305	203	114	112
307	203	116	114
305	206	126	111
306	210	136	106
305	215	149	101
306	218	150	98
297	216	157	101
264	204	167	107
308	204	149	105
313	198	132	111
317	198	117	119
316	202	112	115
308	208	122	108
298	194	131	123
338	206	114	114
333	206	104	115
332	210	108	110
335	216	99	105
329	205	106	116
341	218	83	102
336	218	95	102
335	221	97	101
335	223	98	97
335	225	97	95
333	229	99	89
333	234	96	85
334	234	97	85
333	225	99	96
333	212	101	110
329	199	106	123
327	194	110	128
322	196	114	126
325	204	106	117
324	200	107	120
325	198	104	121
322	195	107	125
317	195	114	125
320	208	108	114
316	203	117	115
319	204	110	117
311	198	125	122
313	188	116	132
309	193	129	128
312	188	125	132
315	186	121	135
318	192	114	129
316	190	120	129
314	195	128	129
312	187	128	135
312	186	130	129
309	188	137	135
314	197	125	122
320	214	113	107
319	213	117	107
318	215	120	106
317	216	122	105
317	218	125	103
318	220	124	100
317	213	123	107
315	213	129	108
315	218	133	102
315	217	131	103
318	213	119	107
318	217	124	103
320	213	116	108
320	218	117	103
318	218	123	101
317	215	124	106
320	216	115	105
317	216	122	104
318	207	122	114
314	217	133	105
315	212	131	107
318	208	118	115
318	211	116	111
318	214	118	107
318	216	119	105
323	216	112	104
321	216	115	104
318	212	120	108
318	198	121	123
320	189	117	130
315	194	126	127
321	196	112	124
323	199	126	120
329	199	118	119
331	203	128	116
322	195	137	123
321	189	133	130
322	191	126	128
327	189	119	124
334	191	102	111
334	195	95	105
326	191	100	118
315	183	122	132
311	185	134	133
309	189	143	128
302	189	156	129
304	198	150	118
300	195	114	121
299	195	111	121
298	198	114	117
299	194	113	120
319	200	130	117
321	197	135	119
316	194	149	123
307	184	160	134
302	192	162	124
304	195	169	123
299	195	169	122
296	198	171	120
309	188	145	128
308	178	138	140
302	156	142	159
307	166	133	156
309	155	128	154
307	164	128	161
307	158	134	160
313	158	125	154
316	166	123	153
319	165	120	155
306	164	135	157
322	168	112	150
316	172	122	150
322	171	113	148
329	179	101	138
329	173	103	143
331	179	97	143
329	175	97	143
324	173	100	147
320	173	106	148
313	166	112	152
316	175	105	141
314	176	104	141
311	169	106	155
316	181	99	143
319	178	102	142
315	175	108	145
315	159	122	158
311	149	133	165
316	150	128	169
316	152	129	165
313	150	134	164
310	150	134	171
317	144	121	171
309	137	129	175
308	146	135	166
312	144	128	166
308	145	133	162
308	144	132	166
304	140	137	170
303	132	132	176
302	141	135	168
301	141	137	170
303	136	129	174
303	141	132	170
301	138	139	177
302	128	136	187
305	129	139	180
304	127	130	181
306	130	126	179
306	133	125	179
309	125	124	185
303	132	135	183
303	138	153	176
302	129	147	181
304	127	144	183
303	132	157	180
301	131	162	182
300	139	168	170
296	137	161	169
295	137	164	173
294	133	165	174
292	130	166	177
291	126	174	180
292	126	181	182
293	118	182	191
293	119	176	188
285	114	177	192
275	103	177	210
262	92	176	211
249	82	169	226
217	74	185	225
190	65	192	242
161	51	197	263
138	48	202	267
119	26	193	286
104	17	186	296
80	12	203	252
54	2	229	229
56	51	240	266
232	70	250	253
270	73	196	247
283	87	182	236
292	127	180	197
298	139	167	180
305	151	150	164
313	147	126	166
314	144	116	171
313	146	119	168
306	146	136	168
310	143	132	175
311	142	131	173
310	145	131	173
311	143	126	173
312	143	124	173
308	142	132	174
307	131	132	187
310	135	129	182
318	120	131	198
329	127	123	191
343	138	114	181
365	136	127	180
258	130	160	189
205	108	189	201
242	80	217	233
282	79	233	239
256	82	267	239
253	89	298	232
276	110	284	208
270	124	298	198
297	141	266	176
276	130	298	192
267	107	301	208
291	96	327	216
301	101	344	208
310	73	326	239
303	49	332	273
310	50	328	271
306	64	337	258
306	60	332	256
306	61	333	253
307	66	330	249
310	72	328	241
306	78	333	236
314	72	324	240
322	81	319	229
321	70	318	243
323	63	319	253
324	74	317	244
322	78	315	234
327	73	311	238
331	69	307	246
325	75	315	240
322	82	324	228
324	77	318	234
327	77	312	233
327	83	311	232
331	74	305	239
329	73	313	242
325	67	311	246
319	63	323	258
320	75	328	240
322	77	319	239
328	73	309	241
330	74	302	242
326	72	312	246
327	79	313	234
329	78	308	240
325	68	315	247
327	62	307	253
329	72	313	241
322	69	316	250
331	70	309	245
331	78	307	234
332	70	303	244
328	75	310	239
330	74	307	241
330	63	307	252
326	82	316	235
329	71	305	243
317	78	324	238
318	73	322	241
326	77	311	238
327	77	309	237
327	77	309	234
325	67	311	248
325	85	314	233
