147,223,235,290
142,224,237,292
145,225,238,293
147,225,241,294
152,228,242,297
158,226,245,295
162,228,248,297
161,228,249,300
167,228,252,301
169,228,252,304
171,226,253,301
174,228,253,301
177,228,252,302
177,230,252,303
179,229,257,303
177,231,257,303
182,230,263,306
187,230,261,308
189,232,270,307
195,231,271,306
195,231,276,308
198,233,274,310
197,232,277,312
198,234,278,314
200,234,282,314
204,233,281,312
203,232,287,312
205,232,290,311
206,231,297,310
206,230,300,310
209,231,301,310
211,232,309,309
214,233,314,308
218,232,317,308
219,233,321,304
221,233,325,298
221,234,329,298
224,234,331,297
224,234,330,302
225,236,333,299
228,234,330,299
231,235,334,300
230,235,335,300
233,237,343,295
235,237,346,296
242,236,352,294
250,238,352,292
258,238,356,291
261,238,359,291
267,240,363,290
272,241,365,289
277,242,368,289
279,242,370,290
280,244,374,290
283,243,376,292
284,244,381,295
289,245,383,295
293,246,386,297
291,245,387,296
294,247,391,297
298,247,393,298
304,247,396,301
305,247,398,302
308,247,405,304
311,246,405,309
314,247,413,312
316,248,414,314
318,250,421,320
318,249,426,319
321,252,433,342
320,250,434,349
325,247,433,347
323,248,436,346
325,249,437,347
323,251,438,348
325,248,435,347
324,248,437,347
325,246,439,347
330,244,435,344
339,241,436,345
346,238,437,345
345,236,441,341
352,232,447,341
374,228,473,339
398,219,486,333
411,209,505,323
419,205,510,319
421,206,512,320
427,203,513,318
427,200,512,319
426,200,514,317
431,202,516,321
431,202,519,322
434,212,525,326
434,209,526,325
443,209,532,325
443,208,536,325
450,207,542,324
458,213,544,329
459,211,554,329
467,208,557,328
471,212,571,328
480,211,577,331
493,209,590,330
495,213,595,333
504,210,607,333
506,214,613,334
511,212,616,332
511,216,615,332
515,215,618,335
521,216,619,332
520,221,620,338
526,218,623,337
528,222,625,337
533,221,632,338
534,222,633,338
535,217,635,337
534,223,633,340
537,223,638,337
539,226,637,339
541,226,636,338
543,231,636,342
545,228,636,339
548,224,637,338
547,220,637,339
541,220,634,340
542,219,633,338
539,223,625,340
536,224,626,339
523,223,625,338
518,223,630,336
508,219,619,331
507,222,624,328
498,221,618,326
493,219,616,329
487,222,612,332
485,221,615,328
477,228,609,329
478,227,601,326
466,226,597,326
465,226,597,323
462,227,590,322
452,225,590,326
452,228,581,324
446,225,577,324
436,221,569,321
434,220,556,321
430,216,546,315
428,216,544,316
420,215,538,310
416,215,536,310
406,213,524,307
399,213,521,304
392,214,509,301
389,212,505,302
388,215,497,301
383,213,494,298
380,214,487,298
378,212,478,297
375,212,472,294
372,209,465,294
369,208,459,291
363,208,458,290
361,208,448,286
354,209,445,285
357,206,440,282
355,205,437,282
344,203,433,280
343,204,429,279
340,203,421,275
335,202,416,276
333,200,410,274
334,200,406,275
327,197,402,272
321,193,402,266
318,193,400,266
320,192,401,265
320,192,400,265
315,193,400,265
317,193,398,267
313,192,400,265
311,192,400,263
311,189,398,261
308,190,396,260
308,188,394,258
NaN,NaN,NaN,NaN
