1.000000
1.000000
0.995559
0.993200
0.956115
0.979535
0.969047
0.933528
0.944221
0.989464
0.988511
0.963502
0.954484
1.007434
1.013137
0.975064
1.002099
1.012011
1.002305
0.984638
1.017484
0.959296
0.979730
0.933862
0.952339
0.951340
0.982141
0.973837
1.009596
1.029199
1.003794
0.985568
1.053501
1.029419
1.043430
1.005107
0.991435
0.925665
0.942058
0.933785
0.934238
0.941168
0.948403
0.900150
0.967527
0.959037
0.944347
0.939038
0.943503
0.883100
0.899424
0.921027
0.909912
0.924838
0.849554
0.845421
0.832010
0.878156
0.858524
0.886142
0.881063
0.899393
0.909685
0.918821
0.900698
0.870564
0.899412
0.908295
0.917413
0.875512
0.899158
0.911817
0.934308
0.918576
0.910213
0.883425
0.858071
0.883817
0.873802
0.875823
0.868447
0.870345
0.848331
0.879476
0.890609
0.926416
0.940011
0.950934
0.960701
0.965535
0.985760
0.994566
0.990852
1.027458
0.998844
1.008695
0.957463
0.978593
0.953313
0.963039
0.968901
0.929922
0.967729
1.012782
1.000333
0.989267
1.026315
1.026256
1.014910
1.056660
1.054466
1.046839
1.019376
1.049338
1.042485
1.054032
1.081388
1.067040
1.059477
1.078501
1.056683
1.068422
1.060263
1.043978
1.078448
1.060973
1.067988
1.059549
1.054251
1.058824
1.070018
1.058538
1.055444
1.055338
1.044755
1.032971
1.034465
1.041743
1.031044
1.045316
1.028753
1.045875
1.023435
1.017469
1.032094
1.044822
1.037409
1.027485
1.019081
1.034335
0.977243
0.924296
0.971529
0.949797
0.937919
0.931769
0.932694
0.897329
0.905685
0.909865
0.887069
0.874420
0.849107
0.830394
0.801918
0.761656
0.749417
0.758297
0.750983
0.718464
0.698865
0.656848
0.540424
0.523185
0.481692
0.526890
0.545793
0.550692
0.591894
0.547833
0.593988
0.607170
0.597795
0.601236
0.623884
0.635359
0.647032
0.648767
0.684950
0.765596
0.816636
0.930738
0.850660
0.949777
0.924463
1.001203
0.964371
0.960141
1.078290
0.980639
0.998276
1.023656
1.021667
0.962630
1.012039
0.976670
0.967425
1.041102
0.959273
0.956739
1.114548
1.043684
1.068865
1.105040
1.138518
1.085493
1.052960
1.081909
1.023216
1.026399
1.048647
1.105317
1.134601
1.117083
1.155875
1.120855
1.145385
1.114035
1.112927
1.108833
1.153930
1.054665
1.128655
1.088781
1.139704
1.040391
1.054753
1.148672
1.099882
1.075413
1.138029
1.152237
1.144543
1.137100
1.073201
1.062765
1.026651
1.025429
1.051027
1.061443
1.032990
1.025230
1.014218
1.034875
0.993474
0.988910
1.031032
1.041399
1.036148
1.029841
0.992374
0.948063
0.950405
0.955523
0.903751
0.879431
0.896204
0.936133
0.855341
0.876780
0.878263
0.880956
0.933875
0.916533
0.970553
0.888196
1.011614
1.032891
1.012383
1.040104
1.049295
1.101386
1.144741
1.136029
1.141979
1.159771
1.172725
1.126526
1.109327
1.055694
1.099312
1.116331
1.129408
1.120731
1.141150
1.135960
1.144257
1.153377
1.151863
1.103585
1.126529
1.075484
1.116346
1.074262
1.017384
1.032406
0.996170
1.019714
1.037882
1.025674
1.024394
1.024461
0.956525
0.955025
0.975636
0.982622
0.990669
0.993270
1.001749
1.001301
0.962155
0.976342
1.018862
0.976734
0.986299
0.981137
1.003736
1.005732
1.000740
1.001802
0.994035
1.006295
0.997929
1.008429
0.979610
0.992203
0.985995
1.023275
0.994063
1.000691
1.007812
1.006675
1.031765
1.052237
1.075540
1.036252
1.073708
1.097357
1.050323
1.057419
1.073530
1.103934
1.069536
1.102885
1.093698
1.117704
1.091887
1.119315
1.134355
1.156602
1.148534
1.155055
1.122119
1.143416
1.128843
1.124062
1.111119
1.106133
1.110825
1.098352
1.097770
1.092183
1.082872
1.067397
1.073161
1.093882
1.075197
1.031104
1.029877
1.063936
1.042866
1.036994
1.037682
1.028645
1.051090
1.047647
1.068672
1.031985
1.047419
1.026534
1.029572
1.029180
1.017391
1.019173
1.031296
1.010744
1.024669
1.011731
1.010101
1.029777
0.999466
0.984393
0.945500
0.972930
0.932929
0.895017
0.883482
0.955852
0.982405
0.977020
0.967361
0.948491
0.937726
0.971972
0.994890
0.960224
1.020109
0.970759
0.945522
1.008599
0.997148
0.984791
0.955432
1.024376
1.008760
1.046655
1.004168
1.023940
1.058533
0.996305
1.066893
0.993385
1.050780
1.028966
1.017325
0.923878
1.002653
0.980615
1.004650
1.009783
0.975828
1.060109
1.057245
1.003373
1.043857
1.049498
1.059078
1.033494
1.042647
1.037153
1.007749
1.060553
1.050060
1.012897
1.023198
0.990868
1.029922
1.059122
1.028839
1.047179
1.025467
0.972223
1.036882
1.040412
1.055935
1.019434
1.015622
1.087664
1.044164
1.056581
1.057682
1.082514
1.067977
1.049143
1.062834
1.049113
1.085573
1.087159
1.086409
1.033810
1.074280
1.042987
1.046151
1.026243
1.005965
1.020575
1.033358
0.944854
1.049985
0.991867
1.011311
1.013169
0.996226
1.029403
1.019780
0.977768
0.993412
1.007606
0.978478
0.957038
0.919694
0.939515
0.976836
0.893989
0.908223
0.900537
0.848276
0.828868
0.797689
0.789368
0.764139
0.783782
0.783898
0.751340
0.731672
0.693610
0.669860
0.634383
0.607217
0.599556
0.579715
0.568875
0.554601
0.551747
0.521655
0.529247
0.511271
0.494141
0.225556
0.199322
0.247343
0.381055
0.240878
0.226062
0.300789
0.267223
0.245097
0.315895
0.273668
0.277040
0.246313
0.244281
0.222790
0.233396
0.228454
0.244302
0.246941
0.211129
0.233436
0.218377
0.223933
0.241166
0.268209
0.190391
0.230010
0.235054
0.282505
0.193955
0.228828
0.249719
0.212781
0.249158
0.214299
0.218086
0.247468
0.248865
0.240264
0.225531
0.236165
0.252903
0.208663
0.207127
0.209260
0.282235
0.253947
0.224068
0.254092
0.249275
0.267116
0.206393
0.247053
0.224585
0.251812
0.302030
0.224537
0.239734
0.247466
0.218003
0.236088
0.279000
0.260385
0.209521
0.252836
0.218281
0.271383
0.201725
0.240808
0.208734
0.216290
0.214451
0.243450
0.204718
0.243047
0.213846
0.242072
0.212412
0.237802
0.218413
0.301475
0.260168
0.223262
0.211982
0.261953
0.241265
0.247890
0.226249
0.232609
0.238260
0.267864
0.182317
0.234798
0.243640
0.247343
0.255211
0.212626
0.247712
0.194298
0.191142
0.219512
0.193577
0.217709
0.245314
0.255997
0.254962
0.186018
0.257015
0.216892
0.231882
0.236685
0.184217
0.224431
0.200001
0.219545
0.245428
0.232427
0.223043
0.237660
0.226633
0.238902
0.236282
0.225890
0.256668
0.221649
0.269681
0.193195
0.226210
0.215210
0.212379
0.253476
0.261639
0.229134
0.221238
0.264976
0.204941
0.279223
0.240546
0.275338
0.226339
0.253206
0.241150
0.233031
0.210311
0.245917
0.262922
0.246833
0.235429
0.259461
0.241659
0.260813
0.211130
0.226703
0.257532
0.236659
0.242272
0.230113
0.262009
0.214612
0.934380
0.365935
1.015190
1.257110
1.297711
1.387117
1.445098
1.461274
1.531295
1.542848
1.579583
1.576670
1.526400
1.600931
1.578907
1.581195
1.594891
1.579890
1.566210
1.490881
1.462140
1.466553
1.445530
1.401698
1.394908
1.353867
1.293055
1.345610
1.271689
1.237653
1.229087
1.189972
1.182020
1.201784
1.147828
1.132855
1.131807
1.136990
1.079711
1.046479
1.068155
1.101859
1.037127
1.062674
1.065873
1.068221
1.037716
1.019156
1.051994
1.063286
1.049472
1.047661
1.052242
0.991368
1.026031
1.019580
0.964388
1.016974
0.974364
0.977931
0.932070
0.963304
0.975513
0.972602
0.984629
0.964518
0.994643
1.040785
0.985760
1.005560
1.016421
0.974818
0.952216
1.036287
0.941619
0.978370
0.941594
0.952011
0.949338
0.996984
0.984747
0.972906
1.026318
1.040205
0.974416
0.974903
1.004239
1.028641
1.021876
0.989392
1.016301
0.978649
0.960183
1.010749
1.016508
0.990190
1.001978
0.982522
1.029177
1.008224
1.046555
0.996870
1.051268
0.997154
1.056682
1.061285
1.022952
1.014795
1.015787
1.043052
1.059603
0.924812
1.034782
1.032151
0.971086
0.983618
0.948912
0.967128
0.919717
0.927102
0.904314
0.908478
0.934976
0.873997
0.871263
0.895609
0.868011
0.870963
0.875625
0.860932
0.863576
0.874791
0.859290
0.887275
0.870446
0.913746
0.901266
0.919941
0.905870
0.896085
0.966989
0.939922
0.989244
0.979124
0.952635
0.948832
0.934505
0.999991
0.994216
0.926257
0.877632
0.971947
0.868894
0.914399
0.962189
0.978324
0.931240
0.958183
0.971592
0.928319
0.946772
0.999986
0.940940
0.989994
0.940984
0.953462
0.953472
0.904265
0.956356
0.917179
0.894627
0.969741
0.988260
1.006053
0.938099
0.937409
0.902353
0.954343
0.906011
0.886723
0.931907
0.969892
1.004200
0.939376
0.950895
1.006862
0.958248
0.909371
0.930669
0.949118
0.930599
1.001212
0.971542
0.987550
1.014848
1.021979
1.049535
1.034597
1.053304
1.038416
1.075643
1.068619
1.107234
1.034002
1.079505
1.120730
1.094160
1.085466
1.097675
1.072220
1.083140
1.071627
1.087742
1.092539
1.047083
1.096021
1.080435
1.140499
1.105952
1.075227
1.078016
1.088122
1.057780
1.095931
1.055465
1.084954
1.074606
1.058440
1.090226
1.084530
1.057453
1.073736
0.989386
1.046918
1.082926
1.102238
1.087592
1.098007
1.064308
1.011994
1.026295
1.021381
1.012252
0.960250
1.018594
0.994589
1.031626
0.998897
0.998303
0.963589
0.965598
1.002830
0.910030
0.946603
0.994682
0.932156
0.990645
0.871464
0.976851
0.941298
0.914752
0.950201
0.875921
0.934977
0.911496
0.921010
0.844093
0.910015
0.888015
0.909342
0.922355
0.826636
0.898365
0.867689
0.846485
0.797971
0.819626
0.766335
0.790750
0.692110
0.669432
0.662402
0.662781
0.683879
0.643124
0.655463
0.709812
0.692114
0.634790
0.631754
0.641228
0.643374
0.629307
0.639162
0.623810
0.597802
0.605001
0.517681
0.514799
0.501524
0.707455
0.406720
0.707631
0.394632
0.719811
0.338950
0.717500
0.803023
0.878728
0.919872
0.946305
0.941855
1.027678
1.023988
1.087052
1.101631
1.109128
1.106772
1.164166
1.114757
1.071866
0.981525
0.985776
0.925040
0.710139
0.682526
0.609198
0.634571
0.947878
1.002657
1.185469
1.000725
1.101557
1.178182
1.118297
1.191698
1.181732
1.161551
1.208640
1.211457
1.190016
1.226910
1.219095
1.179474
1.149261
1.039097
0.996767
1.126502
1.096652
1.068603
0.966165
1.059842
1.119245
1.113756
1.144097
1.222732
1.228348
1.249355
1.240434
1.211229
1.199546
1.150285
1.195861
1.203397
1.189840
1.205337
1.086736
1.084763
1.040745
1.116696
0.987543
0.995984
1.074209
1.133615
1.035345
1.014878
0.944864
0.950895
0.949963
0.988147
1.042711
1.109351
1.044983
1.072192
1.075721
1.058655
1.112149
1.053083
1.016871
1.021753
1.018883
0.916283
0.932131
0.945658
0.856819
0.913102
1.039813
1.080120
1.070753
1.126155
1.121259
1.125804
1.123435
1.139074
1.138737
1.151330
1.126164
1.095112
1.118666
1.115550
1.089518
1.100647
1.086720
1.081836
1.087021
1.075586
1.100886
1.082377
1.089479
1.083676
1.087941
1.073871
1.065191
1.115673
1.098766
1.059140
1.043506
1.079372
1.068834
1.065740
1.059420
1.082952
1.075728
1.118617
1.105548
1.118037
1.101739
1.080744
1.096165
1.073114
1.100682
1.083985
1.095643
1.072975
1.090159
1.080030
1.078722
1.049251
1.092024
1.075945
1.068838
1.088826
1.076011
1.082814
1.062331
1.045799
1.049413
1.063666
1.055800
1.049176
1.064066
1.067742
1.067753
1.047412
1.037443
1.049128
1.055698
1.063066
1.039515
1.031669
1.048904
1.051705
1.043837
1.045637
1.047785
1.075313
0.993256
1.047585
1.004247
1.044537
1.037103
1.023014
1.013009
1.037576
1.030508
1.036808
1.037802
1.012305
1.036986
1.041511
0.985262
1.043798
1.017535
1.021334
1.017339
1.016916
1.007183
1.008446
0.996519
0.992878
1.008710
1.002708
0.969986
0.964455
0.944842
0.956214
0.965141
0.953263
0.931782
0.936451
0.957573
0.966326
0.948937
0.967583
0.967364
0.947688
0.987820
0.950581
1.012300
0.984359
1.011781
0.958920
1.021204
0.981723
1.019946
0.991442
1.008767
1.025203
1.006316
1.013669
1.021746
1.016669
0.996798
1.018677
0.999681
1.030581
1.015615
1.029121
1.018020
1.006807
1.025160
1.044682
1.028331
1.035377
1.028140
1.026789
1.055572
1.029303
1.002004
1.035108
1.029106
1.016894
1.013314
1.002904
1.009993
1.009372
0.977458
0.986149
1.001017
0.989903
0.968903
0.962215
0.958141
0.970003
0.949481
0.959585
0.920508
0.907975
0.894720
0.908926
0.899037
0.880248
0.890762
0.931330
0.917327
0.942819
0.907614
0.952182
0.941643
0.948991
0.918985
0.944271
0.962510
0.976120
0.972745
0.947297
0.943142
0.996721
0.965182
1.030510
1.018765
1.006120
0.984552
1.039729
1.063489
1.045911
1.053864
1.046747
0.996358
1.033257
1.043955
1.034194
1.032366
1.028756
1.015735
1.043067
1.017911
1.039512
1.018327
1.045563
1.020768
1.020397
1.026179
1.018219
1.020482
1.023870
1.011031
0.965542
1.005309
1.015212
0.980192
0.975982
1.005451
0.994934
0.996741
1.000401
0.980773
0.948525
0.995123
0.979032
0.955658
0.989730
0.966703
0.970183
0.952043
0.989344
0.958876
0.970589
1.009274
0.995272
0.960897
0.960748
0.981909
0.986688
0.984292
1.017883
0.997962
1.000069
1.026804
0.997293
1.009353
0.999938
1.025136
1.009432
1.005670
0.970921
1.025816
1.004581
1.030547
1.031652
0.998680
1.010495
1.031395
0.994926
1.006129
1.011301
1.010522
0.992353
0.990553
1.010767
0.987081
1.006503
1.022630
1.004672
1.009112
0.990535
1.003570
0.980816
0.974266
0.980782
0.978416
0.992794
0.984200
0.994706
0.976130
0.999619
0.973985
0.984613
0.968353
0.973664
0.985217
0.939133
1.020868
0.982817
1.006427
1.008457
0.996492
1.003767
1.002301
1.025296
1.000033
1.001915
1.012973
0.993831
0.996477
1.010429
1.009347
1.011048
1.018575
1.013315
0.996390
0.944372
0.990929
1.018415
1.010528
0.988827
1.012938
0.989399
0.999618
0.988990
0.985113
0.986085
0.997662
0.996577
1.006520
1.002616
0.998005
0.998349
0.982263
0.994994
0.988138
0.972286
0.987759
1.001339
0.982896
0.969610
0.917056
0.920144
0.847961
0.785866
0.701476
0.655933
0.119236
0.166011
0.173206
0.145596
0.127862
0.103720
0.100243
0.132726
0.129036
0.139823
0.121051
0.111662
0.739908
0.220847
0.332197
0.137869
0.142258
0.135272
