32.130326
0.419168
0.470814
0.417690
0.418467
0.425189
0.464107
0.477254
0.383736
0.471712
0.556629
0.445199
0.453279
0.462010
0.435868
0.550670
0.408524
0.446991
0.454987
0.428759
0.594047
0.546712
0.441035
0.471832
0.455606
0.453127
0.550913
0.418973
0.492388
0.480941
0.489014
0.418225
0.435585
0.429475
0.453541
0.407108
0.489513
0.424878
0.484952
0.543662
0.468556
0.526127
0.467029
0.433535
0.377627
0.415938
0.418816
0.397675
0.441405
0.387122
0.457506
0.481629
0.409019
0.415439
0.428104
0.411256
0.448435
0.562286
0.459613
0.586271
0.628590
0.529869
0.574475
0.484985
0.579961
0.471296
0.466769
0.585742
0.599046
0.450473
0.684130
0.533960
0.620031
0.577335
0.484103
0.532650
0.546196
0.537544
0.542847
0.499151
0.565670
0.523882
0.470447
0.641255
0.453228
0.405691
0.473822
0.458707
0.484916
0.393212
0.570443
0.406287
0.401297
0.437358
0.458822
0.505876
0.434817
0.385962
0.391334
0.439165
0.491851
0.496723
0.460340
0.460936
0.394833
0.409248
0.519436
0.472757
0.454796
0.446879
0.475756
0.467027
0.423639
0.393311
0.477502
0.490796
0.404380
0.457886
0.471575
0.411273
0.509925
0.434472
0.479126
0.513087
0.484514
0.457490
0.405283
0.484843
0.408025
0.472186
0.484792
0.443312
0.406730
0.472779
0.468079
0.423059
0.515166
0.391958
0.438629
0.408511
0.449369
0.440098
0.426808
0.502993
0.507660
0.436458
0.447596
0.419337
0.478126
0.433464
0.501640
0.433753
0.512725
0.424645
0.425544
0.529195
0.410505
0.499417
0.458730
0.488290
0.479620
0.446732
0.454183
0.514211
0.445824
0.466979
0.416293
0.483150
0.389532
0.449007
0.570147
0.517337
0.557649
0.482260
0.554776
0.432333
0.497171
0.572368
0.507755
0.537580
0.518309
0.553295
0.550593
0.571726
0.509418
0.520596
0.500777
0.555182
0.530038
0.530676
0.605726
0.523832
0.493694
0.525248
0.565572
0.542946
0.517112
0.561239
0.530625
0.531509
0.587066
0.471367
0.536184
0.559934
0.437575
0.524290
0.455817
0.640580
0.443152
0.537331
0.609113
0.536273
0.597263
0.459352
0.569445
0.479069
0.507775
0.484767
0.447508
0.558732
0.561370
0.624842
0.576685
0.496217
0.565037
0.481894
0.611836
0.502553
0.518020
0.535660
0.677599
0.533862
0.573414
0.558176
0.612099
0.595448
0.538049
0.510750
0.525819
0.579697
0.561221
0.530419
0.539171
0.479300
0.559909
0.493857
0.496569
0.485093
0.553758
0.591331
0.646826
0.441658
0.539625
0.428201
0.467009
0.492237
0.561454
0.514826
0.421675
0.546339
0.591333
0.498127
0.501383
0.488584
0.490703
0.514046
0.479055
0.542643
0.493874
0.563487
0.632122
0.531230
0.578730
0.550379
0.573674
0.557713
0.548974
0.545154
0.562059
0.617197
0.607738
0.561429
0.601620
0.750801
0.469019
0.490979
0.549258
0.562062
0.488914
0.505197
0.580776
0.537178
0.540130
0.534841
0.546624
0.495177
0.536792
0.470916
0.580644
0.517289
0.620399
0.559010
0.550791
0.555967
0.486025
0.527873
0.441708
0.493982
0.488777
0.496912
0.543450
0.444533
0.547099
0.436630
0.552774
0.561387
0.491587
0.522249
0.542652
0.538596
0.638672
0.533117
0.518203
0.519875
0.496302
0.625805
0.489043
0.616414
0.520256
0.515763
0.578190
0.515896
0.537515
0.526493
0.534452
0.616731
0.570103
0.510136
0.544333
0.449629
0.582271
0.506897
0.496782
0.486379
0.544881
0.505218
0.545177
0.582148
0.558282
0.530978
0.672847
0.495474
0.551977
0.483201
0.602533
0.609827
0.495002
0.519767
0.592941
0.493558
0.599376
0.542046
0.486954
0.530049
0.558707
0.540504
0.432052
0.548393
0.524396
0.596272
0.585901
0.534695
0.578495
0.617011
0.509140
0.547769
0.511094
0.481864
0.507011
0.522535
0.587653
0.620798
0.550878
0.449499
0.523342
0.636213
0.483509
0.577746
0.506083
0.626578
0.590816
0.534606
0.513201
0.621205
0.552844
0.594719
0.525558
0.620490
0.547054
0.528124
0.655719
0.515486
0.572745
0.498006
0.457171
0.575967
0.496968
0.555070
0.510523
0.508341
0.606750
0.565198
0.542207
0.526234
0.541412
0.461933
0.608701
0.493635
0.508717
0.445987
0.562312
0.501729
0.443506
0.507673
0.529504
0.495135
0.500977
0.570712
0.518142
0.485908
0.643395
0.595472
0.510609
0.545118
0.507238
0.581091
0.476016
0.514839
0.587275
0.544659
0.643865
0.511728
0.475303
0.574721
0.548901
0.471062
0.496718
0.628049
0.518222
0.529214
0.545759
0.553739
0.493346
0.544810
0.579612
0.529790
0.528258
0.518993
0.515526
0.582586
0.554651
0.549965
0.509132
0.540555
0.502469
0.456886
0.541774
0.462641
0.601778
0.642533
0.604918
0.523070
0.539605
0.488396
0.539619
0.593635
0.529447
0.528648
0.466400
0.608884
0.691242
0.535165
0.581147
0.545304
0.503786
0.511832
0.534213
0.612482
0.480857
0.547695
0.637682
0.536969
0.560967
0.453801
0.548070
0.544467
0.517738
0.530245
0.526313
0.553262
0.610781
0.449473
0.565180
0.493649
0.460309
0.624104
0.518785
0.532192
0.457397
0.509780
0.576353
0.617782
0.501008
0.518722
0.609155
0.454516
0.503801
0.512074
0.456151
0.512183
0.570042
0.452463
0.573331
0.499291
0.532864
0.519374
0.526884
0.523059
0.455404
0.557905
0.492055
0.656350
0.561290
0.510980
0.541441
0.529009
0.444844
0.424395
0.443385
0.420113
0.537626
0.488131
0.441852
0.466677
0.438477
0.401989
0.474711
0.507214
0.443997
0.456440
0.476738
0.489428
0.439231
0.458173
0.410114
0.449060
0.430263
0.484273
0.417959
0.446197
0.536822
0.484860
0.436570
0.386473
0.461122
0.462291
0.458289
0.477341
0.451230
0.482646
0.519395
0.524487
0.478746
0.463827
0.453951
0.503631
0.497389
0.452046
0.427274
0.490813
0.564934
0.472949
0.414480
0.410142
0.484666
0.463953
0.472241
0.429132
0.433594
0.408448
0.525167
0.423355
0.420709
0.472720
0.478852
0.480900
0.429527
0.449682
0.400652
0.429941
0.518332
0.377415
0.522677
0.422492
0.523317
0.474327
0.444451
0.466151
0.448905
0.432665
0.545074
0.448806
0.461097
0.493432
0.559030
0.467080
0.438696
0.464592
0.419720
0.464231
0.497303
0.448340
0.455429
0.435324
0.463127
0.432438
0.468842
0.458998
0.483325
0.466306
0.489828
0.421226
0.447493
0.468227
0.470670
0.471541
0.399676
0.464316
0.504977
0.537861
0.538654
0.442802
0.482545
0.478551
0.552739
0.531997
0.485502
0.523861
0.500343
0.515694
0.569482
0.493079
0.447730
0.591461
0.514539
0.533309
0.506320
0.521697
0.583455
0.501894
0.650208
0.583302
0.564450
0.558533
0.532559
0.571271
0.553082
0.516618
0.558632
0.515710
0.661106
0.538215
0.488740
0.541446
0.516637
0.458435
0.522657
0.581211
0.533873
0.489469
0.626458
0.475852
0.510895
0.533961
0.547245
0.529320
0.533217
0.523663
0.553121
0.583743
0.643225
0.633488
0.457950
0.590774
0.495467
0.493527
0.515490
0.604836
0.541896
0.461455
0.531316
0.589577
0.492254
0.537561
0.497816
0.521143
0.523348
0.500292
0.585087
0.537286
0.614456
0.622081
0.588303
0.504395
0.582485
0.543801
0.505919
0.594093
0.661915
0.605003
0.649431
0.609522
0.528496
0.487281
0.587027
0.583634
0.511686
0.555358
0.530030
0.557014
0.610933
0.594154
0.425343
0.598755
0.503317
0.577495
0.466852
0.554384
0.507029
0.507262
0.585016
0.550728
0.545386
0.405407
0.533263
0.537973
0.550990
0.556365
0.508092
0.504075
0.602090
0.497271
0.569810
0.510082
0.588018
0.451091
0.551332
0.489688
0.521758
0.528304
0.544933
0.564731
0.470761
0.553153
0.483664
0.526100
0.529847
0.541890
0.522601
0.429536
0.503690
0.448136
0.458331
0.469657
0.427797
0.480895
0.397391
0.442093
0.440762
0.453566
0.578523
0.504760
0.505216
0.471367
0.484909
0.488646
0.464381
0.478165
0.518613
0.493199
0.541573
0.423626
0.488055
0.440694
0.485613
0.466356
0.474349
0.509319
0.449010
0.491850
0.526729
0.513327
0.532778
0.474424
0.457795
0.486874
0.445340
0.458547
0.478467
0.436946
0.490177
0.402153
0.474005
0.493794
0.448056
0.432184
0.461599
0.414451
0.457679
0.603719
0.561830
0.494055
0.498247
0.510534
0.439472
0.463917
0.511788
0.490417
0.486619
0.459429
0.605679
0.489950
0.470975
0.490987
0.443053
0.472101
0.605598
0.469695
0.632555
0.508326
0.604113
0.550773
0.620108
0.425323
0.576774
0.516322
0.512127
0.520358
0.485730
0.589108
0.589924
0.481879
0.577341
0.499281
0.459267
0.575895
0.611729
0.483020
0.523190
0.582682
0.636860
0.621231
0.512733
0.599632
0.508134
0.552809
0.526854
0.555149
0.402377
0.451840
0.525223
0.531749
0.483253
0.499281
0.579774
0.403803
0.556788
0.441872
0.458654
0.504994
0.580150
0.529583
0.486623
0.521028
0.438098
0.563428
0.524127
0.468652
0.488661
0.546353
0.597785
0.554540
0.532239
0.453063
0.469674
0.576279
0.503180
0.499640
0.527792
0.513878
0.561899
0.517952
0.520202
0.565309
0.444295
0.515897
0.485076
0.533910
0.466346
0.558095
0.638177
0.449808
0.567608
0.517913
0.522540
0.536375
0.552325
0.450198
0.542419
0.571551
0.558816
0.479961
0.547410
0.447067
0.521741
0.533909
0.507083
0.553997
0.511118
0.566362
0.538145
0.503478
0.569720
0.544119
0.503162
0.528757
0.577332
0.553808
0.568222
0.558084
0.645070
0.515705
0.517776
0.621040
0.471742
0.489451
0.572636
0.550637
0.510225
0.505376
0.533039
0.531469
0.515521
0.508366
0.539807
0.539605
0.459711
0.556673
0.467020
0.550777
0.585299
0.492460
0.511507
0.487345
0.486952
0.572232
0.525968
0.536469
0.548416
0.435366
0.666836
0.527054
0.420334
0.504537
0.495622
0.518074
0.557143
0.448229
0.587153
0.435909
0.601741
0.468445
0.534059
0.567313
0.452801
0.609824
0.464453
0.440047
0.521666
0.517596
0.602264
0.516360
0.566527
0.481700
0.482874
0.520337
0.501975
0.488242
0.501160
0.542353
0.658425
0.618951
0.566065
0.519041
0.602534
0.530965
0.558316
0.604166
0.518657
0.497109
0.626949
0.555851
0.482012
0.542740
0.487592
0.585186
0.507207
0.511073
0.561038
0.569182
0.659941
0.586719
0.534241
0.477264
0.542979
0.715236
0.506808
0.530309
0.476010
0.407706
0.628446
0.591388
0.418432
0.582513
0.473323
0.590703
0.659235
0.461813
0.580127
0.504020
0.608085
0.545933
0.528635
0.457972
0.553782
0.515028
0.580099
0.527542
0.521583
0.525676
0.575175
0.541647
0.516469
0.483360
0.576089
0.544858
0.582439
0.579947
0.414461
0.580153
0.646817
0.522407
0.591729
0.554148
0.560038
0.553447
0.491904
0.637973
0.562225
0.548125
0.625248
0.578151
0.502789
0.708155
0.495902
0.628211
0.453573
0.539752
0.532241
0.462321
0.664516
0.565197
0.628819
0.474275
0.502580
0.428976
0.472593
0.486835
0.519091
0.539658
0.605397
0.620698
0.497923
0.532901
0.490064
0.491287
0.504342
0.461175
0.580118
0.434258
0.567787
0.596536
0.476253
0.556859
0.575410
0.473631
0.541655
0.567818
0.512194
0.597784
0.593464
0.551941
0.494081
0.508572
0.540504
0.510293
0.427640
0.531301
0.589893
0.545683
0.616835
0.500833
0.526914
0.555605
0.628867
0.549507
0.578431
0.560990
0.484501
0.480167
0.555682
0.494345
0.483154
0.549326
0.517642
0.505473
0.499483
0.513010
0.520076
0.491276
0.641880
0.502413
0.586144
0.471134
0.568010
0.525908
0.554677
0.546561
0.481483
0.595334
0.550218
0.514642
0.490859
0.586640
0.503772
0.506323
0.568889
0.524458
0.506298
0.513359
0.589052
0.496631
0.571593
0.543741
0.457109
0.489706
0.491857
0.595545
0.491967
0.559323
0.613890
0.492590
0.505364
0.482960
0.580722
0.436131
0.474367
0.555927
0.495890
0.540492
0.554790
0.550357
0.496394
0.515684
0.477000
0.517007
0.561375
0.436140
0.594070
0.474503
0.631158
0.514175
0.483217
0.546017
0.562271
0.503605
0.484088
0.587998
0.475979
0.607785
0.569384
0.570532
0.554704
0.484253
0.549496
0.523054
0.493222
0.585629
0.520831
0.603155
0.542126
0.492059
0.511384
0.497682
0.517794
0.498226
0.542543
0.496410
0.577258
0.462598
0.602303
0.510787
0.496270
0.572277
0.536109
0.474607
0.546502
0.533742
0.456366
0.514692
0.558337
0.557986
0.653162
0.468016
0.550143
0.514380
0.533528
0.530421
0.453748
0.603134
0.596681
0.506475
0.487300
0.621352
0.471340
0.487505
0.581064
0.446541
0.518495
0.479483
0.673067
0.489072
0.475145
0.584813
0.489283
0.446889
0.528130
0.512890
0.463558
0.499491
0.660506
0.562907
0.512195
0.542339
0.486866
0.566785
0.540251
0.479358
0.557818
0.497197
0.573137
0.572409
0.518402
0.555243
0.479980
0.515615
0.463209
0.567178
0.516265
0.423760
0.637263
0.424193
0.535321
0.555856
0.509589
0.536594
0.499787
0.538118
0.508534
0.538114
0.641576
0.433829
0.598782
0.525828
0.551191
0.474087
0.534729
0.583073
0.513755
0.520685
0.576698
0.588046
0.422516
0.564068
0.530213
0.573684
0.588405
0.511992
0.455808
0.520345
0.666870
0.611332
0.538965
0.533696
0.571518
0.513198
0.519414
0.472795
0.527359
0.497344
0.637932
0.562918
0.638329
0.552567
0.518285
0.608743
0.490586
0.533196
0.491888
0.539730
0.633213
0.485465
0.551865
0.540531
0.539162
0.477168
0.571300
0.492979
0.461157
0.611700
0.658181
0.537430
0.540556
0.450273
0.540362
0.531544
0.577151
0.515093
0.509938
0.570498
0.517808
0.512653
0.528537
