0.34894
0.060639
0.04015
0.033546
0.030041
0.031185
0.029678
0.040653
0.034586
0.030409
0.030381
0.03017
0.029508
0.029268
0.030494
0.034658
0.029835
0.029834
0.032063
0.02883
0.040592
0.030752
0.045619
0.030513
0.030324
0.03013
0.029197
0.029381
0.029134
0.029138
0.029012
0.039919
0.028915
0.033224
0.028848
0.029104
0.029457
0.028882
0.029089
0.029405
0.030464
0.029415
0.029624
0.028589
0.028753
0.032455
0.028924
0.028769
0.029483
0.029143
0.028974
0.029241
0.02926
0.030193
0.028911
0.028996
0.029463
0.032622
0.030361
0.028931
0.029624
0.028671
0.029303
0.028771
0.038327
0.028993
0.028728
0.029005
0.02867
0.029213
0.036658
0.029526
0.028894
0.02917
0.029411
0.029493
0.028661
0.029598
0.029042
0.028715
0.029031
0.029181
0.029295
0.028963
0.02924
0.029958
0.029456
0.029313
0.02895
0.029498
0.029407
0.029298
0.028915
0.029529
0.028724
0.028856
0.028902
0.029653
0.029694
0.028966
0.029329
0.029105
0.028894
0.029944
0.032785
0.030359
0.029227
0.030039
0.029584
0.029127
0.029047
0.029353
0.029665
0.028627
0.029474
0.02873
0.029677
0.029128
0.028899
0.029073
0.031901
0.029559
0.030196
0.029055
0.02868
0.029037
0.02888
0.029724
0.02903
0.029304
0.029416
0.028961
0.028807
0.028637
0.028643
0.029375
0.029341
0.029341
0.029833
0.02992
0.029552
0.029379
0.028921
0.029147
0.029422
0.028754
0.028914
0.02922
0.028669
0.028722
0.028882
0.029218
0.028586
0.029189
0.029086
0.029037
0.029125
0.029183
0.029253
0.028907
0.029793
0.028929
0.029356
0.029078
0.029097
0.028852
0.028981
0.028985
0.028865
0.029078
0.030932
0.029155
0.029814
0.029171
0.029215
0.029265
0.029271
0.029481
0.029281
0.030158
0.029512
0.029479
0.02884
0.029338
0.029164
0.028778
0.029018
0.028917
0.028979
0.029495
0.029064
0.029018
0.028981
0.029932
0.029964
0.029465
0.028991
0.029079
0.029721
0.029306
0.029094
0.02891
0.029255
0.029009
0.029453
0.029115
0.029352
0.029052
0.028763
0.030206
0.029859
0.028959
0.028616
0.029406
0.028746
0.02907
0.028664
0.029112
0.029128
0.029052
0.028862
0.0289
0.029162
0.029555
0.030343
0.028795
0.029068
0.029262
0.02938
0.029503
0.02959
0.028807
0.029344
0.028709
0.029375
0.029046
0.028878
0.02897
0.029159
0.028791
0.029502
0.028744
0.028792
0.029649
0.029698
0.029019
0.02967
0.02897
0.028369
0.028874
0.028878
0.029068
0.029116
0.029239
0.030425
0.028825
0.029184
0.029866
0.03004
0.029365
0.02875
0.029218
0.030269
0.029291
0.029075
0.028798
0.029366
0.029344
0.029487
0.029695
0.029532
0.02981
0.028886
0.029069
0.031756
0.02862
0.029169
0.029084
0.029154
0.029222
0.029318
0.029192
0.029402
0.029445
0.02901
0.028917
0.029001
0.029989
0.029536
0.029868
0.029848
0.029444
0.030125
0.029356
0.029769
0.02964
0.030545
0.029666
0.029368
0.029458
0.029183
0.029727
0.029285
0.029655
0.031418
0.031102
0.032155
0.03156
0.031559
0.029126
0.029094
0.031258
0.029901
0.029822
0.030823
0.031942
0.029293
0.029524
0.029289
0.029636
0.029651
0.028684
0.029344
0.029272
0.028928
0.029168
0.029467
0.029948
0.029218
0.029084
0.029646
0.028831
0.029764
0.029869
0.029114
0.02914
0.028594
0.029091
0.028975
0.02949
0.029577
0.028946
0.029149
0.029786
0.02861
0.02921
0.029521
0.029082
0.03015
0.028858
0.029393
0.029262
0.029929
0.029874
0.030136
0.02984
0.029887
0.029621
0.029081
0.028902
0.029375
0.029007
0.029032
0.028591
0.029912
0.029114
0.028952
0.028848
0.029033
0.029398
0.029312
0.029433
0.028802
0.028879
0.029036
0.02892
0.029355
0.029262
0.029098
0.029331
0.030204
0.028967
0.029378
0.029275
0.028916
0.029295
0.029403
0.029275
0.029363
0.029401
0.028871
0.028785
0.029037
0.029338
0.02959
0.029078
0.02999
0.029051
0.029954
0.029423
0.029391
0.0288
0.029494
0.029045
0.028507
0.028959
0.029001
0.028597
0.029118
0.0291
0.028892
0.029801
0.029449
0.028942
0.030729
0.030192
0.031092
0.030296
0.029416
0.0295
0.029244
0.029275
0.029995
0.029359
0.029627
0.029293
0.029096
0.029263
0.029286
0.029309
0.02888
0.028832
0.029256
0.028986
0.028754
0.029055
0.029758
0.02999
0.029365
0.029194
0.028896
0.028881
0.02887
0.029471
0.029004
0.029352
0.029393
0.028779
0.029271
0.028622
0.028771
0.029373
0.02925
0.02907
0.029134
0.029041
0.028848
0.028814
0.029248
0.029258
0.029259
0.029317
0.029636
0.029157
0.029345
0.029477
0.029707
0.02924
0.029156
0.02912
0.029785
0.029548
0.028986
0.029835
0.028825
0.029384
0.028763
0.030244
0.029754
0.029079
0.029026
0.029192
0.029754
0.029161
0.029702
0.029088
0.029493
0.029153
0.029784
0.029311
0.029187
0.029249
0.029367
0.028746
0.029179
0.029345
0.029451
0.029235
0.029985
0.029061
0.029826
0.028781
0.028739
0.029499
0.028958
0.029644
0.028733
0.02945
0.028768
0.028879
0.02929
0.029183
0.029622
0.029413
0.02951
0.029118
0.029259
0.029468
0.028916
0.028934
0.028784
0.029234
0.028723
0.029147
0.029545
0.029254
0.02989
0.0287
0.029811
0.029229
0.030288
0.0298
0.029473
0.029654
0.029769
0.029164
0.028811
0.029283
0.029603
0.029294
0.02903
0.029872
0.029321
0.029209
0.029824
0.029732
0.029275
0.029168
0.029476
0.029387
0.029792
0.029314
0.029362
0.028775
0.02871
0.029409
0.029202
0.029031
0.029208
0.028869
0.029047
0.028791
0.029399
0.033815
0.033655
0.030252
0.029216
0.029112
0.030764
0.030437
0.030219
0.03051
0.028988
0.029395
0.030141
0.029454
0.029409
0.029292
0.0291
0.029213
0.028997
0.02904
0.03022
0.029219
0.029964
0.029112
0.029084
0.029211
0.029018
0.029445
0.029263
0.029235
0.029642
0.02987
0.029359
0.029069
0.030235
0.029076
0.029531
0.02988
0.029498
0.029022
0.029353
0.029473
0.029454
0.029534
0.02919
0.029203
0.029368
0.028921
0.028867
0.029396
0.02946
0.028656
0.02961
0.029161
0.028881
0.028792
0.02967
0.029241
0.028717
0.029018
0.028987
0.028549
0.029141
0.029618
0.029713
0.029058
0.029264
0.028856
0.029955
0.028735
0.029078
0.029355
0.029299
0.028933
0.029017
0.029184
0.02916
0.028862
0.028787
0.030025
0.02907
0.029027
0.029183
0.029913
0.02924
0.028945
0.028756
0.029873
0.028998
0.029587
0.028805
0.029312
0.028879
0.029235
0.029714
0.028722
0.029199
0.028977
0.029307
0.028928
0.029365
0.029156
0.028796
0.029255
0.028824
0.029029
0.029719
0.02896
0.029303
0.029975
0.029094
0.028853
0.029662
0.029577
0.029224
0.029527
0.029499
0.028899
0.028687
0.029775
0.028874
0.029042
0.029
0.028951
0.029614
0.029777
0.029233
0.028682
0.02963
0.029237
0.028832
0.029079
0.028765
0.029164
0.028819
0.028938
0.028789
0.029167
0.029501
0.029575
0.028899
0.028751
0.029028
0.029841
0.029034
0.028577
0.029311
0.028775
0.028932
0.02895
0.028757
0.029002
0.028698
0.029146
0.028765
0.028861
0.028657
0.029027
0.029298
0.029236
0.029175
0.029798
0.029049
0.029105
0.02912
0.029907
0.028836
0.029693
0.029185
0.029669
0.029318
0.029968
0.029978
0.029981
0.030395
0.02976
0.029275
0.029772
0.029778
0.029484
0.029545
0.029804
0.029689
0.029604
0.029873
0.032192
0.031761
0.030411
0.029786
0.031756
0.031682
0.031845
0.032846
0.031677
0.032252
0.033201
