524	169	80	89
481	131	78	86
480	141	75	82
479	152	72	79
478	160	69	76
477	162	66	73
474	161	63	71
468	159	60	68
461	157	56	67
452	154	55	63
444	149	55	62
436	147	54	60
431	143	53	62
427	142	52	61
424	142	51	60
423	140	49	53
418	143	53	47
419	141	53	47
418	137	49	60
420	136	49	60
421	136	49	60
422	134	54	63
420	135	56	63
420	132	50	61
416	131	50	61
414	131	50	62
410	131	50	61
408	133	51	61
405	135	50	60
402	139	49	59
399	141	49	58
397	141	47	57
398	143	48	55
398	142	46	56
400	144	46	55
403	143	46	55
402	146	53	54
401	146	53	53
405	146	54	52
406	145	52	48
406	145	54	45
406	142	54	47
409	142	53	49
407	141	53	49
408	139	53	49
407	136	53	51
405	137	55	51
405	138	52	52
406	140	47	56
406	141	48	57
407	142	49	58
405	144	50	59
407	146	50	59
407	149	50	60
410	150	54	66
410	150	56	70
414	155	55	67
412	154	57	73
412	150	59	80
411	154	58	81
414	157	57	80
413	159	59	80
417	161	57	81
418	160	58	80
418	160	58	80
418	160	58	80
418	160	58	80
416	164	58	77
417	165	58	76
418	160	58	80
418	160	58	80
418	160	58	80
418	160	58	80
418	160	58	80
418	160	58	80
418	160	58	80
418	160	58	80
418	160	58	80
418	160	58	80
418	160	58	80
440	186	58	65
415	157	57	73
441	180	61	63
441	180	62	63
414	155	59	72
444	174	64	61
443	177	61	63
443	177	59	70
440	177	63	73
409	141	63	73
418	160	55	81
435	170	64	78
437	171	65	65
438	169	67	58
441	168	62	59
431	167	71	64
440	167	65	52
431	170	70	55
434	169	69	59
431	168	70	59
437	166	66	63
441	168	62	61
436	170	66	68
436	167	64	73
440	166	59	70
441	166	61	63
439	164	65	73
440	165	66	70
441	165	64	72
441	167	63	64
437	167	66	71
437	167	67	69
433	166	65	77
432	169	63	76
433	166	60	77
430	171	59	71
428	173	57	65
425	171	59	64
421	172	64	60
428	171	57	59
431	166	51	60
429	161	55	61
426	157	54	59
424	155	54	60
422	153	53	60
421	151	53	60
420	151	53	60
421	150	53	60
420	150	54	60
419	149	54	60
419	149	54	60
419	149	54	60
418	148	54	60
416	146	54	61
415	146	54	60
415	147	54	60
415	148	54	60
415	151	54	61
415	150	55	61
415	149	55	61
414	148	55	62
413	148	56	63
412	149	56	64
412	151	57	65
413	152	57	65
414	154	57	66
414	155	58	67
414	156	58	67
415	159	58	68
415	161	59	68
415	164	59	69
414	168	59	69
415	171	59	69
417	173	59	69
418	169	59	70
419	166	60	70
417	166	60	70
414	167	60	70
410	172	64	73
403	176	68	74
404	176	67	76
403	174	68	75
405	169	66	78
406	166	65	72
406	162	65	73
409	156	65	75
415	150	64	69
417	145	64	64
422	144	58	63
422	144	61	63
422	142	60	62
419	143	59	62
418	145	58	63
418	145	57	63
418	145	56	63
420	143	56	63
421	141	56	63
422	142	55	63
423	142	55	62
424	143	55	62
425	141	55	62
425	143	55	61
424	144	55	61
422	146	55	61
420	148	55	61
419	149	55	61
418	148	55	61
419	148	55	61
417	149	55	61
417	149	55	61
417	150	55	61
416	150	55	60
416	149	55	60
414	148	54	60
412	147	54	60
411	147	54	60
411	146	53	60
410	145	53	60
409	144	53	60
408	142	52	60
408	139	52	60
409	136	52	60
410	133	52	60
410	130	52	60
408	126	52	60
411	124	54	58
411	119	55	57
411	112	55	59
412	107	52	57
413	102	57	57
415	98	55	61
417	92	54	59
419	83	52	60
420	79	53	56
420	75	51	58
419	72	52	62
419	68	55	58
421	65	54	54
424	58	52	52
425	50	51	52
426	45	52	51
426	35	56	54
427	28	53	54
428	21	53	52
426	14	53	54
425	9	53	50
426	2	54	52
426	0	56	49
428	-3	54	49
427	-3	55	46
421	0	61	28
424	1	61	25
427	-3	59	26
426	1	61	18
421	0	68	18
420	0	70	21
436	3	57	62
419	1	79	30
424	2	78	37
441	1	70	46
450	2	64	52
457	7	64	58
466	13	66	59
474	19	68	65
485	34	70	67
490	46	71	70
491	56	71	71
487	65	73	75
484	74	76	79
480	81	74	82
478	87	75	88
473	90	72	89
469	98	72	83
462	102	69	82
457	106	68	81
453	108	67	80
450	108	67	80
447	110	66	79
443	118	68	78
438	121	69	80
434	127	69	79
430	132	72	76
427	134	71	71
427	127	64	73
426	126	65	72
425	126	65	72
425	125	64	71
425	126	64	70
425	127	64	70
424	127	64	70
424	131	63	69
423	132	63	69
424	134	63	68
425	134	63	68
426	134	64	68
425	135	63	69
424	137	63	69
423	138	63	71
422	138	63	72
422	138	63	73
422	138	63	73
422	137	64	74
422	138	65	75
421	140	65	76
421	140	64	82
421	139	59	82
422	138	57	82
421	141	59	80
417	139	65	82
416	138	61	83
416	137	62	84
417	136	62	83
417	133	62	83
418	132	60	82
418	134	64	79
421	133	61	81
423	134	60	76
422	132	62	77
419	129	63	79
423	126	62	81
421	126	60	79
423	126	60	76
422	127	63	76
421	128	62	74
425	130	61	68
422	131	62	71
422	134	60	66
421	136	63	64
420	135	62	65
420	137	64	65
420	139	63	64
420	138	64	63
418	139	65	64
419	140	66	62
415	143	68	62
410	143	73	64
409	144	76	63
408	146	76	66
407	146	75	67
408	148	76	69
405	145	77	71
411	144	71	80
414	144	68	81
411	145	71	78
414	147	68	72
417	148	67	70
420	148	65	66
419	146	64	62
422	148	65	65
426	152	62	70
423	155	64	70
428	160	59	68
432	165	56	69
430	165	59	69
428	164	57	74
422	158	70	80
422	155	66	88
426	153	60	93
432	149	53	96
426	159	64	44
425	159	63	47
425	160	66	48
426	159	66	53
427	159	65	56
427	160	64	58
426	163	64	59
427	164	65	62
425	162	64	63
426	161	62	61
425	160	65	63
424	160	66	61
423	157	64	61
421	155	67	62
421	152	65	62
421	153	66	61
422	153	65	64
422	151	64	66
420	153	68	64
420	151	67	64
422	151	65	63
419	152	70	60
422	153	66	63
420	152	69	64
421	153	67	65
423	154	66	66
422	154	63	66
422	157	67	65
420	158	70	65
423	155	64	64
421	155	69	66
418	156	73	65
412	156	81	65
413	154	81	66
413	151	80	70
417	152	75	67
416	146	71	72
417	146	72	72
419	138	67	83
419	135	65	89
417	133	67	89
421	130	64	91
419	129	66	89
422	126	66	89
425	127	64	88
426	126	68	89
432	123	66	92
436	121	68	91
440	118	67	89
441	115	68	88
438	114	64	83
432	111	63	77
427	110	58	73
423	107	55	73
421	106	53	69
418	107	50	62
418	104	48	61
416	104	47	56
416	103	44	51
414	102	45	49
414	100	43	47
413	96	43	45
413	93	44	45
415	88	44	49
415	86	46	49
415	81	47	48
414	78	46	50
415	77	47	52
416	75	48	54
416	74	50	56
418	74	49	54
422	75	48	51
425	78	47	49
427	80	50	48
435	83	48	47
445	88	50	53
450	92	54	59
457	97	56	66
467	108	64	63
476	127	69	64
489	145	78	72
501	169	85	80
519	194	86	78
539	221	98	89
563	255	112	108
594	284	121	101
615	312	124	75
388	84	67	76
390	81	67	76
392	79	67	76
394	78	67	76
395	79	67	76
396	79	67	76
396	81	67	76
395	84	67	76
394	85	67	76
394	87	67	76
393	88	67	76
394	89	67	76
394	90	67	76
395	90	67	76
395	90	67	76
396	91	67	76
396	91	67	76
396	91	67	77
396	89	67	77
397	88	67	77
397	89	67	77
397	88	67	77
398	88	67	77
398	88	67	77
399	88	67	77
400	87	67	77
401	86	67	77
401	86	67	77
402	86	67	77
402	86	67	77
403	86	67	78
403	86	67	78
403	85	67	78
404	86	67	78
404	85	67	78
404	85	67	78
405	85	67	78
405	85	67	78
405	85	67	78
405	85	67	78
406	84	67	78
406	85	67	78
407	85	67	78
407	84	67	78
406	85	67	78
406	85	67	78
406	85	67	78
406	85	67	78
405	84	67	78
405	84	67	78
405	84	67	78
405	84	67	78
404	84	67	78
405	84	67	79
404	83	67	79
404	83	67	79
405	83	67	79
404	83	67	79
404	83	67	79
404	82	67	79
404	82	67	79
404	82	67	79
404	82	67	79
404	82	67	79
403	82	67	79
406	77	67	81
406	77	67	81
406	77	67	81
104	165	25	80
104	165	25	80
104	165	25	80
104	165	25	80
104	165	25	80
104	165	25	80
104	165	25	80
104	165	25	80
104	165	25	80
104	165	25	80
117	313	35	78
94	307	45	81
113	255	52	89
158	229	64	97
190	209	85	99
208	194	96	106
223	190	108	104
239	181	115	97
257	171	108	91
272	162	105	93
299	158	93	82
319	153	83	74
333	148	79	71
344	144	74	70
354	143	67	66
365	141	62	68
370	137	60	67
378	139	60	64
383	138	58	62
390	136	57	65
395	134	58	66
399	129	56	66
402	126	56	67
406	127	56	65
405	129	53	63
406	130	53	62
407	130	53	61
409	127	53	61
413	128	53	60
418	129	52	59
420	130	52	59
423	131	52	59
424	130	51	59
425	129	51	59
426	128	50	60
427	127	50	60
427	129	50	60
426	128	50	60
427	126	50	61
426	125	50	61
426	124	50	62
426	121	50	62
426	119	50	63
428	116	51	64
428	114	52	65
428	113	52	66
427	110	53	66
428	109	53	67
425	107	54	67
424	103	55	68
424	99	55	68
420	97	60	66
416	96	65	68
415	92	66	68
409	81	66	77
405	78	71	80
403	77	74	82
400	76	71	81
403	75	75	81
402	74	73	87
403	76	73	93
403	90	64	77
400	87	65	78
395	80	72	87
383	77	76	87
364	78	91	86
359	73	67	88
352	73	68	88
340	73	70	88
333	73	72	84
328	77	70	83
325	79	71	83
323	80	68	79
323	80	68	79
324	79	68	79
325	75	68	79
327	71	70	75
330	63	71	73
332	54	67	65
334	53	67	61
339	48	66	59
346	46	64	57
352	43	63	52
359	38	63	48
360	33	63	46
364	27	64	42
369	27	60	38
373	28	61	35
379	46	62	62
382	38	59	74
386	43	59	72
390	48	61	70
397	56	60	66
402	64	67	65
403	68	73	73
405	70	76	84
409	72	73	87
427	91	64	77
428	102	65	68
433	112	64	65
436	119	63	63
436	121	63	63
437	121	61	62
437	126	63	61
438	127	64	61
438	128	62	62
441	129	62	61
441	130	64	61
441	132	67	65
446	133	65	60
450	131	61	62
452	133	63	61
454	135	62	60
452	134	62	61
451	135	62	58
452	133	58	59
451	132	58	63
452	130	57	63
449	127	59	64
449	126	57	64
448	127	59	67
447	127	59	64
450	128	57	64
447	129	57	62
444	131	60	66
441	131	60	63
438	136	61	63
437	139	62	61
437	141	64	61
438	138	62	71
439	135	65	79
438	137	65	86
441	137	64	72
446	143	62	67
450	146	59	61
452	146	54	64
454	148	54	64
455	150	53	64
458	153	54	65
461	156	54	65
464	158	55	66
467	161	56	67
466	165	65	68
468	170	66	70
468	174	69	74
469	179	70	81
470	186	73	83
471	186	71	89
471	194	72	85
470	194	73	92
464	196	72	100
453	200	75	110
441	200	81	110
427	202	76	109
405	198	82	113
388	197	81	119
366	193	87	118
347	191	86	119
333	188	88	110
323	190	91	102
327	190	91	92
328	187	100	89
331	180	94	94
330	172	94	93
329	164	86	92
327	158	78	87
326	154	73	82
324	153	71	83
324	155	74	80
322	158	80	84
321	159	82	84
317	161	89	81
316	158	81	80
313	155	81	80
309	150	77	76
307	149	72	72
305	147	70	74
301	142	69	75
300	139	68	73
301	137	68	72
305	140	67	68
310	141	64	64
316	143	63	58
322	146	60	56
329	148	59	55
339	152	58	54
347	157	59	53
357	160	61	55
363	165	58	55
372	170	57	57
378	171	57	58
385	176	59	57
390	178	60	57
400	181	61	59
408	182	56	64
414	187	60	60
421	188	63	64
426	191	62	66
432	190	61	66
441	192	59	64
441	188	56	64
444	189	56	63
447	191	59	61
449	187	55	63
451	186	55	62
453	190	55	62
455	192	54	61
454	195	54	61
454	197	54	61
452	200	54	60
452	202	54	60
454	201	53	59
454	199	53	59
452	200	52	58
451	198	52	57
450	197	51	57
449	196	51	57
449	196	51	57
448	197	51	57
446	196	51	58
447	196	50	59
448	195	50	60
448	195	51	62
449	200	56	63
450	203	57	65
452	207	58	66
452	215	61	69
457	222	62	70
468	231	63	69
472	242	70	75
480	262	68	77
482	276	76	87
486	297	88	84
490	297	97	84
497	305	100	76
502	315	103	66
506	332	109	53
508	337	109	46
509	339	110	45
506	344	116	38
448	326	116	38
570	320	78	70
572	321	78	70
574	322	78	70
575	323	78	70
576	323	78	70
577	324	78	70
580	324	78	70
570	320	78	70
607	328	78	70
607	328	78	70
619	326	78	70
622	325	78	70
624	324	78	70
624	324	78	70
619	326	78	70
580	291	78	70
624	325	79	70
618	327	79	70
616	328	79	69
616	327	79	69
615	328	81	68
616	329	81	67
616	329	81	67
289	87	82	68
616	330	83	66
615	330	83	65
615	330	83	65
615	330	84	65
339	85	85	66
615	332	85	63
614	333	85	63
339	80	86	66
297	48	86	66
338	81	86	66
615	334	86	62
339	80	87	65
614	334	87	62
571	303	87	62
615	334	88	61
288	82	88	64
245	51	88	64
201	19	88	64
157	-12	88	64
113	-43	88	64
615	335	90	59
286	86	90	62
241	55	90	62
614	335	91	58
569	307	91	58
612	336	92	57
567	308	92	57
612	337	93	56
612	337	93	56
611	337	94	55
611	337	94	55
611	338	94	54
611	338	95	54
611	338	95	54
610	338	95	54
610	338	95	53
610	338	96	53
609	338	96	53
609	338	96	52
610	338	97	52
609	339	97	52
609	338	97	52
609	339	97	51
608	339	98	51
609	339	98	50
609	339	99	50
609	339	99	50
609	339	99	50
608	339	99	50
609	340	99	50
607	340	101	48
608	340	101	48
607	340	101	48
607	341	102	47
606	341	102	47
607	341	102	47
606	341	103	46
606	341	103	46
606	341	103	46
606	342	103	46
606	341	102	47
555	318	102	47
422	42	98	78
422	58	102	97
424	74	103	108
432	92	97	108
442	98	97	106
447	108	93	101
455	117	94	104
463	123	89	101
474	130	90	99
478	137	92	98
482	142	90	97
484	146	89	95
487	160	93	95
489	168	90	94
489	175	87	90
492	183	86	92
493	187	89	88
493	189	89	88
495	190	84	85
496	185	79	91
494	183	79	83
496	182	76	82
494	180	78	84
493	179	80	86
493	178	77	84
488	181	78	83
493	185	76	84
493	190	76	80
490	190	75	79
484	190	76	83
484	191	78	82
483	190	76	80
482	192	75	81
483	195	76	78
476	199	80	79
471	204	79	76
463	204	81	80
461	207	75	74
454	210	77	78
449	210	75	73
449	209	75	76
448	209	72	75
446	209	72	74
444	208	71	75
443	211	71	71
440	210	69	74
441	210	69	73
443	209	68	74
442	206	67	75
445	204	65	68
445	204	65	70
448	204	62	68
447	200	61	68
444	195	65	70
443	193	62	71
437	192	68	71
435	188	71	70
432	183	74	72
433	178	74	76
431	174	74	77
428	171	74	77
426	168	73	78
423	170	71	82
421	167	71	83
422	168	74	82
423	169	73	84
421	169	75	88
415	168	80	90
414	166	80	91
412	168	78	87
418	167	80	89
424	171	80	89
429	173	82	90
435	173	83	96
445	174	81	95
449	174	82	89
454	172	84	87
455	171	81	90
451	166	81	89
449	168	81	87
446	164	77	84
440	168	77	86
433	167	79	88
430	166	79	89
421	169	79	90
415	165	80	90
408	169	75	87
400	171	76	87
395	171	77	88
389	174	74	84
387	175	75	83
379	176	75	83
374	179	73	78
368	180	73	79
363	180	75	78
354	180	78	81
349	181	78	79
342	183	77	80
331	182	77	79
325	186	76	79
316	187	75	80
308	189	74	78
295	189	82	81
284	193	84	79
274	193	81	73
254	191	86	78
246	192	88	77
242	190	89	79
239	184	90	83
240	183	89	81
245	183	93	81
253	184	86	78
265	181	83	80
282	176	81	82
290	171	77	83
301	170	74	84
308	170	71	79
319	171	70	79
332	172	69	79
344	173	69	82
360	173	74	80
372	176	70	83
385	178	73	81
397	177	72	85
405	179	67	83
417	180	68	80
427	180	66	79
431	181	71	79
439	180	68	77
444	182	67	75
450	183	67	73
455	183	65	74
463	187	66	73
471	190	65	73
476	193	68	71
488	195	66	70
500	195	67	71
513	196	67	73
526	194	66	69
537	196	68	69
540	199	70	66
544	200	69	63
549	200	69	66
549	201	75	64
557	200	72	65
562	201	69	64
568	200	74	64
575	199	68	66
578	201	71	64
583	200	71	66
586	204	70	65
589	207	72	63
593	208	73	64
590	209	80	57
594	204	74	68
591	204	77	60
591	202	76	61
590	199	75	61
591	197	75	61
592	197	75	62
596	196	74	62
598	196	75	62
604	197	72	66
602	196	75	63
602	195	76	64
603	195	76	70
602	196	77	69
599	195	77	69
594	194	82	69
590	194	80	69
590	194	81	70
588	191	79	65
587	190	79	65
586	187	79	65
588	187	78	68
586	185	80	66
588	183	80	66
589	183	80	66
593	183	81	73
592	182	80	67
597	180	80	72
597	180	81	72
595	181	81	68
599	180	79	72
599	181	80	71
598	180	79	73
596	181	79	71
597	181	80	71
598	183	76	69
597	182	80	74
595	182	83	73
595	180	84	74
597	180	79	75
596	179	79	75
596	180	79	74
594	180	81	75
592	181	82	68
595	178	82	75
