493.000000,167.000000,122.000000,156.000000
495.770000,166.640000,122.000000,156.000000
501.250000,167.490000,119.610000,152.940000
506.330000,169.530000,117.260000,149.940000
509.570000,167.950000,119.610000,152.940000
512.720000,168.390000,119.610000,152.940000
519.690000,171.430000,117.260000,149.940000
521.140000,168.210000,122.000000,156.000000
524.870000,167.920000,122.000000,156.000000
530.870000,169.460000,119.610000,152.940000
536.690000,171.470000,117.260000,149.940000
536.810000,170.330000,119.610000,152.940000
541.560000,170.660000,119.610000,152.940000
543.660000,170.270000,119.610000,152.940000
549.710000,171.510000,117.260000,149.940000
552.000000,170.900000,117.260000,149.940000
557.890000,170.600000,114.960000,147.000000
562.100000,168.770000,112.710000,144.120000
567.000000,169.290000,114.960000,147.000000
566.390000,167.890000,119.610000,152.940000
567.200000,167.070000,119.610000,152.940000
569.320000,169.460000,117.260000,149.940000
568.870000,169.830000,119.610000,152.940000
569.240000,170.880000,122.000000,156.000000
569.800000,172.340000,124.440000,159.120000
573.630000,175.110000,119.610000,152.940000
577.400000,176.660000,117.260000,149.940000
579.970000,176.880000,114.960000,147.000000
583.080000,176.260000,112.710000,144.120000
584.470000,176.850000,114.960000,147.000000
581.540000,178.850000,112.710000,144.120000
585.400000,180.600000,112.710000,144.120000
585.780000,179.510000,114.960000,147.000000
577.690000,179.660000,117.260000,149.940000
577.610000,180.980000,117.260000,149.940000
577.590000,181.190000,117.260000,149.940000
577.740000,181.450000,117.260000,149.940000
574.290000,181.400000,117.260000,149.940000
571.960000,182.130000,117.260000,149.940000
569.930000,182.480000,117.260000,149.940000
567.200000,183.720000,117.260000,149.940000
566.780000,185.950000,114.960000,147.000000
561.360000,185.750000,117.260000,149.940000
559.720000,187.260000,114.960000,147.000000
556.420000,187.710000,114.960000,147.000000
552.750000,187.860000,114.960000,147.000000
548.170000,188.800000,114.960000,147.000000
544.810000,188.860000,114.960000,147.000000
541.500000,189.390000,114.960000,147.000000
537.890000,190.490000,112.710000,144.120000
534.540000,192.030000,110.500000,141.290000
532.760000,192.370000,110.500000,141.290000
528.110000,192.050000,110.500000,141.290000
524.700000,191.370000,112.710000,144.120000
521.710000,192.760000,110.500000,141.290000
520.240000,195.050000,108.330000,138.520000
513.200000,198.130000,106.210000,135.810000
504.690000,199.930000,106.210000,135.810000
493.800000,200.200000,108.330000,138.520000
482.480000,197.790000,110.500000,141.290000
441.910000,275.130000,108.330000,138.520000
436.770000,275.470000,108.330000,138.520000
429.120000,275.660000,108.330000,138.520000
418.440000,275.340000,108.330000,138.520000
406.870000,273.660000,110.500000,141.290000
395.270000,272.600000,110.500000,141.290000
368.340000,252.980000,108.330000,138.520000
349.930000,255.500000,108.330000,138.520000
334.570000,258.660000,106.210000,135.810000
399.500000,273.680000,106.210000,135.810000
380.970000,273.780000,106.210000,135.810000
359.190000,267.900000,106.210000,135.810000
339.690000,267.140000,106.210000,135.810000
318.410000,262.090000,108.330000,138.520000
294.950000,261.540000,110.500000,141.290000
274.650000,268.780000,112.710000,144.120000
256.190000,268.490000,112.710000,144.120000
238.440000,265.670000,112.710000,144.120000
225.160000,267.480000,112.710000,144.120000
211.050000,265.800000,114.960000,147.000000
194.230000,268.580000,117.260000,149.940000
183.780000,270.590000,117.260000,149.940000
173.830000,270.160000,117.260000,149.940000
221.180000,293.930000,117.260000,149.940000
218.280000,295.450000,114.960000,147.000000
210.520000,294.680000,114.960000,147.000000
355.010000,264.380000,114.960000,147.000000
353.890000,266.960000,112.710000,144.120000
346.810000,270.890000,112.710000,144.120000
340.770000,273.540000,112.710000,144.120000
339.550000,272.210000,112.710000,144.120000
322.730000,266.350000,110.500000,141.290000
314.160000,266.880000,110.500000,141.290000
304.980000,266.550000,110.500000,141.290000
295.960000,265.370000,110.500000,141.290000
290.580000,264.030000,110.500000,141.290000
286.500000,263.530000,110.500000,141.290000
289.520000,262.290000,108.330000,138.520000
291.300000,235.630000,106.210000,135.810000
286.310000,235.040000,108.330000,138.520000
283.180000,235.490000,108.330000,138.520000
280.180000,236.570000,108.330000,138.520000
277.100000,237.740000,108.330000,138.520000
273.110000,238.530000,108.330000,138.520000
269.040000,240.010000,108.330000,138.520000
264.090000,243.100000,108.330000,138.520000
260.080000,241.800000,110.500000,141.290000
263.030000,241.820000,110.500000,141.290000
269.470000,243.470000,108.330000,138.520000
274.700000,242.130000,108.330000,138.520000
279.750000,244.640000,106.210000,135.810000
289.380000,240.340000,104.130000,133.140000
293.960000,241.950000,102.080000,130.530000
299.160000,242.660000,100.080000,127.970000
305.040000,242.170000,100.080000,127.970000
308.580000,241.610000,100.080000,127.970000
320.920000,232.420000,100.080000,127.970000
324.930000,231.380000,98.120000,125.470000
329.490000,230.200000,98.120000,125.470000
331.830000,229.640000,98.120000,125.470000
337.310000,229.490000,96.196000,123.000000
342.790000,229.810000,94.310000,120.590000
347.560000,225.990000,94.310000,120.590000
356.210000,223.350000,94.310000,120.590000
364.330000,220.030000,94.310000,120.590000
373.030000,218.450000,94.310000,120.590000
379.030000,216.980000,94.310000,120.590000
382.480000,215.490000,94.310000,120.590000
387.350000,212.360000,96.196000,123.000000
391.720000,210.780000,96.196000,123.000000
398.440000,208.010000,96.196000,123.000000
403.500000,205.860000,96.196000,123.000000
411.480000,204.110000,96.196000,123.000000
418.950000,204.380000,94.310000,120.590000
421.260000,204.220000,94.310000,120.590000
426.680000,202.780000,94.310000,120.590000
432.710000,202.690000,92.461000,118.230000
438.840000,201.860000,92.461000,118.230000
444.750000,200.250000,92.461000,118.230000
451.230000,198.050000,92.461000,118.230000
456.540000,196.320000,92.461000,118.230000
462.370000,195.420000,92.461000,118.230000
470.200000,195.080000,92.461000,118.230000
475.490000,194.330000,92.461000,118.230000
480.940000,194.160000,92.461000,118.230000
483.200000,192.930000,92.461000,118.230000
488.010000,192.530000,92.461000,118.230000
489.530000,192.090000,92.461000,118.230000
494.500000,191.700000,92.461000,118.230000
497.730000,191.190000,92.461000,118.230000
500.620000,189.880000,92.461000,118.230000
501.970000,189.800000,92.461000,118.230000
503.320000,189.090000,92.461000,118.230000
506.050000,189.430000,90.648000,115.910000
508.310000,188.840000,90.648000,115.910000
510.520000,188.470000,90.648000,115.910000
514.090000,188.730000,88.870000,113.640000
515.790000,188.040000,88.870000,113.640000
516.410000,187.240000,88.870000,113.640000
518.860000,187.130000,87.128000,111.410000
518.390000,185.200000,88.870000,113.640000
521.530000,184.960000,87.128000,111.410000
522.540000,184.170000,87.128000,111.410000
523.080000,183.110000,87.128000,111.410000
524.920000,183.380000,85.419000,109.220000
526.390000,182.540000,85.419000,109.220000
529.290000,182.350000,83.745000,107.080000
532.270000,181.890000,83.745000,107.080000
536.330000,181.260000,83.745000,107.080000
540.230000,181.100000,82.103000,104.980000
542.290000,179.880000,82.103000,104.980000
544.900000,178.220000,82.103000,104.980000
548.030000,176.830000,82.103000,104.980000
550.200000,175.480000,82.103000,104.980000
551.580000,174.800000,82.103000,104.980000
555.490000,174.780000,80.493000,102.930000
557.640000,174.720000,78.914000,100.910000
560.020000,173.580000,78.914000,100.910000
562.980000,172.630000,78.914000,100.910000
563.960000,171.960000,78.914000,100.910000
564.680000,171.310000,78.914000,100.910000
564.810000,169.940000,80.493000,102.930000
565.390000,169.910000,78.914000,100.910000
566.690000,168.970000,78.914000,100.910000
567.280000,168.590000,78.914000,100.910000
568.110000,167.940000,78.914000,100.910000
568.470000,167.710000,78.914000,100.910000
568.190000,165.840000,80.493000,102.930000
565.750000,163.610000,82.103000,104.980000
565.160000,162.370000,82.103000,104.980000
564.260000,161.880000,82.103000,104.980000
563.970000,160.530000,82.103000,104.980000
563.040000,159.140000,83.745000,107.080000
565.600000,158.490000,85.419000,109.220000
566.580000,157.350000,85.419000,109.220000
570.560000,157.300000,85.419000,109.220000
573.700000,158.180000,83.745000,107.080000
576.650000,157.900000,82.103000,104.980000
580.820000,158.540000,80.493000,102.930000
580.880000,159.230000,78.914000,100.910000
582.240000,158.610000,78.914000,100.910000
582.140000,157.100000,80.493000,102.930000
581.260000,157.040000,80.493000,102.930000
580.670000,157.280000,80.493000,102.930000
580.570000,157.380000,80.493000,102.930000
580.890000,157.300000,80.493000,102.930000
580.850000,157.170000,80.493000,102.930000
580.660000,156.990000,80.493000,102.930000
581.480000,156.350000,80.493000,102.930000
581.290000,156.420000,80.493000,102.930000
581.490000,156.610000,80.493000,102.930000
581.160000,156.280000,80.493000,102.930000
580.100000,156.860000,80.493000,102.930000
579.180000,156.950000,80.493000,102.930000
578.120000,157.610000,80.493000,102.930000
577.030000,158.020000,80.493000,102.930000
574.250000,159.170000,80.493000,102.930000
575.020000,160.700000,78.914000,100.910000
572.510000,161.040000,78.914000,100.910000
571.650000,162.030000,78.914000,100.910000
570.090000,162.750000,78.914000,100.910000
569.290000,163.110000,78.914000,100.910000
567.700000,163.260000,80.493000,102.930000
566.890000,163.900000,80.493000,102.930000
565.430000,164.580000,80.493000,102.930000
565.890000,164.890000,80.493000,102.930000
566.050000,165.770000,80.493000,102.930000
566.100000,166.410000,80.493000,102.930000
568.180000,168.780000,80.493000,102.930000
572.970000,169.520000,80.493000,102.930000
574.120000,171.450000,80.493000,102.930000
578.030000,173.590000,78.914000,100.910000
578.590000,174.400000,78.914000,100.910000
578.680000,176.310000,78.914000,100.910000
576.810000,178.220000,78.914000,100.910000
573.520000,179.830000,78.914000,100.910000
572.750000,181.250000,78.914000,100.910000
574.810000,183.770000,78.914000,100.910000
573.680000,184.960000,78.914000,100.910000
578.210000,185.310000,78.914000,100.910000
578.550000,189.100000,77.367000,98.928000
548.410000,191.520000,77.367000,98.928000
541.670000,193.270000,77.367000,98.928000
536.150000,194.560000,77.367000,98.928000
531.060000,195.150000,77.367000,98.928000
527.130000,196.590000,78.914000,100.910000
522.400000,197.960000,78.914000,100.910000
520.460000,201.150000,78.914000,100.910000
516.330000,203.230000,78.914000,100.910000
516.050000,206.530000,78.914000,100.910000
514.260000,209.490000,78.914000,100.910000
513.660000,212.270000,78.914000,100.910000
514.510000,216.620000,78.914000,100.910000
509.610000,216.940000,78.914000,100.910000
505.100000,219.910000,78.914000,100.910000
499.990000,220.870000,78.914000,100.910000
494.630000,220.690000,78.914000,100.910000
489.300000,221.450000,77.367000,98.928000
485.570000,223.620000,77.367000,98.928000
480.050000,224.720000,77.367000,98.928000
475.650000,227.190000,75.850000,96.989000
469.010000,229.960000,75.850000,96.989000
463.430000,230.430000,75.850000,96.989000
457.250000,231.060000,75.850000,96.989000
450.630000,231.590000,75.850000,96.989000
444.290000,231.770000,75.850000,96.989000
438.350000,231.560000,75.850000,96.989000
434.390000,232.710000,74.363000,95.087000
430.190000,233.850000,74.363000,95.087000
425.180000,235.210000,74.363000,95.087000
419.520000,234.980000,75.850000,96.989000
414.300000,235.680000,77.367000,98.928000
409.360000,237.600000,77.367000,98.928000
402.460000,239.200000,77.367000,98.928000
394.600000,240.330000,78.914000,100.910000
387.120000,243.000000,78.914000,100.910000
380.540000,245.180000,78.914000,100.910000
373.790000,248.280000,78.914000,100.910000
366.620000,250.700000,78.914000,100.910000
358.740000,252.490000,78.914000,100.910000
349.880000,254.570000,80.493000,102.930000
340.900000,255.880000,78.914000,100.910000
331.170000,256.530000,80.493000,102.930000
319.130000,256.770000,82.103000,104.980000
309.290000,257.960000,82.103000,104.980000
301.030000,258.400000,82.103000,104.980000
291.980000,259.930000,82.103000,104.980000
283.120000,260.170000,83.745000,107.080000
276.160000,261.790000,83.745000,107.080000
268.690000,262.130000,83.745000,107.080000
260.620000,262.130000,85.419000,109.220000
253.820000,262.270000,85.419000,109.220000
249.000000,261.660000,87.128000,111.410000
243.450000,261.490000,87.128000,111.410000
239.160000,261.990000,87.128000,111.410000
237.770000,261.210000,87.128000,111.410000
236.270000,260.070000,88.870000,113.640000
238.260000,260.760000,88.870000,113.640000
241.620000,261.550000,88.870000,113.640000
245.450000,261.930000,88.870000,113.640000
250.620000,261.640000,88.870000,113.640000
254.170000,261.870000,88.870000,113.640000
259.850000,261.140000,88.870000,113.640000
265.120000,260.290000,88.870000,113.640000
272.510000,260.230000,87.128000,111.410000
278.660000,259.670000,87.128000,111.410000
286.410000,258.630000,87.128000,111.410000
296.710000,259.350000,85.419000,109.220000
305.880000,259.140000,85.419000,109.220000
316.230000,258.870000,85.419000,109.220000
327.560000,258.490000,85.419000,109.220000
337.630000,258.490000,85.419000,109.220000
349.620000,257.840000,85.419000,109.220000
360.040000,259.110000,85.419000,109.220000
370.630000,259.270000,85.419000,109.220000
379.010000,258.480000,85.419000,109.220000
387.230000,256.970000,85.419000,109.220000
395.570000,255.800000,85.419000,109.220000
402.800000,253.860000,85.419000,109.220000
410.540000,252.870000,85.419000,109.220000
418.250000,251.730000,85.419000,109.220000
427.480000,251.210000,85.419000,109.220000
436.310000,251.190000,85.419000,109.220000
446.750000,252.110000,85.419000,109.220000
458.160000,252.980000,85.419000,109.220000
468.830000,253.610000,85.419000,109.220000
477.890000,253.800000,85.419000,109.220000
490.000000,254.320000,85.419000,109.220000
501.590000,255.830000,85.419000,109.220000
511.400000,256.030000,83.745000,107.080000
521.170000,255.760000,83.745000,107.080000
530.060000,254.710000,83.745000,107.080000
539.050000,252.810000,85.419000,109.220000
548.870000,252.230000,85.419000,109.220000
558.540000,252.650000,85.419000,109.220000
567.120000,252.200000,85.419000,109.220000
575.290000,252.510000,85.419000,109.220000
581.560000,251.650000,85.419000,109.220000
584.780000,251.970000,85.419000,109.220000
590.710000,253.110000,83.745000,107.080000
592.560000,252.860000,83.745000,107.080000
593.540000,251.530000,83.745000,107.080000
593.210000,249.910000,83.745000,107.080000
591.000000,248.580000,83.745000,107.080000
589.070000,246.300000,83.745000,107.080000
585.350000,245.210000,83.745000,107.080000
579.650000,243.880000,83.745000,107.080000
574.960000,242.460000,82.103000,104.980000
568.850000,241.130000,82.103000,104.980000
563.520000,239.300000,82.103000,104.980000
556.880000,237.690000,82.103000,104.980000
551.220000,236.210000,82.103000,104.980000
545.010000,235.510000,82.103000,104.980000
539.220000,235.390000,82.103000,104.980000
533.310000,234.420000,82.103000,104.980000
527.290000,233.420000,82.103000,104.980000
521.510000,232.750000,82.103000,104.980000
515.900000,231.360000,82.103000,104.980000
510.400000,230.280000,82.103000,104.980000
504.040000,228.700000,82.103000,104.980000
498.360000,227.540000,80.493000,102.930000
491.540000,225.160000,80.493000,102.930000
484.930000,222.780000,78.914000,100.910000
479.790000,221.910000,77.367000,98.928000
473.430000,220.290000,75.850000,96.989000
467.000000,219.520000,75.850000,96.989000
462.590000,219.880000,74.363000,95.087000
456.870000,219.180000,72.905000,93.222000
450.890000,218.400000,72.905000,93.222000
444.900000,216.860000,72.905000,93.222000
439.460000,216.940000,72.905000,93.222000
434.700000,217.590000,71.475000,91.394000
427.470000,216.770000,71.475000,91.394000
420.430000,216.910000,71.475000,91.394000
412.840000,216.790000,71.475000,91.394000
405.740000,216.340000,71.475000,91.394000
398.540000,215.720000,71.475000,91.394000
390.890000,215.720000,71.475000,91.394000
384.940000,216.600000,70.074000,89.602000
378.840000,216.960000,70.074000,89.602000
373.010000,217.110000,70.074000,89.602000
366.350000,217.370000,70.074000,89.602000
360.450000,216.860000,70.074000,89.602000
354.730000,217.920000,70.074000,89.602000
349.030000,219.020000,70.074000,89.602000
342.900000,220.170000,70.074000,89.602000
337.510000,221.310000,70.074000,89.602000
330.430000,220.220000,71.475000,91.394000
324.420000,221.930000,71.475000,91.394000
318.390000,222.820000,71.475000,91.394000
312.580000,222.530000,71.475000,91.394000
307.090000,222.340000,71.475000,91.394000
301.680000,222.090000,71.475000,91.394000
295.340000,223.180000,71.475000,91.394000
289.950000,225.130000,70.074000,89.602000
285.620000,225.250000,70.074000,89.602000
282.440000,226.890000,68.700000,87.846000
279.010000,229.020000,68.700000,87.846000
275.690000,230.510000,68.700000,87.846000
272.740000,231.220000,68.700000,87.846000
271.990000,230.750000,68.700000,87.846000
272.140000,230.430000,68.700000,87.846000
273.410000,228.910000,68.700000,87.846000
275.410000,227.820000,68.700000,87.846000
278.230000,225.660000,68.700000,87.846000
281.090000,223.900000,68.700000,87.846000
285.250000,221.970000,68.700000,87.846000
290.920000,220.800000,68.700000,87.846000
296.980000,219.690000,70.074000,89.602000
302.260000,219.930000,70.074000,89.602000
300.950000,219.720000,70.074000,89.602000
300.400000,218.630000,70.074000,89.602000
327.710000,250.450000,68.700000,87.846000
334.040000,252.440000,68.700000,87.846000
331.830000,253.720000,68.700000,87.846000
331.500000,253.850000,68.700000,87.846000
331.830000,254.980000,68.700000,87.846000
354.880000,255.260000,68.700000,87.846000
326.390000,253.610000,70.074000,89.602000
326.180000,255.440000,68.700000,87.846000
325.420000,256.030000,68.700000,87.846000
326.860000,256.930000,68.700000,87.846000
327.780000,256.320000,68.700000,87.846000
330.760000,254.930000,68.700000,87.846000
335.210000,255.220000,67.353000,86.123000
339.580000,254.240000,67.353000,86.123000
342.180000,253.340000,67.353000,86.123000
345.130000,252.820000,67.353000,86.123000
347.670000,252.860000,67.353000,86.123000
349.970000,253.070000,67.353000,86.123000
351.550000,252.770000,67.353000,86.123000
353.050000,253.780000,67.353000,86.123000
354.430000,254.360000,67.353000,86.123000
354.730000,254.900000,67.353000,86.123000
355.240000,256.410000,67.353000,86.123000
356.370000,256.930000,67.353000,86.123000
356.930000,258.590000,66.032000,84.434000
357.670000,258.480000,66.032000,84.434000
357.890000,258.280000,66.032000,84.434000
358.030000,258.390000,66.032000,84.434000
357.610000,259.080000,66.032000,84.434000
357.770000,260.230000,66.032000,84.434000
358.820000,263.180000,64.737000,82.779000
357.320000,265.340000,64.737000,82.779000
357.720000,264.210000,64.737000,82.779000
357.140000,263.400000,64.737000,82.779000
357.320000,262.930000,64.737000,82.779000
357.560000,261.810000,64.737000,82.779000
358.000000,261.200000,64.737000,82.779000
357.840000,261.570000,63.468000,81.156000
357.710000,260.580000,63.468000,81.156000
357.220000,260.320000,63.468000,81.156000
357.890000,261.550000,62.223000,79.564000
356.600000,260.360000,63.468000,81.156000
357.020000,261.650000,62.223000,79.564000
356.210000,260.460000,63.468000,81.156000
356.970000,260.040000,63.468000,81.156000
357.350000,261.480000,62.223000,79.564000
356.580000,260.370000,63.468000,81.156000
357.000000,261.560000,62.223000,79.564000
356.330000,260.270000,63.468000,81.156000
356.720000,261.680000,62.223000,79.564000
356.670000,260.470000,63.468000,81.156000
356.540000,260.060000,63.468000,81.156000
356.830000,261.380000,62.223000,79.564000
356.850000,260.120000,63.468000,81.156000
357.170000,261.480000,62.223000,79.564000
356.460000,260.260000,63.468000,81.156000
356.730000,261.480000,62.223000,79.564000
356.550000,260.310000,63.468000,81.156000
356.830000,261.760000,62.223000,79.564000
356.670000,260.590000,63.468000,81.156000
356.550000,260.330000,63.468000,81.156000
356.850000,261.820000,62.223000,79.564000
356.600000,260.630000,63.468000,81.156000
356.400000,260.430000,63.468000,81.156000
356.090000,260.350000,63.468000,81.156000
356.840000,261.630000,62.223000,79.564000
356.700000,260.460000,63.468000,81.156000
356.420000,260.070000,63.468000,81.156000
356.580000,261.620000,62.223000,79.564000
356.520000,260.260000,63.468000,81.156000
356.720000,261.800000,62.223000,79.564000
356.570000,260.590000,63.468000,81.156000
356.310000,260.370000,63.468000,81.156000
356.490000,261.780000,62.223000,79.564000
356.370000,260.700000,63.468000,81.156000
356.140000,260.410000,63.468000,81.156000
356.950000,261.780000,62.223000,79.564000
356.090000,260.680000,63.468000,81.156000
356.960000,260.140000,63.468000,81.156000
357.990000,260.510000,62.223000,79.564000
357.790000,257.430000,63.468000,81.156000
359.010000,255.290000,63.468000,81.156000
360.180000,254.030000,62.223000,79.564000
359.180000,249.550000,63.468000,81.156000
359.290000,245.140000,63.468000,81.156000
358.630000,242.930000,63.468000,81.156000
358.700000,241.420000,62.223000,79.564000
357.810000,240.110000,62.223000,79.564000
357.840000,241.060000,61.003000,78.004000
355.070000,238.290000,62.223000,79.564000
353.850000,237.330000,62.223000,79.564000
354.420000,237.000000,61.003000,78.004000
352.950000,234.500000,62.223000,79.564000
351.540000,233.760000,62.223000,79.564000
350.980000,233.070000,62.223000,79.564000
349.020000,233.100000,62.223000,79.564000
348.450000,234.190000,61.003000,78.004000
347.570000,233.650000,61.003000,78.004000
344.350000,233.780000,61.003000,78.004000
343.490000,234.010000,61.003000,78.004000
341.880000,233.300000,61.003000,78.004000
338.580000,233.250000,61.003000,78.004000
335.920000,233.520000,61.003000,78.004000
334.000000,234.350000,61.003000,78.004000
330.410000,234.570000,61.003000,78.004000
327.960000,235.880000,61.003000,78.004000
324.080000,236.910000,61.003000,78.004000
319.320000,238.460000,61.003000,78.004000
314.440000,239.220000,61.003000,78.004000
309.100000,240.260000,61.003000,78.004000
303.890000,241.140000,61.003000,78.004000
299.890000,241.790000,61.003000,78.004000
293.830000,243.530000,61.003000,78.004000
289.210000,244.130000,61.003000,78.004000
283.610000,244.960000,61.003000,78.004000
277.560000,246.850000,61.003000,78.004000
271.510000,247.820000,61.003000,78.004000
265.070000,249.040000,61.003000,78.004000
260.130000,249.800000,61.003000,78.004000
254.340000,251.870000,61.003000,78.004000
247.770000,252.010000,62.223000,79.564000
242.440000,253.110000,63.468000,81.156000
237.380000,253.900000,64.737000,82.779000
233.880000,254.590000,64.737000,82.779000
230.280000,256.720000,64.737000,82.779000
228.410000,257.330000,64.737000,82.779000
224.930000,259.670000,64.737000,82.779000
222.150000,259.380000,66.032000,84.434000
219.060000,261.660000,66.032000,84.434000
218.060000,264.070000,66.032000,84.434000
216.830000,264.440000,67.353000,86.123000
218.050000,266.110000,67.353000,86.123000
217.410000,264.830000,68.700000,87.846000
219.930000,268.260000,68.700000,87.846000
220.000000,267.640000,70.074000,89.602000
221.270000,267.460000,71.475000,91.394000
223.350000,268.020000,71.475000,91.394000
225.100000,269.090000,71.475000,91.394000
227.840000,269.690000,71.475000,91.394000
231.610000,270.240000,71.475000,91.394000
235.270000,272.080000,71.475000,91.394000
239.160000,272.500000,71.475000,91.394000
243.320000,272.080000,72.905000,93.222000
247.970000,272.920000,72.905000,93.222000
252.220000,273.080000,72.905000,93.222000
257.450000,273.800000,72.905000,93.222000
262.150000,273.790000,72.905000,93.222000
266.370000,273.730000,72.905000,93.222000
272.450000,273.820000,72.905000,93.222000
277.320000,273.680000,72.905000,93.222000
281.930000,273.510000,72.905000,93.222000
286.710000,272.440000,74.363000,95.087000
289.800000,271.440000,75.850000,96.989000
292.370000,270.840000,77.367000,98.928000
293.200000,268.000000,78.914000,100.910000
299.610000,268.490000,77.367000,98.928000
303.540000,267.760000,77.367000,98.928000
307.690000,267.310000,77.367000,98.928000
312.280000,266.960000,77.367000,98.928000
317.680000,266.860000,77.367000,98.928000
322.100000,266.000000,77.367000,98.928000
327.000000,265.640000,77.367000,98.928000
332.860000,265.710000,77.367000,98.928000
340.120000,266.260000,77.367000,98.928000
284.060000,300.850000,77.367000,98.928000
292.200000,300.760000,77.367000,98.928000
301.950000,300.810000,77.367000,98.928000
310.990000,300.270000,77.367000,98.928000
319.800000,299.860000,77.367000,98.928000
328.330000,298.930000,77.367000,98.928000
336.130000,298.020000,77.367000,98.928000
347.140000,296.740000,77.367000,98.928000
354.950000,296.550000,77.367000,98.928000
363.620000,295.770000,77.367000,98.928000
372.620000,294.870000,77.367000,98.928000
381.670000,294.260000,77.367000,98.928000
391.570000,293.610000,75.850000,96.989000
399.750000,291.620000,75.850000,96.989000
408.590000,290.120000,75.850000,96.989000
417.190000,290.070000,74.363000,95.087000
424.390000,289.360000,72.905000,93.222000
430.980000,288.540000,72.905000,93.222000
436.790000,286.380000,74.363000,95.087000
444.580000,285.830000,74.363000,95.087000
451.710000,283.920000,74.363000,95.087000
460.660000,281.730000,74.363000,95.087000
469.770000,279.760000,72.905000,93.222000
478.500000,279.350000,71.475000,91.394000
486.780000,276.970000,71.475000,91.394000
497.860000,275.200000,70.074000,89.602000
507.810000,276.380000,68.700000,87.846000
515.530000,271.690000,70.074000,89.602000
465.800000,200.630000,70.074000,89.602000
484.460000,201.680000,70.074000,89.602000
498.350000,200.450000,70.074000,89.602000
508.570000,196.320000,70.074000,89.602000
531.730000,149.640000,70.074000,89.602000
531.870000,148.350000,70.074000,89.602000
544.740000,147.760000,70.074000,89.602000
550.930000,147.470000,71.475000,91.394000
554.510000,144.570000,71.475000,91.394000
564.320000,142.770000,71.475000,91.394000
575.970000,143.080000,71.475000,91.394000
587.940000,143.440000,71.475000,91.394000
600.480000,140.450000,71.475000,91.394000
612.230000,137.990000,71.475000,91.394000
624.820000,133.820000,71.475000,91.394000
634.200000,128.020000,71.475000,91.394000
644.470000,119.490000,71.475000,91.394000
652.450000,114.930000,71.475000,91.394000
660.900000,114.030000,70.074000,89.602000
668.760000,112.450000,70.074000,89.602000
675.970000,111.350000,70.074000,89.602000
682.340000,111.140000,70.074000,89.602000
689.930000,112.080000,70.074000,89.602000
697.430000,112.620000,70.074000,89.602000
703.800000,113.310000,70.074000,89.602000
709.590000,114.460000,70.074000,89.602000
713.970000,115.890000,70.074000,89.602000
718.500000,117.540000,70.074000,89.602000
723.400000,118.260000,70.074000,89.602000
729.000000,117.630000,70.074000,89.602000
733.740000,114.850000,70.074000,89.602000
739.140000,112.140000,70.074000,89.602000
743.360000,108.030000,70.074000,89.602000
744.610000,104.980000,70.074000,89.602000
748.080000,100.750000,70.074000,89.602000
746.480000,99.579000,70.074000,89.602000
747.100000,99.926000,68.700000,87.846000
745.290000,100.560000,67.353000,86.123000
741.970000,101.210000,67.353000,86.123000
736.690000,101.640000,67.353000,86.123000
731.350000,103.000000,67.353000,86.123000
726.040000,103.870000,66.032000,84.434000
720.000000,103.590000,66.032000,84.434000
713.490000,102.730000,66.032000,84.434000
707.110000,98.762000,66.032000,84.434000
700.860000,95.355000,66.032000,84.434000
695.890000,92.025000,67.353000,86.123000
692.860000,91.585000,66.032000,84.434000
689.470000,91.336000,66.032000,84.434000
686.210000,91.138000,64.737000,82.779000
683.110000,90.888000,64.737000,82.779000
680.140000,91.550000,63.468000,81.156000
678.080000,92.257000,63.468000,81.156000
676.110000,94.341000,62.223000,79.564000
673.960000,96.151000,61.003000,78.004000
672.870000,98.151000,59.807000,76.475000
671.130000,99.104000,59.807000,76.475000
667.590000,100.340000,59.807000,76.475000
666.200000,100.280000,59.807000,76.475000
663.460000,99.474000,59.807000,76.475000
661.960000,97.236000,59.807000,76.475000
661.000000,95.542000,59.807000,76.475000
659.720000,94.992000,59.807000,76.475000
657.670000,93.416000,59.807000,76.475000
655.660000,92.958000,59.807000,76.475000
653.500000,91.855000,59.807000,76.475000
651.350000,91.507000,59.807000,76.475000
649.500000,92.129000,59.807000,76.475000
647.430000,92.185000,59.807000,76.475000
645.000000,92.198000,59.807000,76.475000
643.910000,92.840000,59.807000,76.475000
641.700000,92.378000,59.807000,76.475000
639.140000,92.071000,59.807000,76.475000
636.130000,90.442000,59.807000,76.475000
634.450000,85.961000,59.807000,76.475000
629.910000,83.928000,61.003000,78.004000
628.080000,82.505000,61.003000,78.004000
624.840000,81.787000,61.003000,78.004000
623.090000,82.076000,61.003000,78.004000
621.080000,81.201000,61.003000,78.004000
619.430000,81.289000,61.003000,78.004000
618.410000,81.406000,61.003000,78.004000
617.280000,81.898000,61.003000,78.004000
617.350000,83.858000,59.807000,76.475000
616.420000,84.225000,59.807000,76.475000
616.050000,85.252000,59.807000,76.475000
616.580000,85.892000,59.807000,76.475000
616.340000,86.112000,59.807000,76.475000
616.240000,86.096000,59.807000,76.475000
616.180000,85.326000,59.807000,76.475000
616.350000,84.034000,59.807000,76.475000
616.780000,82.909000,59.807000,76.475000
617.820000,82.708000,59.807000,76.475000
618.440000,83.925000,58.635000,74.975000
619.380000,82.192000,58.635000,74.975000
642.370000,73.038000,57.485000,73.505000
641.470000,72.736000,57.485000,73.505000
641.540000,72.540000,57.485000,73.505000
641.670000,72.519000,57.485000,73.505000
641.840000,72.599000,57.485000,73.505000
641.900000,72.674000,57.485000,73.505000
641.850000,72.756000,57.485000,73.505000
641.850000,72.774000,57.485000,73.505000
641.870000,72.662000,57.485000,73.505000
641.820000,72.562000,57.485000,73.505000
641.760000,72.179000,57.485000,73.505000
642.380000,73.230000,56.358000,72.064000
641.790000,72.211000,57.485000,73.505000
642.400000,73.165000,56.358000,72.064000
641.810000,72.099000,57.485000,73.505000
642.470000,73.081000,56.358000,72.064000
641.870000,71.900000,57.485000,73.505000
642.550000,72.974000,56.358000,72.064000
641.990000,72.200000,57.485000,73.505000
642.680000,73.177000,56.358000,72.064000
642.090000,72.221000,57.485000,73.505000
642.790000,73.212000,56.358000,72.064000
642.210000,72.315000,57.485000,73.505000
642.260000,72.040000,57.485000,73.505000
642.310000,72.992000,56.358000,72.064000
641.880000,71.823000,57.485000,73.505000
642.650000,72.775000,56.358000,72.064000
642.870000,72.919000,56.358000,72.064000
642.350000,73.061000,56.358000,72.064000
641.900000,72.098000,57.485000,73.505000
642.690000,73.087000,56.358000,72.064000
642.200000,72.095000,57.485000,73.505000
642.990000,73.075000,56.358000,72.064000
641.620000,72.053000,57.485000,73.505000
642.380000,73.068000,56.358000,72.064000
641.910000,72.103000,57.485000,73.505000
642.650000,73.115000,56.358000,72.064000
642.160000,72.178000,57.485000,73.505000
642.910000,73.161000,56.358000,72.064000
641.540000,72.267000,57.485000,73.505000
641.590000,71.908000,57.485000,73.505000
642.310000,72.891000,56.358000,72.064000
642.370000,73.185000,56.358000,72.064000
641.840000,72.287000,57.485000,73.505000
641.870000,72.096000,57.485000,73.505000
642.540000,73.200000,56.358000,72.064000
641.980000,72.303000,57.485000,73.505000
641.980000,72.100000,57.485000,73.505000
642.600000,73.196000,56.358000,72.064000
642.020000,72.304000,57.485000,73.505000
642.020000,72.151000,57.485000,73.505000
642.610000,73.233000,56.358000,72.064000
642.000000,72.382000,57.485000,73.505000
642.000000,72.309000,57.485000,73.505000
641.960000,72.154000,57.485000,73.505000
642.550000,73.284000,56.358000,72.064000
641.930000,72.404000,57.485000,73.505000
641.890000,72.255000,57.485000,73.505000
641.890000,72.093000,57.485000,73.505000
642.530000,73.147000,56.358000,72.064000
641.910000,72.282000,57.485000,73.505000
641.860000,72.189000,57.485000,73.505000
642.470000,73.291000,56.358000,72.064000
641.870000,72.476000,57.485000,73.505000
641.860000,72.355000,57.485000,73.505000
641.800000,72.260000,57.485000,73.505000
641.730000,72.126000,57.485000,73.505000
642.290000,73.264000,56.358000,72.064000
641.660000,72.373000,57.485000,73.505000
641.590000,72.235000,57.485000,73.505000
642.090000,73.414000,56.358000,72.064000
641.470000,72.605000,57.485000,73.505000
641.390000,72.504000,57.485000,73.505000
641.340000,72.391000,57.485000,73.505000
641.210000,72.275000,57.485000,73.505000
642.050000,72.151000,57.485000,73.505000
642.570000,73.319000,56.358000,72.064000
641.890000,72.496000,57.485000,73.505000
641.790000,72.390000,57.485000,73.505000
641.700000,72.231000,57.485000,73.505000
642.230000,73.413000,56.358000,72.064000
641.560000,72.561000,57.485000,73.505000
641.480000,72.499000,57.485000,73.505000
641.390000,72.420000,57.485000,73.505000
641.290000,72.349000,57.485000,73.505000
641.210000,72.262000,57.485000,73.505000
642.050000,72.187000,57.485000,73.505000
642.520000,73.403000,56.358000,72.064000
641.810000,72.555000,57.485000,73.505000
641.650000,72.470000,57.485000,73.505000
641.480000,72.393000,57.485000,73.505000
641.340000,72.315000,57.485000,73.505000
641.220000,72.263000,57.485000,73.505000
641.960000,72.211000,57.485000,73.505000
642.390000,73.400000,56.358000,72.064000
641.710000,72.590000,57.485000,73.505000
641.500000,72.657000,57.485000,73.505000
641.010000,72.624000,57.485000,73.505000
641.700000,72.424000,57.485000,73.505000
641.550000,72.248000,57.485000,73.505000
641.480000,71.965000,57.485000,73.505000
642.080000,72.972000,56.358000,72.064000
641.240000,72.167000,57.485000,73.505000
642.630000,73.185000,56.358000,72.064000
641.830000,72.294000,57.485000,73.505000
641.820000,72.102000,57.485000,73.505000
642.510000,73.196000,56.358000,72.064000
641.970000,72.316000,57.485000,73.505000
641.960000,72.187000,57.485000,73.505000
642.770000,73.147000,56.358000,72.064000
642.550000,72.203000,57.485000,73.505000
642.710000,73.211000,56.358000,72.064000
642.590000,72.381000,57.485000,73.505000
642.150000,72.236000,57.485000,73.505000
642.910000,73.194000,56.358000,72.064000
641.910000,71.944000,57.485000,73.505000
643.050000,72.432000,56.358000,72.064000
643.890000,72.654000,56.358000,72.064000
643.330000,100.840000,56.358000,72.064000
579.060000,112.600000,56.358000,72.064000
593.860000,113.080000,54.169000,69.266000
608.350000,114.310000,53.107000,67.907000
619.910000,113.470000,54.169000,69.266000
633.480000,114.500000,54.169000,69.266000
638.820000,75.120000,55.253000,70.651000
641.840000,71.454000,58.635000,74.975000
641.750000,73.106000,56.358000,72.064000
641.970000,72.031000,57.485000,73.505000
642.420000,72.978000,56.358000,72.064000
641.770000,72.039000,57.485000,73.505000
642.410000,73.064000,56.358000,72.064000
641.790000,72.139000,57.485000,73.505000
642.320000,72.953000,56.358000,72.064000
642.300000,73.051000,56.358000,72.064000
641.590000,71.990000,57.485000,73.505000
642.180000,72.841000,56.358000,72.064000
642.220000,72.967000,56.358000,72.064000
642.300000,73.067000,56.358000,72.064000
641.700000,71.994000,57.485000,73.505000
642.270000,72.914000,56.358000,72.064000
642.190000,73.150000,56.358000,72.064000
641.430000,72.172000,57.485000,73.505000
641.950000,73.169000,56.358000,72.064000
641.250000,72.310000,57.485000,73.505000
642.160000,72.066000,57.485000,73.505000
642.660000,73.114000,56.358000,72.064000
641.960000,72.200000,57.485000,73.505000
642.500000,73.274000,56.358000,72.064000
