370	185	92	58
323	153	93	59
324	153	94	59
324	153	94	60
323	153	94	60
323	154	94	60
324	153	94	61
325	154	95	61
325	154	95	61
325	154	94	60
325	153	94	60
326	153	94	61
327	151	94	61
327	151	94	61
327	151	94	61
326	151	94	61
326	153	93	60
328	151	94	61
328	153	94	60
328	151	94	61
327	152	95	60
328	150	95	61
326	150	95	61
328	149	96	61
327	150	96	61
326	149	96	61
327	149	96	62
327	148	96	62
329	148	95	62
326	148	95	62
328	148	95	62
328	149	96	62
328	149	96	62
326	149	96	62
327	148	96	62
328	149	96	62
328	149	96	62
328	149	96	62
328	148	96	62
329	148	96	62
329	148	97	62
328	148	97	62
328	147	98	62
327	147	98	63
327	146	99	63
326	147	99	63
328	146	99	63
327	147	99	63
328	145	99	63
329	147	99	62
327	144	99	62
330	146	99	62
330	145	99	62
330	147	99	61
329	145	99	61
331	145	98	61
331	145	98	61
331	144	98	61
331	145	98	61
331	145	97	61
332	146	97	61
330	144	97	61
332	145	97	61
331	145	97	60
331	145	96	60
331	146	96	61
332	145	96	61
332	146	95	61
336	151	92	58
334	147	95	61
336	150	95	57
333	148	100	62
337	150	94	57
338	151	93	55
334	149	99	60
337	151	94	54
338	150	95	55
337	149	96	58
339	146	93	61
335	145	98	64
339	143	93	69
336	146	97	65
337	148	103	59
341	148	95	59
340	147	100	60
342	148	99	58
343	147	97	60
344	148	97	58
346	150	95	53
343	149	98	55
343	148	96	58
342	148	98	60
343	148	97	57
344	146	95	60
342	147	97	57
345	147	92	56
345	146	96	59
347	145	91	58
345	147	97	57
345	145	96	62
346	144	92	61
345	147	96	62
344	148	96	59
346	146	92	64
345	149	94	66
343	148	96	66
343	148	97	67
345	151	93	55
346	149	94	58
345	149	95	63
344	147	96	67
340	147	101	69
339	148	103	65
341	147	100	63
343	150	97	59
347	148	93	62
348	148	93	63
347	148	95	61
348	149	95	63
349	148	94	61
350	149	92	65
348	149	95	62
350	150	93	62
349	150	93	59
346	150	95	62
347	151	94	64
347	149	93	66
349	152	92	66
347	152	94	66
349	153	93	62
348	152	95	62
347	152	93	62
349	153	94	59
349	152	92	64
349	151	92	62
349	152	95	60
352	152	94	63
353	151	90	62
352	150	92	68
353	151	91	63
352	152	91	63
353	154	91	62
355	155	90	57
353	155	90	59
352	155	91	60
352	155	91	58
351	153	92	61
351	153	91	66
351	155	93	60
351	154	93	63
349	153	96	64
349	152	95	64
351	151	94	65
351	152	94	64
351	152	97	62
351	150	94	66
351	149	93	64
351	150	95	64
350	149	94	66
351	151	96	64
348	151	98	63
350	151	99	63
351	151	97	61
353	148	95	61
352	148	97	59
353	146	97	61
353	148	100	57
353	148	99	57
354	148	99	58
353	150	101	55
355	150	100	56
354	153	103	51
355	155	102	50
355	155	101	52
355	156	99	52
355	157	100	50
356	158	98	52
355	156	102	52
356	157	99	49
356	157	104	48
354	157	101	50
356	157	105	46
356	158	102	45
356	159	106	47
356	160	109	49
357	159	110	46
356	160	104	44
357	161	107	45
356	162	112	46
356	163	112	45
356	163	113	44
355	163	110	44
355	163	110	46
357	164	109	45
355	166	114	44
358	167	105	44
359	167	104	43
361	167	106	44
358	168	103	43
362	169	102	40
362	169	100	40
359	170	101	42
355	168	115	43
357	171	103	39
354	168	112	43
355	172	115	44
355	172	114	43
355	173	113	44
359	174	102	41
359	175	106	41
354	173	116	45
355	173	116	44
355	175	115	43
352	174	119	43
348	173	125	43
352	173	123	44
353	173	120	43
357	177	110	40
353	174	116	43
353	174	118	42
352	174	120	41
352	174	119	43
354	174	118	42
355	175	112	41
358	173	109	43
359	174	109	44
358	173	109	42
357	172	108	42
358	172	109	43
357	173	109	42
357	173	114	43
357	172	107	44
358	174	114	41
358	173	110	41
358	175	108	41
356	175	107	42
361	175	105	42
360	174	107	41
363	174	104	40
362	175	104	40
365	174	103	41
362	176	105	40
362	176	106	40
363	177	105	39
361	175	106	46
361	176	105	43
362	177	104	49
361	177	105	54
363	177	100	49
362	177	103	50
362	177	103	51
363	177	101	53
361	176	101	53
360	176	103	55
359	177	105	54
359	176	102	53
359	175	104	53
358	174	104	56
360	175	101	54
359	174	101	54
360	174	102	54
361	175	100	54
360	173	103	56
360	171	102	58
361	172	102	57
361	170	103	59
360	172	104	62
361	172	102	62
362	171	99	63
362	171	100	63
363	168	100	59
365	168	100	60
364	167	101	60
365	168	101	58
366	166	102	59
366	166	101	57
364	167	102	57
364	165	104	60
366	167	100	59
366	168	100	59
361	166	105	61
363	167	103	62
365	170	102	60
362	169	103	61
364	169	100	67
365	171	99	64
363	170	100	61
362	167	104	60
364	164	99	62
365	166	101	61
365	164	101	63
366	167	98	61
365	165	103	68
364	164	105	65
365	165	104	66
365	165	103	65
366	163	102	59
364	163	103	62
365	163	99	62
366	163	101	64
365	162	100	69
366	162	102	61
368	160	98	61
367	159	103	64
367	159	102	60
365	157	104	60
368	158	101	60
368	157	99	64
367	156	100	62
363	157	106	63
363	156	105	62
366	157	103	62
366	156	103	63
365	158	103	61
366	157	101	63
368	157	98	62
364	158	103	59
368	158	100	60
366	158	101	60
367	158	98	58
366	160	102	58
367	159	101	58
365	160	100	60
370	159	96	57
370	159	96	58
363	160	104	56
365	159	103	61
368	159	98	56
368	159	97	56
365	158	100	57
366	159	100	58
366	159	98	59
367	160	100	59
367	158	100	57
366	158	98	56
369	158	97	56
366	159	101	54
367	159	100	59
365	160	98	56
368	159	98	57
367	159	97	54
367	161	96	54
366	160	99	53
365	161	97	52
367	162	96	50
366	162	98	51
367	163	97	52
364	163	99	53
367	163	97	54
367	163	97	53
367	163	98	53
367	163	97	51
369	163	98	52
368	163	98	53
366	164	100	53
369	164	96	49
367	165	97	50
368	165	96	50
369	166	96	48
366	165	99	49
365	164	100	51
366	164	97	51
367	165	97	49
366	163	99	52
366	163	98	52
368	164	97	51
367	163	97	52
366	163	97	51
367	163	97	53
367	164	97	52
363	162	102	54
368	163	97	55
365	162	100	56
369	162	94	55
367	164	97	55
366	164	97	53
367	164	95	52
366	163	93	52
367	162	92	51
368	162	94	52
369	163	91	51
365	162	95	53
369	162	93	53
369	162	91	50
368	162	90	51
368	162	95	52
369	163	92	50
370	164	92	52
370	164	91	50
368	164	93	50
371	167	92	47
369	164	94	51
370	165	94	50
372	166	91	47
369	164	96	50
371	164	91	49
371	165	96	50
371	162	94	51
371	164	95	50
371	163	95	53
370	165	96	49
372	165	95	50
372	161	92	50
371	161	95	51
372	160	93	51
372	159	94	54
372	156	93	54
372	157	92	57
371	156	93	55
372	153	93	57
370	154	95	52
371	156	95	55
375	156	91	56
375	157	90	50
372	158	95	47
373	158	93	47
371	159	94	47
371	158	93	47
367	156	95	51
367	157	95	51
364	157	96	48
365	155	97	49
363	156	96	47
363	156	94	48
363	158	95	46
363	160	93	45
363	159	92	46
365	160	89	45
362	159	90	48
362	158	91	46
361	158	90	49
361	160	88	46
360	161	90	47
358	161	90	46
356	161	92	48
357	163	89	47
355	165	90	46
353	165	91	48
351	166	93	48
352	167	87	45
350	168	87	47
349	168	88	46
347	168	91	48
347	168	88	47
349	168	82	45
348	169	86	44
346	169	86	44
345	169	88	46
345	170	84	45
343	171	86	46
344	171	85	46
344	172	84	46
341	171	85	48
343	172	81	48
339	172	87	49
339	173	86	53
338	173	85	50
338	174	83	45
337	174	84	44
337	175	83	42
336	176	84	44
334	174	84	45
333	176	85	46
331	176	86	48
332	176	81	45
331	176	83	43
330	178	83	43
332	179	82	42
332	179	81	41
330	179	83	44
328	178	85	46
327	180	87	44
327	181	86	43
329	181	82	42
328	183	80	43
326	183	87	46
327	184	84	40
327	182	84	46
323	183	86	55
323	183	85	55
325	185	83	57
326	184	83	56
324	184	83	59
318	187	90	65
318	187	88	64
319	189	90	65
318	189	88	66
320	188	87	64
319	190	86	66
319	192	89	66
318	193	90	64
320	195	87	61
319	196	89	60
318	196	90	61
320	198	89	55
317	197	91	58
319	199	87	52
321	201	85	56
320	199	87	53
317	200	90	53
320	202	86	55
320	202	87	53
320	204	89	50
315	204	94	51
318	204	92	51
316	205	92	49
317	207	92	49
318	208	91	48
313	208	98	47
315	209	98	48
311	208	102	49
311	210	102	46
314	210	99	46
317	211	94	46
315	211	96	45
317	213	94	44
317	212	95	47
313	214	95	42
316	215	93	41
308	215	98	43
316	213	93	46
311	212	95	48
314	216	95	43
309	214	98	43
309	220	100	39
309	216	99	42
316	211	96	47
317	211	95	46
315	210	99	47
315	209	98	48
319	210	95	48
314	209	97	47
318	209	92	47
318	212	94	48
316	212	96	46
316	213	97	45
312	211	100	47
308	212	103	47
307	210	105	50
303	211	110	48
302	211	112	48
301	211	112	48
299	210	113	50
299	211	113	47
300	211	112	47
303	212	110	47
301	211	112	47
300	211	113	47
300	211	113	47
300	211	113	47
300	211	113	47
301	212	111	46
303	212	110	47
302	211	111	46
301	211	112	46
301	212	111	46
301	212	111	46
302	213	112	46
303	212	110	46
303	212	110	46
303	212	109	46
303	212	111	46
300	212	113	45
300	212	113	45
300	212	113	45
302	212	111	45
304	211	107	46
304	211	109	46
301	212	113	46
298	211	115	46
298	211	115	46
299	211	114	45
298	211	116	47
299	212	114	45
302	212	111	45
302	212	111	46
303	212	110	46
302	212	111	45
305	212	109	45
304	212	111	45
303	212	111	46
302	212	111	43
304	212	111	45
305	212	109	46
303	212	111	46
304	213	112	45
303	212	110	45
301	212	113	44
301	212	113	45
304	212	110	44
302	212	113	45
301	213	113	43
303	212	113	46
303	213	111	44
303	213	111	44
305	213	109	43
303	212	109	43
304	213	110	44
302	213	112	43
299	212	116	44
299	212	115	46
301	213	113	43
303	212	112	45
302	212	113	46
302	213	111	43
303	212	111	45
299	212	114	44
303	213	112	44
303	212	112	45
300	212	114	45
302	213	113	45
301	213	113	44
299	212	115	48
300	212	113	44
300	213	115	45
299	213	115	44
298	213	117	45
300	213	115	43
302	212	112	45
300	212	113	45
300	212	113	45
300	212	114	45
301	212	113	45
303	212	112	45
302	212	112	44
302	211	112	45
301	211	112	45
302	212	112	45
302	212	110	45
294	208	117	47
295	209	115	47
296	209	115	46
297	209	114	46
297	208	114	47
297	209	114	47
296	208	114	48
296	208	113	48
295	209	115	47
294	208	116	48
296	209	114	47
295	209	116	46
293	209	117	46
294	210	117	45
296	208	116	48
290	210	121	46
293	209	118	49
297	209	114	48
297	209	112	48
296	210	113	48
292	209	117	48
291	208	119	48
293	208	116	49
293	209	116	48
293	209	116	49
292	209	117	49
293	208	115	49
295	208	115	50
295	208	115	51
292	208	118	50
295	208	115	51
294	208	116	50
290	208	120	51
286	208	124	50
284	209	126	50
282	209	128	50
282	209	130	50
279	209	131	50
283	208	127	51
284	209	126	48
290	213	122	48
293	212	120	48
294	211	117	48
294	212	117	48
296	212	115	48
298	212	114	48
278	206	133	54
283	207	126	52
280	210	132	49
282	212	130	47
284	213	128	47
290	211	122	48
287	210	124	50
290	210	123	51
297	210	116	48
264	210	155	49
261	210	158	49
263	210	157	49
270	208	146	51
272	208	144	51
277	209	140	49
283	210	132	51
294	210	121	48
292	211	122	50
325	212	86	45
326	212	86	45
325	213	86	46
325	211	87	46
325	212	87	46
325	210	86	46
325	211	87	47
325	211	87	47
325	210	87	47
325	210	86	48
325	209	87	48
326	209	87	48
325	209	87	48
325	210	87	48
325	210	87	48
325	209	86	48
325	209	87	48
325	209	87	48
325	208	87	48
324	208	87	49
324	208	87	49
325	207	87	49
325	207	88	49
325	206	88	50
324	206	87	50
325	205	87	50
326	204	87	51
326	204	87	51
326	203	87	52
326	203	87	52
326	202	87	53
326	202	87	53
326	200	87	53
327	200	87	54
327	198	87	54
327	197	87	54
327	195	86	54
327	196	87	54
328	195	87	54
328	193	86	54
328	195	86	54
328	192	86	53
329	191	86	53
329	191	86	53
330	190	86	53
331	196	82	48
330	189	86	53
329	188	86	53
330	189	84	53
331	191	81	49
332	191	81	48
334	190	80	48
331	181	86	53
331	182	83	55
331	178	83	58
336	181	80	54
338	182	77	52
333	177	87	52
333	181	86	49
337	178	83	54
334	176	87	55
334	175	88	51
336	175	87	51
337	175	87	52
337	174	87	52
338	174	87	51
338	175	87	51
338	174	87	51
339	174	87	51
341	174	86	50
341	174	86	50
342	174	86	50
341	173	86	50
345	173	84	50
347	173	84	50
347	173	84	50
346	173	84	49
345	174	84	49
347	174	83	49
348	175	83	49
349	173	83	49
347	175	83	49
350	173	83	49
352	173	81	49
354	172	80	49
355	173	79	48
353	174	81	50
354	174	79	48
355	173	79	48
351	173	84	50
349	174	85	50
359	172	78	47
354	176	81	48
359	173	77	47
356	173	79	50
353	173	81	52
348	173	88	52
349	172	87	51
353	173	83	49
364	173	73	47
360	173	74	52
358	174	78	49
363	175	73	48
353	172	83	55
350	174	85	52
349	174	87	52
351	174	85	51
349	174	88	51
351	174	86	53
348	174	90	51
352	174	86	52
351	173	88	52
353	172	85	52
350	168	90	55
352	167	85	55
351	166	86	57
350	165	86	57
349	164	87	59
348	164	89	58
350	164	84	56
351	163	82	58
351	163	82	59
350	163	82	58
348	161	83	59
352	159	80	61
351	158	81	59
349	158	81	60
349	160	82	59
349	161	80	58
349	161	81	59
348	159	83	61
347	158	83	60
347	160	82	58
348	160	82	60
348	158	83	60
346	159	83	59
346	159	85	60
346	157	83	59
347	158	82	56
346	156	82	61
348	154	81	62
346	157	82	60
346	154	81	61
345	153	84	60
346	154	81	58
346	153	83	59
344	154	81	60
341	152	83	59
342	152	81	59
341	151	79	60
342	151	80	61
340	152	81	59
335	151	82	59
335	150	81	60
334	151	81	63
332	152	83	60
332	152	80	60
331	148	81	63
330	148	82	65
330	150	79	61
349	153	56	53
335	151	70	61
330	149	75	61
327	148	77	61
329	149	74	62
327	147	77	63
321	149	81	61
324	147	78	62
323	147	78	64
321	147	78	64
324	147	75	60
321	147	76	59
318	146	79	61
317	146	78	60
319	145	74	61
319	144	75	60
318	144	76	59
317	145	76	56
315	145	76	54
317	144	75	56
317	143	77	55
320	143	71	55
317	141	74	60
316	141	73	60
315	141	72	59
316	142	72	56
316	141	73	56
318	141	72	56
322	138	67	56
323	139	66	54
323	137	65	55
321	139	67	54
320	138	69	53
322	139	66	53
321	140	67	52
320	138	67	55
321	139	68	55
323	141	66	52
320	142	69	53
321	141	67	54
321	143	66	51
321	144	66	51
320	141	66	54
322	145	65	50
321	146	65	49
320	144	66	52
321	145	66	52
319	140	67	57
317	145	68	52
317	145	69	52
319	146	66	51
320	147	65	49
317	144	68	52
318	148	68	50
321	148	64	49
318	147	66	51
319	145	65	51
320	148	65	50
320	147	65	52
322	147	63	52
320	147	63	52
320	149	66	51
317	148	67	50
317	147	66	52
317	149	67	51
320	152	64	47
318	149	65	52
317	148	66	50
321	151	65	48
319	147	64	52
321	150	63	49
321	150	63	49
321	150	65	49
320	151	62	49
319	150	65	50
319	153	65	50
320	155	65	46
320	155	65	46
318	154	64	49
314	154	70	49
316	155	68	48
317	155	65	47
318	157	63	49
317	157	63	48
317	158	63	48
317	160	63	48
318	161	64	46
316	160	66	48
314	164	66	45
315	163	64	46
316	164	64	46
316	165	64	46
313	165	68	44
313	166	68	46
315	168	66	45
318	173	62	41
313	169	66	43
315	172	66	40
314	173	68	39
316	174	66	39
313	176	68	39
314	175	67	37
316	177	66	37
314	176	65	38
315	177	64	36
313	177	68	36
313	179	68	35
311	178	69	35
308	180	73	34
308	180	72	34
313	181	65	31
309	182	73	32
307	183	74	31
307	184	74	31
305	185	76	28
301	185	79	28
302	185	81	27
302	186	82	28
301	186	83	26
303	190	80	23
302	189	82	24
301	191	81	21
302	191	82	22
299	190	84	21
300	191	83	21
300	192	84	21
301	192	83	19
299	193	83	18
301	194	85	18
298	194	86	18
298	194	85	18
300	196	84	17
299	195	86	18
295	186	79	26
296	193	71	21
298	196	62	17
300	197	58	16
339	177	70	34
299	198	60	16
299	198	60	16
340	180	71	33
339	181	71	33
340	181	71	32
340	182	71	32
340	182	71	31
340	183	72	31
340	185	74	30
339	185	73	30
341	186	74	29
341	187	75	29
341	188	75	28
340	189	75	28
340	190	76	27
340	191	76	26
341	192	77	26
348	197	76	26
299	198	60	16
269	190	60	16
211	245	57	26
183	233	57	26
394	215	66	34
406	211	66	34
407	212	67	34
407	214	67	35
407	215	67	35
413	211	70	35
412	214	73	35
411	216	75	35
405	217	75	36
407	218	76	37
351	211	72	29
413	218	82	37
351	211	72	29
351	211	72	29
351	211	72	29
351	211	72	29
351	211	72	29
351	211	72	29
351	211	72	29
351	211	72	29
351	211	72	29
351	211	72	29
351	211	72	29
351	211	72	29
351	211	72	29
351	211	72	29
351	211	72	29
351	211	72	29
351	211	72	29
351	211	72	29
351	211	72	29
351	211	72	29
351	211	72	29
351	211	72	29
351	211	72	29
351	211	72	29
351	211	72	29
351	211	72	29
351	211	72	29
351	211	72	29
351	211	72	29
351	211	72	29
351	211	72	29
351	211	72	29
351	211	72	29
351	211	72	29
351	211	72	29
351	211	72	29
351	211	72	29
351	211	72	29
351	211	72	29
351	211	72	29
351	211	72	29
351	211	72	29
351	211	72	29
351	211	72	29
351	211	72	29
351	211	72	29
351	211	72	29
351	211	72	29
351	211	72	29
351	211	72	29
351	211	72	29
351	211	72	29
351	211	72	29
351	211	72	29
351	211	72	29
351	211	72	29
351	211	72	29
351	211	72	29
351	211	72	29
351	211	72	29
351	211	72	29
351	211	72	29
351	211	72	29
351	211	72	29
351	211	72	29
351	211	72	29
351	211	72	29
351	211	72	29
351	211	72	29
351	211	72	29
351	211	72	29
351	211	72	29
351	211	72	29
351	211	72	29
351	211	72	29
351	211	72	29
351	211	72	29
351	211	72	29
351	211	72	29
351	211	72	29
351	211	72	29
351	211	72	29
351	211	72	29
351	211	72	29
351	211	72	29
351	211	72	29
351	211	72	29
351	211	72	29
351	211	72	29
351	211	72	29
351	211	72	29
351	211	72	29
351	211	72	29
351	211	72	29
351	211	72	29
351	211	72	29
351	211	72	29
351	211	72	29
351	211	72	29
351	211	72	29
351	211	72	29
351	211	72	29
351	211	72	29
351	211	72	29
351	211	72	29
351	211	72	29
351	211	72	29
351	211	72	29
351	211	72	29
351	211	72	29
351	211	72	29
351	211	72	29
351	211	72	29
351	211	72	29
351	211	72	29
302	193	69	23
298	190	58	22
301	192	55	21
299	192	54	20
304	191	51	22
301	191	53	21
303	190	51	23
309	189	46	23
309	189	43	23
314	188	38	25
314	188	37	24
317	188	35	25
317	187	33	26
319	186	30	27
320	185	31	28
321	184	30	29
320	184	31	28
321	183	31	29
321	183	30	30
322	180	32	31
323	179	31	33
325	178	29	34
325	178	31	35
325	177	29	36
325	176	29	36
325	175	29	38
324	174	30	39
326	175	29	38
326	174	29	38
325	173	30	40
325	172	29	41
326	170	30	41
326	170	30	43
325	170	30	43
325	169	31	44
326	170	30	43
327	168	31	43
328	169	29	43
327	167	29	43
328	166	28	44
328	166	28	45
328	164	30	48
328	162	31	48
328	162	31	49
328	161	31	48
328	161	30	47
329	160	29	47
329	158	30	49
329	158	30	49
328	157	30	46
329	157	29	49
329	155	31	49
329	155	32	48
329	153	31	48
329	153	34	47
329	153	32	47
330	152	32	47
329	153	32	46
329	151	33	47
330	151	32	48
331	150	31	46
331	150	32	47
332	151	31	46
331	148	30	47
331	149	31	47
331	150	31	45
332	150	31	45
331	150	31	45
332	150	30	46
331	149	32	47
332	152	30	43
331	152	31	45
331	152	32	45
331	153	30	45
331	152	30	46
331	153	32	46
329	152	33	47
329	154	33	47
329	153	33	47
329	153	34	46
329	154	33	47
330	154	32	46
330	154	32	48
330	154	32	49
329	153	32	48
329	152	33	47
330	152	35	48
329	153	34	47
330	152	33	46
330	150	33	50
332	151	30	48
331	150	32	48
333	150	30	48
333	149	30	50
334	148	30	49
334	149	30	48
335	149	30	45
334	148	31	45
332	148	33	47
334	148	30	47
334	148	31	47
334	148	30	46
334	147	31	46
336	146	29	48
334	145	32	48
337	145	30	48
336	144	30	48
337	144	31	47
336	144	32	47
338	144	30	49
337	143	30	48
339	142	31	47
338	141	31	48
338	140	30	47
338	139	33	47
338	138	32	48
339	136	33	50
339	138	32	48
340	138	31	48
341	137	32	50
341	137	31	49
340	135	32	50
340	135	32	50
341	134	33	51
341	133	33	52
341	134	33	52
342	133	31	51
340	132	32	52
341	131	33	53
343	132	31	53
342	131	31	53
342	130	33	55
344	130	33	56
342	129	32	56
341	130	32	55
341	129	32	54
341	128	33	55
342	131	32	53
341	130	31	55
341	129	31	53
341	129	31	54
340	129	34	57
339	128	34	57
339	128	33	57
339	129	33	56
338	130	34	56
336	130	35	55
337	130	33	56
335	129	36	57
336	128	33	57
335	130	34	59
333	130	36	58
333	130	37	56
334	130	34	56
331	132	38	56
332	133	34	55
330	131	38	57
330	130	40	56
329	130	40	57
327	130	43	55
327	130	44	55
327	130	43	55
326	130	45	54
325	128	46	55
325	130	44	55
324	128	46	54
323	129	48	53
322	128	49	54
321	129	50	53
321	129	49	55
319	129	51	53
319	129	53	55
318	129	53	54
318	129	54	55
318	129	55	53
316	129	55	53
316	128	57	54
314	129	59	50
315	129	58	49
315	130	59	49
315	129	60	49
312	130	61	52
311	129	64	54
312	129	61	50
310	131	64	50
309	130	63	53
311	130	64	53
308	133	63	50
306	132	67	52
307	132	65	54
309	132	64	55
310	134	64	51
310	132	64	54
313	133	62	51
311	133	62	53
311	133	63	52
312	134	63	52
311	135	62	52
312	135	63	50
311	135	63	49
310	135	65	52
309	136	65	51
308	134	66	52
307	135	65	53
306	135	67	54
305	136	68	54
304	135	69	56
303	137	70	52
301	135	72	55
300	137	72	51
301	136	72	54
300	137	72	51
299	135	73	53
300	136	72	52
302	135	70	53
303	137	70	50
300	136	73	52
300	134	72	59
300	137	72	53
298	135	75	54
298	135	76	54
298	136	75	51
297	136	74	51
298	137	75	51
297	138	76	49
297	137	76	50
298	138	75	48
296	137	76	50
296	136	76	51
296	136	78	52
298	135	75	50
298	136	75	50
298	134	76	50
298	133	74	51
299	136	72	48
297	136	76	48
297	134	75	48
299	136	73	48
298	139	72	43
296	140	76	44
294	137	79	48
295	137	78	48
296	139	76	45
298	137	73	47
294	138	78	49
295	136	77	50
296	138	74	46
297	137	74	49
299	137	72	49
296	138	75	48
298	140	74	47
294	139	78	49
294	140	76	48
290	141	80	48
295	141	75	47
293	140	77	47
291	140	79	50
292	138	80	53
293	137	76	53
293	137	79	53
292	136	77	53
293	137	78	53
292	139	79	50
292	138	78	52
292	141	78	49
293	139	77	50
293	138	76	50
294	140	76	50
292	138	77	48
293	142	78	47
292	140	77	49
292	140	77	48
295	146	76	47
291	141	77	49
292	141	77	48
292	143	77	49
292	143	76	49
291	143	76	49
292	145	76	50
291	147	77	51
292	147	77	51
294	150	77	51
294	153	78	51
295	156	78	51
298	161	77	51
298	166	78	56
294	177	83	59
296	187	82	59
298	197	81	58
300	210	84	50
294	214	86	44
295	220	84	38
295	220	84	38
295	220	84	38
298	220	85	40
300	219	85	40
302	218	85	40
311	210	86	48
268	186	86	48
225	163	86	48
182	139	86	48
139	116	86	48
189	212	92	42
143	191	92	42
97	171	92	42
51	150	92	42
5	129	92	42
