1.000000
0.995054
0.971323
0.979120
0.974762
0.947858
0.959079
0.978250
0.959197
0.938712
0.934827
0.937851
0.955497
0.962119
0.977873
0.942853
0.941716
0.900871
0.901875
0.893468
0.885337
0.887558
0.904378
0.893080
0.899953
0.832277
0.833350
0.820364
0.828322
0.816935
0.829858
0.825822
0.825657
0.817847
0.813274
0.806960
0.793661
0.828819
0.830330
0.840100
0.867402
0.872051
0.878025
0.865181
0.897151
0.903778
0.917632
0.911806
0.894305
0.908672
0.884973
0.865897
0.899983
0.895585
0.905537
0.906879
0.899004
0.906332
0.894553
0.918538
0.932948
0.914362
0.962634
0.928598
0.981378
0.981239
0.921558
0.939716
0.908444
0.868041
0.858611
0.812601
0.807719
0.803592
0.760474
0.772345
0.769174
0.772110
0.789320
0.764406
0.743237
0.753953
0.775366
0.830976
0.847622
0.813456
0.813028
0.822455
0.816879
0.831400
0.862420
0.891392
0.886374
0.916493
0.880265
0.890893
0.952863
0.895592
0.907556
0.909683
0.885436
0.888633
0.864373
0.901759
0.937127
0.947800
0.961358
0.941768
0.911269
0.899148
0.918735
0.922939
0.930969
0.936686
0.920957
0.929792
0.940580
0.843704
0.884222
0.852791
0.816081
0.823081
0.864343
0.856164
0.872046
0.889994
0.914394
0.935544
0.931956
0.944054
0.968190
0.964567
0.949129
0.969957
0.939934
0.969099
0.954578
0.966116
0.993121
0.960326
0.999586
0.994530
0.992824
0.974159
0.958892
0.964779
0.961265
0.967495
0.933465
0.921728
0.939173
0.929022
0.923623
0.897058
0.940188
0.912758
0.899911
0.873485
0.849094
0.872689
0.858067
0.891197
0.881819
0.891271
0.857817
0.869487
0.888959
0.857650
0.878299
0.880436
0.899316
0.907156
0.911762
0.929931
0.864385
0.871760
0.893319
0.867232
0.869517
0.838208
0.857030
0.879098
0.891394
0.853552
0.872551
0.902687
0.872606
0.852020
0.877773
0.866938
0.848567
0.879315
0.901754
0.871341
0.894701
0.851702
0.898707
0.911135
0.898247
0.913111
0.937583
0.944114
0.919727
0.896502
0.865502
0.843412
0.855690
0.840394
0.845322
0.791505
0.763264
0.753822
0.698147
0.688891
0.653207
0.633322
0.617023
0.607050
0.607836
0.592817
0.707421
0.583471
0.557194
0.590026
0.562887
0.567641
0.555506
0.531111
0.562419
0.593736
0.609396
0.629503
0.648940
0.665041
0.645836
0.668854
0.665613
0.666291
0.673811
0.661464
0.658547
0.709477
0.691802
0.710665
0.697788
0.681222
0.709910
0.711070
0.712553
0.726922
0.708280
0.730395
0.722525
0.749963
0.769113
0.774559
0.803767
0.777146
0.831655
0.906234
0.875338
0.946004
0.919249
0.909689
0.905440
0.859599
0.794040
0.815585
0.808563
0.772567
0.738781
0.652496
0.526840
0.797738
0.868715
0.356709
0.157682
0.141282
0.127400
0.120935
0.089447
0.118558
0.203330
0.190952
0.138837
0.150983
0.157240
0.151890
0.130236
0.129048
0.108309
0.140015
0.119984
0.124907
0.104376
0.115143
0.105685
0.144755
0.163487
0.172233
0.254352
0.247124
0.205795
0.259941
0.248807
0.239841
0.225071
0.218402
0.237845
0.250856
0.195587
0.216604
0.221782
0.292084
0.288607
0.239606
0.201958
0.256404
0.239860
0.291273
0.243522
0.314357
0.273506
0.216251
0.233647
0.271262
0.228768
0.264452
0.281497
0.290352
0.298780
0.343170
0.713858
0.420368
0.273257
0.311345
0.290312
0.296416
0.268573
0.306653
0.265149
0.348931
0.463538
0.707693
0.838906
0.817791
0.730986
0.452224
0.769948
0.723857
0.856087
0.897423
0.905729
0.960618
0.958460
0.949939
0.988896
0.969268
0.985363
0.986766
0.981543
0.967151
0.592170
0.971153
0.955753
0.961732
0.959455
0.960787
0.956168
0.949787
0.581828
0.933287
0.940086
0.924556
0.939512
0.918156
0.935935
0.900558
0.927071
0.935420
0.580963
0.970490
0.982873
0.613479
0.992233
0.992681
0.993821
0.618542
0.984529
0.979992
0.674961
0.692916
0.766556
0.696187
0.517691
0.965418
0.943242
0.969775
0.951094
0.944754
0.939704
0.924185
0.903913
0.909929
0.901593
0.864889
0.898651
0.908049
0.889429
0.922195
0.908938
0.879030
0.906668
0.914021
0.917375
0.896519
0.869836
0.892336
0.828024
0.810614
0.812999
0.777767
0.759165
0.737430
0.747658
0.723026
0.730525
0.646053
0.701306
0.749138
0.742379
0.784738
0.813610
0.787754
0.796909
0.816378
0.811656
0.768062
0.739194
0.748465
0.754803
0.778607
0.769160
0.751252
0.703788
0.783348
0.767096
0.753479
0.737053
0.365987
0.217804
0.415887
0.406062
0.399556
0.253746
0.183578
0.208798
0.211710
0.199451
0.248925
0.262638
0.197489
0.261595
0.176903
0.175573
0.119422
0.129671
0.621483
0.655913
0.675961
0.638316
0.668237
0.696015
0.671673
0.683879
0.698824
0.714749
0.715691
0.709189
0.755871
0.727137
0.770115
0.809894
0.779921
0.765171
0.758763
0.762425
0.730643
0.737100
0.729835
0.704700
0.757292
0.747495
0.750050
0.738053
0.706355
0.744751
0.745333
0.727908
0.734144
0.757602
0.758116
0.781426
0.733393
0.787994
0.801385
0.813405
0.834271
0.832959
0.854851
0.806543
0.760006
0.620398
0.224249
0.257166
0.211318
0.171461
0.151632
0.152708
0.154825
0.160430
0.193468
0.180276
0.190377
0.164900
0.185460
0.189049
0.616984
0.689149
0.712268
0.770188
0.745834
0.781278
0.791056
0.746474
0.771853
0.768778
0.683464
0.680896
0.731308
0.707897
0.741802
0.885469
0.902431
0.876137
0.875110
0.822244
0.873641
0.907313
0.921143
0.921795
0.913718
0.925128
0.948216
0.911466
0.921055
0.916758
0.928237
0.929449
0.961240
0.946595
0.953171
0.963692
0.934166
0.976744
0.987681
0.950837
0.956790
0.870460
0.896144
0.887975
0.871241
0.842637
0.834988
0.835840
0.817372
0.818812
0.790114
0.841354
0.848057
0.768679
0.724558
0.722980
0.720770
0.786840
0.733252
0.768562
0.782372
0.694830
0.711445
0.712938
0.555504
0.652504
0.696217
0.726109
0.743498
0.711033
0.690182
0.687247
0.637870
0.534092
0.384809
0.153933
0.278558
0.232677
0.248426
0.246441
0.417046
0.827065
0.548019
0.681696
0.474299
0.368468
0.588383
0.606079
0.719758
0.806976
0.828932
0.818411
0.818932
0.907163
0.936600
0.921977
0.908349
0.917449
0.882412
0.877670
0.871520
0.931826
0.874176
0.853146
0.871346
0.857804
0.903611
0.892899
0.891926
0.938107
0.942708
0.914812
0.873490
0.917882
0.907723
0.912286
0.921680
0.901215
0.931455
0.933359
0.946576
0.958544
0.950471
0.958597
0.935938
0.958834
0.937546
0.941798
0.929747
0.945510
0.898683
0.914162
0.887193
0.865829
0.926280
0.915077
0.890575
0.900122
0.954063
0.916513
0.895223
0.909485
0.892452
0.878163
0.877343
0.933194
0.951450
0.898349
0.880160
0.864013
0.864360
0.847984
0.848889
0.884164
0.881612
0.866625
0.850758
0.825156
0.879899
0.850314
0.871419
0.868340
0.865921
0.880878
0.881406
0.828829
0.843636
0.852436
0.876992
0.909328
0.910185
0.917613
0.853093
0.843715
0.919872
0.906284
0.968690
0.950370
0.948849
0.984452
0.994438
0.931322
0.856652
0.779974
0.800362
0.798691
0.759995
0.790230
0.807085
0.757443
0.674942
0.381836
0.219701
0.204777
0.131841
0.086709
0.070535
0.080918
0.095093
0.094167
0.109330
0.114705
0.151012
0.084885
0.139855
0.127599
0.074040
0.095597
0.170156
0.154640
0.141397
0.173947
0.218822
0.215385
0.253913
0.215476
0.220321
0.253914
0.316143
0.289296
0.206363
0.229368
0.208144
0.302224
0.224747
0.191111
0.274225
0.248925
0.121086
0.091986
0.063181
0.088221
0.076739
0.069740
0.074203
0.054440
0.198736
0.183557
0.164240
0.227039
0.248047
0.276117
0.333073
0.359195
0.423224
0.844351
0.942550
0.986335
0.989195
0.739639
0.696037
0.705648
0.417946
0.614599
0.758166
0.504912
0.598774
0.853896
0.930824
0.925246
0.877435
0.927936
0.915538
0.932855
0.921955
0.923525
0.907488
0.907480
0.899614
0.894805
0.871568
0.887964
0.884528
0.929495
0.900425
0.956587
0.917110
0.865158
0.875030
0.851856
0.822464
0.823434
0.883955
0.906998
0.911559
0.899547
0.857847
0.871427
0.934616
0.872505
0.835527
0.904616
0.916660
0.901984
0.945292
0.941138
0.924971
0.834423
0.840907
0.835149
0.832853
0.873039
0.890757
0.852517
0.852945
0.822760
0.750233
0.750897
0.767453
0.756571
0.777564
0.720999
0.716575
0.739161
0.768372
0.734595
0.698426
0.700165
0.685634
0.676648
0.649714
0.675591
0.715458
0.745355
0.726465
0.753466
0.756938
0.576284
0.547877
0.271274
0.245127
0.157645
0.088572
0.056113
0.045248
0.054924
0.052488
0.054612
0.065590
0.045116
0.059694
0.044898
0.054429
0.048538
0.058532
0.058599
0.068259
0.061111
0.062103
0.262230
0.264216
0.227140
0.101033
0.099249
0.115096
0.686197
0.770015
0.800960
0.800011
0.721731
0.737152
0.789533
0.757266
0.749761
0.777909
0.714711
0.744411
0.741106
0.745731
0.698607
0.742755
0.742226
0.777765
0.753780
0.826851
0.791034
0.779821
0.790768
0.783122
0.728277
0.724843
0.777379
0.776149
0.824655
0.865595
0.897595
0.877831
0.825656
0.863631
0.852854
0.847245
0.840335
0.838183
0.850868
0.832275
0.873074
0.865303
0.879875
0.862905
0.856855
0.860842
0.872362
0.883468
0.852874
0.895305
0.920268
0.873366
