30.377893
0.534818
0.431616
0.497478
0.482314
0.490131
0.423563
0.472781
0.415929
0.451676
0.552120
0.402274
0.433529
0.471580
0.465039
0.472891
0.375937
0.477846
0.465976
0.554022
0.491861
0.512976
0.465187
0.478645
0.441410
0.443741
0.516017
0.444149
0.477866
0.553081
0.452175
0.457433
0.475432
0.451587
0.472212
0.492909
0.436686
0.435573
0.473197
0.462055
0.566295
0.476783
0.499380
0.487168
0.503889
0.541153
0.551513
0.436208
0.506275
0.485538
0.520483
0.518333
0.459468
0.432971
0.462992
0.400876
0.371361
0.413802
0.393813
0.421797
0.421447
0.389835
0.384448
0.390691
0.432977
0.483018
0.429412
0.386536
0.378111
0.366955
0.484202
0.413135
0.436012
0.400537
0.377481
0.431811
0.369107
0.340827
0.317096
0.353228
0.378705
0.287554
0.328908
0.317132
0.338755
0.345193
0.367273
0.388971
0.401759
0.359047
0.476840
0.370781
0.418832
0.439111
0.407431
0.374804
0.366808
0.409802
0.380940
0.368471
0.435746
0.376192
0.364485
0.361114
0.411403
0.423729
0.412134
0.385851
0.381779
0.401124
0.426456
0.361252
0.381035
0.421023
0.396950
0.371341
0.363792
0.373882
0.342393
0.386875
0.466404
0.363631
0.375777
0.416396
0.353548
0.415241
0.387381
0.349959
0.371666
0.327951
0.433878
0.411609
0.352544
0.385378
0.396546
0.400622
0.422649
0.411052
0.479866
0.441317
0.476295
0.483435
0.474430
0.431440
0.450951
0.419935
0.443744
0.433497
0.400604
0.445748
0.514127
0.425906
0.432723
0.384632
0.457319
0.419241
0.484204
0.386761
0.497820
0.472309
0.461341
0.408093
0.503166
0.457594
0.443100
0.455995
0.447778
0.431523
0.453813
0.461324
0.460835
0.411502
0.423853
0.428828
0.448753
0.422811
0.455304
0.450082
0.481195
0.422850
0.551226
0.493708
0.409365
0.432989
0.369037
0.369370
0.433993
0.399393
0.375722
0.397061
0.389141
0.369093
0.365733
0.382145
0.410660
0.458400
0.405216
0.342539
0.480189
0.364759
0.440029
0.369571
0.395774
0.411781
0.370290
0.371268
0.378639
0.392702
0.399734
0.414803
0.391134
0.431174
0.382277
0.363940
0.384705
0.372132
0.434485
0.368202
0.408276
0.408249
0.423446
0.435189
0.383524
0.406604
0.400277
0.398948
0.380681
0.436735
0.354982
0.367063
0.448730
0.399672
0.348778
0.415128
0.393451
0.392642
0.376162
0.423895
0.389988
0.365193
0.436209
0.346688
0.416590
0.432290
0.442612
0.344752
0.383170
0.446300
0.407900
0.366403
0.453362
0.409431
0.387512
0.388081
0.389867
0.373472
0.417109
0.397486
0.381018
0.366391
0.433841
0.436170
0.414923
0.479628
0.405807
0.507865
0.492977
0.464725
0.454988
0.412783
0.546964
0.441791
0.465214
0.485118
0.437150
0.473553
0.459731
0.465789
0.377611
0.458911
0.565415
0.463209
0.496572
0.434216
0.414874
0.499383
0.436138
0.525003
0.413469
0.514324
0.496685
0.437926
0.575302
0.512757
0.526844
0.502163
0.447679
0.442284
0.431516
0.508701
0.532642
0.552751
0.483752
0.419552
0.466652
0.439654
0.390324
0.464344
0.402097
0.434519
0.485301
0.450459
0.436811
0.471820
0.382335
0.466046
0.496654
0.476192
0.497037
0.443204
0.495481
0.437758
0.409541
0.427116
0.404536
0.480695
0.485929
0.404016
0.480815
0.475833
0.541533
0.457210
0.479493
0.470419
0.520722
0.481205
0.442940
0.417489
0.458252
0.485770
0.451667
0.404545
0.518613
0.450338
0.490227
0.510403
0.462385
0.506029
0.473729
0.510817
0.473301
0.479279
0.509880
0.425848
0.478163
0.492261
0.479047
0.404060
0.468925
0.480843
0.554677
0.495374
0.506453
0.389205
0.442290
0.398943
0.377885
0.452031
0.420924
0.461916
0.471221
0.472875
0.377522
0.420327
0.454210
0.466937
0.431961
0.439445
0.472013
0.445163
0.511698
0.380659
0.420326
0.455456
0.501418
0.416760
0.495518
0.460418
0.444470
0.440811
0.530223
0.456503
0.454867
0.467091
0.454490
0.526378
0.416102
0.468842
0.415402
0.431085
0.516935
0.462614
0.433235
0.437233
0.447788
0.495460
0.389537
0.433373
0.422764
0.430958
0.499690
0.489274
0.479640
0.478329
0.396231
0.493825
0.462586
0.440489
0.437557
0.393232
0.499113
0.465093
0.463811
0.465884
0.540731
0.444970
0.502185
0.427835
0.419448
0.459240
0.540824
0.432456
0.442443
0.446172
0.436387
0.429514
0.398898
0.501271
0.421480
0.474312
0.555135
0.431827
0.493334
0.446816
0.507386
0.452637
0.462233
0.456982
0.445559
0.563700
0.477676
0.460773
0.439174
0.429001
0.473909
0.449331
0.519971
0.519740
0.462151
0.462272
0.538893
0.440273
0.450155
0.434156
0.423781
0.453690
0.413464
0.431377
0.508981
0.457884
0.509725
0.417945
0.441905
0.465354
0.502446
0.422043
0.400128
0.505601
0.445477
0.449646
0.513650
0.494380
0.482780
0.406935
0.493171
0.506366
0.431363
0.472581
0.432171
0.486866
0.443888
0.442978
0.452265
0.423388
0.462144
0.496460
0.455779
0.429345
0.502190
0.461648
0.504208
0.409747
0.445716
0.430032
0.455228
0.457492
0.385335
0.468760
0.475928
0.511938
0.564059
0.497743
0.448845
0.473505
0.564822
0.407141
0.453348
0.524936
0.543340
0.500908
0.494477
0.481382
0.412861
0.439993
0.509027
0.431076
0.523821
0.422744
0.548087
0.484948
0.584599
0.471324
0.437573
0.480552
0.445057
0.475657
0.488002
0.410632
0.495807
0.483613
0.510132
0.522508
0.460922
0.499248
0.517727
0.447722
0.462119
0.380492
0.468079
0.519060
0.550563
0.454541
0.463797
0.514180
0.450043
0.419714
0.459600
0.512783
0.456902
0.500569
0.576179
0.451201
0.514811
0.550642
0.453189
0.438798
0.480893
0.423967
0.450344
0.480659
0.530651
0.459137
0.459547
0.483300
0.496572
0.526340
0.473491
0.505566
0.390425
0.516983
0.485416
0.449126
0.467190
0.477898
0.492826
0.459236
0.471226
0.434016
0.447385
0.446671
0.506922
0.440481
0.431653
0.492893
0.512506
0.546355
0.515076
0.527851
0.490794
0.431298
0.514062
0.472219
0.503423
0.487998
0.514727
0.492045
0.461104
0.549496
0.431311
0.532117
0.675772
0.506403
0.464828
0.457402
0.530166
0.453293
0.489162
0.447292
0.497217
0.478176
0.570896
0.485132
0.444142
0.527725
0.479154
0.426094
0.469861
0.489669
0.506120
0.450199
0.550462
0.520854
0.465252
0.539125
0.507828
0.420040
0.443676
0.515337
0.456681
0.400536
0.536385
0.430355
0.502316
0.453310
0.450952
0.471814
0.475840
0.422089
0.425046
0.436773
0.494249
0.451782
0.432898
0.425356
0.440533
0.504911
0.422262
0.537002
0.427205
0.471921
0.502208
0.452737
0.444904
0.457875
0.459828
0.399079
0.486615
0.419155
0.484991
0.457227
0.541703
0.443871
0.438664
0.473590
0.448053
0.470972
0.429969
0.453055
0.539200
0.497940
0.562728
0.474929
0.498168
0.428582
0.493583
0.429522
0.430742
0.452435
0.399630
0.469784
0.509712
0.372670
0.465733
0.462033
0.468220
0.502399
0.459790
0.448724
0.445122
0.484534
0.513101
0.477297
0.504347
0.467304
0.434247
0.478708
0.451696
0.520205
0.440536
0.449100
0.512484
0.444548
0.488069
0.494047
0.431959
0.455319
0.452592
0.417447
0.429451
0.456374
0.539236
0.482069
0.488022
0.526590
0.471002
0.430372
0.482965
0.485430
0.441902
0.474749
0.451389
0.466503
0.399778
0.472028
0.458235
0.489268
0.500925
0.420793
0.464137
0.414632
0.487147
0.435820
0.465961
0.417631
0.393096
0.437194
0.430409
0.492604
0.477546
0.428218
0.522066
0.457879
0.443218
0.470210
0.438846
0.461871
0.509695
0.416420
0.522566
0.518412
0.541185
0.388775
0.423958
0.464387
0.416436
0.486338
0.402411
0.440345
0.463033
0.423680
0.473923
0.467765
0.491120
0.466312
0.494935
0.487083
0.377706
0.472455
0.474375
0.443912
0.489330
0.415207
0.457434
0.513627
0.495771
0.455991
0.457538
0.451993
0.428163
0.504324
0.561017
0.495742
0.467760
0.507241
0.473527
0.443074
0.490007
0.515958
0.419287
0.459934
0.524570
0.488614
0.433863
0.445000
0.499680
0.413055
0.488552
0.514784
0.411570
0.535009
0.535588
0.478567
0.428829
0.445376
0.468495
0.418880
0.523053
0.475635
0.481889
0.458490
0.541770
0.512113
0.451624
0.487313
0.442829
0.424298
0.515995
0.473600
0.467758
0.455643
0.543064
0.463052
0.499486
0.466834
0.493130
0.457628
0.567480
0.503193
0.394877
0.479542
0.561490
0.474349
0.501932
0.455365
0.479498
0.421093
0.447991
0.386492
0.478467
0.429806
0.532221
0.464254
0.498399
0.518281
0.443136
0.491400
0.463857
0.436978
0.507317
0.494524
0.506744
0.444448
0.467693
0.504556
0.443609
0.490910
0.538508
0.507131
0.484703
0.435630
0.587410
0.386789
0.473729
0.476921
0.440672
0.482438
0.619344
0.426328
0.441431
0.501663
0.490715
0.467875
0.475805
0.344996
0.438055
0.468767
0.449558
0.485497
0.431942
0.430727
0.490823
0.461290
0.507053
0.410847
0.426791
0.451873
0.436110
0.510940
0.455265
0.431120
0.540842
0.513620
0.445225
0.463865
0.475784
0.451350
0.459483
0.491351
0.433435
0.508254
0.512025
0.466552
0.459864
0.502169
0.492635
0.429735
0.489102
0.463715
0.467666
0.448755
0.515871
0.498627
0.501895
0.477465
0.506992
0.477219
0.452932
0.388030
0.505099
0.479132
0.556600
0.489419
0.491952
0.506704
0.411761
0.408430
0.457008
0.417486
0.380650
0.431173
0.436467
0.451789
0.413591
0.463927
0.434192
0.405705
0.415553
0.352467
0.452570
0.418162
0.460532
0.468944
0.457895
0.388560
0.423496
0.382071
0.452802
0.444783
0.431663
0.463959
0.461930
0.473132
0.505810
0.403254
0.435087
0.371177
0.542392
0.435911
0.420885
0.449432
0.529757
0.430258
0.431206
0.441104
0.409657
0.424500
0.425510
0.421103
0.471814
0.453318
0.473874
0.479093
0.410056
0.408986
0.383162
0.373812
0.400094
0.384767
0.360038
0.388808
0.481153
0.450607
0.429353
0.439224
0.436309
0.458348
0.413176
0.378147
0.406055
0.328381
0.492351
0.476246
0.546126
0.478769
0.441713
0.476169
0.526385
0.483440
0.497026
0.491801
0.505196
0.497671
0.475330
0.445153
0.492558
0.409186
0.395279
0.470895
0.505923
0.423831
0.490789
0.487425
0.521495
0.493763
0.507108
0.473834
0.507550
0.475220
0.517804
0.504418
0.528689
0.456959
0.472832
0.421220
0.419685
0.479256
0.428549
0.389917
0.381544
0.446736
0.589071
0.460709
0.421458
0.461809
0.420911
0.477168
0.445973
0.399304
1.520307
0.400423
0.482047
0.437925
0.464761
0.484717
1.516014
1.575674
1.580583
3.147238
1.629176
1.601305
3.441786
1.443225
3.020334
3.201802
3.178552
1.586703
3.208273
1.505443
3.209824
2.969072
3.314861
3.413364
1.611786
2.917885
1.528731
1.520512
1.635751
1.645252
1.644554
1.599565
1.661535
1.508210
3.171719
3.172114
3.101052
3.208145
3.363158
3.259544
3.185899
0.358178
0.526287
0.433790
0.384388
0.459954
0.466115
0.399260
0.443884
0.503024
0.468306
1.569062
1.616646
1.593542
1.521541
1.587267
3.279743
1.652241
3.330932
3.161047
3.029599
3.183120
1.708826
3.104153
1.732395
1.618241
1.638636
1.594263
1.554409
3.145290
3.229451
3.104385
3.013518
3.129789
1.365469
1.463054
3.000551
3.019002
3.073993
1.622308
1.585500
1.627738
1.605303
3.090717
3.041035
2.989520
