145	169	132	200
81	70	131	199
84	69	131	197
87	69	130	196
89	68	129	195
93	67	128	194
95	66	127	193
99	66	126	193
101	64	126	193
105	62	125	193
108	60	125	193
110	60	124	192
112	60	125	191
118	58	124	191
121	58	123	189
124	57	123	189
128	55	122	188
132	56	122	187
135	56	121	185
138	56	121	184
142	55	121	183
146	55	120	181
150	54	119	180
153	54	119	178
158	54	118	177
161	53	118	176
164	52	117	176
166	51	118	177
169	50	118	176
172	50	118	174
175	51	118	174
178	51	117	172
181	51	117	171
182	51	118	169
184	49	118	168
185	49	118	168
187	48	117	167
188	48	117	166
189	47	116	164
191	47	115	164
193	47	115	163
195	47	114	163
196	47	113	162
197	47	112	160
199	46	111	159
201	46	111	158
202	47	110	157
204	45	110	156
203	44	109	155
206	45	108	153
206	46	108	152
208	44	107	151
209	44	107	150
210	44	106	150
211	43	106	148
212	43	105	147
213	43	104	146
213	43	103	145
214	42	103	144
215	42	102	143
215	42	102	142
215	41	101	141
215	41	100	140
216	41	100	139
216	40	99	138
216	41	99	137
218	41	98	137
218	40	98	137
218	40	98	137
219	40	97	136
218	39	97	136
218	39	97	136
218	38	96	135
218	39	96	134
219	38	95	134
219	38	95	133
219	38	95	133
219	37	94	132
219	37	94	131
219	36	94	130
219	36	93	130
219	36	93	130
220	36	92	129
220	36	92	129
220	35	91	128
219	35	91	127
220	35	90	127
220	35	90	126
221	35	90	126
222	34	89	126
222	34	89	125
222	34	89	125
222	33	88	125
223	33	88	125
224	32	87	124
224	32	87	124
224	32	87	124
226	32	87	123
227	32	86	123
228	32	86	122
228	32	86	122
230	33	86	122
230	33	86	121
231	33	85	120
231	33	85	120
233	33	85	120
233	33	84	119
235	34	84	119
236	33	83	118
237	34	83	118
237	34	82	117
238	34	82	117
239	33	81	116
239	33	81	116
241	34	80	115
242	33	80	114
241	32	79	113
243	32	79	112
243	32	79	111
243	32	78	110
244	32	78	108
245	32	78	107
246	31	77	107
247	32	77	106
246	32	76	105
248	31	76	104
247	32	76	103
249	31	75	103
249	30	74	102
249	31	74	100
250	30	74	100
250	31	73	99
250	30	73	98
251	30	73	98
251	30	73	97
252	30	72	96
250	33	78	92
252	30	72	96
252	30	71	96
250	30	79	95
253	29	71	95
253	29	71	95
253	28	70	94
251	29	72	87
254	28	70	94
254	28	70	94
251	28	77	93
254	27	70	93
253	27	69	92
251	29	78	85
251	29	74	84
251	28	77	86
250	29	75	84
252	28	72	86
252	28	69	84
251	27	72	84
253	27	69	81
254	27	70	77
254	26	67	91
254	26	67	91
253	25	70	85
251	26	68	82
252	26	72	84
252	25	68	77
254	25	66	93
254	25	67	92
253	26	68	85
253	25	66	92
250	25	67	82
251	24	69	80
251	25	66	79
249	24	68	76
249	24	67	76
249	24	65	74
249	22	66	80
249	21	66	79
249	22	65	76
250	20	65	94
250	20	65	93
249	19	64	93
248	20	64	93
248	19	64	92
247	18	64	92
247	17	64	92
246	17	64	91
246	17	64	91
244	17	64	91
244	16	64	91
243	16	63	91
243	16	63	91
242	16	63	91
241	16	63	90
240	15	63	90
240	15	62	90
240	15	62	90
239	16	62	90
238	15	62	90
238	14	62	90
237	15	62	90
237	15	62	90
236	15	62	90
236	15	62	89
236	15	62	89
235	14	62	89
235	14	63	89
235	14	63	89
235	15	63	90
234	15	63	90
234	15	63	90
233	14	63	89
233	14	63	89
233	14	63	89
233	15	63	89
232	15	63	88
233	15	62	88
233	16	62	89
232	16	62	89
232	16	62	88
232	15	62	88
231	16	62	88
232	17	62	88
232	16	62	87
232	16	62	87
231	16	62	87
232	15	61	86
232	15	61	86
232	15	60	85
232	15	60	86
232	15	60	86
232	15	59	85
232	14	59	85
232	14	59	85
232	14	58	85
233	14	58	86
233	13	58	85
233	14	58	85
233	13	58	85
233	13	57	85
234	14	57	84
234	13	57	84
234	14	57	85
233	14	57	85
234	14	56	85
234	14	56	85
234	13	56	85
234	13	56	86
233	13	55	86
233	12	55	86
234	12	55	86
233	12	55	86
233	13	55	87
234	13	56	82
234	12	55	87
234	12	54	87
234	12	54	87
233	12	55	81
234	12	54	87
233	12	54	87
233	12	53	87
234	11	53	85
232	12	53	84
232	12	54	80
233	13	53	81
232	12	55	78
232	12	54	89
232	9	54	88
231	12	55	81
229	11	57	81
229	10	56	89
228	10	57	90
226	9	58	91
226	9	58	91
227	9	58	90
228	8	58	90
228	7	57	90
229	7	57	89
227	7	58	88
227	7	58	88
228	7	58	89
228	7	58	89
228	7	59	89
228	7	59	89
229	8	59	89
229	7	60	89
229	6	60	88
230	6	61	88
230	6	62	88
231	6	63	88
232	6	63	87
230	10	67	78
229	9	68	79
231	6	64	87
233	7	66	80
232	8	68	78
231	7	69	77
233	7	66	77
239	9	65	77
241	8	61	77
241	7	64	75
243	7	64	76
244	6	63	84
248	7	60	81
248	6	61	86
251	6	60	86
253	5	59	86
254	6	58	87
256	7	58	87
258	7	58	87
261	8	56	87
260	9	57	88
262	8	56	86
263	9	56	84
263	11	59	83
264	10	57	80
264	14	63	74
263	14	62	69
267	13	61	71
264	13	63	69
264	12	63	72
265	12	63	72
264	11	63	74
260	9	68	73
264	10	64	72
265	9	64	74
267	10	61	72
268	5	58	79
268	4	57	79
268	5	56	77
269	7	56	76
268	6	55	74
269	10	53	72
270	10	54	70
271	12	56	71
269	12	59	70
269	14	56	73
267	14	59	70
263	11	68	75
265	15	65	73
264	12	65	74
267	13	62	76
266	12	61	78
266	10	61	82
266	11	59	78
267	11	60	74
266	11	62	77
266	12	62	82
266	13	60	79
266	13	62	83
264	13	62	81
267	13	58	83
267	14	60	82
266	15	61	80
266	14	62	80
266	14	60	75
266	14	61	81
267	14	60	79
266	14	61	77
265	12	61	78
265	13	62	79
266	12	62	81
266	10	61	85
266	11	60	86
264	10	62	86
265	11	62	84
264	13	61	90
264	13	61	89
262	11	62	91
258	12	66	93
260	12	65	94
258	13	65	92
257	11	65	99
259	14	62	95
256	12	67	99
256	11	64	97
255	12	65	103
255	12	65	102
253	15	65	96
254	15	65	90
253	14	64	87
250	14	68	82
248	14	68	86
248	13	68	92
246	13	68	87
244	14	69	87
245	15	69	85
244	14	70	89
244	13	68	90
242	14	68	94
242	14	67	89
243	13	67	92
243	15	69	89
240	16	68	87
241	16	69	86
240	16	69	90
238	14	73	92
235	16	75	96
236	16	74	96
233	15	76	100
235	15	75	97
236	17	74	95
236	17	74	89
234	17	77	95
233	17	78	99
234	17	77	102
235	16	75	99
233	17	76	99
234	16	77	100
237	17	74	98
240	18	72	98
240	19	74	97
242	18	69	92
242	18	69	98
244	17	69	102
243	17	70	107
245	18	69	110
242	17	74	112
242	18	73	108
241	17	72	99
242	18	72	98
244	19	70	99
241	18	73	100
241	19	75	100
239	19	74	102
240	18	72	100
241	19	73	98
241	20	73	94
245	19	68	103
244	19	68	97
239	19	72	97
241	18	72	102
240	19	75	98
238	18	76	101
239	18	76	99
239	18	76	98
239	18	76	100
237	17	77	97
240	19	76	98
241	18	74	98
238	17	77	92
237	19	80	92
243	20	73	94
237	19	77	99
239	20	77	96
239	20	78	92
239	19	76	95
240	20	73	97
237	20	79	97
238	21	79	90
238	21	79	93
239	20	78	91
238	22	84	91
235	19	87	92
236	21	86	97
234	19	90	97
235	22	88	93
234	23	89	91
237	24	85	88
239	22	81	89
242	20	76	96
243	21	75	91
242	20	77	93
240	20	81	92
240	21	81	94
242	21	79	89
242	22	75	88
242	19	75	90
241	19	75	92
240	20	79	91
240	20	82	94
238	20	83	98
238	20	86	98
237	21	85	96
233	19	88	98
235	21	84	91
237	19	81	98
238	19	80	99
239	20	77	100
236	19	78	102
236	19	77	103
241	19	72	96
241	21	73	95
238	19	74	102
242	22	70	93
242	22	70	99
242	23	73	97
238	22	76	93
240	23	70	89
243	22	70	92
242	21	72	92
244	24	69	91
243	25	71	89
243	26	70	91
242	26	71	90
241	25	72	90
242	25	71	91
243	24	68	90
240	23	74	92
242	22	72	101
239	23	75	96
243	22	74	92
241	20	72	101
243	22	75	97
242	21	75	92
243	20	72	102
243	21	72	102
245	21	68	94
244	22	71	94
241	21	74	93
241	23	75	95
244	21	73	95
245	17	75	98
244	21	77	98
243	21	77	95
242	22	76	96
243	22	74	91
241	23	76	91
237	23	83	95
240	25	79	90
241	24	76	92
238	25	80	89
240	25	80	91
238	26	81	90
241	23	75	104
239	27	80	96
237	28	82	93
236	27	84	92
237	26	83	94
239	27	81	97
238	27	83	90
244	24	76	103
244	24	76	103
246	24	77	103
246	23	77	104
246	22	78	104
248	22	77	104
249	21	77	104
250	21	77	105
249	21	83	99
251	20	80	102
253	19	77	107
253	19	77	107
254	23	79	98
253	21	79	100
253	19	77	107
258	21	71	100
259	20	70	99
259	21	70	98
258	20	70	102
252	20	76	104
250	19	75	104
248	18	78	106
247	17	78	106
246	18	79	106
248	20	78	102
243	17	80	104
244	17	80	104
243	17	80	104
243	18	80	104
243	17	79	104
242	18	79	104
242	17	79	104
242	17	79	104
241	17	78	103
240	18	78	104
240	18	78	103
238	18	78	103
237	18	79	102
236	18	78	102
235	19	79	102
235	18	79	102
234	18	78	103
234	17	78	103
234	17	78	103
234	18	78	104
233	17	78	104
232	17	78	104
231	16	78	104
230	16	79	105
229	16	79	106
227	16	80	106
225	16	80	106
240	9	71	107
243	12	66	108
241	14	69	114
239	15	70	114
240	16	71	113
239	15	70	115
239	16	71	112
236	12	76	110
233	18	76	99
235	22	73	96
237	20	69	101
238	17	68	104
240	18	66	102
232	22	74	100
227	22	83	98
224	18	79	107
223	19	78	106
223	19	77	105
224	20	76	105
224	20	75	106
225	20	75	105
225	20	74	106
225	20	73	105
226	20	72	105
227	21	72	106
227	20	71	106
228	20	70	106
227	20	71	107
228	19	70	107
228	19	70	108
227	19	71	108
228	19	72	109
228	18	71	109
229	19	71	109
232	20	71	110
231	19	70	110
232	19	70	110
233	19	69	110
235	19	69	110
235	20	68	110
236	20	68	110
237	21	68	111
237	22	68	111
238	23	68	110
238	23	68	110
239	24	68	110
240	23	68	111
241	24	68	111
241	23	68	111
241	23	68	111
241	22	68	110
242	21	69	110
243	21	69	109
243	21	70	109
244	21	70	109
245	21	71	109
247	21	71	109
247	21	72	108
248	20	72	108
249	21	73	108
250	21	74	108
250	21	74	108
251	21	74	108
253	23	75	108
254	23	74	108
256	23	74	108
258	23	74	108
260	23	74	107
262	23	74	107
264	24	74	107
265	23	74	107
267	24	74	108
268	24	74	108
270	24	74	107
272	24	74	108
272	22	82	109
274	21	79	106
275	22	81	109
278	21	79	112
281	20	77	117
285	23	61	101
287	21	63	97
288	22	63	99
289	21	64	106
291	20	59	104
292	22	57	103
294	18	62	108
294	14	61	117
290	15	76	119
299	20	52	104
300	19	53	111
298	13	62	118
301	19	49	113
301	17	52	115
301	15	53	120
300	14	58	120
307	20	45	121
305	12	52	129
305	12	47	133
307	16	44	129
307	17	46	127
306	17	52	123
303	19	57	124
301	16	69	125
302	23	80	129
302	23	80	128
301	24	80	128
300	23	80	127
302	23	80	126
302	24	79	126
301	24	79	125
297	20	80	121
302	25	78	123
303	25	78	122
303	25	77	122
304	25	76	121
304	24	76	121
300	19	75	119
299	20	73	119
298	19	75	113
302	24	74	121
302	23	74	121
302	23	74	121
299	20	75	114
302	24	74	120
301	24	74	120
301	24	75	120
301	24	75	120
300	25	75	120
301	22	71	109
304	22	71	100
299	24	77	121
298	23	77	120
293	20	76	120
293	22	75	111
299	20	71	110
298	22	67	104
298	22	67	104
296	22	67	108
295	20	63	106
293	21	66	108
291	20	64	109
287	21	70	108
285	21	64	102
285	21	64	100
283	21	67	100
279	22	70	101
275	22	72	100
274	22	72	99
272	22	73	97
269	23	72	100
265	23	74	105
263	23	73	107
260	24	75	101
259	25	75	102
255	24	77	97
254	25	76	103
252	24	76	103
251	25	78	105
249	24	76	100
247	25	77	98
246	24	77	102
244	24	76	101
243	23	79	106
240	22	78	103
239	23	80	112
237	24	82	105
236	24	85	105
234	21	83	113
236	23	81	111
237	24	78	111
235	24	83	114
235	23	83	112
236	23	82	110
234	23	85	108
234	22	84	113
236	25	83	114
233	25	84	111
238	24	81	109
236	23	85	113
232	25	91	113
235	26	87	107
236	26	88	111
237	25	88	113
235	25	89	114
240	26	89	114
239	26	89	115
241	27	91	113
242	26	89	115
243	27	91	112
248	26	88	118
249	26	89	121
249	25	90	117
249	27	89	116
253	28	86	120
255	27	85	117
255	28	87	119
256	28	88	120
257	27	85	126
260	28	84	125
261	29	83	123
256	29	87	125
258	26	87	127
258	27	88	131
259	27	85	132
260	28	86	125
265	28	80	128
259	27	87	129
260	28	87	129
261	28	82	126
265	27	83	129
261	29	86	121
260	28	87	121
262	28	86	133
264	29	83	120
265	30	82	119
261	29	86	119
260	27	86	116
263	27	83	120
264	28	83	128
261	28	87	121
263	28	84	121
264	28	85	125
263	30	85	120
264	28	86	123
266	28	82	122
265	29	84	120
267	29	83	126
268	28	84	121
266	27	86	123
269	29	85	121
270	29	85	119
268	30	86	114
269	31	89	119
272	31	90	124
274	30	89	121
275	29	88	131
279	30	88	124
277	31	97	126
279	30	93	119
279	30	97	124
284	33	94	122
285	31	91	126
286	31	91	125
285	32	97	128
286	32	96	126
286	34	95	123
289	34	95	123
286	32	99	127
287	35	98	125
290	35	97	130
287	36	99	131
292	35	98	133
291	36	95	127
291	39	101	133
289	40	104	133
290	41	97	131
291	40	100	128
292	41	101	136
292	40	102	131
292	43	100	129
291	42	104	131
292	41	99	131
292	44	99	128
288	42	104	131
285	43	110	134
283	44	109	135
285	45	107	135
283	42	109	139
277	43	114	138
277	44	113	143
271	43	117	149
265	45	127	155
271	44	115	151
265	42	123	151
263	44	126	150
264	42	120	154
264	45	120	149
265	44	119	159
264	45	116	155
263	43	112	156
263	45	114	161
262	44	112	156
263	48	110	156
261	49	112	150
259	50	114	155
260	48	109	159
255	48	115	163
256	47	111	157
253	50	113	163
254	49	112	158
253	50	116	159
249	50	118	164
250	51	118	159
247	51	121	170
246	50	121	169
245	53	123	170
246	53	124	170
240	54	130	177
241	53	128	174
243	52	125	178
230	53	140	177
234	54	136	176
231	55	141	177
230	58	138	173
237	60	133	177
235	61	134	170
228	59	142	177
228	60	146	177
219	59	152	179
227	63	144	175
224	64	148	183
223	63	149	184
223	64	149	187
223	61	149	189
231	66	146	197
221	64	156	194
226	66	154	188
221	67	158	191
224	70	160	189
228	69	155	200
