482	228	56	35
455	209	56	35
454	209	56	36
455	209	56	36
454	209	56	36
455	208	55	36
456	209	55	36
454	209	55	36
455	209	55	36
455	208	55	36
455	209	55	36
455	210	55	36
455	209	55	36
456	210	55	36
454	209	55	36
455	209	56	36
455	209	55	36
455	209	55	36
455	209	55	36
455	209	55	36
455	209	55	36
455	209	55	36
455	209	55	36
455	210	55	36
455	209	55	36
456	209	55	36
456	208	55	37
456	210	55	36
455	208	56	36
455	209	55	36
455	208	55	37
455	209	55	36
455	208	56	36
455	208	55	36
455	208	55	36
455	208	55	36
455	207	55	36
454	207	56	36
454	208	56	36
454	206	55	36
455	206	56	36
455	206	56	36
455	206	56	36
455	206	56	36
454	206	56	36
454	207	56	36
453	206	56	36
454	206	56	36
454	205	56	36
454	206	56	36
454	206	55	36
454	206	56	36
454	206	56	36
454	207	55	36
454	206	56	36
454	207	55	36
455	205	56	37
453	206	56	36
454	206	56	36
454	206	56	36
453	205	56	36
453	206	56	36
453	207	56	36
454	206	55	36
454	206	55	36
454	206	55	36
454	207	55	36
454	206	55	36
453	206	55	36
454	206	56	36
454	207	56	36
454	206	56	36
454	207	56	36
454	207	56	36
454	207	56	36
453	206	56	36
453	207	56	36
453	206	56	36
453	206	56	37
452	206	57	37
452	205	57	36
452	205	56	36
453	207	56	36
452	206	57	37
452	205	57	36
452	206	56	36
453	207	56	36
453	206	56	36
453	206	56	36
453	206	56	36
453	206	56	36
452	206	56	36
452	206	56	36
451	207	56	36
452	206	56	36
453	206	56	36
452	207	56	37
453	206	56	37
451	206	57	37
452	207	57	37
452	206	56	36
452	206	56	37
451	206	56	37
452	206	56	37
452	206	56	37
452	205	56	37
452	206	56	37
452	206	56	37
452	206	56	37
452	205	56	37
452	206	55	37
453	207	55	37
451	206	56	36
452	206	56	36
453	206	56	36
453	205	56	36
451	205	56	37
452	205	56	37
453	205	56	37
453	205	56	37
452	204	56	37
453	205	56	37
453	205	56	37
453	204	56	37
453	205	56	37
453	204	55	37
452	204	55	37
453	205	55	37
453	204	55	37
452	204	55	37
453	205	55	37
452	205	56	37
452	204	56	37
451	204	56	37
451	205	56	37
452	204	56	37
451	204	56	37
452	204	56	37
451	204	56	37
452	205	55	37
452	204	56	37
452	204	56	37
452	204	55	37
453	205	55	37
452	203	56	37
452	204	55	37
452	204	55	37
452	204	55	37
452	204	56	37
452	203	56	37
452	204	56	37
452	203	56	37
453	203	55	37
453	204	55	37
452	203	55	37
453	202	55	37
452	203	55	37
451	202	56	37
451	202	56	37
452	203	55	37
451	202	56	37
452	203	56	37
449	201	56	37
450	202	56	37
449	200	56	37
450	202	57	37
449	201	57	37
449	200	57	37
448	200	57	37
448	200	57	37
447	199	58	38
447	200	58	38
447	198	58	38
447	200	58	38
446	200	58	38
449	203	56	34
447	204	55	33
448	203	55	33
448	205	55	31
445	198	57	39
446	203	56	33
444	198	57	39
444	199	57	39
444	204	59	32
444	197	57	39
444	198	57	39
443	197	57	39
443	198	57	39
443	201	60	34
442	197	57	39
442	198	57	39
444	201	56	35
442	197	57	39
441	197	57	40
440	196	57	40
440	197	57	40
439	200	58	36
439	196	57	40
439	196	57	40
439	196	57	40
438	197	58	40
438	195	58	40
439	196	57	40
438	196	57	40
438	196	57	40
438	197	57	40
437	195	57	40
438	197	57	40
438	196	56	40
438	202	56	33
435	202	58	33
436	201	60	32
435	202	59	33
437	201	58	33
437	196	57	39
439	197	56	37
438	200	56	34
438	195	58	40
439	198	58	37
439	194	58	40
438	194	58	41
439	194	58	41
440	194	59	41
440	193	58	41
442	198	56	35
444	198	55	34
444	197	57	35
444	198	58	33
443	195	62	38
444	195	60	38
448	198	57	35
449	198	57	34
446	197	60	34
446	196	62	36
449	196	62	34
450	195	60	37
453	197	61	35
454	196	58	33
457	195	56	36
456	194	57	36
457	196	57	34
457	194	59	37
459	195	58	34
460	197	57	33
462	195	55	33
461	194	57	34
464	195	55	35
464	194	55	36
463	194	58	35
463	194	57	35
466	194	57	36
466	195	55	33
465	193	57	35
467	193	55	35
468	194	56	34
468	194	55	35
470	195	53	32
468	194	55	34
470	195	54	32
470	193	54	34
471	193	54	36
470	193	56	37
473	193	53	35
469	193	59	36
471	194	57	35
473	194	55	35
473	194	55	35
474	194	54	35
475	195	52	35
474	194	53	35
475	193	55	37
475	195	53	34
476	194	55	36
477	195	53	36
477	196	52	34
476	193	55	37
476	194	56	39
476	193	54	37
478	196	51	33
478	196	51	33
478	195	53	34
479	195	52	34
479	196	52	33
479	196	53	33
479	197	53	32
479	196	52	33
481	196	52	32
481	197	52	30
482	198	50	31
481	199	50	29
482	199	52	30
482	198	51	31
483	199	49	30
483	199	52	31
483	197	50	32
484	198	50	31
484	198	52	31
483	197	51	30
483	196	54	34
483	196	53	33
483	197	52	33
482	198	52	30
482	197	53	32
482	197	51	32
482	199	49	29
481	198	51	32
481	197	51	29
479	198	50	30
479	198	51	32
477	197	52	30
476	196	54	32
474	194	54	33
475	196	54	34
474	196	53	33
474	194	52	33
473	193	54	35
472	196	55	33
472	194	53	34
471	195	54	35
470	194	53	34
470	195	53	33
469	193	54	35
468	193	54	34
467	192	56	37
467	192	57	36
465	192	57	36
463	191	58	37
461	192	62	36
461	192	61	37
461	193	60	34
459	191	59	36
459	192	58	35
454	191	62	37
453	190	64	35
452	190	66	35
453	190	62	36
453	190	61	38
454	190	60	37
453	190	57	36
452	190	60	36
451	191	60	35
448	191	60	35
450	191	58	36
450	191	58	36
448	191	58	34
447	191	60	36
448	190	60	37
446	190	60	36
445	189	61	37
446	191	60	36
442	190	62	37
444	190	60	36
444	190	59	36
443	190	59	37
443	188	60	37
443	189	58	37
440	189	61	37
442	190	58	36
438	189	61	37
439	190	59	34
438	188	60	38
438	188	60	37
435	189	62	38
435	190	63	35
434	187	64	38
432	188	64	37
433	190	64	35
432	189	62	34
432	190	60	34
432	189	61	36
431	188	62	37
430	188	61	36
430	187	59	37
431	189	59	35
431	189	59	35
428	187	62	38
429	188	59	35
430	189	57	34
427	188	61	35
428	189	60	35
427	189	59	35
428	188	59	36
428	189	58	36
426	188	60	37
424	188	63	36
426	190	59	34
426	189	60	36
425	189	59	35
424	188	60	36
425	189	60	36
425	190	56	33
424	190	60	34
420	189	62	35
422	188	63	36
422	187	61	37
422	189	61	35
422	189	58	34
421	189	61	34
423	188	61	37
422	190	61	33
421	189	63	35
421	188	63	36
424	190	60	35
423	189	61	34
424	190	60	34
424	190	59	35
424	190	63	32
425	191	64	34
428	189	60	34
428	191	58	34
429	192	59	34
428	190	62	36
426	192	64	35
428	192	65	36
429	191	64	37
428	191	62	36
427	192	67	37
427	193	68	35
427	194	66	34
430	194	63	36
428	194	68	36
431	195	63	35
433	195	63	36
434	195	63	36
433	194	64	36
435	196	64	36
435	194	62	37
435	196	61	36
435	196	62	35
438	192	61	40
434	196	64	36
435	197	65	34
439	196	62	36
438	196	62	35
440	197	61	33
440	198	60	32
442	193	60	40
442	195	59	36
444	198	60	34
443	197	59	34
444	198	60	34
445	197	59	33
446	198	59	34
446	198	61	33
447	198	60	33
448	198	59	33
448	197	59	35
449	197	59	34
451	197	58	33
451	198	60	33
452	197	58	33
453	196	57	34
452	195	59	35
453	196	60	35
453	195	58	35
456	195	56	34
454	195	58	34
455	196	57	34
455	196	57	35
457	196	54	33
455	195	56	35
457	198	54	33
457	195	55	35
458	196	53	35
457	195	56	36
455	193	57	37
455	193	56	36
453	193	58	35
454	193	57	37
453	195	59	36
453	194	57	34
452	193	60	37
452	194	59	35
451	193	60	36
450	193	59	36
451	190	58	38
450	192	60	35
449	192	62	35
449	192	62	34
449	192	61	35
448	192	60	35
448	192	61	35
448	192	60	35
447	191	61	35
445	192	62	34
447	191	60	36
446	191	59	35
446	192	58	34
445	194	59	33
443	192	63	34
441	191	63	34
445	192	60	34
443	191	64	35
442	192	65	33
444	189	62	36
444	191	62	34
446	189	60	35
447	189	59	35
445	190	62	34
445	191	60	34
446	189	60	36
445	189	59	37
443	191	62	36
441	190	62	38
441	189	65	39
435	189	69	38
436	189	68	40
432	190	72	38
426	190	74	41
426	191	78	40
424	190	82	41
421	193	86	37
420	193	87	37
420	191	87	39
419	190	84	38
419	191	87	37
419	191	87	37
419	191	87	37
419	191	87	37
419	191	87	37
419	191	87	37
418	189	87	40
469	186	36	50
451	161	36	50
419	186	87	43
413	187	91	47
471	183	32	49
467	185	33	46
470	183	31	49
469	182	30	49
469	182	29	49
469	182	29	48
468	182	28	48
466	184	30	46
413	187	91	47
464	185	30	45
467	188	29	40
464	192	33	35
466	193	30	35
466	192	32	34
460	192	39	37
462	193	36	35
462	192	37	35
453	189	40	40
414	178	83	60
417	176	84	59
453	189	43	40
415	179	85	55
415	179	85	55
458	190	42	40
455	189	43	40
415	179	85	55
415	179	85	55
458	187	42	40
459	187	42	40
415	153	90	81
415	153	90	81
415	153	90	81
415	153	90	81
415	153	90	81
415	153	90	81
458	185	44	41
416	150	92	85
456	184	46	41
455	184	46	41
416	154	90	81
453	183	48	42
452	183	49	42
452	182	49	42
450	182	50	42
451	182	50	43
450	181	51	43
449	180	51	43
448	180	53	42
448	179	53	43
448	178	53	43
447	177	54	44
447	177	54	44
447	177	55	45
447	177	55	45
447	177	55	45
447	178	55	45
413	151	92	84
447	178	56	46
447	177	56	46
414	149	92	88
447	178	56	46
415	151	96	84
447	177	56	47
414	151	92	85
448	177	56	47
448	177	56	47
448	176	56	47
416	150	94	84
447	175	57	47
414	150	96	86
447	175	57	47
447	174	57	47
447	173	57	47
414	151	92	84
447	174	57	48
447	172	57	48
447	173	57	48
413	148	96	88
448	173	57	48
448	173	57	48
414	151	94	81
413	149	94	87
447	174	58	46
447	175	58	47
447	175	58	45
447	175	59	45
447	176	59	44
447	175	59	44
414	149	94	86
447	176	60	43
447	177	60	43
445	176	60	43
446	177	60	43
447	177	60	43
446	176	60	43
447	176	60	43
446	177	60	43
446	177	60	43
447	177	60	43
446	177	60	43
446	177	60	43
445	176	60	43
444	177	61	43
445	177	61	43
445	177	60	43
445	178	60	43
445	178	60	43
445	178	60	43
445	178	60	43
445	178	60	43
444	178	60	43
411	149	93	82
444	178	61	43
445	178	60	43
443	178	61	43
444	178	61	43
443	178	61	43
444	178	61	43
444	178	61	44
442	178	61	43
444	177	61	44
442	177	62	44
442	178	62	44
443	178	61	44
442	177	62	44
443	177	62	44
441	178	62	44
442	176	62	44
440	176	62	44
441	176	62	45
439	176	62	45
439	176	63	45
440	176	63	45
411	150	94	84
414	151	91	82
414	154	94	80
412	151	94	83
413	153	93	78
411	155	96	76
411	153	93	82
415	156	90	75
412	157	93	72
439	177	63	45
439	177	62	45
425	175	77	53
426	175	76	50
424	175	76	51
414	175	84	55
413	170	86	62
413	170	86	65
437	178	62	46
413	170	77	63
411	171	79	60
411	173	83	59
413	172	84	58
412	172	79	62
411	171	89	61
412	173	78	56
413	174	76	57
412	172	81	59
412	170	68	61
413	171	70	64
414	173	68	60
414	172	65	63
411	173	71	61
413	173	70	61
413	171	66	64
414	170	65	65
413	171	63	63
415	172	59	62
414	173	62	62
415	173	62	61
415	174	65	58
414	174	68	59
452	182	50	50
415	174	64	60
451	182	48	50
451	179	47	49
452	181	46	48
451	182	46	48
415	173	69	62
452	180	44	47
453	182	43	47
453	180	43	47
454	182	42	47
455	180	41	47
455	182	41	46
456	183	41	46
457	181	40	46
457	183	40	45
453	179	38	47
453	182	38	47
414	174	69	61
415	174	68	60
414	174	69	59
413	175	71	60
447	182	38	45
412	175	72	60
413	175	73	58
413	176	76	54
413	177	77	54
413	177	79	53
412	177	81	54
413	176	80	55
413	177	80	53
414	176	80	54
413	177	81	56
412	175	84	55
412	177	84	54
412	175	84	56
411	175	85	57
411	174	86	58
412	175	84	55
411	175	87	57
411	174	86	57
411	174	86	58
411	175	88	57
454	190	39	35
454	190	40	35
453	194	42	33
451	193	45	33
450	192	42	35
452	191	43	35
449	191	44	35
449	191	45	35
448	191	46	35
449	191	46	35
447	191	47	35
448	192	48	36
446	193	49	35
446	193	48	36
446	193	49	36
445	194	48	36
446	193	48	36
445	193	48	36
445	193	48	37
444	194	52	34
443	195	54	33
443	195	53	32
446	195	51	31
444	194	53	33
442	192	56	35
445	192	55	34
442	189	57	36
444	190	55	35
444	190	56	34
442	190	57	33
445	190	55	32
444	190	55	33
442	189	57	33
443	188	56	34
441	187	58	36
439	187	58	35
440	188	57	33
438	188	56	35
439	189	56	34
438	189	57	33
437	189	57	34
435	190	59	34
436	190	55	34
434	191	57	34
435	190	56	34
434	191	54	33
435	193	55	33
432	194	57	32
432	192	57	35
430	192	57	34
435	194	55	32
434	194	54	32
434	193	52	32
433	193	54	32
433	194	54	32
433	194	54	31
434	193	53	33
432	195	54	32
431	194	56	34
431	194	56	32
432	194	56	34
431	194	56	34
432	194	54	34
429	192	55	35
430	192	56	37
431	192	55	36
429	194	55	34
430	195	54	34
432	196	53	32
433	197	53	31
431	195	56	33
432	197	54	31
432	199	54	30
432	198	53	31
432	198	53	31
435	199	52	32
434	198	53	31
435	198	54	34
437	197	51	33
436	199	53	32
439	199	51	33
441	200	51	32
442	201	51	32
444	202	51	32
446	203	51	31
447	203	51	31
449	206	51	31
451	205	51	30
453	207	50	30
453	208	49	30
454	208	49	30
455	209	48	30
456	208	47	30
456	209	46	30
456	209	46	30
456	209	45	30
456	209	45	30
456	210	45	30
450	211	50	28
448	211	51	29
446	211	51	29
445	210	53	29
444	210	53	30
445	211	50	28
444	213	51	26
442	214	52	26
444	214	52	27
441	215	54	27
442	215	54	28
443	215	53	28
442	214	54	30
442	211	53	33
442	211	53	33
442	211	53	33
441	211	54	34
441	209	54	37
441	209	54	37
441	209	54	37
441	209	54	37
441	209	54	37
441	209	54	37
441	209	54	37
461	213	39	26
441	209	54	37
441	209	54	37
462	215	37	26
456	214	43	29
456	215	41	28
454	219	43	27
455	215	42	29
455	218	40	27
455	219	40	24
455	219	39	24
451	217	41	25
451	216	41	26
455	218	41	24
454	218	40	24
454	218	40	24
454	219	39	24
450	216	43	26
454	220	40	24
454	220	40	24
454	220	42	25
453	220	41	24
454	220	40	25
447	219	41	28
446	218	42	29
446	218	42	30
445	220	43	31
446	218	42	32
447	220	43	32
447	222	43	31
447	220	43	33
449	220	38	31
450	221	41	29
454	222	38	26
451	221	37	27
452	220	37	25
453	221	34	24
458	221	29	24
457	222	29	29
456	223	30	30
455	226	30	32
447	229	36	32
437	230	46	34
435	231	46	31
427	233	53	30
426	231	53	32
423	232	54	33
422	233	52	34
421	234	55	36
419	237	58	38
421	242	57	35
420	245	56	35
422	250	55	36
422	257	56	34
424	259	57	37
427	264	57	38
429	269	56	36
432	270	57	37
432	270	59	40
437	270	58	40
441	269	57	40
442	266	57	44
445	266	57	44
447	266	56	44
449	266	55	44
448	267	58	43
449	267	57	44
449	271	56	40
449	271	58	42
449	270	55	44
446	271	59	44
447	271	55	43
447	272	58	42
445	272	57	43
447	272	55	43
447	272	54	42
450	272	53	42
448	272	55	43
452	272	53	42
452	273	52	41
453	272	52	41
451	272	55	40
452	274	52	40
452	273	52	39
453	274	51	41
450	274	53	40
447	274	57	41
449	272	54	40
447	271	56	43
443	271	58	43
439	269	56	44
436	268	55	43
433	267	53	43
431	265	52	43
430	264	48	41
429	263	47	40
427	262	48	42
425	261	49	41
422	258	49	43
422	259	50	43
420	258	49	42
419	256	49	42
417	256	48	42
415	255	46	42
415	251	45	45
411	250	47	44
410	250	47	48
407	248	48	47
406	249	47	46
407	247	47	48
406	247	49	47
407	249	47	43
406	248	49	42
407	246	50	44
407	245	52	45
409	247	52	43
410	246	51	42
411	247	52	40
412	245	53	41
412	245	52	41
413	245	53	38
412	244	54	39
413	245	53	40
413	245	54	39
414	245	55	39
415	246	53	38
414	241	54	43
415	245	56	38
415	241	55	42
415	241	55	42
415	242	55	41
416	244	59	38
416	246	59	35
417	246	58	36
416	245	59	33
418	246	59	33
415	244	60	35
416	245	60	36
417	240	57	39
417	240	58	39
416	240	58	39
416	239	59	39
415	241	63	37
417	238	59	39
416	240	61	37
417	237	59	40
417	236	59	40
417	238	62	37
417	236	60	40
416	236	60	40
415	236	60	41
415	235	61	41
414	236	61	41
413	235	61	41
414	239	62	37
412	235	62	41
410	238	66	37
407	238	66	37
409	239	66	36
403	240	67	37
404	239	67	39
401	241	67	36
401	241	67	37
400	241	66	36
399	242	65	38
396	243	67	38
394	243	67	39
392	243	68	41
389	244	68	40
390	243	68	40
390	246	66	38
387	245	68	38
384	245	66	39
384	245	68	40
381	245	69	39
380	245	71	39
380	246	70	38
379	247	71	38
379	247	70	38
383	245	63	43
379	249	66	40
379	248	65	43
377	250	66	40
373	249	68	43
375	252	67	41
375	253	66	38
375	253	64	38
376	255	65	36
376	256	65	36
375	255	65	38
376	258	64	35
375	259	63	34
373	258	66	35
375	258	66	38
373	259	68	37
373	260	69	40
376	262	66	38
375	264	66	34
375	264	66	36
373	265	67	36
375	265	67	36
373	266	67	37
374	266	67	39
376	268	65	38
375	268	66	39
374	269	67	38
374	269	66	39
374	268	68	40
372	269	69	41
373	270	69	38
370	268	72	41
369	269	73	40
368	268	74	39
368	267	74	41
365	266	74	41
364	266	68	43
363	265	67	43
363	267	65	41
360	267	66	42
359	266	66	43
361	267	62	42
359	266	60	43
357	266	61	41
357	266	62	42
354	266	62	43
354	263	60	45
354	263	59	45
351	259	60	50
348	260	62	48
346	259	61	48
347	259	60	48
343	261	61	43
343	259	61	44
342	259	62	43
342	259	61	43
339	256	62	47
336	256	64	46
335	255	65	46
333	254	64	46
331	254	67	45
330	252	67	45
329	252	63	43
326	249	65	42
325	252	66	42
323	249	65	42
321	249	66	42
319	247	66	42
316	248	65	41
316	247	65	41
313	246	65	41
309	246	64	41
308	246	64	41
306	245	64	41
304	244	64	41
303	245	63	40
300	247	61	40
299	247	58	41
295	248	57	40
296	249	57	39
292	249	58	40
288	248	59	39
286	246	60	41
285	248	58	38
284	247	57	40
281	248	58	38
278	248	56	38
276	248	57	38
274	249	57	37
273	249	56	36
272	250	53	34
271	249	53	36
269	248	53	38
266	246	56	38
263	244	63	40
265	243	56	41
263	244	58	40
261	243	59	42
263	242	58	41
260	240	59	42
262	239	59	42
266	239	57	43
265	237	63	44
267	236	61	43
263	233	66	46
263	230	66	47
261	229	70	47
261	226	69	50
262	223	71	50
260	223	73	52
260	219	71	53
258	215	75	56
259	212	75	56
260	211	73	56
261	208	71	57
262	206	73	60
262	204	73	61
261	200	74	63
261	199	71	65
264	197	67	64
262	195	67	66
263	194	64	65
264	193	66	65
267	192	62	65
268	192	60	64
270	190	55	62
276	189	46	62
278	185	40	65
277	181	40	67
277	177	41	67
275	169	39	72
273	167	43	74
272	167	44	73
266	156	50	88
267	157	49	85
269	156	49	83
266	156	52	83
264	158	52	82
269	156	47	79
269	158	48	81
267	157	48	80
268	157	49	79
267	157	49	79
267	157	50	79
267	157	50	79
270	159	47	78
267	158	47	79
266	155	49	82
268	157	47	80
267	159	48	78
268	156	47	82
267	155	48	83
267	157	47	82
268	155	46	83
267	158	44	81
267	159	46	81
268	158	45	84
269	156	44	83
266	157	46	86
263	156	50	88
265	158	48	88
264	154	50	92
265	156	46	93
265	156	49	93
264	158	49	95
263	156	49	97
264	160	49	94
266	157	46	97
265	163	49	94
267	165	46	93
263	174	53	85
267	150	46	109
265	154	48	107
264	154	49	108
262	153	54	112
263	156	54	110
263	161	54	107
262	160	54	107
259	162	61	109
259	170	62	101
261	177	56	93
256	221	65	48
256	222	65	46
256	225	65	44
257	227	65	42
256	234	64	35
257	237	63	32
257	238	65	33
257	238	64	34
257	239	66	32
256	240	66	33
256	240	67	33
258	242	67	31
254	241	74	33
254	242	75	32
251	241	76	34
254	241	77	34
254	241	75	34
251	242	76	32
251	242	79	34
252	242	75	32
253	243	74	32
253	242	75	34
253	241	75	34
255	242	75	34
255	241	75	34
252	241	76	36
258	240	66	39
258	240	68	39
257	241	69	41
258	241	70	44
253	239	78	45
255	241	75	47
253	239	76	49
254	240	75	50
251	240	77	49
254	242	74	51
254	243	72	48
253	243	71	51
255	242	71	56
254	242	70	55
253	242	69	58
254	242	67	58
254	242	65	59
255	243	63	59
253	243	64	59
253	243	64	58
253	242	64	62
256	241	62	61
257	241	60	60
255	242	64	62
257	240	62	63
256	242	63	61
256	243	62	59
255	243	55	56
255	244	51	55
258	243	47	55
262	242	43	57
264	243	40	57
266	241	37	56
268	241	34	57
269	241	32	54
272	241	28	53
270	241	28	52
271	240	28	52
268	239	32	53
269	238	30	52
268	238	34	53
266	238	36	52
266	237	37	53
267	237	35	53
265	238	37	52
265	236	37	53
267	237	37	52
266	237	37	53
267	237	35	52
271	235	30	52
273	232	27	56
272	231	30	57
272	231	30	56
271	230	31	56
273	229	29	58
267	229	32	59
269	227	32	62
272	227	30	61
271	228	29	60
273	229	27	59
271	227	30	60
272	229	28	58
271	229	24	56
271	227	23	58
271	228	26	57
272	229	24	58
260	225	50	57
266	225	33	58
265	228	32	54
265	228	34	53
265	228	33	53
266	227	35	54
274	226	27	58
274	226	27	57
274	227	27	58
275	229	27	56
278	226	28	58
270	229	46	56
272	228	48	49
273	231	51	47
273	231	52	46
276	231	53	45
277	231	52	45
278	230	51	48
280	230	50	49
282	230	49	50
283	231	49	50
286	233	46	51
287	232	50	50
292	232	49	51
291	232	46	51
293	232	46	50
295	231	57	50
296	231	57	49
298	229	58	54
299	229	61	53
301	228	60	55
300	227	62	55
304	231	61	51
305	230	60	52
305	230	63	50
307	228	61	54
309	229	61	51
309	229	61	53
310	228	62	52
310	229	63	50
311	228	64	49
312	231	63	48
313	227	63	47
313	229	63	47
314	227	63	51
316	228	63	48
315	226	63	48
316	226	64	46
318	225	62	44
319	223	63	47
319	220	63	51
320	221	62	48
320	217	63	50
319	216	61	51
321	215	59	50
319	213	62	51
316	210	64	53
311	204	67	61
310	204	67	64
311	199	67	69
307	204	67	68
307	204	67	68
307	204	67	68
307	204	67	68
147	398	57	48
147	399	57	48
318	250	52	48
147	397	57	48
146	398	57	48
320	251	52	48
320	251	52	48
320	251	52	48
294	227	52	48
268	203	52	48
243	179	52	48
217	155	52	48
191	131	52	48
165	107	52	48
340	192	54	49
340	192	54	49
340	192	54	49
341	199	54	45
313	168	54	49
341	214	54	36
342	214	55	33
342	215	55	32
343	218	54	30
345	219	53	31
344	220	55	32
345	221	55	32
347	223	54	32
348	224	55	31
349	225	55	32
350	226	54	32
348	227	55	32
350	226	54	32
349	226	56	32
349	228	55	32
351	227	57	33
350	227	56	33
351	228	57	32
349	227	58	34
349	228	60	33
349	227	58	32
351	225	58	34
349	226	58	32
350	225	58	33
351	226	58	32
352	225	57	34
351	223	57	34
351	224	59	33
350	223	59	33
350	223	59	33
351	223	59	33
350	222	58	33
350	221	59	33
351	220	56	33
351	222	56	32
350	221	59	33
350	221	58	33
351	221	58	33
351	221	58	33
352	221	60	33
352	221	60	32
355	221	60	33
361	220	57	33
363	218	57	33
366	217	56	34
368	216	57	33
372	217	53	33
374	215	53	34
374	214	54	32
375	215	54	31
377	210	55	35
379	211	54	33
378	209	56	36
380	208	53	36
383	208	53	36
385	210	51	36
386	209	52	35
387	209	54	37
388	211	54	36
392	212	52	36
392	215	53	35
395	217	51	36
396	219	53	36
397	223	54	39
397	226	56	37
398	228	52	38
399	231	52	38
401	231	52	43
401	231	52	44
402	231	49	43
401	230	49	45
400	230	50	46
399	231	52	46
398	231	52	48
400	231	49	50
399	234	49	50
397	234	53	53
397	235	53	52
399	237	53	49
400	237	50	50
401	238	48	48
405	241	47	46
409	241	40	47
410	241	40	46
411	242	39	44
415	242	33	41
418	244	30	39
419	245	28	36
420	244	26	34
425	247	22	26
426	245	19	24
431	246	15	23
480	288	64	211
481	288	62	212
425	202	43	50
425	202	43	50
425	202	43	50
424	203	43	50
425	202	43	50
403	178	43	50
382	153	43	50
361	128	43	50
340	104	43	50
318	79	43	50
450	220	43	50
429	195	43	50
265	203	45	50
242	178	45	50
327	202	48	50
414	244	41	51
327	202	48	50
327	202	48	50
327	202	48	50
327	202	48	50
327	202	48	50
327	202	48	50
304	177	48	50
327	202	48	50
327	202	48	50
327	202	48	50
327	202	48	50
432	241	44	47
129	397	51	47
139	400	47	40
116	380	47	40
93	360	47	40
70	340	47	40
279	204	45	46
345	217	50	45
345	217	50	45
345	217	50	45
345	217	50	45
321	195	50	45
296	172	50	45
271	150	50	45
247	127	50	45
222	105	50	45
446	240	44	45
266	203	45	45
244	181	45	45
222	158	45	45
447	239	44	44
329	202	49	44
329	202	49	44
305	180	49	44
281	158	49	44
329	202	49	44
329	202	49	44
329	202	49	44
329	202	49	44
329	202	49	44
305	180	49	44
281	158	49	44
329	209	48	45
329	209	48	45
306	187	48	45
265	200	45	45
265	200	45	45
242	178	45	45
265	200	45	45
265	200	45	45
265	200	45	45
265	200	45	45
265	200	45	45
265	200	45	45
265	200	45	45
265	200	45	45
265	200	45	45
265	200	45	45
265	200	45	45
265	200	45	45
265	200	45	45
242	178	45	45
327	205	49	45
327	205	49	45
327	205	49	45
327	205	49	45
327	205	49	45
327	205	49	45
303	183	49	45
279	161	49	45
255	138	49	45
129	399	51	45
129	400	52	42
130	402	53	40
264	204	45	44
242	182	45	44
220	160	45	44
128	398	52	43
103	376	52	43
77	355	52	43
51	333	52	43
26	312	52	43
149	394	53	42
123	373	53	42
97	352	53	42
133	400	51	41
137	399	48	41
113	379	48	41
89	358	48	41
65	338	48	41
41	317	48	41
126	402	56	38
131	401	54	38
131	401	54	37
136	400	51	38
111	382	51	38
132	404	52	34
133	404	51	34
133	402	53	33
133	403	51	32
133	404	49	32
141	407	50	32
142	411	45	25
132	407	52	31
134	404	53	32
141	408	44	30
141	408	46	27
142	411	43	20
137	408	45	22
141	405	44	25
142	405	44	22
141	410	45	20
141	408	46	24
142	412	46	18
141	410	43	15
141	413	47	14
343	219	56	31
342	221	57	30
343	223	57	30
343	224	58	29
344	226	59	28
342	221	59	28
340	223	59	28
340	224	60	28
339	220	60	29
339	221	61	29
338	223	62	29
339	224	62	29
338	219	62	30
341	220	61	30
339	221	62	30
340	223	62	30
339	218	62	30
339	219	62	31
338	220	62	31
337	221	63	31
336	222	63	31
336	223	63	31
304	206	63	31
111	237	64	32
335	220	64	31
111	237	64	32
80	221	64	32
111	237	64	32
333	218	63	33
328	218	63	34
80	221	64	32
111	237	64	32
80	221	64	32
111	237	64	32
111	237	64	32
111	237	64	32
80	221	64	32
48	206	64	32
111	237	64	32
111	237	64	32
111	237	64	32
80	221	64	32
111	237	64	32
80	221	64	32
48	206	64	32
111	237	64	32
111	237	64	32
111	237	64	32
111	237	64	32
111	237	64	32
80	221	64	32
111	237	64	32
111	237	64	32
111	237	64	32
111	237	64	32
111	237	64	32
80	221	64	32
111	237	64	32
111	237	64	32
111	237	64	32
80	221	64	32
111	237	64	32
111	237	64	32
111	237	64	32
111	237	64	32
111	237	64	32
111	237	64	32
80	221	64	32
467	427	45	42
445	406	45	42
329	211	49	41
329	211	49	41
339	213	49	39
329	211	49	41
305	191	49	41
329	211	49	41
341	220	56	34
342	221	57	32
340	223	59	31
305	191	49	41
340	220	60	31
338	221	62	31
341	222	62	30
340	223	62	30
310	204	60	31
340	219	62	30
339	220	62	31
338	221	63	30
340	223	63	30
329	211	49	41
329	211	49	41
338	219	63	31
337	220	64	31
336	221	65	31
336	222	65	31
329	211	49	41
336	217	66	32
329	211	49	41
335	219	66	32
305	191	49	41
337	221	66	31
338	222	67	31
335	217	66	31
334	217	66	32
338	218	65	32
335	219	65	32
335	219	66	32
337	220	66	32
336	221	67	31
336	222	67	31
336	222	67	31
336	222	67	31
335	223	67	31
336	223	67	31
332	214	58	36
336	219	67	32
334	219	67	32
337	220	66	32
337	221	66	32
337	222	67	31
336	222	67	32
304	206	66	32
331	214	58	36
329	211	49	41
335	219	66	32
334	220	67	32
337	221	66	32
336	221	66	32
331	214	58	36
305	191	49	41
337	218	66	32
337	219	65	32
336	220	66	32
338	222	66	31
329	211	49	41
334	217	66	32
329	211	49	41
336	219	66	32
333	220	67	32
337	221	66	32
336	222	66	32
336	223	67	31
335	218	67	32
334	218	67	32
337	219	66	32
336	220	66	32
339	222	66	31
336	217	65	31
332	214	57	36
334	218	66	32
334	219	66	32
337	219	65	32
335	220	66	32
334	221	67	32
304	203	66	32
338	222	65	32
329	211	49	41
329	211	49	41
338	219	65	32
336	219	65	32
339	221	64	31
329	211	49	41
337	222	65	31
336	217	65	31
336	218	65	31
339	220	65	31
336	221	65	31
335	222	66	31
335	217	66	31
304	203	65	31
272	188	65	31
335	219	66	32
333	220	67	32
336	221	66	32
336	222	67	32
334	222	67	31
336	217	66	31
339	218	66	31
329	211	49	41
337	221	65	31
336	221	65	31
335	222	66	31
335	223	67	31
335	222	67	31
336	223	67	31
329	211	49	41
333	218	67	32
305	191	49	41
339	221	66	32
337	222	66	32
337	223	66	31
329	211	49	41
336	218	66	32
329	211	49	41
333	220	67	32
329	211	49	41
325	209	48	32
325	209	48	32
337	218	66	32
277	206	46	38
255	187	46	38
333	221	66	32
338	222	66	32
334	217	66	32
302	201	66	32
336	218	65	32
277	206	46	38
336	222	65	32
336	222	66	31
335	222	66	31
335	223	67	31
303	207	66	31
277	206	46	38
336	218	66	32
339	220	65	31
337	221	65	31
339	222	65	31
307	207	65	31
335	218	65	31
333	219	66	31
336	220	66	31
304	205	66	31
336	217	65	31
336	223	65	31
277	206	46	38
255	187	46	38
337	220	64	32
336	221	65	31
340	222	64	31
337	217	64	31
335	217	65	32
335	218	65	32
334	219	66	32
337	221	66	32
337	222	66	31
278	206	42	39
334	217	66	32
278	206	42	39
278	206	42	39
334	219	66	32
333	220	67	32
301	204	66	32
275	205	46	42
275	205	46	42
336	219	66	32
340	220	65	32
323	171	60	29
336	223	65	31
304	207	65	31
271	203	52	48
337	219	66	32
335	220	66	32
271	203	52	48
336	221	66	32
271	203	52	48
271	203	52	48
337	219	67	31
335	219	66	32
333	220	67	32
300	204	67	32
337	222	66	31
267	188	67	32
338	218	65	31
337	219	65	31
334	220	66	32
266	198	61	53
339	222	66	31
339	223	65	31
337	217	65	31
336	218	65	32
336	219	65	32
335	220	66	32
263	188	69	67
335	216	66	32
336	217	66	32
340	218	65	32
337	219	65	32
336	221	65	32
263	203	68	56
337	222	65	31
335	217	65	31
263	203	68	56
229	175	68	56
263	203	68	56
335	220	66	32
335	221	66	32
263	203	68	56
263	203	68	56
335	218	65	32
263	203	68	56
336	220	66	32
303	204	66	32
336	223	66	31
263	203	68	56
335	218	67	32
334	219	67	32
337	220	67	32
338	222	66	31
338	222	65	31
263	203	68	56
263	203	68	56
337	218	65	32
336	219	66	32
335	220	67	32
337	221	66	32
337	222	66	31
254	196	75	63
335	218	67	32
336	218	66	32
334	219	66	32
301	203	66	32
340	222	66	31
250	199	81	61
335	218	66	32
332	219	67	32
241	197	90	60
241	197	90	60
336	222	67	32
335	222	67	31
335	222	67	31
241	197	90	60
334	217	67	32
337	218	66	32
336	218	67	32
333	219	67	32
336	221	67	32
303	205	67	32
240	186	91	78
335	223	67	32
334	217	67	32
337	218	67	32
334	219	67	32
337	221	66	32
337	222	66	32
335	223	66	31
335	218	66	32
334	219	67	32
240	186	91	78
240	186	91	78
240	186	91	78
337	222	66	32
335	217	66	32
337	218	66	32
334	219	66	32
333	219	66	32
336	220	66	32
240	186	91	78
336	216	65	32
339	218	65	32
337	219	65	32
334	219	65	32
302	204	65	32
337	221	65	32
334	216	66	32
240	186	91	78
240	186	91	78
334	219	67	32
332	220	68	32
336	221	67	32
336	222	67	32
333	216	67	32
240	186	91	78
335	218	66	32
337	219	66	32
336	220	66	32
250	204	79	53
337	223	65	31
336	218	65	31
334	219	66	31
333	219	67	32
244	199	89	61
337	222	66	31
336	222	66	31
337	223	66	31
239	191	92	69
339	218	65	31
336	219	64	31
245	200	86	60
338	221	65	31
241	199	91	61
337	222	65	31
335	217	66	31
242	205	89	53
335	219	66	31
334	220	67	31
234	202	98	56
337	222	66	31
335	223	66	31
333	218	67	32
336	218	66	32
334	219	67	32
249	204	80	51
336	222	67	31
336	223	67	30
334	217	67	31
250	205	80	51
248	200	80	59
336	220	67	31
338	222	66	31
338	223	65	31
253	202	76	55
338	220	65	31
236	198	97	61
339	223	64	30
338	217	64	31
336	218	64	31
251	200	78	60
250	201	80	58
254	193	79	61
337	222	65	31
250	207	76	49
338	219	65	31
337	219	65	31
335	220	66	31
334	221	66	31
339	222	65	31
248	200	81	60
335	217	66	32
333	218	67	32
337	218	66	32
336	219	66	32
335	220	67	32
339	221	66	32
337	222	66	32
336	216	66	32
338	218	66	32
335	219	66	32
333	219	67	32
337	220	66	32
340	222	65	31
338	222	65	31
244	207	88	51
335	217	65	32
334	218	66	32
336	219	66	32
336	220	66	32
338	222	66	31
244	203	84	55
249	197	76	63
336	218	66	32
336	218	66	32
335	219	66	32
334	220	67	32
337	221	66	32
337	222	66	32
334	217	66	32
333	218	67	32
336	219	67	32
336	220	68	32
335	220	67	32
335	221	68	32
334	221	68	32
334	222	68	32
335	217	67	32
337	218	66	32
335	219	66	32
335	220	67	32
242	203	86	55
234	195	99	66
336	222	66	31
336	222	66	31
334	217	67	31
337	218	66	31
337	219	66	32
335	219	66	32
333	220	67	32
336	221	67	32
336	222	66	32
336	222	66	32
335	216	66	32
335	217	66	32
337	218	66	32
237	206	97	54
332	220	67	32
242	205	86	53
240	204	89	54
233	205	99	53
229	195	106	65
