405.000000,80.550000,116.000000,189.900000
405.040000,81.733000,116.000000,188.000000
405.370000,82.789000,116.000000,188.000000
405.470000,82.045000,116.000000,188.000000
406.020000,81.524000,116.000000,188.000000
405.220000,83.398000,116.000000,188.000000
406.220000,81.834000,116.000000,188.000000
405.830000,84.171000,116.000000,188.000000
407.310000,81.470000,116.000000,188.000000
405.410000,84.614000,116.000000,188.000000
407.260000,82.431000,116.000000,188.000000
405.830000,84.893000,116.000000,188.000000
407.720000,83.834000,116.000000,188.000000
406.700000,85.009000,116.000000,188.000000
408.270000,83.642000,116.000000,188.000000
407.180000,85.996000,116.000000,188.000000
408.510000,84.868000,116.000000,188.000000
409.540000,85.632000,116.000000,188.000000
409.810000,84.958000,116.000000,188.000000
411.090000,86.279000,116.000000,188.000000
409.610000,83.947000,116.000000,188.000000
411.150000,86.895000,116.000000,188.000000
409.750000,85.217000,116.000000,188.000000
410.970000,85.022000,116.000000,188.000000
410.150000,85.529000,116.000000,188.000000
408.470000,86.477000,116.000000,188.000000
409.470000,86.851000,116.000000,188.000000
406.310000,88.254000,116.000000,188.000000
407.220000,86.181000,116.000000,188.000000
404.700000,87.518000,116.000000,188.000000
406.460000,85.081000,116.000000,188.000000
403.700000,86.379000,116.000000,188.000000
404.650000,83.788000,116.000000,188.000000
401.600000,85.496000,116.000000,188.000000
401.720000,81.428000,116.000000,188.000000
400.260000,83.836000,116.000000,188.000000
400.030000,82.122000,116.000000,188.000000
398.310000,81.752000,116.000000,188.000000
398.630000,82.385000,116.000000,188.000000
398.470000,81.157000,116.000000,188.000000
396.870000,81.940000,116.000000,188.000000
399.430000,82.699000,116.000000,188.000000
396.340000,81.511000,116.000000,188.000000
397.790000,81.653000,116.000000,188.000000
398.070000,80.871000,116.000000,188.000000
397.280000,82.110000,116.000000,188.000000
398.260000,78.418000,116.000000,188.000000
397.860000,82.025000,116.000000,188.000000
400.890000,78.148000,116.000000,188.000000
399.290000,81.788000,116.000000,188.000000
401.170000,79.558000,116.000000,188.000000
401.740000,80.323000,116.000000,188.000000
404.690000,79.607000,116.000000,188.000000
404.160000,79.216000,116.000000,188.000000
406.290000,77.711000,116.000000,188.000000
407.870000,78.752000,116.000000,188.000000
410.630000,77.778000,116.000000,188.000000
410.860000,77.194000,116.000000,188.000000
414.190000,76.510000,116.000000,188.000000
413.550000,77.276000,116.000000,188.000000
417.380000,75.048000,116.000000,188.000000
416.320000,75.521000,116.000000,188.000000
421.020000,76.265000,116.000000,188.000000
419.530000,75.228000,116.000000,188.000000
422.770000,76.767000,116.000000,188.000000
422.480000,76.161000,116.000000,188.000000
423.600000,75.650000,116.000000,188.000000
423.050000,77.410000,116.000000,188.000000
424.150000,76.353000,116.000000,188.000000
423.740000,77.652000,116.000000,188.000000
424.490000,78.081000,116.000000,188.000000
422.950000,77.234000,116.000000,188.000000
423.700000,78.765000,116.000000,188.000000
421.940000,78.557000,116.000000,188.000000
423.250000,77.398000,116.000000,188.000000
419.180000,77.757000,116.000000,188.000000
420.150000,77.207000,116.000000,188.000000
417.790000,75.313000,116.000000,188.000000
418.020000,76.846000,116.000000,188.000000
414.090000,76.313000,116.000000,188.000000
415.470000,76.119000,116.000000,188.000000
413.390000,75.155000,116.000000,188.000000
414.200000,75.979000,116.000000,188.000000
413.990000,77.194000,116.000000,188.000000
416.560000,75.080000,116.000000,188.000000
414.840000,76.626000,116.000000,188.000000
417.510000,76.909000,116.000000,188.000000
415.440000,75.578000,116.000000,188.000000
418.990000,75.624000,116.000000,188.000000
418.130000,74.349000,116.000000,188.000000
419.200000,73.636000,116.000000,188.000000
420.390000,74.190000,116.000000,188.000000
422.000000,72.033000,116.000000,188.000000
423.190000,72.979000,116.000000,188.000000
424.210000,74.317000,116.000000,188.000000
422.980000,71.330000,116.000000,188.000000
428.680000,71.819000,116.000000,188.000000
422.200000,72.645000,116.000000,188.000000
426.590000,73.207000,116.000000,188.000000
421.620000,68.008000,116.000000,188.000000
425.410000,74.355000,116.000000,188.000000
421.770000,67.081000,116.000000,188.000000
424.150000,74.646000,116.000000,188.000000
421.200000,67.262000,116.000000,188.000000
423.800000,73.824000,116.000000,188.000000
420.930000,68.275000,116.000000,188.000000
427.100000,71.016000,116.000000,188.000000
419.220000,68.620000,116.000000,188.000000
428.560000,72.090000,116.000000,188.000000
420.490000,65.915000,116.000000,188.000000
427.460000,73.236000,116.000000,188.000000
421.020000,67.979000,116.000000,188.000000
424.980000,74.183000,116.000000,188.000000
422.970000,65.496000,116.000000,188.000000
424.530000,76.212000,116.000000,188.000000
424.970000,64.902000,116.000000,188.000000
424.500000,76.253000,116.000000,188.000000
426.580000,64.479000,116.000000,188.000000
424.520000,74.614000,116.000000,188.000000
428.500000,65.592000,116.000000,188.000000
426.260000,71.420000,116.000000,188.000000
427.160000,68.782000,116.000000,188.000000
429.530000,72.256000,116.000000,188.000000
427.430000,68.572000,116.000000,188.000000
431.650000,72.690000,116.000000,188.000000
427.680000,68.806000,116.000000,188.000000
432.630000,72.772000,116.000000,188.000000
429.490000,68.671000,116.000000,188.000000
432.440000,73.707000,116.000000,188.000000
428.000000,69.691000,116.000000,188.000000
432.810000,75.213000,116.000000,188.000000
425.720000,69.476000,116.000000,188.000000
431.270000,75.593000,116.000000,188.000000
423.900000,71.504000,116.000000,188.000000
431.320000,74.863000,116.000000,188.000000
424.870000,72.573000,116.000000,188.000000
431.870000,74.620000,116.000000,188.000000
426.580000,73.107000,116.000000,188.000000
431.350000,73.969000,116.000000,188.000000
428.150000,73.878000,116.000000,188.000000
431.210000,74.590000,116.000000,188.000000
429.260000,73.640000,116.000000,188.000000
431.230000,74.404000,116.000000,188.000000
430.130000,73.610000,116.000000,188.000000
430.540000,74.204000,116.000000,188.000000
430.660000,72.981000,116.000000,188.000000
431.120000,74.164000,116.000000,188.000000
428.830000,70.509000,116.000000,188.000000
432.060000,74.509000,116.000000,188.000000
426.950000,70.625000,116.000000,188.000000
434.150000,74.733000,116.000000,188.000000
425.530000,72.074000,116.000000,188.000000
434.010000,72.166000,116.000000,188.000000
423.710000,73.053000,116.000000,188.000000
433.220000,71.158000,116.000000,188.000000
421.470000,73.661000,116.000000,188.000000
431.260000,71.719000,116.000000,188.000000
420.670000,73.593000,116.000000,188.000000
429.590000,71.757000,116.000000,188.000000
420.130000,74.071000,116.000000,188.000000
425.840000,70.308000,116.000000,188.000000
420.790000,73.379000,116.000000,188.000000
424.510000,71.438000,116.000000,188.000000
419.710000,73.415000,116.000000,188.000000
424.040000,70.881000,116.000000,188.000000
418.860000,73.554000,116.000000,188.000000
424.560000,71.048000,116.000000,188.000000
419.410000,71.761000,116.000000,188.000000
423.030000,72.410000,116.000000,188.000000
420.190000,70.566000,116.000000,188.000000
423.770000,73.043000,116.000000,188.000000
422.470000,69.601000,116.000000,188.000000
423.630000,73.487000,116.000000,188.000000
423.800000,70.099000,116.000000,188.000000
424.620000,71.914000,116.000000,188.000000
423.770000,71.318000,116.000000,188.000000
424.260000,70.306000,116.000000,188.000000
423.010000,70.600000,116.000000,188.000000
423.340000,70.513000,116.000000,188.000000
423.590000,70.284000,116.000000,188.000000
423.870000,70.067000,116.000000,188.000000
423.150000,69.498000,116.000000,188.000000
422.170000,71.605000,116.000000,188.000000
423.040000,71.423000,116.000000,188.000000
421.230000,71.322000,116.000000,188.000000
422.300000,71.923000,116.000000,188.000000
421.250000,71.954000,116.000000,188.000000
421.140000,71.712000,116.000000,188.000000
420.930000,70.926000,116.000000,188.000000
421.830000,72.314000,116.000000,188.000000
419.920000,70.252000,116.000000,188.000000
421.040000,72.108000,116.000000,188.000000
418.490000,70.054000,116.000000,188.000000
421.460000,72.377000,116.000000,188.000000
418.250000,70.682000,116.000000,188.000000
421.260000,73.266000,116.000000,188.000000
419.210000,70.861000,116.000000,188.000000
420.140000,74.043000,116.000000,188.000000
419.530000,71.085000,116.000000,188.000000
420.410000,73.350000,116.000000,188.000000
418.920000,72.614000,116.000000,188.000000
420.280000,74.889000,116.000000,188.000000
418.480000,73.959000,116.000000,188.000000
419.790000,75.153000,116.000000,188.000000
418.050000,73.639000,116.000000,188.000000
418.550000,76.712000,116.000000,188.000000
419.170000,75.624000,116.000000,188.000000
417.780000,76.811000,116.000000,188.000000
419.440000,77.151000,116.000000,188.000000
417.300000,76.267000,116.000000,188.000000
417.350000,76.529000,116.000000,188.000000
417.580000,77.430000,116.000000,188.000000
417.620000,76.165000,116.000000,188.000000
417.470000,76.166000,116.000000,188.000000
417.560000,75.375000,116.000000,188.000000
417.730000,77.136000,116.000000,188.000000
418.070000,75.129000,116.000000,188.000000
416.400000,76.607000,116.000000,188.000000
417.800000,76.711000,116.000000,188.000000
417.500000,76.594000,116.000000,188.000000
416.700000,77.682000,116.000000,188.000000
416.440000,77.240000,116.000000,188.000000
416.740000,77.402000,116.000000,188.000000
416.390000,78.368000,116.000000,188.000000
415.260000,78.835000,116.000000,188.000000
414.530000,79.739000,116.000000,188.000000
415.000000,79.380000,116.000000,188.000000
413.890000,79.972000,116.000000,188.000000
414.040000,81.406000,116.000000,188.000000
412.890000,80.381000,116.000000,188.000000
413.580000,82.229000,116.000000,188.000000
411.960000,80.091000,116.000000,188.000000
413.160000,83.979000,116.000000,188.000000
411.370000,81.074000,116.000000,188.000000
412.760000,81.832000,116.000000,188.000000
413.330000,83.104000,116.000000,188.000000
410.590000,80.168000,116.000000,188.000000
413.760000,82.888000,116.000000,188.000000
410.410000,80.860000,116.000000,188.000000
412.640000,82.148000,116.000000,188.000000
410.720000,79.687000,116.000000,188.000000
412.920000,82.704000,116.000000,188.000000
411.990000,79.669000,116.000000,188.000000
412.310000,81.830000,116.000000,188.000000
411.590000,80.296000,116.000000,188.000000
412.320000,80.244000,116.000000,188.000000
412.100000,80.931000,116.000000,188.000000
411.800000,81.537000,116.000000,188.000000
413.840000,81.215000,116.000000,188.000000
413.110000,80.244000,116.000000,188.000000
413.310000,82.258000,116.000000,188.000000
414.130000,81.004000,116.000000,188.000000
413.520000,82.227000,116.000000,188.000000
415.040000,82.617000,116.000000,188.000000
412.950000,82.597000,116.000000,188.000000
415.880000,83.108000,116.000000,188.000000
413.920000,82.772000,116.000000,188.000000
415.120000,84.556000,116.000000,188.000000
412.680000,83.852000,116.000000,188.000000
413.840000,84.863000,116.000000,188.000000
412.170000,84.983000,116.000000,188.000000
411.520000,86.260000,116.000000,188.000000
412.970000,84.059000,116.000000,188.000000
411.410000,86.453000,116.000000,188.000000
411.150000,84.985000,116.000000,188.000000
409.640000,86.914000,116.000000,188.000000
411.940000,87.022000,116.000000,188.000000
409.550000,85.001000,116.000000,188.000000
409.750000,87.239000,116.000000,188.000000
410.050000,85.900000,116.000000,188.000000
407.050000,88.243000,116.000000,188.000000
408.970000,85.148000,116.000000,188.000000
408.410000,87.798000,116.000000,188.000000
405.860000,85.924000,116.000000,188.000000
406.340000,87.571000,116.000000,188.000000
404.910000,85.856000,116.000000,188.000000
403.190000,87.393000,116.000000,188.000000
402.790000,86.069000,116.000000,188.000000
402.450000,85.192000,116.000000,188.000000
401.420000,85.952000,116.000000,188.000000
401.100000,86.276000,116.000000,188.000000
401.460000,84.600000,116.000000,188.000000
400.700000,85.924000,116.000000,188.000000
401.070000,84.674000,116.000000,188.000000
398.360000,85.017000,116.000000,188.000000
399.350000,83.276000,116.000000,188.000000
399.400000,84.710000,116.000000,188.000000
397.570000,84.867000,116.000000,188.000000
398.050000,84.697000,116.000000,188.000000
397.420000,85.119000,116.000000,188.000000
397.710000,83.843000,116.000000,188.000000
396.380000,86.077000,116.000000,188.000000
398.590000,82.301000,116.000000,188.000000
392.470000,87.346000,116.000000,188.000000
397.500000,83.335000,116.000000,188.000000
391.610000,88.321000,116.000000,188.000000
395.580000,84.244000,116.000000,188.000000
390.870000,89.407000,116.000000,188.000000
396.320000,84.529000,116.000000,188.000000
386.880000,89.608000,116.000000,188.000000
395.040000,86.654000,116.000000,188.000000
387.660000,90.744000,116.000000,188.000000
392.690000,86.418000,116.000000,188.000000
388.960000,91.527000,116.000000,188.000000
392.510000,87.587000,116.000000,188.000000
388.970000,91.229000,116.000000,188.000000
392.730000,87.968000,116.000000,188.000000
389.470000,92.962000,116.000000,188.000000
390.880000,90.169000,116.000000,188.000000
390.650000,92.680000,116.000000,188.000000
389.250000,94.252000,116.000000,188.000000
386.560000,93.151000,116.000000,188.000000
388.830000,98.447000,116.000000,188.000000
386.310000,98.783000,116.000000,188.000000
385.540000,101.410000,116.000000,188.000000
384.020000,101.400000,116.000000,188.000000
384.320000,103.470000,116.000000,188.000000
382.610000,102.780000,116.000000,188.000000
383.080000,104.850000,116.000000,188.000000
382.660000,102.140000,116.000000,188.000000
382.290000,104.620000,116.000000,188.000000
382.770000,103.700000,116.000000,188.000000
383.970000,104.900000,116.000000,188.000000
382.800000,106.560000,116.000000,188.000000
384.580000,104.060000,116.000000,188.000000
383.230000,106.690000,116.000000,188.000000
383.000000,106.570000,116.000000,188.000000
385.720000,107.530000,116.000000,188.000000
383.740000,108.360000,116.000000,188.000000
385.260000,108.910000,116.000000,188.000000
383.900000,111.140000,116.000000,188.000000
386.030000,107.910000,116.000000,188.000000
382.090000,113.870000,116.000000,188.000000
386.010000,108.890000,116.000000,188.000000
383.130000,114.970000,116.000000,188.000000
384.980000,109.210000,116.000000,188.000000
384.540000,113.900000,116.000000,188.000000
384.580000,113.260000,116.000000,188.000000
384.850000,113.490000,116.000000,188.000000
384.470000,115.510000,116.000000,188.000000
384.690000,115.140000,116.000000,188.000000
385.110000,116.630000,116.000000,188.000000
384.260000,116.660000,116.000000,188.000000
386.210000,117.870000,116.000000,188.000000
384.850000,118.940000,116.000000,188.000000
386.920000,119.210000,116.000000,188.000000
386.380000,119.330000,116.000000,188.000000
385.980000,121.380000,116.000000,188.000000
387.490000,120.070000,116.000000,188.000000
385.550000,123.860000,116.000000,188.000000
387.470000,124.130000,116.000000,188.000000
386.850000,125.740000,116.000000,188.000000
386.590000,126.860000,116.000000,188.000000
387.030000,128.470000,116.000000,188.000000
385.270000,128.680000,116.000000,188.000000
387.180000,131.720000,116.000000,188.000000
385.720000,131.470000,116.000000,188.000000
387.430000,133.780000,116.000000,188.000000
386.800000,135.650000,116.000000,188.000000
387.500000,135.320000,116.000000,188.000000
386.810000,136.760000,116.000000,188.000000
386.910000,138.100000,116.000000,188.000000
388.600000,138.100000,116.000000,188.000000
386.460000,140.030000,116.000000,188.000000
388.100000,140.370000,116.000000,188.000000
386.830000,143.120000,116.000000,188.000000
388.860000,141.770000,116.000000,188.000000
387.570000,146.440000,116.000000,188.000000
388.760000,143.140000,116.000000,188.000000
387.500000,148.420000,116.000000,188.000000
390.120000,146.920000,116.000000,188.000000
387.470000,152.340000,116.000000,188.000000
392.800000,146.970000,116.000000,188.000000
390.520000,157.760000,116.000000,188.000000
391.260000,148.870000,116.000000,188.000000
392.550000,160.150000,116.000000,188.000000
391.340000,149.370000,116.000000,188.000000
394.470000,160.890000,116.000000,188.000000
393.670000,154.600000,116.000000,188.000000
393.460000,160.530000,116.000000,188.000000
396.230000,156.320000,116.000000,188.000000
393.750000,163.310000,116.000000,188.000000
398.360000,158.950000,116.000000,188.000000
394.840000,167.790000,116.000000,188.000000
400.860000,160.360000,116.000000,188.000000
396.350000,169.370000,116.000000,188.000000
397.110000,160.920000,116.000000,188.000000
398.560000,170.660000,116.000000,188.000000
400.820000,163.140000,116.000000,188.000000
396.410000,169.570000,116.000000,188.000000
401.430000,163.170000,116.000000,188.000000
398.000000,171.880000,116.000000,188.000000
401.870000,163.770000,116.000000,188.000000
397.780000,171.980000,116.000000,188.000000
401.160000,162.140000,116.000000,188.000000
400.390000,172.900000,116.000000,188.000000
404.050000,166.040000,116.000000,188.000000
397.750000,172.920000,116.000000,188.000000
408.160000,169.890000,116.000000,188.000000
395.370000,168.680000,116.000000,188.000000
408.090000,172.430000,116.000000,188.000000
399.480000,165.950000,116.000000,188.000000
402.640000,172.040000,116.000000,188.000000
405.020000,168.970000,116.000000,188.000000
400.200000,173.060000,116.000000,188.000000
404.100000,165.540000,116.000000,188.000000
402.430000,175.030000,116.000000,188.000000
401.180000,164.570000,116.000000,188.000000
404.400000,174.110000,116.000000,188.000000
403.940000,166.580000,116.000000,188.000000
398.170000,174.490000,116.000000,188.000000
400.800000,164.770000,116.000000,188.000000
402.280000,175.360000,116.000000,188.000000
396.830000,164.050000,116.000000,188.000000
399.980000,170.310000,116.000000,188.000000
401.220000,167.390000,116.000000,188.000000
394.140000,169.980000,116.000000,188.000000
399.730000,168.180000,116.000000,188.000000
397.860000,170.270000,116.000000,188.000000
399.820000,167.890000,116.000000,188.000000
394.730000,171.770000,116.000000,188.000000
399.580000,166.960000,116.000000,188.000000
396.160000,173.410000,116.000000,188.000000
396.940000,164.930000,116.000000,188.000000
400.130000,173.980000,116.000000,188.000000
395.030000,168.510000,116.000000,188.000000
397.810000,168.760000,116.000000,188.000000
397.660000,168.860000,116.000000,188.000000
397.850000,169.260000,116.000000,188.000000
397.430000,168.790000,116.000000,188.000000
397.440000,170.200000,116.000000,188.000000
398.530000,167.260000,116.000000,188.000000
396.080000,170.660000,116.000000,188.000000
397.480000,168.260000,116.000000,188.000000
398.140000,168.680000,116.000000,188.000000
396.930000,169.290000,116.000000,188.000000
397.580000,168.900000,116.000000,188.000000
397.700000,169.900000,116.000000,188.000000
396.760000,168.940000,116.000000,188.000000
397.350000,171.350000,116.000000,188.000000
396.710000,166.600000,116.000000,188.000000
397.070000,171.870000,116.000000,188.000000
395.600000,167.770000,116.000000,188.000000
397.820000,171.000000,116.000000,188.000000
397.430000,167.670000,116.000000,188.000000
396.940000,168.930000,116.000000,188.000000
398.480000,168.980000,116.000000,188.000000
395.950000,169.430000,116.000000,188.000000
398.600000,167.250000,116.000000,188.000000
396.460000,168.630000,116.000000,188.000000
397.450000,168.910000,116.000000,188.000000
396.780000,169.970000,116.000000,188.000000
398.080000,168.460000,116.000000,188.000000
395.630000,168.650000,116.000000,188.000000
398.060000,168.920000,116.000000,188.000000
396.080000,169.050000,116.000000,188.000000
397.290000,167.750000,116.000000,188.000000
397.060000,169.830000,116.000000,188.000000
396.740000,168.750000,116.000000,188.000000
397.740000,168.800000,116.000000,188.000000
397.850000,169.290000,116.000000,188.000000
397.270000,168.500000,116.000000,188.000000
397.350000,168.790000,116.000000,188.000000
396.520000,168.140000,116.000000,188.000000
397.950000,168.650000,116.000000,188.000000
397.620000,168.200000,116.000000,188.000000
397.780000,167.920000,116.000000,188.000000
396.260000,169.190000,116.000000,188.000000
397.040000,166.780000,116.000000,188.000000
396.580000,169.650000,116.000000,188.000000
397.440000,166.660000,116.000000,188.000000
396.520000,169.800000,116.000000,188.000000
397.400000,167.270000,116.000000,188.000000
396.630000,168.080000,116.000000,188.000000
397.570000,167.600000,116.000000,188.000000
396.860000,168.450000,116.000000,188.000000
397.790000,167.350000,116.000000,188.000000
396.610000,168.860000,116.000000,188.000000
397.770000,168.130000,116.000000,188.000000
397.650000,167.490000,116.000000,188.000000
397.430000,168.280000,116.000000,188.000000
396.690000,167.660000,116.000000,188.000000
397.210000,168.010000,116.000000,188.000000
396.710000,165.880000,116.000000,188.000000
397.440000,170.610000,116.000000,188.000000
396.830000,165.760000,116.000000,188.000000
397.430000,169.770000,116.000000,188.000000
396.800000,166.730000,116.000000,188.000000
398.220000,169.030000,116.000000,188.000000
396.220000,166.310000,116.000000,188.000000
396.750000,168.370000,116.000000,188.000000
398.000000,166.760000,116.000000,188.000000
396.630000,169.270000,116.000000,188.000000
397.520000,166.480000,116.000000,188.000000
397.010000,168.960000,116.000000,188.000000
396.430000,168.140000,116.000000,188.000000
397.630000,166.630000,116.000000,188.000000
397.230000,169.250000,116.000000,188.000000
396.860000,166.080000,116.000000,188.000000
397.910000,168.150000,116.000000,188.000000
397.630000,166.540000,116.000000,188.000000
397.380000,168.640000,116.000000,188.000000
397.620000,166.400000,116.000000,188.000000
398.200000,168.050000,116.000000,188.000000
396.180000,166.160000,116.000000,188.000000
396.700000,167.740000,116.000000,188.000000
397.360000,167.380000,116.000000,188.000000
397.060000,167.350000,116.000000,188.000000
396.040000,166.540000,116.000000,188.000000
396.710000,168.320000,116.000000,188.000000
397.290000,165.680000,116.000000,188.000000
396.420000,169.190000,116.000000,188.000000
396.180000,165.280000,116.000000,188.000000
396.690000,168.570000,116.000000,188.000000
396.860000,166.740000,116.000000,188.000000
397.710000,167.640000,116.000000,188.000000
396.240000,166.470000,116.000000,188.000000
396.790000,167.300000,116.000000,188.000000
397.730000,166.300000,116.000000,188.000000
397.470000,167.300000,116.000000,188.000000
396.250000,166.700000,116.000000,188.000000
397.180000,167.780000,116.000000,188.000000
396.360000,167.160000,116.000000,188.000000
397.810000,167.170000,116.000000,188.000000
397.830000,166.920000,116.000000,188.000000
397.810000,167.800000,116.000000,188.000000
397.490000,167.760000,116.000000,188.000000
397.180000,167.460000,116.000000,188.000000
396.210000,167.320000,116.000000,188.000000
397.090000,167.160000,116.000000,188.000000
396.880000,166.470000,116.000000,188.000000
397.530000,168.170000,116.000000,188.000000
397.410000,166.170000,116.000000,188.000000
397.440000,167.790000,116.000000,188.000000
397.490000,167.160000,116.000000,188.000000
396.770000,167.280000,116.000000,188.000000
398.280000,167.020000,116.000000,188.000000
396.330000,166.270000,116.000000,188.000000
397.550000,168.250000,116.000000,188.000000
397.420000,166.410000,116.000000,188.000000
397.460000,167.590000,116.000000,188.000000
397.760000,166.870000,116.000000,188.000000
397.820000,168.570000,116.000000,188.000000
397.470000,166.840000,116.000000,188.000000
397.620000,168.470000,116.000000,188.000000
396.850000,166.240000,116.000000,188.000000
397.600000,167.840000,116.000000,188.000000
397.360000,167.980000,116.000000,188.000000
397.290000,167.370000,116.000000,188.000000
396.730000,166.840000,116.000000,188.000000
397.300000,168.040000,116.000000,188.000000
397.170000,165.600000,116.000000,188.000000
396.490000,167.860000,116.000000,188.000000
397.140000,167.440000,116.000000,188.000000
396.320000,166.920000,116.000000,188.000000
396.850000,167.880000,116.000000,188.000000
397.230000,166.760000,116.000000,188.000000
397.100000,167.570000,116.000000,188.000000
396.850000,166.160000,116.000000,188.000000
398.100000,166.910000,116.000000,188.000000
396.110000,168.120000,116.000000,188.000000
396.620000,165.420000,116.000000,188.000000
396.780000,168.020000,116.000000,188.000000
397.410000,164.590000,116.000000,188.000000
396.410000,168.630000,116.000000,188.000000
396.250000,165.270000,116.000000,188.000000
396.320000,168.340000,116.000000,188.000000
396.540000,165.010000,116.000000,188.000000
397.340000,166.650000,116.000000,188.000000
396.060000,166.820000,116.000000,188.000000
396.190000,166.500000,116.000000,188.000000
396.440000,166.690000,116.000000,188.000000
396.240000,166.980000,116.000000,188.000000
395.620000,167.550000,116.000000,188.000000
396.640000,166.080000,116.000000,188.000000
395.980000,167.370000,116.000000,188.000000
397.030000,165.150000,116.000000,188.000000
395.030000,167.070000,116.000000,188.000000
395.770000,165.130000,116.000000,188.000000
396.570000,166.240000,116.000000,188.000000
396.250000,166.270000,116.000000,188.000000
395.370000,166.200000,116.000000,188.000000
395.580000,165.840000,116.000000,188.000000
395.930000,168.280000,116.000000,188.000000
396.460000,164.650000,116.000000,188.000000
395.160000,169.580000,116.000000,188.000000
396.580000,164.280000,116.000000,188.000000
395.510000,168.940000,116.000000,188.000000
396.030000,166.190000,116.000000,188.000000
395.050000,167.590000,116.000000,188.000000
395.860000,167.010000,116.000000,188.000000
396.460000,166.560000,116.000000,188.000000
394.970000,167.950000,116.000000,188.000000
396.750000,167.220000,116.000000,188.000000
396.150000,167.420000,116.000000,188.000000
395.580000,166.930000,116.000000,188.000000
395.370000,169.040000,116.000000,188.000000
395.180000,165.470000,116.000000,188.000000
395.410000,169.450000,116.000000,188.000000
395.380000,165.750000,116.000000,188.000000
394.910000,169.930000,116.000000,188.000000
396.070000,165.330000,116.000000,188.000000
394.390000,168.360000,116.000000,188.000000
395.720000,164.860000,116.000000,188.000000
395.950000,168.440000,116.000000,188.000000
395.810000,165.020000,116.000000,188.000000
394.340000,166.990000,116.000000,188.000000
395.810000,165.970000,116.000000,188.000000
395.210000,166.320000,116.000000,188.000000
394.300000,165.000000,116.000000,188.000000
395.160000,166.630000,116.000000,188.000000
394.440000,163.610000,116.000000,188.000000
394.660000,165.750000,116.000000,188.000000
395.180000,162.760000,116.000000,188.000000
394.660000,163.530000,116.000000,188.000000
395.460000,162.280000,116.000000,188.000000
394.720000,161.640000,116.000000,188.000000
394.750000,162.110000,116.000000,188.000000
395.320000,159.880000,116.000000,188.000000
394.090000,162.460000,116.000000,188.000000
394.550000,159.390000,116.000000,188.000000
394.920000,161.170000,116.000000,188.000000
395.200000,158.200000,116.000000,188.000000
393.320000,160.510000,116.000000,188.000000
396.490000,157.650000,116.000000,188.000000
394.030000,159.560000,116.000000,188.000000
394.840000,155.710000,116.000000,188.000000
395.580000,159.590000,116.000000,188.000000
393.950000,155.590000,116.000000,188.000000
396.550000,156.700000,116.000000,188.000000
393.530000,154.320000,116.000000,188.000000
395.560000,155.120000,116.000000,188.000000
394.200000,153.760000,116.000000,188.000000
393.700000,156.200000,116.000000,188.000000
395.700000,152.090000,116.000000,188.000000
395.110000,154.810000,116.000000,188.000000
394.780000,153.910000,116.000000,188.000000
396.100000,153.270000,116.000000,188.000000
394.920000,151.110000,116.000000,188.000000
396.980000,153.170000,116.000000,188.000000
395.840000,148.040000,116.000000,188.000000
396.660000,152.810000,116.000000,188.000000
396.580000,149.300000,116.000000,188.000000
397.230000,149.770000,116.000000,188.000000
395.580000,149.330000,116.000000,188.000000
397.010000,147.330000,116.000000,188.000000
395.550000,146.360000,116.000000,188.000000
396.480000,147.200000,116.000000,188.000000
395.460000,147.310000,116.000000,188.000000
396.010000,150.200000,116.000000,188.000000
395.810000,145.360000,116.000000,188.000000
395.720000,148.630000,116.000000,188.000000
396.780000,142.630000,116.000000,188.000000
395.500000,146.990000,116.000000,188.000000
395.890000,146.540000,116.000000,188.000000
394.340000,137.960000,121.800000,197.400000
392.820000,139.160000,121.800000,197.400000
393.790000,139.230000,121.800000,197.400000
393.270000,139.290000,121.800000,197.400000
392.850000,137.710000,121.800000,197.400000
395.110000,137.580000,121.800000,197.400000
392.720000,135.840000,121.800000,197.400000
394.840000,137.830000,121.800000,197.400000
393.220000,134.660000,121.800000,197.400000
393.720000,137.250000,121.800000,197.400000
394.310000,135.950000,121.800000,197.400000
393.580000,133.860000,121.800000,197.400000
394.230000,134.700000,121.800000,197.400000
393.400000,133.290000,121.800000,197.400000
394.060000,135.890000,121.800000,197.400000
393.650000,134.350000,121.800000,197.400000
394.660000,136.830000,121.800000,197.400000
393.230000,136.450000,121.800000,197.400000
391.000000,127.330000,127.890000,207.270000
392.190000,130.770000,127.890000,207.270000
388.800000,125.600000,127.890000,207.270000
393.470000,131.050000,127.890000,207.270000
389.210000,126.990000,127.890000,207.270000
391.200000,132.980000,127.890000,207.270000
387.700000,116.990000,134.280000,217.630000
388.750000,126.620000,134.280000,217.630000
388.000000,116.050000,134.280000,217.630000
387.820000,125.900000,134.280000,217.630000
389.320000,118.110000,134.280000,217.630000
388.020000,123.340000,134.280000,217.630000
388.130000,119.830000,134.280000,217.630000
388.400000,122.820000,134.280000,217.630000
388.840000,120.420000,134.280000,217.630000
389.570000,120.390000,134.280000,217.630000
388.190000,118.940000,134.280000,217.630000
389.000000,121.090000,134.280000,217.630000
388.210000,117.720000,134.280000,217.630000
388.890000,118.400000,134.280000,217.630000
386.560000,116.380000,134.280000,217.630000
389.520000,117.990000,134.280000,217.630000
387.460000,117.250000,134.280000,217.630000
388.940000,116.510000,134.280000,217.630000
387.050000,115.780000,134.280000,217.630000
388.140000,116.880000,134.280000,217.630000
388.280000,114.210000,134.280000,217.630000
387.860000,113.730000,134.280000,217.630000
387.930000,112.590000,134.280000,217.630000
388.580000,113.360000,134.280000,217.630000
389.410000,111.600000,134.280000,217.630000
387.620000,111.960000,134.280000,217.630000
390.210000,112.640000,134.280000,217.630000
387.460000,109.940000,134.280000,217.630000
390.310000,110.810000,134.280000,217.630000
388.660000,107.840000,134.280000,217.630000
391.490000,108.750000,134.280000,217.630000
388.430000,105.990000,134.280000,217.630000
391.100000,109.860000,134.280000,217.630000
385.990000,96.443000,141.000000,228.520000
387.480000,102.290000,141.000000,228.520000
386.590000,97.292000,141.000000,228.520000
386.760000,101.510000,141.000000,228.520000
386.480000,98.365000,141.000000,228.520000
389.160000,101.220000,141.000000,228.520000
385.420000,98.505000,141.000000,228.520000
388.790000,103.640000,141.000000,228.520000
385.760000,99.255000,141.000000,228.520000
388.090000,101.460000,141.000000,228.520000
387.580000,100.940000,141.000000,228.520000
386.040000,100.620000,141.000000,228.520000
389.490000,102.420000,141.000000,228.520000
386.960000,100.200000,141.000000,228.520000
387.750000,101.950000,141.000000,228.520000
387.870000,99.353000,141.000000,228.520000
388.000000,100.820000,141.000000,228.520000
387.970000,98.338000,141.000000,228.520000
389.040000,99.202000,141.000000,228.520000
388.100000,96.436000,141.000000,228.520000
388.660000,99.866000,141.000000,228.520000
387.320000,94.945000,141.000000,228.520000
389.780000,100.170000,141.000000,228.520000
385.790000,95.568000,141.000000,228.520000
391.420000,99.981000,141.000000,228.520000
385.680000,94.887000,141.000000,228.520000
389.590000,100.860000,141.000000,228.520000
386.490000,95.016000,141.000000,228.520000
391.050000,101.360000,141.000000,228.520000
385.900000,96.486000,141.000000,228.520000
390.830000,100.220000,141.000000,228.520000
386.170000,96.723000,141.000000,228.520000
391.160000,100.020000,141.000000,228.520000
386.250000,96.415000,141.000000,228.520000
390.650000,99.062000,141.000000,228.520000
385.630000,96.371000,141.000000,228.520000
390.280000,99.439000,141.000000,228.520000
387.250000,96.513000,141.000000,228.520000
389.800000,99.616000,141.000000,228.520000
385.980000,96.950000,141.000000,228.520000
389.260000,98.595000,141.000000,228.520000
386.830000,97.509000,141.000000,228.520000
386.700000,98.734000,141.000000,228.520000
385.510000,98.704000,141.000000,228.520000
385.540000,98.903000,141.000000,228.520000
385.120000,97.428000,141.000000,228.520000
385.690000,100.450000,141.000000,228.520000
385.960000,97.977000,141.000000,228.520000
384.630000,98.665000,141.000000,228.520000
384.390000,99.071000,141.000000,228.520000
385.840000,97.222000,141.000000,228.520000
383.830000,98.667000,141.000000,228.520000
384.460000,97.918000,141.000000,228.520000
384.470000,97.568000,141.000000,228.520000
385.200000,98.369000,141.000000,228.520000
383.060000,96.412000,141.000000,228.520000
384.230000,97.590000,141.000000,228.520000
383.530000,97.371000,141.000000,228.520000
382.270000,97.198000,141.000000,228.520000
384.230000,96.886000,141.000000,228.520000
382.870000,96.527000,141.000000,228.520000
382.200000,97.438000,141.000000,228.520000
383.410000,96.822000,141.000000,228.520000
383.500000,95.284000,141.000000,228.520000
382.560000,97.438000,141.000000,228.520000
382.140000,96.049000,141.000000,228.520000
383.800000,96.872000,141.000000,228.520000
381.560000,95.480000,141.000000,228.520000
382.060000,97.781000,141.000000,228.520000
381.870000,94.648000,141.000000,228.520000
382.080000,99.105000,141.000000,228.520000
382.730000,95.253000,141.000000,228.520000
380.250000,99.522000,141.000000,228.520000
383.760000,96.960000,141.000000,228.520000
378.820000,98.114000,141.000000,228.520000
383.880000,97.843000,141.000000,228.520000
378.930000,97.688000,141.000000,228.520000
383.530000,99.036000,141.000000,228.520000
378.870000,97.018000,141.000000,228.520000
383.080000,98.040000,141.000000,228.520000
379.500000,97.018000,141.000000,228.520000
384.320000,97.764000,141.000000,228.520000
379.480000,96.935000,141.000000,228.520000
384.540000,97.397000,141.000000,228.520000
378.520000,98.000000,141.000000,228.520000
383.700000,97.541000,141.000000,228.520000
379.390000,98.589000,141.000000,228.520000
383.940000,98.332000,141.000000,228.520000
379.320000,98.094000,141.000000,228.520000
384.560000,98.089000,141.000000,228.520000
377.640000,97.739000,141.000000,228.520000
384.350000,99.579000,141.000000,228.520000
379.690000,97.217000,141.000000,228.520000
382.370000,98.850000,141.000000,228.520000
381.390000,97.438000,141.000000,228.520000
382.200000,99.165000,141.000000,228.520000
380.770000,98.024000,141.000000,228.520000
381.370000,98.724000,141.000000,228.520000
382.000000,99.360000,141.000000,228.520000
380.300000,97.670000,141.000000,228.520000
382.530000,100.230000,141.000000,228.520000
378.770000,97.044000,141.000000,228.520000
382.810000,99.724000,141.000000,228.520000
379.190000,98.731000,141.000000,228.520000
382.610000,99.609000,141.000000,228.520000
378.060000,98.382000,141.000000,228.520000
382.820000,99.300000,141.000000,228.520000
377.700000,98.338000,141.000000,228.520000
381.980000,99.388000,141.000000,228.520000
378.570000,98.591000,141.000000,228.520000
380.940000,100.060000,141.000000,228.520000
379.220000,97.936000,141.000000,228.520000
380.640000,99.176000,141.000000,228.520000
377.890000,98.526000,141.000000,228.520000
380.730000,100.170000,141.000000,228.520000
377.630000,98.046000,141.000000,228.520000
379.600000,99.708000,141.000000,228.520000
377.860000,98.991000,141.000000,228.520000
380.140000,99.422000,141.000000,228.520000
378.390000,99.754000,141.000000,228.520000
379.950000,98.628000,141.000000,228.520000
378.240000,100.440000,141.000000,228.520000
379.840000,99.674000,141.000000,228.520000
377.550000,99.921000,141.000000,228.520000
379.220000,98.438000,141.000000,228.520000
379.340000,100.900000,141.000000,228.520000
379.690000,97.986000,141.000000,228.520000
378.410000,100.020000,141.000000,228.520000
380.860000,98.532000,141.000000,228.520000
378.440000,100.340000,141.000000,228.520000
380.790000,98.204000,141.000000,228.520000
378.260000,99.259000,141.000000,228.520000
381.100000,98.793000,141.000000,228.520000
378.560000,97.587000,141.000000,228.520000
379.670000,100.680000,141.000000,228.520000
379.220000,98.149000,141.000000,228.520000
380.880000,98.799000,141.000000,228.520000
379.470000,97.592000,141.000000,228.520000
381.800000,98.716000,141.000000,228.520000
378.300000,98.304000,141.000000,228.520000
382.050000,97.722000,141.000000,228.520000
378.580000,99.553000,141.000000,228.520000
380.940000,97.573000,141.000000,228.520000
379.760000,99.269000,141.000000,228.520000
380.310000,97.711000,141.000000,228.520000
380.470000,99.647000,141.000000,228.520000
380.930000,97.905000,141.000000,228.520000
379.960000,98.052000,141.000000,228.520000
381.000000,97.739000,141.000000,228.520000
380.360000,99.318000,141.000000,228.520000
382.040000,97.015000,141.000000,228.520000
379.820000,98.710000,141.000000,228.520000
380.250000,97.985000,141.000000,228.520000
380.860000,97.176000,141.000000,228.520000
379.790000,98.531000,141.000000,228.520000
380.150000,97.428000,141.000000,228.520000
380.610000,97.695000,141.000000,228.520000
379.320000,98.293000,141.000000,228.520000
381.720000,96.283000,141.000000,228.520000
377.550000,98.329000,141.000000,228.520000
381.520000,96.727000,141.000000,228.520000
377.720000,98.580000,141.000000,228.520000
381.090000,96.481000,141.000000,228.520000
378.290000,97.606000,141.000000,228.520000
380.760000,96.020000,141.000000,228.520000
377.610000,96.984000,141.000000,228.520000
379.170000,96.356000,141.000000,228.520000
378.380000,97.410000,141.000000,228.520000
379.320000,96.213000,141.000000,228.520000
377.820000,97.128000,141.000000,228.520000
377.810000,96.198000,141.000000,228.520000
377.620000,96.791000,141.000000,228.520000
376.340000,96.072000,141.000000,228.520000
377.690000,96.119000,141.000000,228.520000
374.670000,96.408000,141.000000,228.520000
376.620000,96.978000,141.000000,228.520000
374.210000,95.715000,141.000000,228.520000
376.130000,97.400000,141.000000,228.520000
374.280000,96.226000,141.000000,228.520000
375.170000,95.922000,141.000000,228.520000
372.680000,96.341000,141.000000,228.520000
372.590000,96.180000,141.000000,228.520000
372.150000,96.547000,141.000000,228.520000
373.330000,96.779000,141.000000,228.520000
372.330000,96.013000,141.000000,228.520000
372.620000,96.685000,141.000000,228.520000
370.610000,98.239000,141.000000,228.520000
372.400000,95.761000,141.000000,228.520000
371.620000,96.644000,141.000000,228.520000
369.940000,97.487000,141.000000,228.520000
371.530000,96.413000,141.000000,228.520000
368.420000,97.336000,141.000000,228.520000
372.440000,95.658000,141.000000,228.520000
368.700000,98.475000,141.000000,228.520000
371.160000,96.108000,141.000000,228.520000
368.880000,97.824000,141.000000,228.520000
369.870000,96.134000,141.000000,228.520000
368.140000,97.774000,141.000000,228.520000
369.680000,96.697000,141.000000,228.520000
367.180000,98.471000,141.000000,228.520000
369.130000,96.715000,141.000000,228.520000
367.870000,98.535000,141.000000,228.520000
367.870000,97.198000,141.000000,228.520000
367.450000,97.876000,141.000000,228.520000
368.690000,96.916000,141.000000,228.520000
366.000000,99.319000,141.000000,228.520000
368.500000,96.998000,141.000000,228.520000
364.260000,99.090000,141.000000,228.520000
369.840000,97.512000,141.000000,228.520000
363.680000,100.810000,141.000000,228.520000
369.970000,95.659000,141.000000,228.520000
362.820000,102.590000,141.000000,228.520000
369.200000,95.971000,141.000000,228.520000
364.220000,100.780000,141.000000,228.520000
369.600000,95.850000,141.000000,228.520000
362.900000,100.270000,141.000000,228.520000
368.790000,97.058000,141.000000,228.520000
362.750000,99.736000,141.000000,228.520000
369.260000,98.413000,141.000000,228.520000
363.670000,99.858000,141.000000,228.520000
366.820000,97.062000,141.000000,228.520000
365.090000,100.100000,141.000000,228.520000
366.200000,96.909000,141.000000,228.520000
366.320000,99.489000,141.000000,228.520000
366.590000,98.497000,141.000000,228.520000
365.180000,98.174000,141.000000,228.520000
367.420000,97.970000,141.000000,228.520000
365.200000,97.884000,141.000000,228.520000
366.290000,97.948000,141.000000,228.520000
365.460000,98.236000,141.000000,228.520000
366.140000,97.833000,141.000000,228.520000
365.310000,97.717000,141.000000,228.520000
365.240000,99.436000,141.000000,228.520000
365.980000,97.707000,141.000000,228.520000
364.520000,100.130000,141.000000,228.520000
364.700000,96.805000,141.000000,228.520000
364.200000,98.254000,141.000000,228.520000
365.770000,97.884000,141.000000,228.520000
364.120000,97.917000,141.000000,228.520000
365.570000,97.932000,141.000000,228.520000
363.400000,98.340000,141.000000,228.520000
366.110000,98.376000,141.000000,228.520000
363.520000,98.641000,141.000000,228.520000
364.760000,99.278000,141.000000,228.520000
362.980000,97.696000,141.000000,228.520000
365.640000,99.937000,141.000000,228.520000
363.140000,97.114000,141.000000,228.520000
365.040000,99.983000,141.000000,228.520000
363.160000,97.632000,141.000000,228.520000
363.540000,100.170000,141.000000,228.520000
362.920000,98.094000,141.000000,228.520000
363.470000,98.837000,141.000000,228.520000
363.370000,98.250000,141.000000,228.520000
362.770000,100.070000,141.000000,228.520000
362.980000,99.529000,141.000000,228.520000
363.900000,100.290000,141.000000,228.520000
361.030000,100.470000,141.000000,228.520000
363.940000,101.020000,141.000000,228.520000
359.810000,100.220000,141.000000,228.520000
364.210000,101.590000,141.000000,228.520000
360.230000,102.090000,141.000000,228.520000
362.480000,100.860000,141.000000,228.520000
361.170000,102.300000,141.000000,228.520000
362.220000,102.190000,141.000000,228.520000
360.800000,103.560000,141.000000,228.520000
360.110000,103.070000,141.000000,228.520000
361.450000,103.760000,141.000000,228.520000
360.160000,102.840000,141.000000,228.520000
361.960000,104.440000,141.000000,228.520000
358.920000,104.390000,141.000000,228.520000
361.130000,106.330000,141.000000,228.520000
359.060000,103.950000,141.000000,228.520000
361.720000,106.520000,141.000000,228.520000
357.580000,105.610000,141.000000,228.520000
360.390000,107.770000,141.000000,228.520000
359.690000,103.670000,141.000000,228.520000
361.560000,109.680000,141.000000,228.520000
358.020000,105.260000,141.000000,228.520000
363.350000,109.310000,141.000000,228.520000
358.000000,105.530000,141.000000,228.520000
363.270000,109.740000,141.000000,228.520000
356.700000,104.850000,141.000000,228.520000
364.380000,120.000000,134.280000,217.630000
361.640000,112.220000,134.280000,217.630000
365.160000,119.100000,134.280000,217.630000
359.370000,115.160000,134.280000,217.630000
366.180000,119.330000,134.280000,217.630000
359.520000,113.090000,134.280000,217.630000
366.540000,121.660000,134.280000,217.630000
360.080000,114.100000,134.280000,217.630000
365.220000,124.780000,134.280000,217.630000
361.430000,113.030000,134.280000,217.630000
363.350000,125.650000,134.280000,217.630000
362.750000,112.960000,134.280000,217.630000
363.430000,125.490000,134.280000,217.630000
364.130000,113.570000,134.280000,217.630000
363.030000,124.550000,134.280000,217.630000
362.550000,114.860000,134.280000,217.630000
363.930000,124.540000,134.280000,217.630000
362.340000,115.520000,134.280000,217.630000
365.130000,123.640000,134.280000,217.630000
361.890000,117.340000,134.280000,217.630000
365.260000,122.300000,134.280000,217.630000
363.360000,117.620000,134.280000,217.630000
365.830000,121.730000,134.280000,217.630000
363.480000,119.400000,134.280000,217.630000
364.940000,120.270000,134.280000,217.630000
363.420000,121.690000,134.280000,217.630000
365.670000,120.650000,134.280000,217.630000
364.180000,122.520000,134.280000,217.630000
364.330000,119.360000,134.280000,217.630000
365.160000,120.300000,134.280000,217.630000
364.170000,121.830000,134.280000,217.630000
364.730000,120.460000,134.280000,217.630000
365.960000,121.010000,134.280000,217.630000
362.600000,120.780000,134.280000,217.630000
368.490000,120.030000,134.280000,217.630000
362.100000,120.040000,134.280000,217.630000
367.010000,119.690000,134.280000,217.630000
363.200000,119.760000,134.280000,217.630000
366.330000,118.610000,134.280000,217.630000
363.860000,121.320000,134.280000,217.630000
364.040000,116.570000,134.280000,217.630000
364.850000,122.210000,134.280000,217.630000
365.370000,115.260000,134.280000,217.630000
365.160000,122.420000,134.280000,217.630000
365.260000,116.260000,134.280000,217.630000
364.340000,120.340000,134.280000,217.630000
365.440000,117.890000,134.280000,217.630000
364.560000,119.670000,134.280000,217.630000
365.610000,117.180000,134.280000,217.630000
365.120000,120.550000,134.280000,217.630000
364.850000,115.640000,134.280000,217.630000
365.880000,118.960000,134.280000,217.630000
362.910000,117.350000,134.280000,217.630000
365.190000,116.870000,134.280000,217.630000
364.570000,118.980000,134.280000,217.630000
364.870000,117.640000,134.280000,217.630000
362.670000,117.960000,134.280000,217.630000
367.300000,117.510000,134.280000,217.630000
362.290000,117.970000,134.280000,217.630000
366.520000,118.280000,134.280000,217.630000
363.510000,116.950000,134.280000,217.630000
366.040000,119.500000,134.280000,217.630000
362.180000,116.170000,134.280000,217.630000
365.420000,120.270000,134.280000,217.630000
363.760000,116.070000,134.280000,217.630000
366.360000,120.350000,134.280000,217.630000
362.960000,116.110000,134.280000,217.630000
366.130000,120.840000,134.280000,217.630000
363.060000,116.800000,134.280000,217.630000
365.660000,120.010000,134.280000,217.630000
364.760000,117.990000,134.280000,217.630000
365.220000,118.960000,134.280000,217.630000
364.420000,117.810000,134.280000,217.630000
364.500000,119.300000,134.280000,217.630000
364.850000,117.870000,134.280000,217.630000
365.520000,118.510000,134.280000,217.630000
365.370000,118.410000,134.280000,217.630000
365.760000,119.030000,134.280000,217.630000
365.180000,118.770000,134.280000,217.630000
364.900000,119.300000,134.280000,217.630000
364.640000,117.540000,134.280000,217.630000
366.000000,119.270000,134.280000,217.630000
363.810000,117.270000,134.280000,217.630000
367.790000,118.820000,134.280000,217.630000
364.940000,117.970000,134.280000,217.630000
365.550000,119.420000,134.280000,217.630000
365.090000,117.550000,134.280000,217.630000
366.080000,118.520000,134.280000,217.630000
365.480000,118.760000,134.280000,217.630000
366.850000,119.440000,134.280000,217.630000
365.440000,117.350000,134.280000,217.630000
367.120000,119.780000,134.280000,217.630000
365.060000,118.360000,134.280000,217.630000
366.970000,119.430000,134.280000,217.630000
364.660000,117.850000,134.280000,217.630000
368.450000,120.150000,134.280000,217.630000
364.260000,119.680000,134.280000,217.630000
367.330000,119.470000,134.280000,217.630000
365.250000,117.500000,134.280000,217.630000
367.060000,120.260000,134.280000,217.630000
365.210000,117.670000,134.280000,217.630000
366.450000,119.550000,134.280000,217.630000
365.710000,117.960000,134.280000,217.630000
366.830000,120.380000,134.280000,217.630000
365.080000,117.190000,134.280000,217.630000
365.980000,118.860000,134.280000,217.630000
365.220000,119.040000,134.280000,217.630000
366.440000,119.300000,134.280000,217.630000
365.240000,117.460000,134.280000,217.630000
365.920000,119.400000,134.280000,217.630000
365.160000,117.790000,134.280000,217.630000
365.980000,119.860000,134.280000,217.630000
364.630000,117.980000,134.280000,217.630000
367.660000,119.540000,134.280000,217.630000
364.990000,118.000000,134.280000,217.630000
365.290000,118.450000,134.280000,217.630000
366.250000,118.560000,134.280000,217.630000
365.320000,118.400000,134.280000,217.630000
366.290000,118.370000,134.280000,217.630000
365.750000,117.890000,134.280000,217.630000
366.320000,119.150000,134.280000,217.630000
365.360000,118.760000,134.280000,217.630000
365.360000,118.260000,134.280000,217.630000
366.510000,117.920000,134.280000,217.630000
365.800000,119.320000,134.280000,217.630000
366.460000,117.460000,134.280000,217.630000
364.920000,118.140000,134.280000,217.630000
364.920000,119.340000,134.280000,217.630000
365.650000,117.520000,134.280000,217.630000
365.860000,118.400000,134.280000,217.630000
366.330000,117.910000,134.280000,217.630000
365.260000,119.140000,134.280000,217.630000
366.270000,119.230000,134.280000,217.630000
365.360000,117.090000,134.280000,217.630000
366.300000,120.420000,134.280000,217.630000
365.510000,116.340000,134.280000,217.630000
366.980000,119.420000,134.280000,217.630000
364.230000,116.650000,134.280000,217.630000
367.460000,119.660000,134.280000,217.630000
365.550000,117.830000,134.280000,217.630000
366.330000,119.370000,134.280000,217.630000
364.490000,117.240000,134.280000,217.630000
367.620000,117.850000,134.280000,217.630000
364.370000,118.910000,134.280000,217.630000
366.830000,118.530000,134.280000,217.630000
365.650000,118.200000,134.280000,217.630000
366.720000,117.410000,134.280000,217.630000
365.680000,117.980000,134.280000,217.630000
366.850000,119.350000,134.280000,217.630000
365.680000,116.640000,134.280000,217.630000
366.520000,120.300000,134.280000,217.630000
365.680000,117.130000,134.280000,217.630000
366.170000,120.510000,134.280000,217.630000
364.700000,116.170000,134.280000,217.630000
366.640000,120.810000,134.280000,217.630000
365.610000,116.500000,134.280000,217.630000
366.470000,119.420000,134.280000,217.630000
365.600000,117.800000,134.280000,217.630000
366.560000,119.010000,134.280000,217.630000
366.120000,118.490000,134.280000,217.630000
365.760000,118.250000,134.280000,217.630000
367.270000,117.900000,134.280000,217.630000
364.660000,119.030000,134.280000,217.630000
367.950000,118.650000,134.280000,217.630000
363.910000,118.920000,134.280000,217.630000
367.270000,119.010000,134.280000,217.630000
365.260000,118.770000,134.280000,217.630000
366.380000,118.840000,134.280000,217.630000
365.980000,118.320000,134.280000,217.630000
365.890000,117.760000,134.280000,217.630000
364.970000,119.320000,134.280000,217.630000
365.640000,117.220000,134.280000,217.630000
367.120000,118.370000,134.280000,217.630000
364.410000,118.250000,134.280000,217.630000
367.670000,118.210000,134.280000,217.630000
365.250000,117.660000,134.280000,217.630000
366.600000,118.460000,134.280000,217.630000
366.240000,117.940000,134.280000,217.630000
366.040000,119.800000,134.280000,217.630000
365.390000,117.400000,134.280000,217.630000
366.030000,117.870000,134.280000,217.630000
365.640000,119.110000,134.280000,217.630000
366.750000,118.490000,134.280000,217.630000
366.290000,118.700000,134.280000,217.630000
365.780000,118.460000,134.280000,217.630000
366.890000,117.730000,134.280000,217.630000
364.400000,118.170000,134.280000,217.630000
366.950000,118.790000,134.280000,217.630000
364.570000,118.830000,134.280000,217.630000
367.850000,118.140000,134.280000,217.630000
365.250000,118.790000,134.280000,217.630000
366.450000,118.040000,134.280000,217.630000
366.020000,119.020000,134.280000,217.630000
365.230000,118.700000,134.280000,217.630000
365.860000,118.140000,134.280000,217.630000
364.760000,119.270000,134.280000,217.630000
367.670000,116.600000,134.280000,217.630000
365.470000,119.410000,134.280000,217.630000
366.360000,115.600000,134.280000,217.630000
365.950000,118.930000,134.280000,217.630000
366.630000,117.140000,134.280000,217.630000
366.230000,118.460000,134.280000,217.630000
367.050000,116.820000,134.280000,217.630000
365.440000,117.890000,134.280000,217.630000
367.300000,116.760000,134.280000,217.630000
365.970000,116.660000,134.280000,217.630000
365.970000,116.490000,134.280000,217.630000
366.050000,114.910000,134.280000,217.630000
366.060000,116.860000,134.280000,217.630000
365.230000,115.230000,134.280000,217.630000
366.240000,114.770000,134.280000,217.630000
365.740000,115.820000,134.280000,217.630000
367.120000,113.480000,134.280000,217.630000
365.780000,115.670000,134.280000,217.630000
368.000000,113.860000,134.280000,217.630000
364.940000,116.540000,134.280000,217.630000
366.730000,113.200000,134.280000,217.630000
367.470000,115.560000,134.280000,217.630000
365.230000,112.900000,134.280000,217.630000
366.840000,116.790000,134.280000,217.630000
366.040000,113.130000,134.280000,217.630000
366.730000,116.620000,134.280000,217.630000
367.410000,112.860000,134.280000,217.630000
365.810000,116.130000,134.280000,217.630000
367.200000,114.050000,134.280000,217.630000
365.650000,115.400000,134.280000,217.630000
366.970000,112.530000,134.280000,217.630000
365.700000,115.680000,134.280000,217.630000
366.860000,113.390000,134.280000,217.630000
366.520000,114.130000,134.280000,217.630000
366.480000,114.920000,134.280000,217.630000
365.940000,112.930000,134.280000,217.630000
366.380000,115.180000,134.280000,217.630000
367.090000,113.450000,134.280000,217.630000
365.440000,113.580000,134.280000,217.630000
367.700000,113.990000,134.280000,217.630000
365.710000,113.060000,134.280000,217.630000
366.820000,114.940000,134.280000,217.630000
366.700000,112.350000,134.280000,217.630000
365.860000,113.750000,134.280000,217.630000
367.190000,113.140000,134.280000,217.630000
365.310000,114.710000,134.280000,217.630000
366.960000,112.980000,134.280000,217.630000
365.440000,113.190000,134.280000,217.630000
366.920000,112.880000,134.280000,217.630000
364.930000,113.250000,134.280000,217.630000
365.990000,112.140000,134.280000,217.630000
366.100000,114.230000,134.280000,217.630000
365.810000,110.590000,134.280000,217.630000
367.060000,113.310000,134.280000,217.630000
364.980000,111.330000,134.280000,217.630000
366.380000,113.330000,134.280000,217.630000
366.960000,110.760000,134.280000,217.630000
365.390000,113.590000,134.280000,217.630000
366.850000,111.850000,134.280000,217.630000
366.900000,113.540000,134.280000,217.630000
365.320000,111.570000,134.280000,217.630000
367.640000,112.950000,134.280000,217.630000
366.010000,112.740000,134.280000,217.630000
366.070000,111.600000,134.280000,217.630000
366.860000,112.010000,134.280000,217.630000
365.160000,113.060000,134.280000,217.630000
366.960000,112.240000,134.280000,217.630000
365.790000,111.320000,134.280000,217.630000
367.550000,111.270000,134.280000,217.630000
365.940000,111.390000,134.280000,217.630000
366.290000,111.780000,134.280000,217.630000
366.700000,112.130000,134.280000,217.630000
367.660000,111.980000,134.280000,217.630000
366.720000,112.240000,134.280000,217.630000
367.780000,110.070000,134.280000,217.630000
367.330000,113.450000,134.280000,217.630000
366.310000,109.730000,134.280000,217.630000
367.870000,112.610000,134.280000,217.630000
365.540000,110.400000,134.280000,217.630000
368.710000,111.700000,134.280000,217.630000
366.880000,110.810000,134.280000,217.630000
366.810000,111.610000,134.280000,217.630000
368.590000,111.740000,134.280000,217.630000
366.930000,110.670000,134.280000,217.630000
367.200000,110.690000,134.280000,217.630000
367.310000,110.840000,134.280000,217.630000
368.000000,110.400000,134.280000,217.630000
366.700000,110.320000,134.280000,217.630000
368.860000,110.690000,134.280000,217.630000
367.570000,110.110000,134.280000,217.630000
369.010000,112.780000,134.280000,217.630000
366.770000,109.920000,134.280000,217.630000
369.680000,111.690000,134.280000,217.630000
367.560000,110.030000,134.280000,217.630000
369.200000,111.560000,134.280000,217.630000
367.370000,110.450000,134.280000,217.630000
368.710000,110.160000,134.280000,217.630000
368.480000,111.220000,134.280000,217.630000
368.210000,108.650000,134.280000,217.630000
367.170000,111.020000,134.280000,217.630000
368.090000,110.440000,134.280000,217.630000
367.190000,109.640000,134.280000,217.630000
367.800000,110.830000,134.280000,217.630000
368.220000,109.460000,134.280000,217.630000
367.120000,109.730000,134.280000,217.630000
367.590000,110.140000,134.280000,217.630000
368.130000,110.580000,134.280000,217.630000
366.770000,109.470000,134.280000,217.630000
369.200000,109.010000,134.280000,217.630000
366.640000,109.720000,134.280000,217.630000
369.450000,108.480000,134.280000,217.630000
366.800000,108.860000,134.280000,217.630000
369.700000,109.050000,134.280000,217.630000
367.260000,108.510000,134.280000,217.630000
368.500000,107.520000,134.280000,217.630000
368.630000,108.870000,134.280000,217.630000
369.310000,108.330000,134.280000,217.630000
367.750000,107.610000,134.280000,217.630000
369.740000,107.650000,134.280000,217.630000
368.340000,107.410000,134.280000,217.630000
368.840000,106.690000,134.280000,217.630000
369.030000,107.640000,134.280000,217.630000
368.210000,105.930000,134.280000,217.630000
366.040000,99.584000,141.000000,228.520000
366.250000,100.000000,141.000000,228.520000
366.480000,98.130000,141.000000,228.520000
366.840000,99.506000,141.000000,228.520000
365.980000,97.368000,141.000000,228.520000
366.830000,100.410000,141.000000,228.520000
366.410000,96.907000,141.000000,228.520000
368.570000,98.715000,141.000000,228.520000
365.330000,98.379000,141.000000,228.520000
368.880000,98.058000,141.000000,228.520000
365.830000,97.016000,141.000000,228.520000
368.850000,97.531000,141.000000,228.520000
366.170000,97.445000,141.000000,228.520000
368.810000,98.147000,141.000000,228.520000
366.310000,96.381000,141.000000,228.520000
369.550000,98.918000,141.000000,228.520000
364.860000,94.576000,141.000000,228.520000
369.670000,100.220000,141.000000,228.520000
364.000000,93.349000,141.000000,228.520000
370.260000,100.350000,141.000000,228.520000
365.430000,93.155000,141.000000,228.520000
369.930000,99.376000,141.000000,228.520000
364.980000,92.989000,141.000000,228.520000
369.310000,98.214000,141.000000,228.520000
366.920000,93.463000,141.000000,228.520000
368.270000,99.189000,141.000000,228.520000
367.150000,92.675000,141.000000,228.520000
368.740000,99.728000,141.000000,228.520000
366.530000,93.250000,141.000000,228.520000
368.380000,98.084000,141.000000,228.520000
367.840000,93.366000,141.000000,228.520000
368.490000,97.879000,141.000000,228.520000
367.810000,93.277000,141.000000,228.520000
367.890000,97.690000,141.000000,228.520000
367.860000,94.373000,141.000000,228.520000
368.920000,96.720000,141.000000,228.520000
368.240000,95.078000,141.000000,228.520000
368.630000,95.109000,141.000000,228.520000
367.240000,95.243000,141.000000,228.520000
369.550000,95.185000,141.000000,228.520000
366.100000,94.723000,141.000000,228.520000
370.930000,97.472000,141.000000,228.520000
366.410000,93.630000,141.000000,228.520000
371.890000,98.164000,141.000000,228.520000
366.000000,92.459000,141.000000,228.520000
371.800000,98.800000,141.000000,228.520000
366.490000,90.965000,141.000000,228.520000
372.500000,99.065000,141.000000,228.520000
366.040000,89.934000,141.000000,228.520000
372.270000,99.814000,141.000000,228.520000
367.360000,89.487000,141.000000,228.520000
371.270000,101.170000,141.000000,228.520000
369.480000,88.822000,141.000000,228.520000
370.650000,99.518000,141.000000,228.520000
365.780000,84.031000,148.050000,239.940000
367.630000,90.579000,148.050000,239.940000
365.720000,85.639000,148.050000,239.940000
367.710000,90.024000,148.050000,239.940000
365.840000,86.486000,148.050000,239.940000
367.190000,88.494000,148.050000,239.940000
365.320000,87.389000,148.050000,239.940000
367.110000,87.856000,148.050000,239.940000
365.520000,88.471000,148.050000,239.940000
367.580000,87.510000,148.050000,239.940000
365.860000,88.370000,148.050000,239.940000
368.220000,87.338000,148.050000,239.940000
364.830000,87.522000,148.050000,239.940000
368.080000,89.085000,148.050000,239.940000
364.410000,86.049000,148.050000,239.940000
367.610000,89.312000,148.050000,239.940000
365.770000,86.148000,148.050000,239.940000
367.310000,89.256000,148.050000,239.940000
365.270000,85.897000,148.050000,239.940000
367.020000,91.264000,148.050000,239.940000
365.040000,85.381000,148.050000,239.940000
366.200000,90.259000,148.050000,239.940000
365.350000,86.573000,148.050000,239.940000
366.360000,89.907000,148.050000,239.940000
365.710000,87.958000,148.050000,239.940000
368.170000,90.847000,148.050000,239.940000
364.990000,88.132000,148.050000,239.940000
367.040000,89.314000,148.050000,239.940000
365.450000,88.912000,148.050000,239.940000
367.160000,90.903000,148.050000,239.940000
365.280000,88.943000,148.050000,239.940000
367.580000,90.757000,148.050000,239.940000
366.470000,89.298000,148.050000,239.940000
366.600000,88.978000,148.050000,239.940000
366.760000,90.114000,148.050000,239.940000
367.710000,88.072000,148.050000,239.940000
366.850000,89.226000,148.050000,239.940000
367.640000,88.531000,148.050000,239.940000
367.080000,90.327000,148.050000,239.940000
366.350000,88.844000,148.050000,239.940000
367.340000,91.193000,148.050000,239.940000
366.410000,87.708000,148.050000,239.940000
367.530000,90.949000,148.050000,239.940000
366.890000,88.752000,148.050000,239.940000
367.750000,90.493000,148.050000,239.940000
366.780000,88.852000,148.050000,239.940000
367.240000,90.044000,148.050000,239.940000
365.750000,87.758000,148.050000,239.940000
368.120000,91.197000,148.050000,239.940000
364.990000,87.071000,148.050000,239.940000
367.180000,90.191000,148.050000,239.940000
365.550000,88.259000,148.050000,239.940000
367.760000,90.280000,148.050000,239.940000
365.850000,88.391000,148.050000,239.940000
366.650000,90.165000,148.050000,239.940000
365.890000,88.335000,148.050000,239.940000
367.010000,89.942000,148.050000,239.940000
364.240000,89.134000,148.050000,239.940000
366.710000,88.209000,148.050000,239.940000
366.000000,89.181000,148.050000,239.940000
365.430000,87.500000,148.050000,239.940000
366.470000,89.386000,148.050000,239.940000
366.290000,87.742000,148.050000,239.940000
366.580000,89.697000,148.050000,239.940000
367.210000,88.269000,148.050000,239.940000
367.390000,88.983000,148.050000,239.940000
367.420000,90.173000,148.050000,239.940000
367.600000,87.393000,148.050000,239.940000
368.180000,90.263000,148.050000,239.940000
366.820000,86.346000,148.050000,239.940000
369.500000,90.143000,148.050000,239.940000
367.110000,85.509000,148.050000,239.940000
368.550000,90.589000,148.050000,239.940000
368.180000,85.812000,148.050000,239.940000
368.330000,89.051000,148.050000,239.940000
368.580000,84.186000,148.050000,239.940000
369.570000,87.972000,148.050000,239.940000
368.810000,86.275000,148.050000,239.940000
370.620000,86.634000,148.050000,239.940000
369.290000,86.995000,148.050000,239.940000
369.230000,86.642000,148.050000,239.940000
369.890000,86.233000,148.050000,239.940000
370.780000,85.383000,148.050000,239.940000
370.270000,86.501000,148.050000,239.940000
369.430000,85.628000,148.050000,239.940000
370.630000,86.365000,148.050000,239.940000
369.910000,85.568000,148.050000,239.940000
371.540000,86.707000,148.050000,239.940000
368.830000,85.538000,148.050000,239.940000
372.480000,86.861000,148.050000,239.940000
368.370000,86.623000,148.050000,239.940000
371.980000,86.789000,148.050000,239.940000
370.190000,87.414000,148.050000,239.940000
370.800000,85.732000,148.050000,239.940000
371.450000,87.031000,148.050000,239.940000
369.940000,84.503000,148.050000,239.940000
373.490000,87.498000,148.050000,239.940000
369.340000,85.338000,148.050000,239.940000
373.190000,87.232000,148.050000,239.940000
369.710000,85.468000,148.050000,239.940000
373.780000,88.089000,148.050000,239.940000
371.390000,85.354000,148.050000,239.940000
373.260000,88.689000,148.050000,239.940000
371.640000,86.380000,148.050000,239.940000
373.700000,88.602000,148.050000,239.940000
372.090000,87.350000,148.050000,239.940000
372.780000,88.036000,148.050000,239.940000
373.120000,86.357000,148.050000,239.940000
372.730000,88.752000,148.050000,239.940000
374.660000,87.214000,148.050000,239.940000
373.490000,87.143000,148.050000,239.940000
375.250000,86.967000,148.050000,239.940000
374.470000,87.949000,148.050000,239.940000
376.670000,87.678000,148.050000,239.940000
376.320000,87.870000,148.050000,239.940000
376.490000,87.338000,148.050000,239.940000
378.180000,86.639000,148.050000,239.940000
376.810000,87.678000,148.050000,239.940000
378.700000,87.002000,148.050000,239.940000
378.130000,88.182000,148.050000,239.940000
377.790000,86.063000,148.050000,239.940000
379.430000,87.504000,148.050000,239.940000
377.230000,87.408000,148.050000,239.940000
378.810000,87.713000,148.050000,239.940000
379.190000,88.278000,148.050000,239.940000
377.460000,86.977000,148.050000,239.940000
379.070000,89.306000,148.050000,239.940000
376.770000,86.801000,148.050000,239.940000
380.110000,90.692000,148.050000,239.940000
375.530000,87.837000,148.050000,239.940000
380.160000,90.754000,148.050000,239.940000
375.540000,88.889000,148.050000,239.940000
379.760000,90.544000,148.050000,239.940000
376.660000,90.001000,148.050000,239.940000
379.740000,91.377000,148.050000,239.940000
377.870000,88.893000,148.050000,239.940000
380.350000,92.496000,148.050000,239.940000
378.910000,89.221000,148.050000,239.940000
381.440000,91.977000,148.050000,239.940000
380.360000,92.956000,148.050000,239.940000
381.750000,92.237000,148.050000,239.940000
382.320000,92.184000,148.050000,239.940000
382.360000,92.095000,148.050000,239.940000
383.300000,93.496000,148.050000,239.940000
383.350000,92.599000,148.050000,239.940000
383.760000,93.650000,148.050000,239.940000
384.790000,92.816000,148.050000,239.940000
385.110000,94.742000,148.050000,239.940000
384.450000,93.083000,148.050000,239.940000
385.950000,92.556000,148.050000,239.940000
385.500000,94.258000,148.050000,239.940000
386.200000,92.525000,148.050000,239.940000
384.790000,94.662000,148.050000,239.940000
387.980000,92.261000,148.050000,239.940000
383.790000,95.487000,148.050000,239.940000
389.330000,91.763000,148.050000,239.940000
383.090000,96.226000,148.050000,239.940000
389.790000,90.395000,148.050000,239.940000
384.510000,96.556000,148.050000,239.940000
389.860000,90.867000,148.050000,239.940000
384.550000,97.446000,148.050000,239.940000
390.780000,89.637000,148.050000,239.940000
383.770000,98.581000,148.050000,239.940000
391.740000,88.831000,148.050000,239.940000
384.890000,99.840000,148.050000,239.940000
389.120000,87.706000,148.050000,239.940000
386.480000,99.812000,148.050000,239.940000
386.320000,87.617000,148.050000,239.940000
388.140000,99.823000,148.050000,239.940000
385.020000,88.403000,148.050000,239.940000
387.380000,97.339000,148.050000,239.940000
388.370000,90.163000,148.050000,239.940000
386.810000,96.297000,148.050000,239.940000
390.260000,90.883000,148.050000,239.940000
385.690000,98.197000,148.050000,239.940000
393.080000,89.247000,148.050000,239.940000
385.270000,100.350000,148.050000,239.940000
392.830000,89.377000,148.050000,239.940000
389.750000,102.500000,148.050000,239.940000
391.390000,90.481000,148.050000,239.940000
393.880000,102.640000,148.050000,239.940000
393.760000,93.647000,148.050000,239.940000
393.840000,101.750000,148.050000,239.940000
397.960000,94.654000,148.050000,239.940000
397.020000,103.570000,148.050000,239.940000
399.320000,95.060000,148.050000,239.940000
397.490000,103.020000,148.050000,239.940000
403.850000,97.069000,148.050000,239.940000
399.480000,104.400000,148.050000,239.940000
406.720000,98.395000,148.050000,239.940000
400.670000,106.260000,148.050000,239.940000
406.070000,97.503000,148.050000,239.940000
405.050000,110.130000,148.050000,239.940000
402.060000,97.080000,148.050000,239.940000
405.460000,108.420000,148.050000,239.940000
404.880000,99.671000,148.050000,239.940000
405.810000,107.570000,148.050000,239.940000
411.740000,101.250000,148.050000,239.940000
407.970000,109.830000,148.050000,239.940000
412.800000,102.290000,148.050000,239.940000
409.300000,110.510000,148.050000,239.940000
413.670000,102.330000,148.050000,239.940000
414.150000,111.240000,148.050000,239.940000
419.280000,104.580000,148.050000,239.940000
417.450000,113.760000,148.050000,239.940000
424.360000,106.110000,148.050000,239.940000
419.330000,111.650000,148.050000,239.940000
427.970000,106.410000,148.050000,239.940000
424.040000,113.930000,148.050000,239.940000
428.570000,107.500000,148.050000,239.940000
425.490000,113.590000,148.050000,239.940000
429.420000,110.190000,148.050000,239.940000
427.110000,113.350000,148.050000,239.940000
429.680000,112.700000,148.050000,239.940000
427.910000,115.070000,148.050000,239.940000
430.340000,113.160000,148.050000,239.940000
424.810000,116.950000,148.050000,239.940000
428.860000,115.000000,148.050000,239.940000
423.360000,118.560000,148.050000,239.940000
425.720000,116.540000,148.050000,239.940000
421.450000,120.550000,148.050000,239.940000
424.640000,117.340000,148.050000,239.940000
421.420000,121.110000,148.050000,239.940000
424.200000,116.880000,148.050000,239.940000
421.840000,123.260000,148.050000,239.940000
425.560000,116.040000,148.050000,239.940000
422.790000,124.880000,148.050000,239.940000
426.020000,118.500000,148.050000,239.940000
422.680000,126.990000,148.050000,239.940000
425.310000,119.810000,148.050000,239.940000
424.320000,129.970000,148.050000,239.940000
427.380000,122.710000,148.050000,239.940000
423.730000,131.330000,148.050000,239.940000
428.790000,123.680000,148.050000,239.940000
423.770000,132.330000,148.050000,239.940000
429.350000,121.930000,148.050000,239.940000
426.710000,134.350000,148.050000,239.940000
429.460000,119.080000,148.050000,239.940000
429.800000,132.950000,148.050000,239.940000
430.790000,120.950000,148.050000,239.940000
434.210000,131.530000,148.050000,239.940000
431.910000,122.270000,148.050000,239.940000
436.840000,128.010000,148.050000,239.940000
436.960000,126.990000,148.050000,239.940000
439.990000,127.780000,148.050000,239.940000
438.890000,127.560000,148.050000,239.940000
443.830000,126.780000,148.050000,239.940000
442.130000,128.290000,148.050000,239.940000
444.830000,124.430000,148.050000,239.940000
445.930000,127.050000,148.050000,239.940000
447.520000,124.080000,148.050000,239.940000
447.080000,127.050000,148.050000,239.940000
448.550000,123.510000,148.050000,239.940000
451.240000,126.700000,148.050000,239.940000
453.270000,125.270000,148.050000,239.940000
455.160000,126.310000,148.050000,239.940000
457.760000,126.560000,148.050000,239.940000
460.540000,127.760000,148.050000,239.940000
461.480000,127.320000,148.050000,239.940000
463.260000,126.430000,148.050000,239.940000
463.970000,127.050000,148.050000,239.940000
467.070000,125.220000,148.050000,239.940000
464.290000,127.650000,148.050000,239.940000
468.280000,124.760000,148.050000,239.940000
465.120000,129.540000,148.050000,239.940000
465.210000,125.130000,148.050000,239.940000
462.220000,128.350000,148.050000,239.940000
463.870000,126.610000,148.050000,239.940000
462.920000,129.230000,148.050000,239.940000
465.470000,125.350000,148.050000,239.940000
457.740000,131.520000,148.050000,239.940000
464.610000,124.710000,148.050000,239.940000
452.120000,132.090000,148.050000,239.940000
464.940000,126.920000,148.050000,239.940000
450.870000,129.520000,148.050000,239.940000
464.060000,128.070000,148.050000,239.940000
447.240000,125.420000,148.050000,239.940000
458.080000,129.900000,148.050000,239.940000
450.490000,127.720000,148.050000,239.940000
454.140000,124.670000,148.050000,239.940000
446.050000,126.060000,148.050000,239.940000
451.720000,119.300000,148.050000,239.940000
444.680000,125.130000,148.050000,239.940000
455.880000,119.950000,148.050000,239.940000
443.310000,121.790000,148.050000,239.940000
454.770000,122.450000,148.050000,239.940000
448.720000,122.530000,148.050000,239.940000
456.950000,122.650000,148.050000,239.940000
453.610000,125.500000,148.050000,239.940000
460.730000,123.420000,148.050000,239.940000
455.370000,129.620000,148.050000,239.940000
462.100000,124.210000,148.050000,239.940000
455.200000,131.980000,148.050000,239.940000
464.920000,127.910000,148.050000,239.940000
457.320000,135.450000,148.050000,239.940000
465.450000,128.790000,148.050000,239.940000
459.840000,142.170000,148.050000,239.940000
462.720000,127.700000,148.050000,239.940000
460.600000,148.990000,148.050000,239.940000
463.210000,136.610000,148.050000,239.940000
458.310000,155.310000,148.050000,239.940000
462.700000,143.440000,148.050000,239.940000
457.090000,166.760000,148.050000,239.940000
458.290000,152.800000,148.050000,239.940000
456.660000,172.560000,148.050000,239.940000
459.070000,157.340000,148.050000,239.940000
455.540000,176.220000,148.050000,239.940000
459.620000,161.560000,148.050000,239.940000
456.580000,179.830000,148.050000,239.940000
458.380000,168.170000,148.050000,239.940000
457.160000,180.960000,148.050000,239.940000
457.190000,175.140000,148.050000,239.940000
456.680000,181.140000,148.050000,239.940000
457.350000,180.060000,148.050000,239.940000
454.690000,184.360000,148.050000,239.940000
457.920000,184.850000,148.050000,239.940000
453.720000,189.280000,148.050000,239.940000
456.910000,188.400000,148.050000,239.940000
452.800000,194.180000,148.050000,239.940000
456.730000,192.390000,148.050000,239.940000
452.730000,199.350000,148.050000,239.940000
457.520000,195.980000,148.050000,239.940000
454.090000,204.450000,148.050000,239.940000
456.310000,197.510000,148.050000,239.940000
454.050000,204.730000,148.050000,239.940000
457.060000,199.940000,148.050000,239.940000
453.650000,205.700000,148.050000,239.940000
457.580000,200.490000,148.050000,239.940000
454.140000,206.630000,148.050000,239.940000
455.910000,202.590000,148.050000,239.940000
454.020000,207.180000,148.050000,239.940000
453.170000,204.470000,148.050000,239.940000
453.010000,209.010000,148.050000,239.940000
452.650000,208.250000,148.050000,239.940000
453.690000,210.400000,148.050000,239.940000
453.310000,212.520000,148.050000,239.940000
453.170000,214.680000,148.050000,239.940000
453.200000,217.380000,148.050000,239.940000
453.110000,218.380000,148.050000,239.940000
452.990000,221.890000,148.050000,239.940000
453.230000,224.240000,148.050000,239.940000
452.980000,224.860000,148.050000,239.940000
451.740000,232.450000,148.050000,239.940000
453.620000,231.070000,148.050000,239.940000
451.380000,240.770000,148.050000,239.940000
452.770000,239.430000,148.050000,239.940000
452.500000,247.640000,148.050000,239.940000
452.580000,246.040000,148.050000,239.940000
452.660000,252.200000,148.050000,239.940000
453.550000,253.480000,148.050000,239.940000
453.310000,256.560000,148.050000,239.940000
452.650000,258.110000,148.050000,239.940000
452.610000,259.480000,148.050000,239.940000
452.340000,259.300000,148.050000,239.940000
450.860000,259.940000,148.050000,239.940000
452.130000,260.740000,148.050000,239.940000
448.600000,260.300000,148.050000,239.940000
451.530000,259.850000,148.050000,239.940000
449.680000,261.610000,148.050000,239.940000
452.960000,260.270000,148.050000,239.940000
451.780000,261.190000,148.050000,239.940000
452.910000,259.950000,148.050000,239.940000
452.300000,262.050000,148.050000,239.940000
452.680000,257.980000,148.050000,239.940000
452.330000,263.250000,148.050000,239.940000
452.010000,257.840000,148.050000,239.940000
451.760000,263.190000,148.050000,239.940000
453.640000,258.170000,148.050000,239.940000
451.090000,261.710000,148.050000,239.940000
453.340000,259.520000,148.050000,239.940000
451.080000,261.370000,148.050000,239.940000
452.500000,259.290000,148.050000,239.940000
452.500000,260.690000,148.050000,239.940000
452.250000,260.430000,148.050000,239.940000
451.840000,260.270000,148.050000,239.940000
453.510000,260.310000,148.050000,239.940000
451.100000,260.340000,148.050000,239.940000
452.590000,260.300000,148.050000,239.940000
