34.857452
0.510669
0.508610
0.575485
0.540815
0.477658
0.492452
0.589540
0.516950
0.527444
0.591817
0.547698
0.460970
0.562014
0.493249
0.493483
0.497027
0.576340
0.590194
0.585606
0.643864
0.548062
0.578256
0.519194
0.559660
0.555783
0.526407
0.606528
0.540040
0.477097
0.632677
0.534813
0.530900
0.508381
0.528199
0.535876
0.484416
0.495691
0.608713
0.475506
0.584042
0.423034
0.549396
0.529291
0.464708
0.496366
0.543603
0.512594
0.579979
0.502428
0.589731
0.466071
0.508821
0.599711
0.537066
0.469290
0.500213
0.555024
0.536482
0.512792
0.539520
0.514559
0.494764
0.554297
0.562129
0.588732
0.459248
0.544492
0.545408
0.517335
0.600959
0.555591
0.510590
0.597107
0.582532
0.580492
0.631462
0.596199
0.607933
0.456122
0.508659
0.479826
0.472034
0.476532
0.518570
0.553288
0.516141
0.505984
0.439196
0.460653
0.637130
0.574966
0.499670
0.611061
0.571429
0.551562
0.465581
0.543139
0.492114
0.551811
0.631767
0.473682
0.479696
0.462246
0.525106
0.543959
0.474684
0.537062
0.440413
0.601225
0.642245
0.505887
0.465110
0.571206
0.536924
0.453309
0.577348
0.596630
0.496734
0.493560
0.592428
0.474450
0.595733
0.507597
0.509521
0.524813
0.514750
0.663699
0.568066
0.460597
0.585651
0.519327
0.575891
0.552660
0.483188
0.553046
0.503659
0.562416
0.630115
0.487215
0.597250
0.604825
0.496939
0.535707
0.537164
0.519845
0.552912
0.512379
0.579757
0.545533
0.585498
0.446418
0.472541
0.485686
0.547843
0.456722
0.628368
0.551886
0.564576
0.509203
0.540120
0.484701
0.511446
0.463197
0.509353
0.523023
0.529251
0.620534
0.531499
0.617368
0.565403
0.528256
0.492028
0.558890
0.605033
0.490422
0.539168
0.455497
0.556514
0.523415
0.591431
0.516215
0.493568
0.521451
0.487747
0.567726
0.530624
0.489413
0.513583
0.496630
0.654665
0.427270
0.442180
0.541131
0.473773
0.543663
0.463300
0.598302
0.448264
0.477540
0.522799
0.439745
0.513971
0.546364
0.408880
0.511246
0.474010
0.477921
0.450389
0.499055
0.524415
0.455195
0.491728
0.496677
0.512850
0.462419
0.478356
0.467328
0.509040
0.463523
0.534721
0.487576
0.520428
0.504809
0.506823
0.492151
0.498192
0.409798
0.500419
0.501714
0.558223
0.558210
0.433453
0.549024
0.447441
0.545320
0.485889
0.456257
0.528445
0.477172
0.524356
0.514190
0.557802
0.507706
0.500425
0.569538
0.464560
0.510731
0.551783
0.536013
0.590824
0.510929
0.508497
0.513547
0.571559
0.520310
0.525466
0.485044
0.560305
0.604329
0.521878
0.602579
0.577677
0.541081
0.497939
0.569618
0.468023
0.493358
0.539147
0.551093
0.565613
0.580476
0.569620
0.564189
0.571365
0.541763
0.544242
0.491143
0.459579
0.501957
0.552668
0.491265
0.525177
0.468419
0.522207
0.558944
0.469168
0.531064
0.544627
0.572939
0.556766
0.519967
0.514004
0.570934
0.542862
0.626882
0.541532
0.512316
0.493510
0.505912
0.611335
0.549581
0.500306
0.504681
0.493112
0.528427
0.549860
0.526572
0.510612
0.536600
0.607628
0.497836
0.550117
0.532558
0.604784
0.501781
0.546668
0.613729
0.510717
0.515346
0.615330
0.541045
0.508604
0.482497
0.654998
0.589344
0.478755
0.466409
0.528054
0.489213
0.604851
0.520500
0.586794
0.507617
0.519884
0.595864
0.498007
0.623702
0.621391
0.536767
0.610326
0.572322
0.528956
0.567173
0.516695
0.480020
0.492094
0.596511
0.529513
0.556371
0.547891
0.455421
0.499479
0.561298
0.442462
0.493872
0.440110
0.509961
0.474850
0.649317
0.597678
0.495070
0.615541
0.576598
0.540939
0.506506
0.512020
0.495570
0.559145
0.543936
0.616310
0.509641
0.483271
0.451629
0.520783
0.504073
0.471584
0.622175
0.558069
0.517056
0.619130
0.510689
0.524458
0.474876
0.550728
0.518990
0.463672
0.534122
0.460336
0.515780
0.530204
0.560905
0.589146
0.412035
0.503680
0.583967
0.530344
0.580281
0.484299
0.635952
0.564328
0.609836
0.498708
0.510849
0.478161
0.596455
0.491146
0.555882
0.551761
0.603644
0.602209
0.486433
0.513316
0.533144
0.496477
0.541380
0.555991
0.466103
0.493409
0.510575
0.605668
0.603427
0.394216
0.505914
0.494070
0.463912
0.639526
0.477241
0.577059
0.519459
0.635738
0.606586
0.490119
0.499712
0.474980
0.519947
0.421704
0.536800
0.456045
0.603661
0.636192
0.554595
0.536937
0.454907
0.560011
0.620147
0.541092
0.560713
0.500580
0.479647
0.570068
0.487731
0.623015
0.497829
0.537936
0.497755
0.536000
0.540450
0.483339
0.558547
0.567968
0.512187
0.589898
0.520429
0.483265
0.523476
0.505705
0.545877
0.475853
0.509265
0.466447
0.504298
0.557765
0.491174
0.411982
0.507454
0.508080
0.480876
0.497191
0.615251
0.602909
0.466533
0.548085
0.588843
0.529400
0.480324
0.576578
0.480175
0.542333
0.561916
0.574735
0.490880
0.519599
0.543853
0.489090
0.488447
0.491247
0.490551
0.477371
0.494534
0.600151
0.486900
0.484608
0.595206
0.583785
0.546443
0.499455
0.531071
0.525769
0.436772
0.648329
0.535599
0.452758
0.565414
0.564744
0.531424
0.472237
0.552837
0.533045
0.483854
0.627256
0.443697
0.546126
0.542575
0.531168
0.491461
0.482667
0.511108
0.447759
0.448374
0.551311
0.496396
0.399389
0.540960
0.495538
0.413290
0.535707
0.487207
0.537866
0.452252
0.486635
0.473512
0.478575
0.463698
0.449651
0.455658
0.473350
0.563345
0.523660
0.464555
0.433899
0.559173
0.569601
0.463092
0.536290
0.441913
0.423237
0.523032
0.486536
0.511097
0.575291
0.626513
0.459587
0.495362
0.419878
0.476727
0.514798
0.505196
0.493878
0.544099
0.506932
0.513646
0.490876
0.471631
0.540327
0.547782
0.545213
0.526422
0.394070
0.545528
0.629746
0.432065
0.518800
0.407093
0.586651
0.520907
0.505543
0.400970
0.493330
0.487044
0.521749
0.552886
0.535451
0.495399
0.512719
0.479396
0.484231
0.523447
0.466856
0.536835
0.539992
0.510165
0.524832
0.489987
0.406275
0.465161
0.426307
0.500873
0.524592
0.510422
0.514787
0.483941
0.483944
0.560536
0.478000
0.438546
0.541342
0.446768
0.523515
0.563008
0.515310
0.482549
0.557682
0.436454
0.543332
0.464772
0.490041
0.490294
0.524360
3.134913
0.501022
0.472562
0.519962
0.472797
0.571518
0.518305
0.409268
0.479813
0.512277
0.480841
0.584380
0.463724
0.484614
0.447903
0.534447
0.388537
0.561191
0.471015
0.435831
0.452495
0.505330
0.534525
0.486825
0.484418
0.530017
0.409365
0.490310
0.444635
0.467296
0.478824
0.530604
0.430982
0.542757
0.462910
0.557236
0.509661
0.477759
0.514416
0.454527
0.522333
0.473451
0.501988
0.537277
0.517012
0.409999
0.563257
0.454136
0.462557
0.541869
0.516459
0.566055
0.565758
0.487909
0.529716
0.465890
0.528606
0.549980
0.448050
0.481455
0.543559
0.551880
0.467668
0.475481
0.541691
0.468220
0.578280
0.522610
0.553446
0.588588
0.478518
0.676275
0.530461
0.598925
0.520570
0.431426
0.529283
0.468330
0.532532
0.446317
0.467035
0.573215
0.489264
0.533474
0.489491
0.515015
0.560639
0.503110
0.582816
0.457178
0.501229
0.617264
0.456565
0.483912
0.527924
0.573597
0.525580
0.512091
0.556309
0.484868
0.497963
0.628399
0.539736
0.520271
0.580513
0.478178
0.536898
0.543598
0.512403
0.552863
0.520895
0.544721
0.455351
0.503420
0.537740
0.669989
0.494087
0.510617
0.463726
0.552999
0.520886
0.527011
0.518545
0.458004
0.486855
0.455295
0.538094
0.570817
0.492431
0.567662
0.616460
0.646430
0.551844
0.583805
0.409119
0.509235
0.507443
0.508353
0.517909
0.470027
0.550632
0.541504
0.454882
0.493792
0.466077
0.459428
0.444579
0.502105
0.583222
0.507502
0.515432
0.620513
0.501109
0.466448
0.517333
0.554545
0.497055
0.497852
0.519092
0.543312
0.523942
0.646308
0.523651
0.583311
0.531118
0.550723
0.447813
0.534166
0.537896
0.521030
0.559969
0.548954
0.529247
0.472596
0.458225
0.511383
0.535359
0.516775
0.516242
0.483922
0.451918
0.652194
0.566922
0.605211
0.588608
0.456619
0.573934
0.521697
0.493840
0.613128
0.413810
0.566065
0.532145
0.562845
0.433236
0.519391
0.525416
0.518426
0.614917
0.517725
0.623904
0.627892
0.574376
0.573729
0.510811
0.530161
0.536067
0.531121
0.472266
0.569923
0.515290
0.654027
0.542523
0.499609
0.490189
0.467211
0.624168
0.491217
0.527591
0.580430
0.505849
0.621712
0.487533
0.528379
0.462267
0.461067
0.531540
0.503140
0.434594
0.544617
0.461870
0.637101
0.530601
0.486128
0.631982
0.557006
0.514104
0.486542
0.488305
0.457244
0.520730
0.625427
0.532091
0.617976
0.458108
0.527962
0.508860
0.503702
0.542384
0.431113
0.512774
0.567378
0.530066
0.563213
0.489718
0.488207
0.511474
0.448300
0.524628
0.465864
0.475804
0.589896
0.551779
0.532470
0.558893
0.445656
0.452072
0.439015
0.399751
0.524033
0.605472
0.613848
0.555100
0.482922
0.480007
0.481587
0.454600
0.532993
0.540349
0.485768
0.502749
0.566522
0.452858
0.488003
0.539623
0.499274
0.546238
0.485710
0.587495
0.527174
0.525061
0.599791
0.510169
0.492933
0.558372
0.523474
0.516033
0.486243
0.509593
0.557487
0.567474
0.599008
0.490658
0.594871
0.506506
0.545031
0.550773
0.542470
0.457894
0.542945
0.512085
0.472991
0.536216
0.551563
0.505709
0.534852
0.481832
0.584374
0.596485
0.455194
0.504801
0.555588
0.459552
0.544585
0.553872
0.483160
0.493267
0.559599
0.532155
0.452742
0.519648
0.593575
0.527962
0.532084
0.565448
0.427940
0.484426
0.454764
0.470515
0.480876
0.475365
0.562131
0.423058
0.561597
0.500809
0.566781
0.518928
0.492196
0.476763
0.475953
0.470014
0.593410
0.563869
0.470576
0.517758
0.512419
0.546011
0.419941
0.518909
0.521252
0.486668
0.547515
0.377616
0.472898
0.422519
0.398266
0.487965
0.386586
0.431927
0.468750
0.467923
0.486673
0.407958
0.455668
0.432794
0.512077
0.363512
0.527451
0.467565
0.468231
0.412568
0.457385
2.867899
3.347247
0.519144
0.447453
0.424597
0.515082
0.430381
0.334261
0.427692
0.445568
0.453650
0.387715
3.019877
0.415085
0.417766
0.482819
0.418264
0.476631
0.540612
0.456532
4.482368
0.499460
0.479073
0.466577
0.520158
0.438462
0.513038
0.468341
0.475893
0.591013
3.058883
0.433267
0.410767
0.456073
0.395256
0.478399
0.493559
0.402092
0.430552
0.503795
0.425617
0.416331
0.405732
0.407862
0.420320
0.473495
0.434780
0.394929
0.499928
0.522487
2.743319
0.453685
0.440979
0.408269
0.490028
0.481968
3.339856
0.387573
0.421931
0.456803
3.357023
3.306179
0.481727
2.220881
0.323956
0.388877
0.351902
0.471986
0.434524
0.570118
0.506072
0.364157
0.504300
0.428856
0.445743
3.215730
0.399442
0.435306
0.461318
0.564117
0.462824
0.462178
0.408669
0.475861
2.160635
0.326669
0.357567
0.336586
0.429012
2.129619
3.145568
1.969702
3.361150
0.393579
0.364477
0.437053
0.427525
3.459725
0.498276
0.486862
3.165535
3.293743
2.119900
3.373774
0.420025
0.414095
0.412841
3.251551
0.445698
3.489459
3.181470
3.297957
3.314026
0.373767
0.452461
0.426111
0.394230
0.402898
0.513602
0.510443
0.394497
0.405501
0.491557
0.364252
0.441537
0.321453
0.393327
0.374192
0.459243
0.529842
0.493833
0.580899
0.472016
0.584222
0.459813
0.418187
0.376426
0.388760
0.483113
0.493694
0.508358
0.463026
0.460068
0.492217
0.543932
0.457126
0.434544
0.477899
0.455558
0.463706
0.462557
0.493141
0.433737
0.468378
0.460289
0.427633
0.465404
0.408347
0.481589
0.473063
0.364377
0.463129
0.390382
0.441996
0.397295
0.479182
0.485417
0.415805
0.382585
0.433894
0.406440
0.391084
0.415376
0.409758
0.408743
0.403836
0.459260
0.419132
0.392095
0.534818
0.403055
0.438529
0.394120
0.410312
0.472758
0.463849
0.466840
0.510418
0.423824
0.468663
0.440690
0.466061
0.384181
0.391429
0.442480
0.413808
0.396972
0.412323
0.452062
0.468890
0.437181
0.446916
0.416726
0.422635
0.455786
0.405849
0.460343
0.416378
0.403046
0.478773
0.379665
0.403997
0.389886
0.381790
0.419781
0.388008
0.481310
0.453095
0.474441
0.546731
0.417965
0.489883
0.526126
0.552514
0.479073
0.484732
0.488753
0.515387
0.504277
0.596809
0.510008
0.493484
0.489372
0.481047
0.538157
0.497929
0.520257
0.452728
0.527437
0.588711
0.423062
0.538485
0.535330
0.474031
0.506058
0.482066
0.467454
0.558089
0.426088
0.540668
0.442689
0.487281
0.390657
0.511671
0.504280
0.410975
0.393666
0.435275
0.384677
0.500106
0.442481
0.441208
0.420335
0.443802
0.426320
0.396855
0.469402
0.413765
0.412411
0.510738
0.418390
0.409100
0.372078
0.440954
0.433874
0.405616
0.434785
0.394260
0.510943
0.462440
0.438569
0.441095
0.449509
0.379885
0.445991
0.513798
0.415079
0.472050
0.441349
0.466397
0.450653
0.444283
0.467731
0.452461
0.500899
0.446979
0.442027
0.491703
0.417586
0.461377
0.435970
0.432908
0.466517
0.432073
0.411179
0.459417
0.443974
0.416425
0.446052
0.488881
0.472801
0.385247
0.452032
0.472368
0.388774
0.444462
0.395894
0.462768
0.498819
0.531075
0.417231
0.477190
0.465879
0.414575
0.397277
0.414478
0.397380
0.393363
0.378008
0.514099
0.420457
0.425177
0.445470
0.374818
0.519768
0.436944
0.467398
0.457996
0.453507
0.439634
0.553704
0.473523
0.467498
0.518747
0.460987
0.579251
0.583800
0.460647
0.548965
0.530557
0.551611
0.533712
0.419554
0.560817
0.559532
0.546581
0.529693
0.469119
0.539388
0.561370
0.475888
0.439347
0.541502
0.511783
0.507744
0.516530
0.599768
0.549958
0.500577
0.542508
0.557507
0.461854
0.522887
0.536569
0.503221
0.499710
0.528262
0.559139
0.533169
0.586000
0.533055
0.568026
0.530688
0.511238
0.498203
0.545573
0.456835
0.656233
0.550248
0.549404
0.475444
0.504142
0.496141
0.524117
0.520618
0.495956
0.476098
0.513731
0.501458
0.604993
0.490693
0.577209
0.445670
0.545772
0.495669
0.423308
0.556927
0.459922
0.540001
0.634707
0.438813
0.548678
0.586767
0.485815
0.521101
0.479810
0.499811
0.500325
0.484754
0.572165
0.536889
0.373592
0.451730
2.925198
2.972384
3.107589
2.993772
3.024371
3.135892
3.225881
3.159564
3.182079
3.188409
3.135215
2.294269
2.203267
