227.330000,68.700000,109.000000,68.700000
228.020000,70.088000,109.000000,68.700000
226.640000,71.476000,109.000000,68.700000
223.860000,72.865000,109.000000,68.700000
220.390000,73.559000,109.000000,68.700000
218.310000,75.641000,109.000000,68.700000
213.450000,77.724000,109.000000,68.700000
209.980000,78.418000,109.000000,68.700000
204.420000,81.194000,109.000000,68.700000
200.950000,83.276000,109.000000,68.700000
194.710000,85.359000,109.000000,68.700000
190.540000,86.747000,109.000000,68.700000
184.290000,88.135000,109.000000,68.700000
181.520000,89.524000,109.000000,68.700000
174.580000,90.912000,109.000000,68.700000
172.490000,91.606000,109.000000,68.700000
168.330000,91.606000,109.000000,68.700000
163.470000,91.606000,109.000000,68.700000
160.690000,90.912000,109.000000,68.700000
153.750000,90.218000,109.000000,68.700000
152.370000,90.218000,109.000000,68.700000
148.890000,90.218000,109.000000,68.700000
143.340000,90.218000,109.000000,68.700000
141.260000,90.218000,109.000000,68.700000
136.400000,90.218000,109.000000,68.700000
135.010000,90.218000,109.000000,68.700000
132.240000,90.218000,109.000000,68.700000
130.850000,90.912000,109.000000,68.700000
128.070000,91.606000,109.000000,68.700000
125.760000,93.033000,106.680000,67.235000
125.760000,93.713000,106.680000,67.235000
124.400000,93.713000,106.680000,67.235000
124.400000,93.713000,106.680000,67.235000
124.400000,93.033000,106.680000,67.235000
124.400000,92.352000,106.680000,67.235000
125.080000,91.672000,106.680000,67.235000
125.080000,90.311000,106.680000,67.235000
125.760000,89.631000,106.680000,67.235000
126.440000,88.270000,106.680000,67.235000
127.800000,87.589000,106.680000,67.235000
128.480000,86.909000,106.680000,67.235000
129.850000,86.909000,106.680000,67.235000
130.530000,86.909000,106.680000,67.235000
131.890000,87.589000,106.680000,67.235000
133.250000,87.589000,106.680000,67.235000
135.290000,86.909000,106.680000,67.235000
137.330000,86.909000,106.680000,67.235000
139.370000,86.909000,106.680000,67.235000
141.410000,86.909000,106.680000,67.235000
143.450000,86.229000,106.680000,67.235000
145.490000,86.229000,106.680000,67.235000
146.850000,86.229000,106.680000,67.235000
149.350000,86.946000,104.400000,65.801000
150.020000,85.612000,104.400000,65.801000
151.350000,84.946000,104.400000,65.801000
152.020000,84.279000,104.400000,65.801000
152.690000,83.612000,104.400000,65.801000
153.350000,82.946000,104.400000,65.801000
154.470000,83.647000,102.170000,64.398000
153.820000,83.647000,102.170000,64.398000
153.160000,83.647000,102.170000,64.398000
153.600000,84.334000,99.995000,63.025000
152.760000,85.006000,97.863000,61.681000
152.130000,85.006000,97.863000,61.681000
151.510000,85.006000,97.863000,61.681000
150.890000,85.006000,97.863000,61.681000
150.890000,85.629000,97.863000,61.681000
150.260000,85.629000,97.863000,61.681000
148.560000,85.570000,100.030000,63.045000
147.450000,84.873000,102.240000,64.440000
146.140000,85.526000,102.240000,64.440000
146.140000,85.526000,102.240000,64.440000
145.490000,84.873000,102.240000,64.440000
144.840000,84.873000,102.240000,64.440000
144.190000,84.220000,102.240000,64.440000
143.970000,84.907000,100.060000,63.066000
143.330000,84.270000,100.060000,63.066000
143.330000,84.907000,100.060000,63.066000
142.700000,84.907000,100.060000,63.066000
143.130000,84.305000,97.927000,61.721000
143.130000,84.929000,97.927000,61.721000
143.130000,85.552000,97.927000,61.721000
143.130000,85.552000,97.927000,61.721000
143.130000,85.552000,97.927000,61.721000
143.130000,85.552000,97.927000,61.721000
143.750000,85.552000,97.927000,61.721000
144.370000,85.552000,97.927000,61.721000
144.370000,85.552000,97.927000,61.721000
144.370000,85.552000,97.927000,61.721000
145.000000,85.552000,97.927000,61.721000
145.620000,86.176000,97.927000,61.721000
145.620000,86.176000,97.927000,61.721000
146.240000,86.176000,97.927000,61.721000
146.240000,86.176000,97.927000,61.721000
146.240000,86.799000,97.927000,61.721000
146.870000,86.799000,97.927000,61.721000
148.110000,86.799000,97.927000,61.721000
147.490000,86.799000,97.927000,61.721000
147.490000,86.799000,97.927000,61.721000
148.110000,86.799000,97.927000,61.721000
148.110000,86.799000,97.927000,61.721000
148.110000,86.799000,97.927000,61.721000
148.110000,86.799000,97.927000,61.721000
148.110000,86.799000,97.927000,61.721000
148.110000,86.799000,97.927000,61.721000
148.110000,86.799000,97.927000,61.721000
148.110000,86.799000,97.927000,61.721000
148.110000,87.423000,97.927000,61.721000
148.110000,86.799000,97.927000,61.721000
148.110000,87.423000,97.927000,61.721000
147.490000,87.423000,97.927000,61.721000
147.490000,87.423000,97.927000,61.721000
147.490000,87.423000,97.927000,61.721000
147.490000,87.423000,97.927000,61.721000
147.490000,87.423000,97.927000,61.721000
147.490000,87.423000,97.927000,61.721000
147.490000,88.046000,97.927000,61.721000
147.490000,88.670000,97.927000,61.721000
147.490000,88.670000,97.927000,61.721000
147.490000,88.670000,97.927000,61.721000
147.490000,88.670000,97.927000,61.721000
148.110000,88.670000,97.927000,61.721000
147.030000,87.987000,100.090000,63.087000
147.030000,87.987000,100.090000,63.087000
147.030000,87.987000,100.090000,63.087000
147.030000,87.987000,100.090000,63.087000
147.670000,87.987000,100.090000,63.087000
148.310000,87.987000,100.090000,63.087000
148.950000,87.987000,100.090000,63.087000
149.590000,87.987000,100.090000,63.087000
149.590000,87.987000,100.090000,63.087000
150.230000,87.987000,100.090000,63.087000
151.290000,88.021000,97.959000,61.741000
151.920000,88.646000,97.959000,61.741000
152.540000,88.646000,97.959000,61.741000
152.540000,88.646000,97.959000,61.741000
152.540000,88.646000,97.959000,61.741000
153.170000,88.646000,97.959000,61.741000
153.800000,88.646000,97.959000,61.741000
153.800000,88.646000,97.959000,61.741000
154.420000,88.646000,97.959000,61.741000
155.050000,88.646000,97.959000,61.741000
155.670000,89.272000,97.959000,61.741000
156.300000,89.897000,97.959000,61.741000
157.340000,89.930000,95.870000,60.425000
157.950000,89.930000,95.870000,60.425000
157.950000,89.318000,95.870000,60.425000
157.950000,88.706000,95.870000,60.425000
157.950000,88.706000,95.870000,60.425000
157.950000,88.706000,95.870000,60.425000
157.950000,88.706000,95.870000,60.425000
157.950000,88.095000,95.870000,60.425000
158.980000,86.904000,93.826000,59.136000
158.980000,88.698000,93.826000,59.136000
159.380000,88.730000,91.825000,57.875000
159.770000,88.175000,89.867000,56.641000
160.730000,88.779000,87.950000,55.433000
161.110000,88.809000,86.075000,54.251000
161.480000,88.289000,84.239000,53.094000
162.370000,88.855000,82.443000,51.962000
162.370000,89.381000,82.443000,51.962000
162.370000,89.906000,82.443000,51.962000
162.370000,91.483000,82.443000,51.962000
161.320000,94.110000,82.443000,51.962000
158.170000,95.687000,82.443000,51.962000
156.070000,97.263000,82.443000,51.962000
156.590000,97.263000,82.443000,51.962000
158.170000,96.212000,82.443000,51.962000
158.690000,94.636000,82.443000,51.962000
159.750000,94.636000,82.443000,51.962000
162.370000,94.110000,82.443000,51.962000
163.420000,93.059000,82.443000,51.962000
167.980000,91.511000,80.685000,50.854000
167.090000,91.463000,82.470000,51.979000
167.610000,91.463000,82.470000,51.979000
168.140000,91.463000,82.470000,51.979000
168.670000,91.463000,82.470000,51.979000
169.190000,91.463000,82.470000,51.979000
169.720000,91.463000,82.470000,51.979000
171.290000,91.463000,82.470000,51.979000
168.280000,91.939000,84.294000,53.129000
166.810000,92.425000,86.159000,54.304000
169.370000,92.455000,84.322000,53.146000
167.760000,92.993000,84.322000,53.146000
171.350000,93.559000,82.524000,52.013000
172.230000,94.114000,80.764000,50.904000
171.710000,94.630000,80.764000,50.904000
173.780000,95.661000,80.764000,50.904000
172.740000,96.177000,80.764000,50.904000
175.840000,97.208000,80.764000,50.904000
178.760000,98.782000,79.042000,49.818000
178.760000,99.790000,79.042000,49.818000
177.890000,101.760000,80.790000,50.920000
178.230000,104.880000,79.068000,49.834000
173.530000,104.910000,77.381000,48.772000
173.040000,106.880000,77.381000,48.772000
172.550000,107.380000,77.381000,48.772000
173.530000,108.370000,77.381000,48.772000
182.260000,110.370000,75.731000,47.732000
235.170000,62.160000,74.116000,46.714000
234.540000,64.076000,72.536000,45.717000
234.850000,64.563000,70.989000,44.743000
234.850000,65.016000,70.989000,44.743000
234.850000,64.563000,70.989000,44.743000
234.400000,64.563000,70.989000,44.743000
233.940000,64.563000,70.989000,44.743000
233.490000,64.110000,70.989000,44.743000
234.250000,63.228000,69.475000,43.788000
234.250000,62.785000,69.475000,43.788000
234.250000,63.228000,69.475000,43.788000
234.990000,63.252000,67.993000,42.855000
234.550000,63.252000,67.993000,42.855000
234.120000,63.252000,67.993000,42.855000
235.280000,63.709000,66.543000,41.941000
235.280000,63.709000,66.543000,41.941000
236.840000,64.580000,65.124000,41.046000
238.360000,65.433000,63.736000,40.171000
239.170000,65.027000,63.736000,40.171000
240.260000,65.861000,62.376000,39.314000
240.260000,65.861000,62.376000,39.314000
240.660000,65.861000,62.376000,39.314000
241.450000,65.861000,62.376000,39.314000
241.850000,65.861000,62.376000,39.314000
241.450000,65.861000,62.376000,39.314000
241.850000,65.861000,62.376000,39.314000
241.450000,65.861000,62.376000,39.314000
241.850000,65.861000,62.376000,39.314000
241.850000,65.861000,62.376000,39.314000
241.450000,65.861000,62.376000,39.314000
241.450000,65.463000,62.376000,39.314000
241.450000,65.065000,62.376000,39.314000
241.060000,65.463000,62.376000,39.314000
241.060000,65.065000,62.376000,39.314000
240.660000,65.463000,62.376000,39.314000
241.060000,65.065000,62.376000,39.314000
240.370000,65.029000,63.757000,40.184000
240.370000,65.434000,63.757000,40.184000
239.960000,65.029000,63.757000,40.184000
239.150000,65.434000,63.757000,40.184000
238.740000,65.029000,63.757000,40.184000
238.340000,65.434000,63.757000,40.184000
238.340000,65.029000,63.757000,40.184000
238.340000,65.029000,63.757000,40.184000
238.340000,65.434000,63.757000,40.184000
237.930000,65.029000,63.757000,40.184000
237.520000,65.029000,63.757000,40.184000
237.520000,65.434000,63.757000,40.184000
237.120000,65.029000,63.757000,40.184000
237.120000,65.434000,63.757000,40.184000
236.310000,65.029000,63.757000,40.184000
236.310000,65.029000,63.757000,40.184000
235.200000,64.584000,65.167000,41.073000
235.470000,64.606000,63.777000,40.197000
235.070000,64.606000,63.777000,40.197000
234.260000,64.606000,63.777000,40.197000
233.850000,64.606000,63.777000,40.197000
233.040000,64.606000,63.777000,40.197000
231.280000,64.223000,62.417000,39.340000
231.790000,63.390000,63.798000,40.211000
231.080000,63.351000,65.210000,41.100000
230.360000,62.896000,66.653000,42.009000
229.200000,62.432000,68.127000,42.939000
228.620000,62.889000,66.674000,42.023000
228.620000,62.889000,66.674000,42.023000
228.620000,62.889000,66.674000,42.023000
228.620000,62.889000,66.674000,42.023000
228.190000,62.889000,66.674000,42.023000
228.050000,63.337000,65.253000,41.127000
228.470000,63.337000,65.253000,41.127000
228.050000,63.337000,65.253000,41.127000
228.050000,62.922000,65.253000,41.127000
227.640000,62.506000,65.253000,41.127000
226.810000,62.090000,65.253000,41.127000
226.390000,62.922000,65.253000,41.127000
224.730000,62.506000,65.253000,41.127000
224.310000,62.506000,65.253000,41.127000
223.900000,62.922000,65.253000,41.127000
222.230000,63.753000,65.253000,41.127000
220.990000,63.753000,65.253000,41.127000
219.320000,63.753000,65.253000,41.127000
218.080000,63.753000,65.253000,41.127000
216.000000,64.169000,65.253000,41.127000
212.540000,64.607000,63.861000,40.250000
212.400000,64.629000,62.499000,39.392000
209.620000,65.027000,62.499000,39.392000
208.820000,65.027000,62.499000,39.392000
207.630000,65.027000,62.499000,39.392000
206.030000,65.027000,62.499000,39.392000
205.240000,65.027000,62.499000,39.392000
204.440000,65.425000,62.499000,39.392000
201.260000,65.425000,62.499000,39.392000
200.060000,65.823000,62.499000,39.392000
199.270000,65.823000,62.499000,39.392000
196.080000,66.221000,62.499000,39.392000
195.790000,68.571000,63.882000,40.263000
193.340000,68.571000,63.882000,40.263000
191.300000,68.571000,63.882000,40.263000
189.670000,68.979000,63.882000,40.263000
188.860000,68.979000,63.882000,40.263000
186.930000,68.942000,65.295000,41.154000
185.680000,69.357000,65.295000,41.154000
184.850000,70.189000,65.295000,41.154000
184.020000,70.189000,65.295000,41.154000
183.180000,70.604000,65.295000,41.154000
182.770000,70.604000,65.295000,41.154000
181.940000,70.189000,65.295000,41.154000
181.940000,69.357000,65.295000,41.154000
182.350000,68.942000,65.295000,41.154000
183.180000,68.110000,65.295000,41.154000
186.510000,67.695000,65.295000,41.154000
187.760000,67.279000,65.295000,41.154000
192.330000,68.526000,65.295000,41.154000
196.600000,67.655000,66.740000,42.065000
200.000000,67.229000,66.740000,42.065000
203.400000,67.229000,66.740000,42.065000
205.110000,66.804000,66.740000,42.065000
210.640000,65.953000,66.740000,42.065000
213.610000,64.677000,66.740000,42.065000
216.590000,63.400000,66.740000,42.065000
220.850000,63.400000,66.740000,42.065000
223.260000,63.423000,65.317000,41.168000
226.040000,62.199000,63.924000,40.290000
230.120000,62.199000,63.924000,40.290000
230.930000,62.199000,63.924000,40.290000
232.560000,62.199000,63.924000,40.290000
234.600000,62.607000,63.924000,40.290000
236.230000,63.423000,63.924000,40.290000
238.680000,63.831000,63.924000,40.290000
241.530000,65.054000,63.924000,40.290000
243.030000,65.076000,62.561000,39.430000
244.620000,64.678000,62.561000,39.430000
246.610000,65.076000,62.561000,39.430000
249.000000,64.678000,62.561000,39.430000
254.840000,65.098000,61.227000,38.590000
255.230000,65.098000,61.227000,38.590000
259.790000,65.120000,59.921000,37.767000
262.080000,64.355000,59.921000,37.767000
263.610000,64.355000,59.921000,37.767000
268.580000,63.973000,59.921000,37.767000
268.300000,63.937000,61.247000,38.602000
269.470000,63.547000,61.247000,38.602000
274.810000,63.568000,59.941000,37.779000
275.190000,63.568000,59.941000,37.779000
275.960000,63.951000,59.941000,37.779000
279.010000,64.715000,59.941000,37.779000
279.400000,65.098000,59.941000,37.779000
279.780000,65.862000,59.941000,37.779000
280.160000,65.862000,59.941000,37.779000
280.540000,65.862000,59.941000,37.779000
280.930000,66.245000,59.941000,37.779000
281.310000,65.862000,59.941000,37.779000
281.690000,65.862000,59.941000,37.779000
282.070000,65.862000,59.941000,37.779000
282.710000,65.883000,58.662000,36.973000
283.340000,65.903000,57.411000,36.185000
283.340000,66.269000,57.411000,36.185000
283.340000,66.269000,57.411000,36.185000
283.340000,66.269000,57.411000,36.185000
283.340000,65.903000,57.411000,36.185000
283.700000,66.269000,57.411000,36.185000
284.070000,66.269000,57.411000,36.185000
284.440000,65.903000,57.411000,36.185000
284.440000,66.269000,57.411000,36.185000
284.800000,66.269000,57.411000,36.185000
285.170000,66.269000,57.411000,36.185000
285.540000,66.269000,57.411000,36.185000
285.540000,65.903000,57.411000,36.185000
285.540000,66.636000,57.411000,36.185000
285.540000,66.269000,57.411000,36.185000
285.900000,66.269000,57.411000,36.185000
285.900000,65.903000,57.411000,36.185000
286.270000,66.269000,57.411000,36.185000
286.640000,66.269000,57.411000,36.185000
286.640000,65.903000,57.411000,36.185000
286.000000,66.602000,58.682000,36.986000
286.000000,66.228000,58.682000,36.986000
286.000000,66.228000,58.682000,36.986000
286.000000,66.228000,58.682000,36.986000
286.000000,66.228000,58.682000,36.986000
286.000000,66.228000,58.682000,36.986000
286.000000,66.228000,58.682000,36.986000
286.000000,66.228000,58.682000,36.986000
286.000000,66.228000,58.682000,36.986000
286.000000,66.228000,58.682000,36.986000
286.000000,66.228000,58.682000,36.986000
286.000000,66.228000,58.682000,36.986000
285.630000,65.853000,58.682000,36.986000
285.350000,65.819000,59.980000,37.804000
284.690000,66.548000,61.307000,38.640000
284.010000,66.510000,62.663000,39.495000
283.320000,66.473000,64.050000,40.369000
283.320000,67.289000,64.050000,40.369000
283.320000,67.697000,64.050000,40.369000
283.320000,68.105000,64.050000,40.369000
283.320000,68.105000,64.050000,40.369000
283.320000,68.105000,64.050000,40.369000
283.320000,68.105000,64.050000,40.369000
283.320000,68.105000,64.050000,40.369000
283.320000,68.513000,64.050000,40.369000
283.320000,68.920000,64.050000,40.369000
283.320000,68.513000,64.050000,40.369000
283.730000,68.920000,64.050000,40.369000
283.730000,68.513000,64.050000,40.369000
284.130000,68.920000,64.050000,40.369000
284.130000,68.513000,64.050000,40.369000
284.130000,68.513000,64.050000,40.369000
284.130000,68.920000,64.050000,40.369000
284.130000,68.513000,64.050000,40.369000
284.540000,68.920000,64.050000,40.369000
284.950000,68.513000,64.050000,40.369000
285.360000,68.920000,64.050000,40.369000
285.360000,68.513000,64.050000,40.369000
285.360000,68.920000,64.050000,40.369000
285.360000,68.920000,64.050000,40.369000
285.770000,68.920000,64.050000,40.369000
286.170000,68.920000,64.050000,40.369000
286.170000,68.513000,64.050000,40.369000
286.170000,69.328000,64.050000,40.369000
286.580000,68.920000,64.050000,40.369000
286.990000,68.920000,64.050000,40.369000
286.990000,68.513000,64.050000,40.369000
287.400000,68.920000,64.050000,40.369000
287.810000,68.920000,64.050000,40.369000
288.210000,68.513000,64.050000,40.369000
288.620000,68.513000,64.050000,40.369000
289.030000,68.920000,64.050000,40.369000
289.030000,68.105000,64.050000,40.369000
289.030000,68.513000,64.050000,40.369000
289.440000,68.513000,64.050000,40.369000
289.440000,68.920000,64.050000,40.369000
289.440000,68.513000,64.050000,40.369000
289.840000,68.920000,64.050000,40.369000
289.840000,68.920000,64.050000,40.369000
290.250000,68.920000,64.050000,40.369000
290.660000,68.513000,64.050000,40.369000
291.070000,68.920000,64.050000,40.369000
291.070000,68.513000,64.050000,40.369000
291.480000,68.920000,64.050000,40.369000
291.880000,68.513000,64.050000,40.369000
292.290000,68.920000,64.050000,40.369000
292.700000,68.513000,64.050000,40.369000
293.110000,68.513000,64.050000,40.369000
292.810000,68.474000,65.467000,41.262000
292.080000,68.017000,66.915000,42.175000
292.080000,67.590000,66.915000,42.175000
291.770000,67.978000,68.396000,43.108000
291.770000,67.543000,68.396000,43.108000
291.770000,67.543000,68.396000,43.108000
291.770000,67.543000,68.396000,43.108000
291.770000,67.543000,68.396000,43.108000
291.770000,67.108000,68.396000,43.108000
291.770000,67.108000,68.396000,43.108000
291.770000,66.672000,68.396000,43.108000
292.200000,66.672000,68.396000,43.108000
292.640000,66.672000,68.396000,43.108000
292.200000,66.672000,68.396000,43.108000
292.200000,66.672000,68.396000,43.108000
292.200000,66.672000,68.396000,43.108000
292.640000,66.672000,68.396000,43.108000
292.640000,66.672000,68.396000,43.108000
293.370000,66.697000,66.937000,42.189000
293.800000,66.269000,66.937000,42.189000
293.800000,65.842000,66.937000,42.189000
293.800000,66.269000,66.937000,42.189000
294.220000,65.842000,66.937000,42.189000
294.650000,65.842000,66.937000,42.189000
294.650000,66.269000,66.937000,42.189000
295.080000,65.414000,66.937000,42.189000
295.930000,65.414000,66.937000,42.189000
295.930000,64.987000,66.937000,42.189000
295.930000,64.987000,66.937000,42.189000
296.360000,64.559000,66.937000,42.189000
296.790000,64.987000,66.937000,42.189000
296.790000,64.559000,66.937000,42.189000
296.790000,65.414000,66.937000,42.189000
297.220000,64.987000,66.937000,42.189000
297.640000,64.559000,66.937000,42.189000
297.640000,65.842000,66.937000,42.189000
297.640000,65.842000,66.937000,42.189000
297.640000,65.842000,66.937000,42.189000
297.640000,65.842000,66.937000,42.189000
297.640000,65.842000,66.937000,42.189000
297.640000,65.842000,66.937000,42.189000
297.220000,65.414000,66.937000,42.189000
296.790000,65.414000,66.937000,42.189000
296.050000,65.803000,68.418000,43.122000
295.610000,66.240000,68.418000,43.122000
294.420000,66.637000,69.932000,44.076000
293.970000,66.637000,69.932000,44.076000
293.970000,66.637000,69.932000,44.076000
293.970000,66.637000,69.932000,44.076000
293.530000,66.637000,69.932000,44.076000
292.750000,67.040000,71.479000,45.052000
292.750000,66.585000,71.479000,45.052000
292.420000,66.996000,73.061000,46.048000
291.950000,66.996000,73.061000,46.048000
291.950000,66.996000,73.061000,46.048000
291.950000,67.463000,73.061000,46.048000
291.950000,67.930000,73.061000,46.048000
291.950000,67.463000,73.061000,46.048000
291.140000,67.420000,74.677000,47.067000
290.670000,67.420000,74.677000,47.067000
289.710000,67.897000,74.677000,47.067000
289.240000,67.420000,74.677000,47.067000
288.760000,67.897000,74.677000,47.067000
288.280000,67.897000,74.677000,47.067000
288.280000,67.420000,74.677000,47.067000
287.810000,67.897000,74.677000,47.067000
287.330000,67.420000,74.677000,47.067000
287.330000,67.420000,74.677000,47.067000
287.330000,67.420000,74.677000,47.067000
287.330000,67.420000,74.677000,47.067000
286.850000,67.420000,74.677000,47.067000
286.850000,67.420000,74.677000,47.067000
286.850000,67.420000,74.677000,47.067000
286.380000,67.420000,74.677000,47.067000
286.380000,67.420000,74.677000,47.067000
285.900000,67.420000,74.677000,47.067000
285.420000,67.420000,74.677000,47.067000
287.460000,66.900000,76.329000,48.109000
285.640000,67.340000,78.018000,49.173000
284.280000,66.796000,79.744000,50.261000
283.770000,66.796000,79.744000,50.261000
283.260000,66.796000,79.744000,50.261000
281.870000,66.748000,81.509000,51.373000
281.350000,67.267000,81.509000,51.373000
280.830000,67.267000,81.509000,51.373000
280.310000,67.267000,81.509000,51.373000
279.800000,67.267000,81.509000,51.373000
279.280000,67.267000,81.509000,51.373000
278.760000,67.787000,81.509000,51.373000
277.720000,68.826000,81.509000,51.373000
277.200000,68.307000,81.509000,51.373000
276.680000,68.307000,81.509000,51.373000
280.830000,68.826000,81.509000,51.373000
278.890000,68.778000,83.312000,52.510000
277.300000,68.778000,83.312000,52.510000
276.240000,69.309000,83.312000,52.510000
275.170000,69.309000,83.312000,52.510000
274.470000,68.806000,81.535000,51.390000
280.180000,68.806000,81.535000,51.390000
279.140000,68.806000,81.535000,51.390000
278.110000,68.806000,81.535000,51.390000
277.070000,68.806000,81.535000,51.390000
276.030000,68.806000,81.535000,51.390000
280.180000,68.806000,81.535000,51.390000
279.140000,68.806000,81.535000,51.390000
278.110000,68.806000,81.535000,51.390000
277.590000,68.806000,81.535000,51.390000
281.220000,68.806000,81.535000,51.390000
280.180000,68.286000,81.535000,51.390000
279.660000,68.286000,81.535000,51.390000
279.660000,68.286000,81.535000,51.390000
279.660000,68.286000,81.535000,51.390000
281.740000,68.806000,81.535000,51.390000
280.700000,68.286000,81.535000,51.390000
280.180000,68.286000,81.535000,51.390000
279.660000,67.767000,81.535000,51.390000
283.300000,67.767000,81.535000,51.390000
282.780000,68.286000,81.535000,51.390000
281.740000,68.286000,81.535000,51.390000
281.220000,68.286000,81.535000,51.390000
280.700000,67.767000,81.535000,51.390000
280.700000,67.767000,81.535000,51.390000
280.700000,67.767000,81.535000,51.390000
280.700000,67.767000,81.535000,51.390000
280.700000,67.767000,81.535000,51.390000
280.180000,67.767000,81.535000,51.390000
279.660000,67.767000,81.535000,51.390000
281.740000,67.767000,81.535000,51.390000
280.700000,67.767000,81.535000,51.390000
280.180000,67.767000,81.535000,51.390000
280.180000,67.767000,81.535000,51.390000
280.180000,67.767000,81.535000,51.390000
280.180000,67.767000,81.535000,51.390000
280.180000,67.767000,81.535000,51.390000
282.780000,67.767000,81.535000,51.390000
281.740000,68.286000,81.535000,51.390000
281.220000,67.767000,81.535000,51.390000
281.220000,67.767000,81.535000,51.390000
282.260000,67.767000,81.535000,51.390000
281.740000,68.286000,81.535000,51.390000
281.740000,67.767000,81.535000,51.390000
281.740000,67.767000,81.535000,51.390000
284.340000,68.286000,81.535000,51.390000
283.820000,68.286000,81.535000,51.390000
283.300000,68.286000,81.535000,51.390000
283.820000,68.286000,81.535000,51.390000
283.300000,68.286000,81.535000,51.390000
285.380000,68.286000,81.535000,51.390000
284.860000,68.286000,81.535000,51.390000
284.340000,68.286000,81.535000,51.390000
284.690000,68.315000,79.797000,50.294000
285.030000,68.341000,78.095000,49.221000
285.030000,67.843000,78.095000,49.221000
285.030000,67.345000,78.095000,49.221000
285.030000,67.345000,78.095000,49.221000
285.530000,67.345000,78.095000,49.221000
287.020000,67.345000,78.095000,49.221000
286.530000,67.843000,78.095000,49.221000
286.860000,67.870000,76.430000,48.172000
286.860000,67.870000,76.430000,48.172000
286.860000,67.870000,76.430000,48.172000
286.860000,67.870000,76.430000,48.172000
286.860000,67.870000,76.430000,48.172000
286.860000,67.870000,76.430000,48.172000
286.860000,67.870000,76.430000,48.172000
286.860000,67.870000,76.430000,48.172000
286.860000,67.870000,76.430000,48.172000
286.370000,67.870000,76.430000,48.172000
286.860000,67.870000,76.430000,48.172000
286.860000,67.870000,76.430000,48.172000
286.860000,67.870000,76.430000,48.172000
286.860000,67.870000,76.430000,48.172000
286.860000,67.870000,76.430000,48.172000
286.860000,67.870000,76.430000,48.172000
286.860000,67.870000,76.430000,48.172000
286.860000,67.870000,76.430000,48.172000
286.860000,67.870000,76.430000,48.172000
286.860000,67.870000,76.430000,48.172000
286.860000,67.870000,76.430000,48.172000
286.370000,67.870000,76.430000,48.172000
286.370000,67.870000,76.430000,48.172000
286.370000,67.870000,76.430000,48.172000
286.860000,67.870000,76.430000,48.172000
286.860000,67.870000,76.430000,48.172000
286.860000,67.870000,76.430000,48.172000
286.370000,67.870000,76.430000,48.172000
286.370000,67.382000,76.430000,48.172000
287.350000,66.894000,76.430000,48.172000
287.350000,67.382000,76.430000,48.172000
287.350000,67.382000,76.430000,48.172000
287.350000,67.382000,76.430000,48.172000
287.350000,67.382000,76.430000,48.172000
287.350000,67.382000,76.430000,48.172000
287.350000,67.382000,76.430000,48.172000
287.350000,67.382000,76.430000,48.172000
287.350000,67.382000,76.430000,48.172000
287.350000,67.870000,76.430000,48.172000
287.350000,68.358000,76.430000,48.172000
287.350000,67.870000,76.430000,48.172000
287.350000,68.358000,76.430000,48.172000
287.350000,67.870000,76.430000,48.172000
287.350000,67.870000,76.430000,48.172000
287.350000,67.870000,76.430000,48.172000
287.350000,67.870000,76.430000,48.172000
287.840000,67.870000,76.430000,48.172000
287.840000,68.847000,76.430000,48.172000
287.840000,68.847000,76.430000,48.172000
287.840000,68.847000,76.430000,48.172000
287.840000,68.847000,76.430000,48.172000
287.840000,68.847000,76.430000,48.172000
287.840000,68.847000,76.430000,48.172000
287.840000,68.847000,76.430000,48.172000
288.320000,68.847000,76.430000,48.172000
288.810000,68.358000,76.430000,48.172000
288.810000,68.358000,76.430000,48.172000
289.300000,68.358000,76.430000,48.172000
290.280000,68.358000,76.430000,48.172000
290.280000,68.358000,76.430000,48.172000
290.770000,68.358000,76.430000,48.172000
291.250000,68.358000,76.430000,48.172000
291.250000,68.847000,76.430000,48.172000
291.250000,69.335000,76.430000,48.172000
291.250000,69.335000,76.430000,48.172000
291.250000,69.335000,76.430000,48.172000
291.740000,69.335000,76.430000,48.172000
291.740000,69.335000,76.430000,48.172000
292.230000,69.335000,76.430000,48.172000
292.230000,69.335000,76.430000,48.172000
292.230000,69.335000,76.430000,48.172000
292.230000,69.335000,76.430000,48.172000
292.720000,69.335000,76.430000,48.172000
292.720000,69.335000,76.430000,48.172000
292.720000,69.335000,76.430000,48.172000
293.210000,69.335000,76.430000,48.172000
293.210000,69.335000,76.430000,48.172000
293.210000,69.823000,76.430000,48.172000
293.210000,69.823000,76.430000,48.172000
293.210000,69.823000,76.430000,48.172000
293.210000,69.823000,76.430000,48.172000
293.210000,69.823000,76.430000,48.172000
293.210000,69.823000,76.430000,48.172000
293.210000,69.823000,76.430000,48.172000
293.210000,69.823000,76.430000,48.172000
294.020000,69.848000,74.800000,47.144000
294.020000,69.372000,74.800000,47.144000
294.820000,68.922000,73.205000,46.139000
294.820000,67.988000,73.205000,46.139000
294.820000,67.522000,73.205000,46.139000
294.820000,67.055000,73.205000,46.139000
295.600000,66.614000,71.643000,45.155000
295.140000,66.614000,71.643000,45.155000
294.690000,66.157000,71.643000,45.155000
293.770000,67.070000,71.643000,45.155000
293.320000,67.070000,71.643000,45.155000
292.400000,67.070000,71.643000,45.155000
292.250000,66.181000,70.116000,44.192000
292.550000,66.653000,68.620000,43.250000
292.850000,66.676000,67.157000,42.327000
292.710000,66.700000,65.725000,41.425000
292.990000,66.722000,64.323000,40.541000
293.270000,67.155000,62.952000,39.677000
293.270000,67.155000,62.952000,39.677000
293.670000,67.959000,62.952000,39.677000
293.670000,68.361000,62.952000,39.677000
293.670000,68.361000,62.952000,39.677000
293.670000,68.763000,62.952000,39.677000
294.340000,69.990000,61.609000,38.831000
295.120000,69.597000,61.609000,38.831000
295.910000,69.990000,61.609000,38.831000
296.300000,70.774000,61.609000,38.831000
296.690000,70.774000,61.609000,38.831000
297.480000,71.166000,61.609000,38.831000
298.260000,71.558000,61.609000,38.831000
299.050000,71.950000,61.609000,38.831000
300.610000,71.558000,61.609000,38.831000
301.400000,72.735000,61.609000,38.831000
302.180000,72.735000,61.609000,38.831000
303.360000,72.735000,61.609000,38.831000
303.750000,72.735000,61.609000,38.831000
304.540000,72.735000,61.609000,38.831000
305.320000,72.735000,61.609000,38.831000
305.710000,73.127000,61.609000,38.831000
306.500000,73.911000,61.609000,38.831000
307.280000,73.519000,61.609000,38.831000
308.060000,74.303000,61.609000,38.831000
309.240000,74.303000,61.609000,38.831000
309.630000,75.088000,61.609000,38.831000
310.130000,75.050000,62.972000,39.690000
310.930000,75.452000,62.972000,39.690000
311.330000,75.452000,62.972000,39.690000
312.140000,75.452000,62.972000,39.690000
312.540000,75.452000,62.972000,39.690000
312.940000,75.050000,62.972000,39.690000
313.750000,75.854000,62.972000,39.690000
314.150000,75.854000,62.972000,39.690000
314.950000,75.854000,62.972000,39.690000
315.760000,76.256000,62.972000,39.690000
316.160000,75.854000,62.972000,39.690000
316.960000,76.658000,62.972000,39.690000
317.770000,76.256000,62.972000,39.690000
318.170000,76.256000,62.972000,39.690000
319.370000,76.256000,62.972000,39.690000
320.180000,76.256000,62.972000,39.690000
320.580000,76.658000,62.972000,39.690000
320.280000,77.425000,64.366000,40.568000
321.920000,77.425000,64.366000,40.568000
322.330000,77.425000,64.366000,40.568000
322.330000,77.015000,64.366000,40.568000
322.740000,77.425000,64.366000,40.568000
323.150000,77.425000,64.366000,40.568000
323.560000,77.425000,64.366000,40.568000
323.970000,77.425000,64.366000,40.568000
324.790000,77.425000,64.366000,40.568000
325.200000,77.015000,64.366000,40.568000
325.610000,77.015000,64.366000,40.568000
325.610000,76.195000,64.366000,40.568000
325.610000,75.786000,64.366000,40.568000
325.200000,75.786000,64.366000,40.568000
325.200000,75.786000,64.366000,40.568000
325.200000,75.786000,64.366000,40.568000
324.790000,76.195000,64.366000,40.568000
324.380000,77.015000,64.366000,40.568000
323.970000,77.015000,64.366000,40.568000
324.380000,76.605000,64.366000,40.568000
324.380000,76.195000,64.366000,40.568000
324.380000,76.195000,64.366000,40.568000
324.790000,76.195000,64.366000,40.568000
325.200000,76.195000,64.366000,40.568000
326.020000,76.605000,64.366000,40.568000
326.840000,76.605000,64.366000,40.568000
327.250000,77.425000,64.366000,40.568000
328.480000,77.015000,64.366000,40.568000
328.480000,78.244000,64.366000,40.568000
328.890000,78.654000,64.366000,40.568000
328.890000,79.064000,64.366000,40.568000
328.890000,79.474000,64.366000,40.568000
328.070000,79.474000,64.366000,40.568000
326.840000,79.474000,64.366000,40.568000
323.150000,79.474000,64.366000,40.568000
321.510000,79.474000,64.366000,40.568000
316.190000,78.654000,64.366000,40.568000
312.910000,78.244000,64.366000,40.568000
308.400000,77.015000,64.366000,40.568000
303.480000,76.605000,64.366000,40.568000
300.610000,76.195000,64.366000,40.568000
295.700000,76.195000,64.366000,40.568000
291.600000,76.605000,64.366000,40.568000
288.730000,75.786000,64.366000,40.568000
285.320000,76.218000,62.993000,39.703000
283.820000,76.583000,64.387000,40.581000
281.360000,76.173000,64.387000,40.581000
279.720000,76.583000,64.387000,40.581000
277.670000,75.763000,64.387000,40.581000
276.440000,75.763000,64.387000,40.581000
274.090000,74.905000,65.811000,41.479000
273.250000,74.485000,65.811000,41.479000
271.990000,74.485000,65.811000,41.479000
271.990000,74.485000,65.811000,41.479000
271.570000,74.485000,65.811000,41.479000
270.730000,74.485000,65.811000,41.479000
270.310000,74.485000,65.811000,41.479000
269.470000,74.485000,65.811000,41.479000
269.470000,74.905000,65.811000,41.479000
269.470000,75.324000,65.811000,41.479000
269.470000,74.905000,65.811000,41.479000
269.050000,75.324000,65.811000,41.479000
269.470000,74.485000,65.811000,41.479000
268.630000,74.485000,65.811000,41.479000
268.630000,74.905000,65.811000,41.479000
268.630000,75.324000,65.811000,41.479000
268.630000,74.905000,65.811000,41.479000
268.210000,75.324000,65.811000,41.479000
267.800000,74.485000,65.811000,41.479000
267.800000,74.485000,65.811000,41.479000
267.800000,74.485000,65.811000,41.479000
267.380000,74.485000,65.811000,41.479000
266.960000,74.485000,65.811000,41.479000
266.960000,74.485000,65.811000,41.479000
266.960000,74.065000,65.811000,41.479000
266.960000,75.324000,65.811000,41.479000
266.960000,74.485000,65.811000,41.479000
266.960000,74.485000,65.811000,41.479000
266.540000,74.485000,65.811000,41.479000
266.120000,74.485000,65.811000,41.479000
265.700000,74.065000,65.811000,41.479000
265.700000,75.324000,65.811000,41.479000
265.700000,74.485000,65.811000,41.479000
265.700000,74.065000,65.811000,41.479000
265.700000,74.905000,65.811000,41.479000
265.700000,74.485000,65.811000,41.479000
265.700000,74.065000,65.811000,41.479000
265.700000,74.905000,65.811000,41.479000
265.700000,74.485000,65.811000,41.479000
265.700000,74.065000,65.811000,41.479000
265.700000,74.905000,65.811000,41.479000
265.700000,74.905000,65.811000,41.479000
265.700000,74.905000,65.811000,41.479000
265.700000,74.485000,65.811000,41.479000
265.700000,74.065000,65.811000,41.479000
265.700000,74.905000,65.811000,41.479000
265.700000,74.485000,65.811000,41.479000
265.700000,74.065000,65.811000,41.479000
265.700000,74.485000,65.811000,41.479000
265.700000,74.065000,65.811000,41.479000
265.700000,74.485000,65.811000,41.479000
265.700000,73.646000,65.811000,41.479000
265.700000,73.646000,65.811000,41.479000
265.700000,73.646000,65.811000,41.479000
265.700000,73.646000,65.811000,41.479000
265.280000,73.226000,65.811000,41.479000
265.280000,73.646000,65.811000,41.479000
264.860000,73.226000,65.811000,41.479000
265.280000,73.226000,65.811000,41.479000
264.860000,73.226000,65.811000,41.479000
264.860000,73.226000,65.811000,41.479000
264.860000,73.226000,65.811000,41.479000
264.860000,73.226000,65.811000,41.479000
264.860000,73.226000,65.811000,41.479000
264.860000,73.226000,65.811000,41.479000
264.860000,73.226000,65.811000,41.479000
264.860000,73.226000,65.811000,41.479000
264.860000,73.226000,65.811000,41.479000
264.860000,72.807000,65.811000,41.479000
265.280000,72.387000,65.811000,41.479000
265.280000,72.387000,65.811000,41.479000
265.280000,72.387000,65.811000,41.479000
265.700000,71.967000,65.811000,41.479000
266.120000,71.967000,65.811000,41.479000
266.120000,72.807000,65.811000,41.479000
266.120000,72.807000,65.811000,41.479000
266.120000,72.807000,65.811000,41.479000
266.120000,72.387000,65.811000,41.479000
266.120000,72.387000,65.811000,41.479000
266.120000,72.387000,65.811000,41.479000
266.540000,72.387000,65.811000,41.479000
266.540000,72.387000,65.811000,41.479000
266.540000,71.967000,65.811000,41.479000
266.540000,71.967000,65.811000,41.479000
266.540000,71.967000,65.811000,41.479000
266.540000,71.967000,65.811000,41.479000
266.540000,71.967000,65.811000,41.479000
266.540000,72.807000,65.811000,41.479000
266.540000,72.807000,65.811000,41.479000
266.120000,72.807000,65.811000,41.479000
265.280000,72.807000,65.811000,41.479000
264.860000,72.387000,65.811000,41.479000
264.860000,71.967000,65.811000,41.479000
264.440000,72.387000,65.811000,41.479000
263.600000,71.967000,65.811000,41.479000
263.180000,71.967000,65.811000,41.479000
262.340000,71.967000,65.811000,41.479000
261.920000,71.548000,65.811000,41.479000
261.500000,71.548000,65.811000,41.479000
261.080000,71.548000,65.811000,41.479000
260.660000,71.548000,65.811000,41.479000
260.240000,71.548000,65.811000,41.479000
259.400000,71.128000,65.811000,41.479000
258.980000,71.548000,65.811000,41.479000
258.560000,71.128000,65.811000,41.479000
258.140000,71.548000,65.811000,41.479000
257.720000,71.548000,65.811000,41.479000
257.720000,71.548000,65.811000,41.479000
257.720000,71.548000,65.811000,41.479000
257.720000,71.128000,65.811000,41.479000
257.300000,71.548000,65.811000,41.479000
257.300000,71.548000,65.811000,41.479000
256.890000,71.128000,65.811000,41.479000
256.890000,71.548000,65.811000,41.479000
256.890000,71.128000,65.811000,41.479000
256.470000,71.128000,65.811000,41.479000
256.050000,71.128000,65.811000,41.479000
256.050000,71.548000,65.811000,41.479000
255.630000,71.128000,65.811000,41.479000
255.210000,71.128000,65.811000,41.479000
254.790000,71.548000,65.811000,41.479000
254.790000,71.128000,65.811000,41.479000
254.790000,71.548000,65.811000,41.479000
254.790000,71.128000,65.811000,41.479000
254.790000,71.548000,65.811000,41.479000
254.790000,71.128000,65.811000,41.479000
254.790000,71.548000,65.811000,41.479000
254.790000,71.128000,65.811000,41.479000
254.790000,71.548000,65.811000,41.479000
254.790000,71.128000,65.811000,41.479000
254.790000,71.548000,65.811000,41.479000
254.790000,71.128000,65.811000,41.479000
254.370000,71.548000,65.811000,41.479000
254.370000,71.128000,65.811000,41.479000
254.370000,71.548000,65.811000,41.479000
253.950000,71.548000,65.811000,41.479000
253.950000,71.548000,65.811000,41.479000
253.950000,71.548000,65.811000,41.479000
253.950000,71.967000,65.811000,41.479000
253.950000,72.387000,65.811000,41.479000
253.530000,71.967000,65.811000,41.479000
253.110000,72.387000,65.811000,41.479000
252.270000,71.967000,65.811000,41.479000
252.270000,72.387000,65.811000,41.479000
251.850000,71.967000,65.811000,41.479000
251.850000,71.967000,65.811000,41.479000
251.850000,71.967000,65.811000,41.479000
251.850000,71.967000,65.811000,41.479000
251.850000,72.387000,65.811000,41.479000
251.850000,71.967000,65.811000,41.479000
251.850000,72.387000,65.811000,41.479000
251.850000,71.967000,65.811000,41.479000
251.850000,72.387000,65.811000,41.479000
251.850000,71.967000,65.811000,41.479000
252.270000,72.387000,65.811000,41.479000
252.270000,71.967000,65.811000,41.479000
252.690000,71.967000,65.811000,41.479000
253.110000,71.967000,65.811000,41.479000
253.530000,72.387000,65.811000,41.479000
254.370000,71.967000,65.811000,41.479000
254.790000,72.387000,65.811000,41.479000
256.470000,72.387000,65.811000,41.479000
257.300000,72.387000,65.811000,41.479000
258.140000,72.387000,65.811000,41.479000
258.560000,72.387000,65.811000,41.479000
259.820000,71.967000,65.811000,41.479000
260.660000,72.387000,65.811000,41.479000
261.500000,72.387000,65.811000,41.479000
262.340000,72.387000,65.811000,41.479000
262.760000,72.387000,65.811000,41.479000
263.600000,72.387000,65.811000,41.479000
264.440000,72.387000,65.811000,41.479000
264.860000,72.387000,65.811000,41.479000
265.280000,72.387000,65.811000,41.479000
265.700000,72.387000,65.811000,41.479000
266.120000,72.387000,65.811000,41.479000
266.120000,72.807000,65.811000,41.479000
266.120000,73.226000,65.811000,41.479000
266.120000,73.646000,65.811000,41.479000
265.390000,73.187000,67.267000,42.397000
265.390000,73.187000,67.267000,42.397000
265.390000,73.187000,67.267000,42.397000
265.390000,73.616000,67.267000,42.397000
264.640000,73.147000,68.756000,43.335000
263.770000,72.708000,68.756000,43.335000
263.770000,72.708000,68.756000,43.335000
263.330000,72.708000,68.756000,43.335000
263.330000,72.708000,68.756000,43.335000
263.330000,72.708000,68.756000,43.335000
262.890000,72.708000,68.756000,43.335000
262.450000,72.708000,68.756000,43.335000
262.450000,72.708000,68.756000,43.335000
262.010000,72.708000,68.756000,43.335000
261.570000,72.708000,68.756000,43.335000
261.570000,72.708000,68.756000,43.335000
261.130000,72.708000,68.756000,43.335000
260.250000,72.708000,68.756000,43.335000
260.250000,72.708000,68.756000,43.335000
259.810000,72.708000,68.756000,43.335000
259.370000,72.708000,68.756000,43.335000
258.930000,72.708000,68.756000,43.335000
258.500000,72.708000,68.756000,43.335000
258.500000,72.708000,68.756000,43.335000
258.060000,72.708000,68.756000,43.335000
257.620000,72.708000,68.756000,43.335000
257.620000,72.708000,68.756000,43.335000
257.180000,72.708000,68.756000,43.335000
256.300000,72.708000,68.756000,43.335000
255.860000,72.708000,68.756000,43.335000
254.980000,72.708000,68.756000,43.335000
254.540000,72.708000,68.756000,43.335000
253.780000,72.668000,70.277000,44.294000
252.880000,73.117000,70.277000,44.294000
251.990000,73.566000,70.277000,44.294000
250.760000,73.076000,71.832000,45.274000
250.300000,73.076000,71.832000,45.274000
249.840000,73.535000,71.832000,45.274000
249.050000,73.034000,73.421000,46.275000
249.050000,73.034000,73.421000,46.275000
248.580000,73.503000,73.421000,46.275000
248.110000,73.503000,73.421000,46.275000
248.110000,73.503000,73.421000,46.275000
247.640000,73.503000,73.421000,46.275000
247.170000,73.503000,73.421000,46.275000
246.700000,73.503000,73.421000,46.275000
246.240000,73.971000,73.421000,46.275000
246.240000,73.503000,73.421000,46.275000
246.240000,73.971000,73.421000,46.275000
245.770000,73.971000,73.421000,46.275000
245.300000,73.971000,73.421000,46.275000
244.830000,73.971000,73.421000,46.275000
244.830000,73.503000,73.421000,46.275000
244.830000,73.503000,73.421000,46.275000
244.830000,73.503000,73.421000,46.275000
244.830000,73.503000,73.421000,46.275000
245.300000,73.503000,73.421000,46.275000
245.300000,73.503000,73.421000,46.275000
245.300000,73.034000,73.421000,46.275000
245.770000,73.034000,73.421000,46.275000
246.240000,72.565000,73.421000,46.275000
246.240000,72.565000,73.421000,46.275000
246.700000,72.565000,73.421000,46.275000
246.240000,72.097000,73.421000,46.275000
247.490000,71.653000,71.855000,45.289000
247.030000,71.194000,71.855000,45.289000
247.490000,70.735000,71.855000,45.289000
247.950000,70.276000,71.855000,45.289000
248.860000,69.817000,71.855000,45.289000
251.010000,69.842000,70.323000,44.323000
253.100000,70.314000,68.823000,43.378000
253.980000,69.436000,68.823000,43.378000
254.420000,68.997000,68.823000,43.378000
255.300000,68.997000,68.823000,43.378000
256.180000,68.997000,68.823000,43.378000
256.620000,68.557000,68.823000,43.378000
256.620000,68.557000,68.823000,43.378000
256.620000,68.118000,68.823000,43.378000
256.620000,68.118000,68.823000,43.378000
257.060000,68.118000,68.823000,43.378000
257.490000,68.118000,68.823000,43.378000
257.490000,68.118000,68.823000,43.378000
257.490000,67.679000,68.823000,43.378000
257.490000,67.240000,68.823000,43.378000
257.490000,67.679000,68.823000,43.378000
257.060000,67.240000,68.823000,43.378000
257.060000,67.679000,68.823000,43.378000
256.620000,67.240000,68.823000,43.378000
256.180000,67.679000,68.823000,43.378000
256.180000,66.800000,68.823000,43.378000
256.180000,66.800000,68.823000,43.378000
256.180000,66.800000,68.823000,43.378000
256.180000,66.800000,68.823000,43.378000
256.180000,66.800000,68.823000,43.378000
256.180000,66.800000,68.823000,43.378000
256.030000,67.263000,67.356000,42.453000
255.600000,67.692000,67.356000,42.453000
255.600000,67.263000,67.356000,42.453000
255.600000,67.263000,67.356000,42.453000
255.170000,67.692000,67.356000,42.453000
255.030000,68.145000,65.919000,41.547000
255.030000,68.145000,65.919000,41.547000
255.030000,68.145000,65.919000,41.547000
254.610000,68.145000,65.919000,41.547000
254.190000,68.145000,65.919000,41.547000
253.770000,68.565000,65.919000,41.547000
253.350000,68.145000,65.919000,41.547000
252.940000,68.565000,65.919000,41.547000
252.940000,68.565000,65.919000,41.547000
252.940000,68.565000,65.919000,41.547000
252.520000,68.565000,65.919000,41.547000
252.100000,68.565000,65.919000,41.547000
251.960000,69.008000,64.513000,40.661000
251.960000,69.419000,64.513000,40.661000
251.960000,69.831000,64.513000,40.661000
251.550000,69.419000,64.513000,40.661000
251.550000,69.419000,64.513000,40.661000
251.550000,69.419000,64.513000,40.661000
251.550000,69.419000,64.513000,40.661000
251.550000,69.419000,64.513000,40.661000
251.550000,69.419000,64.513000,40.661000
251.550000,69.831000,64.513000,40.661000
251.140000,69.008000,64.513000,40.661000
251.140000,69.419000,64.513000,40.661000
250.720000,69.419000,64.513000,40.661000
250.720000,69.419000,64.513000,40.661000
250.720000,69.419000,64.513000,40.661000
250.720000,69.419000,64.513000,40.661000
250.720000,69.419000,64.513000,40.661000
250.720000,69.419000,64.513000,40.661000
251.140000,69.419000,64.513000,40.661000
251.140000,69.419000,64.513000,40.661000
251.140000,69.419000,64.513000,40.661000
251.140000,69.419000,64.513000,40.661000
251.140000,69.419000,64.513000,40.661000
251.140000,69.419000,64.513000,40.661000
251.140000,69.419000,64.513000,40.661000
251.550000,69.419000,64.513000,40.661000
251.960000,69.008000,64.513000,40.661000
251.960000,69.008000,64.513000,40.661000
251.960000,69.008000,64.513000,40.661000
252.370000,69.008000,64.513000,40.661000
252.780000,69.008000,64.513000,40.661000
252.780000,69.008000,64.513000,40.661000
252.780000,69.008000,64.513000,40.661000
252.780000,69.008000,64.513000,40.661000
252.780000,69.008000,64.513000,40.661000
252.780000,69.008000,64.513000,40.661000
253.190000,69.008000,64.513000,40.661000
253.610000,69.008000,64.513000,40.661000
254.020000,68.596000,64.513000,40.661000
254.020000,69.008000,64.513000,40.661000
254.020000,69.008000,64.513000,40.661000
254.430000,69.008000,64.513000,40.661000
254.840000,69.008000,64.513000,40.661000
254.840000,69.008000,64.513000,40.661000
254.840000,69.008000,64.513000,40.661000
254.840000,69.008000,64.513000,40.661000
254.840000,69.008000,64.513000,40.661000
254.840000,69.008000,64.513000,40.661000
255.250000,69.008000,64.513000,40.661000
255.670000,69.008000,64.513000,40.661000
256.080000,69.008000,64.513000,40.661000
256.490000,69.008000,64.513000,40.661000
257.310000,69.008000,64.513000,40.661000
257.720000,69.008000,64.513000,40.661000
258.960000,69.008000,64.513000,40.661000
259.780000,69.419000,64.513000,40.661000
260.610000,70.243000,64.513000,40.661000
261.130000,69.793000,65.941000,41.561000
261.130000,70.213000,65.941000,41.561000
261.550000,71.052000,65.941000,41.561000
262.810000,71.472000,65.941000,41.561000
264.490000,71.472000,65.941000,41.561000
265.010000,71.431000,67.400000,42.480000
265.560000,70.961000,68.891000,43.420000
265.670000,70.920000,70.415000,44.381000
267.590000,70.429000,71.973000,45.363000
268.170000,70.386000,73.565000,46.366000
270.980000,70.855000,73.565000,46.366000
272.860000,70.386000,73.565000,46.366000
274.730000,71.324000,73.565000,46.366000
276.600000,71.324000,73.565000,46.366000
278.480000,71.324000,73.565000,46.366000
280.350000,71.324000,73.565000,46.366000
282.230000,71.324000,73.565000,46.366000
284.100000,71.324000,73.565000,46.366000
288.320000,70.855000,73.565000,46.366000
288.790000,69.918000,73.565000,46.366000
291.600000,69.918000,73.565000,46.366000
293.470000,69.449000,73.565000,46.366000
295.350000,69.449000,73.565000,46.366000
297.220000,69.449000,73.565000,46.366000
299.570000,69.449000,73.565000,46.366000
301.910000,69.918000,73.565000,46.366000
304.250000,69.918000,73.565000,46.366000
305.190000,69.918000,73.565000,46.366000
308.000000,69.918000,73.565000,46.366000
309.880000,70.386000,73.565000,46.366000
312.220000,71.324000,73.565000,46.366000
313.630000,72.261000,73.565000,46.366000
315.970000,72.730000,73.565000,46.366000
318.310000,73.667000,73.565000,46.366000
318.780000,74.135000,73.565000,46.366000
318.900000,73.622000,75.193000,47.392000
319.380000,73.622000,75.193000,47.392000
320.830000,73.622000,75.193000,47.392000
321.310000,73.622000,75.193000,47.392000
321.790000,73.142000,75.193000,47.392000
321.790000,73.622000,75.193000,47.392000
322.590000,73.647000,73.590000,46.382000
322.590000,74.116000,73.590000,46.382000
322.590000,74.116000,73.590000,46.382000
322.120000,74.116000,73.590000,46.382000
321.650000,73.179000,73.590000,46.382000
320.250000,73.179000,73.590000,46.382000
316.150000,72.197000,75.218000,47.408000
315.190000,71.717000,75.218000,47.408000
313.270000,70.756000,75.218000,47.408000
311.830000,70.275000,75.218000,47.408000
308.460000,69.795000,75.218000,47.408000
306.540000,69.315000,75.218000,47.408000
304.620000,68.834000,75.218000,47.408000
301.740000,68.834000,75.218000,47.408000
299.340000,68.354000,75.218000,47.408000
297.900000,67.874000,75.218000,47.408000
293.090000,67.874000,75.218000,47.408000
291.170000,68.354000,75.218000,47.408000
287.810000,68.834000,75.218000,47.408000
282.520000,68.834000,75.218000,47.408000
279.640000,69.795000,75.218000,47.408000
273.520000,69.751000,76.882000,48.457000
269.600000,69.261000,76.882000,48.457000
266.790000,69.215000,78.583000,49.529000
264.780000,69.215000,78.583000,49.529000
262.270000,68.713000,78.583000,49.529000
259.900000,68.165000,80.322000,50.625000
259.390000,68.677000,80.322000,50.625000
255.430000,68.117000,82.099000,51.745000
254.900000,67.593000,82.099000,51.745000
250.850000,67.544000,83.915000,52.890000
248.710000,67.009000,83.915000,52.890000
246.040000,67.009000,83.915000,52.890000
245.500000,67.009000,83.915000,52.890000
243.360000,67.009000,83.915000,52.890000
242.650000,67.573000,82.126000,51.762000
240.030000,68.620000,82.126000,51.762000
236.890000,68.097000,82.126000,51.762000
235.320000,68.097000,82.126000,51.762000
235.320000,68.620000,82.126000,51.762000
232.180000,68.620000,82.126000,51.762000
231.130000,69.144000,82.126000,51.762000
230.220000,69.618000,83.943000,52.907000
228.080000,69.618000,83.943000,52.907000
228.080000,69.618000,83.943000,52.907000
227.550000,70.153000,83.943000,52.907000
227.010000,70.153000,83.943000,52.907000
227.010000,70.153000,83.943000,52.907000
226.620000,70.103000,85.800000,54.078000
226.220000,70.052000,87.698000,55.274000
226.220000,70.611000,87.698000,55.274000
226.220000,71.170000,87.698000,55.274000
226.220000,71.729000,87.698000,55.274000
226.780000,72.288000,87.698000,55.274000
228.450000,72.288000,87.698000,55.274000
230.690000,72.288000,87.698000,55.274000
232.510000,71.676000,89.639000,56.497000
234.950000,71.051000,91.622000,57.747000
239.040000,70.467000,91.622000,57.747000
243.130000,69.882000,91.622000,57.747000
246.060000,68.714000,91.622000,57.747000
248.980000,67.545000,91.622000,57.747000
251.900000,66.961000,91.622000,57.747000
254.240000,65.208000,91.622000,57.747000
257.160000,65.208000,91.622000,57.747000
259.500000,64.039000,91.622000,57.747000
262.420000,62.871000,91.622000,57.747000
264.750000,62.286000,91.622000,57.747000
265.490000,61.648000,93.649000,59.025000
267.290000,59.255000,93.649000,59.025000
270.280000,59.853000,93.649000,59.025000
273.270000,59.255000,93.649000,59.025000
276.860000,59.255000,93.649000,59.025000
281.040000,58.657000,93.649000,59.025000
285.230000,58.657000,93.649000,59.025000
288.820000,58.059000,93.649000,59.025000
292.410000,58.657000,93.649000,59.025000
295.400000,58.059000,93.649000,59.025000
298.390000,58.059000,93.649000,59.025000
301.380000,58.657000,93.649000,59.025000
303.170000,58.059000,93.649000,59.025000
306.160000,58.657000,93.649000,59.025000
309.150000,58.059000,93.649000,59.025000
312.740000,58.059000,93.649000,59.025000
321.510000,58.689000,91.652000,57.766000
327.940000,58.689000,91.652000,57.766000
329.500000,59.305000,89.697000,56.534000
335.610000,59.335000,87.785000,55.328000
337.110000,59.925000,85.912000,54.149000
340.210000,60.502000,84.080000,52.994000
346.100000,60.502000,84.080000,52.994000
347.700000,61.573000,84.080000,52.994000
353.060000,61.573000,84.080000,52.994000
355.730000,61.037000,84.080000,52.994000
361.450000,61.602000,82.287000,51.864000
366.530000,62.681000,80.533000,50.758000
372.180000,63.195000,80.533000,50.758000
376.430000,64.688000,82.314000,51.881000
381.160000,65.214000,82.314000,51.881000
386.410000,66.265000,82.314000,51.881000
393.380000,66.216000,84.136000,53.029000
400.900000,66.753000,84.136000,53.029000
408.570000,67.779000,85.997000,54.202000
415.850000,69.924000,87.900000,55.401000
422.170000,70.433000,89.844000,56.627000
430.760000,71.005000,89.844000,56.627000
438.930000,74.959000,91.832000,57.880000
448.310000,74.959000,91.832000,57.880000
457.100000,79.063000,91.832000,57.880000
466.480000,81.408000,91.832000,57.880000
474.850000,86.044000,93.864000,59.160000
484.410000,87.240000,93.864000,59.160000
492.350000,90.772000,95.941000,60.469000
495.400000,90.161000,95.941000,60.469000
501.520000,92.608000,95.941000,60.469000
504.580000,91.996000,95.941000,60.469000
510.090000,92.608000,95.941000,60.469000
513.310000,92.550000,98.064000,61.807000
519.560000,95.052000,98.064000,61.807000
520.810000,95.678000,98.064000,61.807000
526.440000,99.431000,98.064000,61.807000
530.360000,103.750000,100.230000,63.174000
532.280000,106.310000,100.230000,63.174000
536.280000,108.810000,102.450000,64.572000
536.460000,110.700000,104.720000,66.001000
537.300000,113.980000,107.030000,67.461000
537.490000,115.280000,109.400000,68.954000
536.970000,116.620000,111.820000,70.479000
538.400000,117.330000,111.820000,70.479000
539.830000,116.620000,111.820000,70.479000
543.400000,118.040000,111.820000,70.479000
546.250000,118.760000,111.820000,70.479000
537.160000,120.120000,114.300000,72.039000
530.600000,127.410000,114.300000,72.039000
