34.454602
0.564141
0.618514
0.480691
0.499297
0.502317
0.507033
0.542133
0.421275
0.450433
0.583877
0.480706
0.483464
0.456951
0.486867
0.498446
0.467221
0.470694
0.490083
0.515211
0.505296
0.505083
0.421164
0.463427
0.449116
0.428757
0.402733
0.425843
0.501458
0.471353
0.578797
0.439524
0.487925
0.538930
0.443737
0.460465
0.476565
0.453071
0.530046
0.515242
0.529742
0.485763
0.481500
0.545996
0.404996
0.526108
0.457953
0.452358
0.476082
0.424618
0.551135
0.422894
0.443696
0.537431
0.483455
0.517036
0.433753
0.511266
0.497949
0.458734
0.439791
0.476352
0.459701
0.483803
0.479952
0.459664
0.471713
0.452666
0.527982
0.486126
0.567003
0.508514
0.563511
0.508739
0.525126
0.478458
0.503278
0.444763
0.438604
0.451304
0.552563
0.473653
0.492874
0.464926
0.470587
0.537996
0.392953
0.475322
0.453974
0.469139
0.507579
0.490196
0.451385
0.412325
0.535717
0.512995
0.456862
0.458354
0.461456
0.509437
0.553415
0.460180
0.433006
0.414589
0.470600
0.466110
0.516780
0.429769
0.548884
0.543737
0.610397
0.533814
0.497348
0.542155
0.546824
0.476719
0.632072
0.456913
0.547167
0.608972
0.637975
0.537538
0.591866
0.620316
0.485100
0.627845
0.606451
0.528869
0.564910
0.537868
0.597480
0.585463
0.525735
0.553615
0.626330
0.542394
0.598147
0.611943
0.561447
0.555546
0.597373
0.565101
0.546234
0.642812
0.566255
0.569371
0.527611
0.603064
0.541617
0.537678
0.608823
0.538759
0.506542
0.569664
0.581316
0.598009
0.560650
0.544681
0.487809
0.597806
0.625211
0.545561
0.596992
0.575213
0.574441
0.569156
0.573208
0.554305
0.555581
0.566049
0.612682
0.576194
0.545033
0.485183
0.548399
0.643760
0.507204
0.490917
0.572685
0.600986
0.623534
0.566021
0.547604
0.487291
0.515650
0.560570
0.508576
0.590065
0.420887
0.576959
0.591075
0.572112
0.543918
0.640841
0.520027
0.553036
0.604237
0.620639
0.544174
0.537570
0.539427
0.609574
0.563469
0.582171
0.513305
0.590835
0.432063
0.555353
0.531405
0.679228
0.551743
0.458169
0.607212
0.615647
0.555634
0.571728
0.562732
0.549425
0.540217
0.475364
0.500473
0.504980
0.530027
0.481555
0.484400
0.426115
0.452101
0.423551
0.501282
0.470814
0.514416
0.467729
0.467626
0.487197
0.471014
0.488914
0.447477
0.488931
0.417620
0.455214
0.522674
0.482168
0.440015
0.534060
0.416814
0.506297
0.513898
0.462021
0.504916
0.438152
0.562600
0.513196
0.542610
0.475837
0.529997
0.505835
0.518964
0.478067
0.543230
0.448689
0.588949
0.530012
0.484708
0.454924
0.510670
0.552989
0.558821
0.560343
0.478193
0.523542
0.545136
0.435403
0.495679
0.505751
0.434156
0.476825
0.424462
0.457242
0.493799
0.536206
0.598028
0.556294
0.571718
0.459957
0.553461
0.531493
0.595657
0.581580
0.499704
0.557197
0.580523
0.460490
0.572937
0.498152
0.462447
0.538127
0.525554
0.504913
0.541046
0.542298
0.562846
0.543366
0.602234
0.545069
0.574297
0.609705
0.531878
0.505226
0.537029
0.542707
0.568558
0.456353
0.576585
0.440929
0.553119
0.639771
0.669130
0.513525
0.604572
0.562553
0.621456
0.616675
0.513089
0.559693
0.625949
0.573833
0.491914
0.522085
0.534436
0.469588
0.587582
0.496715
0.584805
0.534409
0.514683
0.523482
0.591780
0.527321
0.582133
0.516312
0.601669
0.531116
0.597769
0.539859
0.458151
0.619619
0.513924
0.523691
0.551892
0.532778
0.592735
0.498323
0.585588
0.563809
0.513820
0.601877
0.582173
0.507797
0.551345
0.551638
0.610523
0.519830
0.585253
0.544275
0.636491
0.631474
0.573623
0.610238
0.514617
0.614478
0.507063
0.533234
0.547050
0.601561
0.447452
0.646867
0.491128
0.578532
0.578602
0.585271
0.550002
0.622981
0.422146
0.599785
0.556245
0.584313
0.502424
0.526882
0.548400
0.504637
0.600113
0.519653
0.458832
0.518070
0.554544
0.561892
0.502059
0.549426
0.588101
0.556049
0.604516
0.492631
0.486704
0.498111
0.560059
0.546387
0.532148
0.487107
0.556113
0.520317
0.670162
0.661553
0.693865
0.489689
0.585772
0.577538
0.586749
0.486548
0.531542
0.579766
0.589220
0.555060
0.563750
0.594599
0.546030
0.591500
0.525572
0.522388
0.538115
0.559482
0.677354
0.538179
0.489703
0.534649
0.597742
0.479878
0.584374
0.499866
0.463148
0.455474
0.479654
0.465558
0.506967
0.549469
0.567184
0.566453
0.467602
0.523733
0.497209
0.499367
0.503555
0.604767
0.500553
0.549746
0.525151
0.567307
0.517497
0.610158
0.533068
0.533843
0.525200
0.593143
0.542376
0.582538
0.552155
0.548047
0.496806
0.578875
0.584056
0.479008
0.559081
0.500316
0.440148
0.564239
0.485572
0.477564
0.507915
0.516743
0.544310
0.524628
0.571244
0.491492
0.437262
0.590146
0.481003
0.477214
0.421152
0.397324
0.539629
0.409590
0.433071
0.421074
0.433577
0.452781
0.489811
0.505323
0.478429
0.522566
0.395782
0.403063
0.501520
0.432447
0.438909
0.368059
0.483939
0.620058
0.445139
0.440583
0.546512
0.467113
0.518751
0.473446
0.428408
0.468667
0.446768
0.488073
0.432317
0.487005
0.443763
0.434191
0.575276
0.462309
0.426081
0.463048
0.566919
0.469013
0.489956
0.530910
0.405814
0.536536
0.438545
0.464925
0.501110
0.352624
0.452434
0.470811
0.465950
0.398060
0.465520
0.414486
0.495008
0.501160
0.440537
0.511413
0.441614
0.449553
0.423311
0.497013
0.444838
0.459124
0.461607
0.458940
0.459760
0.448013
0.445549
0.460010
0.428844
0.347288
0.408546
0.439951
0.424526
0.457114
0.493490
0.472558
0.416068
0.555096
0.487879
0.480805
0.493503
0.461714
0.565853
0.524269
0.522885
0.518708
0.519837
0.487034
0.517960
0.492778
0.510321
5.654718
0.588705
0.508644
0.556519
0.511405
0.510559
0.461352
0.635546
0.443498
0.535422
0.547080
0.575383
0.535472
0.472404
0.491900
0.561450
0.470250
0.481952
0.508312
0.522083
0.625324
0.590428
0.506395
0.569336
0.504107
0.542385
0.478821
0.512163
0.513517
0.532179
0.583368
0.619264
0.603207
0.485216
0.592840
0.479949
0.503641
0.455333
0.530687
0.515779
0.536719
0.513438
0.526273
0.523746
0.523902
0.570420
0.475066
0.518022
0.500560
0.569436
0.533010
0.684524
0.501882
0.526608
0.541996
0.524068
0.514777
0.536878
0.516386
0.553537
0.594056
0.668937
0.433025
0.563184
0.519500
0.489492
0.520150
0.474726
0.583240
0.539085
0.538811
0.595632
0.640436
0.529171
0.553423
0.578063
0.535718
0.497359
0.567909
0.603938
0.572304
0.643790
0.531551
0.507218
0.595582
0.584046
0.500912
0.505997
0.540261
0.568113
0.586439
0.621142
0.509953
0.628978
0.471455
0.513109
0.561256
0.538429
0.547972
0.519678
0.643753
0.574591
0.531238
0.548950
0.547713
0.567925
0.576275
0.492389
0.581613
0.523650
0.553616
0.551728
0.557923
0.590916
0.656109
0.562346
0.458200
0.536529
0.470443
0.512877
0.569061
0.669557
0.504087
0.567501
0.530706
0.538141
0.569288
0.536556
0.551847
0.559645
0.551089
0.629476
0.541589
0.573680
0.537845
0.515825
0.561849
0.468752
0.651513
0.522242
0.547245
0.592387
0.512164
0.627335
0.598792
0.615166
0.531448
0.558569
0.640178
0.542130
0.539112
0.620766
0.518205
0.546550
0.541900
0.505910
0.596823
0.616442
0.547465
0.492140
0.527074
0.594644
0.535727
0.480405
0.541541
0.440999
0.524931
0.547982
0.573334
0.552558
0.571143
0.612445
0.480372
0.676802
0.444276
0.534329
0.536858
0.604203
0.539444
0.575843
0.462564
0.632201
0.523647
0.572325
0.498403
0.661332
0.512589
0.542767
0.574721
0.548738
0.526788
0.633369
0.597853
0.520958
0.530636
0.503779
0.606150
0.525220
0.620822
0.503822
0.614372
0.598032
0.581341
0.613504
0.535249
0.533813
0.512620
0.573925
0.498826
0.539929
0.502092
0.624360
0.542528
0.569553
0.551013
0.592066
0.488611
0.666497
0.462542
0.632583
0.589219
0.617085
0.494681
0.553012
0.583002
0.517520
0.534236
0.530803
0.534611
0.557162
0.418043
0.621061
0.510705
0.513988
0.548493
0.522830
0.536053
0.493392
0.479142
0.511166
0.540577
0.611077
0.471813
0.579977
0.545618
0.503106
0.588313
0.576864
0.627274
0.492255
0.521717
0.582139
0.507055
0.585315
0.510075
0.609226
0.560158
0.553574
0.578155
0.515382
0.633030
0.591786
0.544218
0.482524
0.565060
0.533282
0.709388
0.514983
0.577365
0.563451
0.581383
0.626195
0.515394
0.531729
0.586735
0.518573
0.490855
0.419163
0.453692
0.495086
0.445891
0.618774
0.641072
0.555163
0.543809
0.556322
0.627326
0.473537
0.569492
0.609849
0.616756
0.603935
0.549694
0.487908
0.517276
0.582736
0.506363
0.535709
0.519695
0.605876
0.543550
0.536196
0.504342
0.551718
0.461914
0.619141
0.541560
0.517595
0.495870
0.548148
0.538740
0.580955
0.569687
0.430109
0.487459
0.512451
0.590682
0.518848
0.503245
0.526913
0.581403
0.640213
0.462320
0.610169
0.522573
0.612390
0.562920
0.570745
0.616034
0.462425
0.579702
0.606013
0.515689
0.518108
0.555815
0.561963
0.603354
0.490618
0.521681
0.591780
0.541871
0.608783
0.472084
0.563959
0.534185
0.573485
0.572530
0.478337
0.557143
0.561713
0.550542
0.639720
0.576919
0.449002
0.588051
0.566288
0.620397
0.480757
0.485434
0.488816
0.523748
0.572984
0.490048
0.572934
0.486900
0.578175
0.538604
0.635623
0.584112
0.564068
0.519743
0.601441
0.516823
0.470261
0.605928
0.526231
0.619168
0.533746
0.508465
0.596652
0.461738
0.576004
0.499259
0.656073
0.535179
0.654188
0.570287
0.497652
0.548332
0.551924
0.583466
0.648765
0.486444
0.540241
0.642841
0.600199
0.523827
0.572266
0.501526
0.520446
0.536921
0.583405
0.484550
0.544824
0.505759
0.429801
0.526527
0.501196
0.455619
0.497976
0.484306
0.547395
0.468584
0.552074
0.547065
0.611550
0.473968
0.623875
0.572429
0.463110
0.546253
0.523546
0.523211
0.551363
0.444333
0.617573
0.546805
0.547631
0.526231
0.573266
0.479367
0.584454
0.560513
0.517725
0.548551
0.527423
0.528632
0.548182
0.520120
0.538459
0.463576
0.641461
0.523448
0.483187
0.534037
0.454312
0.655947
0.465168
0.477906
0.505133
0.518701
0.463634
0.675605
0.493251
0.501016
0.549694
0.524330
0.521483
0.539969
0.466231
0.478631
0.567813
0.535766
0.508386
0.522125
0.554940
0.526839
0.602897
0.461386
0.495115
0.579178
0.551667
0.543339
0.460264
0.539342
0.574555
0.565290
0.530459
0.500730
0.580230
0.586439
0.670306
0.497355
0.537653
0.602423
0.563148
0.577075
0.529767
0.623499
0.498739
0.581123
0.605607
0.452624
0.523548
0.495207
0.527848
0.545212
0.454528
0.479418
0.539744
0.504498
0.609294
0.554445
0.498060
0.521617
0.459193
0.514770
0.544748
0.489810
0.573415
0.568443
0.619887
0.508810
0.509967
0.522062
0.481510
0.503496
0.540572
0.477914
0.480496
0.535134
0.620870
0.553817
0.561257
0.471823
0.560928
0.611229
0.519980
0.556792
0.510389
0.573274
0.631985
0.502875
0.503084
0.553219
0.567973
0.608656
0.550410
0.574181
0.465660
0.553212
0.591332
0.496032
0.464148
0.572635
0.444600
0.535654
0.515568
0.549264
0.542032
0.476863
0.604835
0.548063
0.551853
0.533713
0.519226
0.570608
0.646293
0.485607
0.551787
0.511050
0.554782
0.515418
0.561025
0.493823
0.558301
0.599240
0.630319
0.577047
0.513021
0.567072
0.555719
0.544385
0.450467
0.514281
0.512056
0.510040
0.596284
0.584964
0.480333
0.565296
0.569813
0.496067
0.569112
0.465873
0.568369
0.490521
0.549077
0.583915
0.530693
0.501290
0.591072
0.488571
0.438504
0.566521
0.518657
0.548379
0.538229
0.505562
0.559641
0.461177
0.592150
0.456307
0.522177
0.530740
0.534016
0.506557
0.644998
0.440544
0.499022
0.480593
0.593701
0.566902
0.487291
0.465456
0.438805
0.559303
0.546938
0.574024
0.511075
0.536772
0.643917
0.553092
0.504471
0.683597
0.582038
0.553191
0.505152
0.604865
0.511466
0.543989
0.496550
0.543530
0.564702
0.517688
0.546685
0.513813
0.485986
0.550322
0.544627
0.539201
0.596916
0.489913
0.503483
0.542945
0.489674
0.539643
0.492123
0.493412
0.499277
0.498183
0.553789
0.536607
0.562289
0.525306
0.510567
0.537651
0.535632
0.554734
0.603621
0.517670
0.615418
0.519702
0.475279
0.506248
0.504302
0.546059
0.575210
0.484345
0.544598
0.572062
0.579114
0.564509
0.555846
0.493168
0.504245
0.544981
0.533018
0.538236
0.535283
0.500556
0.508364
0.519283
0.451991
0.459813
0.603336
0.627340
0.450093
0.585788
0.567898
0.531399
0.546189
0.532511
0.619953
0.539429
0.511859
0.714349
0.475264
0.650408
0.422920
0.554977
0.624100
0.562058
0.483980
0.538625
0.558929
0.473011
0.504916
0.566352
0.508749
0.601204
0.461486
0.571870
0.518860
0.471122
0.543510
0.585383
0.486317
0.512555
0.600005
0.551639
0.525412
0.531669
0.519979
0.548200
0.532632
0.589106
0.599703
0.563088
0.567721
0.481221
0.636519
0.487567
0.569730
0.521356
0.545661
0.563732
0.533264
0.566346
0.555211
0.595647
0.495105
0.596803
0.507123
0.583093
0.604429
0.650009
0.570526
0.479658
0.557964
0.567843
0.571557
0.446270
0.620800
0.605325
0.489699
0.492936
0.530604
0.562947
0.577280
0.593612
0.598637
0.641921
0.617694
0.579213
0.615498
0.457437
0.516140
0.594536
0.625106
0.529056
0.649643
0.440300
0.545431
0.556932
0.501173
0.609665
0.548618
0.627951
0.535198
0.547650
0.611497
0.580546
0.540295
0.636673
0.564426
0.601925
0.589112
0.527846
0.481620
0.493852
0.655811
0.529311
0.550703
0.500490
0.551785
0.629169
0.527727
0.533926
0.513508
0.530363
0.566320
0.567926
0.490246
0.468288
0.587856
0.591636
0.537054
0.546945
0.472226
0.559389
0.666784
0.551744
0.502574
0.506087
0.582260
0.506248
0.539101
0.564317
0.564956
0.568379
0.611076
0.565377
0.526916
0.575393
0.637143
0.596664
0.675399
0.524987
0.616626
0.534707
0.608026
0.549759
0.544866
0.530135
0.492764
0.563597
0.489346
0.635150
0.595264
0.548846
0.613603
0.492785
0.613244
0.558567
0.550543
0.638988
0.532325
0.578380
0.533959
0.560843
0.624251
0.479362
0.600486
0.605618
0.524270
0.561525
0.511979
0.553823
0.510365
0.578872
0.611883
0.491138
0.525932
0.574772
0.512483
0.545687
0.545730
0.529631
0.554354
0.537178
0.620564
0.536204
0.501965
0.536797
0.598967
0.490258
0.591678
0.488310
0.542883
0.491703
0.695103
0.588296
0.562069
0.632414
0.566103
0.614284
0.553484
0.561908
0.544468
0.488700
0.648374
0.561414
0.571704
0.494179
0.526709
0.481787
0.584054
0.525905
0.500285
0.469993
0.520913
0.539558
0.594911
0.582893
0.625372
0.564753
0.567300
0.572153
0.516907
0.490651
0.554892
0.574354
0.576355
0.559459
0.523740
0.656240
0.550802
0.516068
0.508052
0.561744
0.573848
0.566694
0.548554
0.600548
0.530457
0.638724
0.552637
0.516433
0.489370
0.521987
0.580224
0.568590
0.511665
0.498044
0.550215
0.560830
0.649200
0.475845
0.570092
0.506331
0.539057
0.591621
