0.10557
0.043331
0.04184
0.038767
0.039459
0.038388
0.039502
0.038036
0.038237
0.037774
0.038115
0.050702
0.039155
0.061242
0.038183
0.037738
0.037938
0.038809
0.038295
0.037093
0.038098
0.038085
0.036814
0.047228
0.035652
0.03564
0.041915
0.03302
0.032915
0.033812
0.036347
0.034029
0.035299
0.038597
0.035021
0.037611
0.038636
0.038478
0.036805
0.036617
0.038901
0.041573
0.041944
0.037929
0.040272
0.039752
0.04198
0.039612
0.037895
0.039256
0.040381
0.038301
0.040206
0.039118
0.036827
0.042181
0.036378
0.040523
0.040434
0.037397
0.044403
0.04166
0.044053
0.039845
0.054613
0.040185
0.038392
0.039385
0.042488
0.039036
0.052666
0.036052
0.042447
0.038667
0.039784
0.040074
0.03847
0.040239
0.04194
0.037064
0.038868
0.029794
0.023845
0.02548
0.024923
0.02505
0.02633
0.027028
0.022656
0.023083
0.027552
0.030982
0.022604
0.021518
0.03887
0.023598
0.025267
0.025617
0.03142
0.022618
0.02578
0.026961
0.02504
0.026093
0.024287
0.022097
0.023581
0.023393
0.028043
0.026978
0.033561
0.043522
0.025997
0.025521
0.025406
0.024236
0.024363
0.023312
0.046501
0.034084
0.024987
0.025428
0.03535
0.035885
0.024774
0.024289
0.023048
0.026886
0.035455
0.029523
0.021863
0.023459
0.023989
0.02633
0.024427
0.025066
0.023156
0.022373
0.023337
0.023825
0.023824
0.024149
0.029949
0.024199
0.023704
0.023987
0.0223
0.021848
0.022981
0.023434
0.02062
0.029002
0.022237
0.024143
0.023062
0.02187
0.02926
0.037
0.022419
0.022505
0.024784
0.024666
0.023556
0.021438
0.023852
0.021925
0.022458
0.024087
0.024125
0.023734
0.02382
0.023027
0.026114
0.033857
0.039985
0.023717
0.023189
0.043822
0.040816
0.028557
0.023476
0.025724
0.023857
0.021783
0.033148
0.025122
0.021838
0.032102
0.027101
0.025778
0.036197
0.024672
0.02732
0.023506
0.024706
0.028132
0.023904
0.024868
0.026499
0.026262
0.023773
0.02451
0.036165
0.024821
0.026394
0.024425
0.025408
0.0236
0.033747
0.023942
0.022805
0.023775
0.022855
0.023905
0.020503
0.025135
0.023229
0.024566
0.025347
0.026371
0.050372
0.024048
0.021212
0.022216
0.024025
0.02307
0.024312
0.02495
0.023387
0.025596
0.02264
0.024514
0.040767
0.02967
0.034361
0.024357
0.035958
0.025454
0.023269
0.024493
0.021545
0.021872
0.021568
0.019817
0.020924
0.019625
0.019811
0.019138
0.019106
0.01972
0.019943
0.020553
0.018688
0.020366
0.019585
0.02883
0.021094
0.019074
0.02211
0.0189
0.021958
0.020441
0.02005
0.020768
0.038162
0.03018
0.021321
0.01944
0.020288
0.031458
0.022565
0.023034
0.022566
0.021486
0.019272
0.020683
0.022362
0.023116
0.04395
0.020287
0.020126
0.022443
0.021942
0.019715
0.023155
0.03427
0.036493
0.029626
0.037368
0.021997
0.024926
0.023396
0.025501
0.022489
0.022657
0.021132
0.027738
0.022449
0.022766
0.026194
0.020236
0.021349
0.039678
0.019832
0.036608
0.02411
0.018803
0.021053
0.022769
0.022588
0.022977
0.024422
0.020719
0.022092
0.02094
0.021589
0.023117
0.030794
0.022452
0.027748
0.020677
0.021596
0.021996
0.023077
0.023177
0.02319
0.027863
0.023306
0.020635
0.036413
0.022244
0.020823
0.023678
0.02366
0.037769
0.02423
0.021151
0.036987
0.020119
0.021543
0.037476
0.020736
0.021578
0.037846
0.021066
0.020515
0.02398
0.021297
0.022047
0.025523
0.023942
0.023926
0.02465
0.024181
0.027188
0.024746
0.023638
0.025674
0.027051
0.038432
0.023185
0.025221
0.029136
0.021731
0.023374
0.024264
0.029275
0.022761
0.041594
0.042747
0.024796
0.025359
0.025879
0.02348
0.024313
0.023316
0.021508
0.022929
0.024664
0.024195
0.024151
0.028873
0.024747
0.022795
0.029964
0.024971
0.021046
0.026365
0.025399
0.028642
0.024728
0.028435
0.028278
0.026484
0.027741
0.027825
0.027436
0.027606
0.039693
0.02667
0.024129
0.024997
0.02384
0.023558
0.022605
0.024
0.026568
0.025312
0.024524
0.023579
0.026461
0.023566
0.02241
0.023315
0.024662
0.028098
0.023543
0.027488
0.02613
0.025048
0.026434
0.026872
0.021777
0.026941
0.025987
0.025642
0.04297
0.02455
0.025442
0.029145
0.028762
0.025608
0.031037
0.027003
0.025141
0.025624
0.027234
0.023287
0.023142
0.023157
0.027396
0.026592
0.02463
0.026374
0.023972
0.024408
0.025707
0.025579
0.020799
0.02456
0.024484
0.022838
0.024939
0.025828
0.024293
0.048381
0.025035
0.024371
0.026244
0.024056
0.026911
0.026722
0.026775
0.025193
0.022886
0.025236
0.025204
0.026532
0.02401
0.023404
0.024488
0.026533
0.025528
0.026173
0.022199
0.02379
0.022929
0.021478
0.024463
0.023158
0.025634
0.023637
0.023219
0.022844
0.024103
0.023859
0.024294
0.020968
0.027101
0.024788
0.025339
0.026212
0.022618
0.024067
0.023402
0.030058
0.027999
0.025156
0.022801
0.025248
0.026329
0.022912
0.025223
0.023781
0.026693
0.024912
0.029358
0.043327
0.028294
0.02248
0.024547
0.023959
0.02563
0.02383
0.025981
0.021785
0.027077
0.020451
0.023028
0.024544
0.026842
0.024777
0.023555
0.023844
0.039436
0.026074
0.024239
0.027814
0.02651
0.022848
0.023811
0.022114
0.023577
0.026553
0.028079
0.025825
0.027072
0.027375
0.024446
0.024117
0.024602
0.024819
0.024053
0.026623
0.025418
0.023599
0.026671
0.023603
0.026827
0.022558
0.025237
0.026718
0.027146
0.027549
0.025724
0.02371
0.025983
0.020538
0.02347
0.022029
0.022232
0.024569
0.02188
0.024021
0.022521
0.020005
0.021416
0.021176
0.022161
0.022486
0.018318
0.020272
0.018805
0.021055
0.020299
0.017711
0.019915
0.018478
0.016439
0.018106
0.018358
0.017981
0.021392
0.020617
0.022152
0.017355
0.032872
0.020326
0.018729
0.021088
0.022472
0.018843
0.021562
0.020797
0.037692
0.022677
0.019708
0.01985
0.018234
0.01955
0.026131
0.021807
0.018008
0.020069
0.016569
0.019017
0.021786
0.022352
0.018611
0.029465
0.020211
0.020167
0.01762
0.037993
0.021629
0.027878
0.020041
0.027214
0.022151
0.021947
0.020328
0.022037
0.021586
0.023903
0.026105
0.021233
0.026017
0.020775
0.023794
0.024709
0.021196
0.020436
0.022409
0.025264
0.023704
0.022391
0.023682
0.023395
0.019627
0.020841
0.021686
0.017849
0.021026
0.018715
0.020279
0.018091
0.020277
0.020764
0.023512
0.021137
0.020451
0.02157
0.020127
0.021801
0.02103
0.020569
0.022232
0.022176
0.022128
0.022207
0.022311
0.019409
0.017973
0.017484
0.019149
0.018756
0.016495
0.016167
0.019751
0.016535
0.016749
0.018535
0.017292
0.017262
0.016153
0.015802
0.016545
0.016358
0.017945
0.016545
0.016771
0.014872
0.015836
0.017283
0.013239
0.01769
0.017079
0.015308
0.015016
0.013136
0.015697
0.015715
0.015954
0.01602
0.013032
0.016477
0.015831
0.018734
0.015779
0.018198
0.017329
0.019383
0.018122
0.017178
0.016229
0.019057
0.018913
0.016965
0.014498
0.017151
0.028694
0.017712
0.016424
0.013486
0.016459
0.017955
0.022804
0.018672
0.017168
0.016773
0.015552
0.015609
0.016982
0.018625
0.015606
0.016877
0.019095
0.030072
0.034782
0.01786
0.018824
0.015656
0.017802
0.031327
0.024936
0.019669
0.016538
0.016896
0.019309
0.022745
0.021302
0.020783
0.01874
0.01938
0.016575
0.021015
0.021576
0.018974
0.021526
0.01755
0.020998
0.018382
0.017855
0.0183
0.017478
0.019122
0.016562
0.019729
0.017781
0.016816
0.020621
0.019327
0.01795
0.018521
0.02032
0.01562
0.018714
0.017012
0.01798
0.016842
0.021532
0.021407
0.016835
0.014629
0.020712
0.015287
0.013672
0.014383
0.016256
0.014269
0.017392
0.014456
0.015834
0.015559
0.016261
0.016236
0.016117
0.018836
0.017413
0.020162
0.020276
0.019242
0.016651
0.017398
0.016221
0.018468
0.016196
0.018282
0.029377
0.022791
0.017129
0.022527
0.022371
0.019521
0.020113
0.022038
0.023258
0.022063
0.02318
0.020248
0.019834
0.018942
0.021567
0.021734
0.02273
0.027334
0.028121
0.029767
0.026864
0.033864
0.029503
0.033748
0.03102
0.026664
0.041891
0.026969
0.03027
0.026567
0.025736
0.027659
0.02574
0.024351
0.025759
0.02487
0.024251
0.024642
0.025597
0.023149
0.027313
0.024843
0.027135
0.026229
0.028664
0.029948
0.027409
0.03127
0.02779
0.028531
0.026708
0.028277
0.025639
0.025997
0.024401
0.03426
0.038419
0.042235
0.028016
0.028764
0.024079
0.030332
0.026025
0.026637
0.025495
0.023858
0.033595
0.02374
0.030512
0.020515
0.02309
0.022047
0.023914
0.023447
0.022985
0.022776
0.021165
0.019429
0.036587
0.024489
0.020632
0.020725
0.020789
0.020323
0.019644
0.02028
0.019879
0.020657
0.020409
0.022768
0.021958
0.020901
0.022005
0.022968
0.020997
0.02178
0.020434
0.02235
0.023418
0.020212
0.021526
0.022847
0.021922
0.022634
0.023019
0.022115
0.035361
0.024001
0.022738
0.023746
0.024701
0.036402
0.024223
0.02988
0.026227
0.024336
0.036249
0.026291
0.026459
0.023014
0.02471
0.025319
0.023946
0.023175
0.022158
0.021
0.034839
0.02354
0.021873
0.022682
0.023157
0.021952
0.020381
0.023781
0.021007
0.020257
0.022127
0.022047
0.021183
0.018821
0.018105
0.020998
0.017919
0.018819
0.021887
0.020517
0.019128
0.019038
0.038938
0.02296
0.025349
0.023895
0.022122
0.023793
0.022896
0.021635
0.019541
0.020485
0.01991
0.019589
0.019546
0.018875
0.020301
0.02036
0.018354
0.019308
0.019878
0.021086
0.020092
0.021804
0.021811
0.023153
0.023145
0.023626
0.022542
0.021687
0.023639
0.02156
0.025784
0.027144
0.022238
0.027182
0.031758
0.023617
0.026763
0.023829
0.028102
0.022887
0.025357
0.023051
0.024749
0.023812
0.024584
0.023273
0.023275
0.025442
0.025983
0.025791
0.026547
0.023661
0.024899
0.025811
0.027728
0.024171
0.028933
0.024724
0.027439
0.023267
0.026283
0.024066
0.021932
0.019963
0.021719
0.017532
0.021707
0.016037
0.014187
0.016261
0.014482
0.01176
0.011217
0.010237
0.010207
0.0124
0.016373
0.038063
0.016754
0.016903
0.020529
0.018488
0.020007
0.022752
0.019702
0.019828
0.021322
0.018853
0.01825
0.018419
0.018716
0.017224
0.020085
0.019229
0.017336
0.018743
0.030289
0.018385
0.019849
0.020525
0.021105
0.020889
0.016845
0.018353
0.022984
0.019863
0.022739
0.022969
0.018255
0.018485
0.018887
0.018563
0.017861
0.020808
0.017779
0.021051
0.020287
0.017206
0.024223
0.024375
0.024684
0.022724
0.020318
0.026248
0.021451
0.022641
0.022752
0.022784
0.022376
0.021724
0.02583
0.026364
0.024019
0.026805
0.024109
0.022545
0.022918
0.026518
0.022947
0.02674
0.035141
0.023702
0.026113
0.024901
0.026932
0.026219
0.023536
0.026628
0.025999
0.021534
0.026397
0.024679
0.026493
0.027855
0.027278
0.028343
0.025172
0.026839
0.028121
0.026911
0.024509
0.025494
0.028482
0.025241
0.022653
0.021862
0.023962
0.026991
0.027281
0.026456
0.020715
0.023164
0.025197
0.023808
0.04861
0.027337
0.025926
0.021288
0.023148
0.027645
0.02101
0.021369
0.022895
0.021141
0.021552
0.020462
0.022849
0.018882
0.019893
0.017742
0.040484
0.028932
0.018584
0.020703
0.022926
0.021855
0.019166
0.019108
0.018723
0.019536
0.022584
0.023142
0.020175
0.02203
0.021304
0.023082
0.026611
0.024791
0.023925
0.023304
0.025021
0.023124
0.025562
0.022198
0.023072
0.023325
0.025567
0.022529
0.022901
0.02612
0.025181
0.023016
0.025299
0.027131
0.022463
0.023139
0.024391
0.024742
0.025327
0.02252
0.022471
0.022942
0.033895
0.036733
0.022478
0.024575
0.025181
0.022749
0.022103
0.023578
0.023135
0.020944
0.01959
0.019577
0.020397
0.022716
0.020095
0.040026
0.023398
0.022755
0.019203
0.020527
0.019715
0.019572
0.023911
0.020561
0.0183
0.02062
0.018493
0.030973
0.019742
0.037927
0.019115
0.026006
0.025895
0.027825
0.020783
0.020816
0.021429
0.022269
0.020223
0.019616
0.019222
0.015891
0.01986
0.020724
0.018794
0.019028
0.023251
0.025332
0.019922
0.022743
0.02221
0.022836
0.02679
0.021549
0.023267
0.026572
0.026017
0.024553
0.025739
0.024802
0.024026
0.028316
0.023479
0.024786
0.026919
0.036952
0.021627
0.032825
0.020519
0.023075
0.024722
0.022229
0.024313
0.024611
0.02263
0.023244
0.023773
0.022641
0.040164
0.02228
0.022389
0.025359
0.023881
0.024008
0.02293
0.038723
0.036238
0.025933
0.024656
0.023117
0.024329
0.023121
0.023299
0.025202
0.023975
0.023866
0.022062
0.026146
0.02508
0.025683
0.024229
0.025477
0.023453
0.021245
0.022097
0.021051
0.022953
0.019037
0.018366
0.022523
0.020723
0.022252
0.035103
0.025937
0.025348
0.02646
0.026101
0.028501
0.029523
0.029909
0.02949
0.028652
0.025289
0.023521
0.032483
0.025654
0.025481
0.023579
0.023309
0.024185
0.023819
0.022696
0.026257
0.025287
0.02718
0.033547
0.036537
0.038606
0.041997
0.034461
0.033381
0.036138
0.034132
0.036857
0.035239
0.040151
0.037626
0.038169
0.034389
0.037657
0.035999
0.040093
0.037456
0.037037
0.033617
0.033081
0.032223
0.031004
0.027728
0.018832
0.017334
0.014365
0.013697
0.013638
0.016504
0.017157
0.018891
0.019796
0.021319
0.038282
0.027208
0.029617
0.030404
0.028261
0.035538
0.034307
0.032685
0.033764
0.045203
0.048746
0.044318
0.046526
0.044462
0.049266
0.043878
0.047774
0.044878
0.043129
0.043241
0.044495
0.046686
0.041491
0.041891
0.040957
0.045375
0.042887
0.047396
0.041197
0.042944
0.045478
0.03966
0.043219
0.042204
0.041184
0.04109
0.040632
0.043585
0.041899
0.041819
0.041214
0.041734
0.039715
0.044361
0.040055
0.038748
0.039294
0.038079
0.042603
0.041726
0.038589
0.036991
0.043761
0.043503
0.041498
0.036923
0.042615
0.042769
0.043417
0.04116
0.042693
0.042355
0.041657
0.042784
0.042587
0.044174
0.046777
0.045655
0.044258
0.047415
0.044064
0.050803
0.041646
0.041622
0.044813
0.047331
0.045314
0.043397
0.044532
0.044185
0.04325
0.044266
0.043228
0.042715
0.041703
0.042858
0.042428
0.042374
0.045
0.041465
0.045948
0.041054
0.044046
0.043977
0.042733
0.044568
0.045299
0.042517
0.042354
0.044046
0.044656
0.040531
0.043632
0.040923
0.039381
0.040289
0.042871
0.039444
0.042553
0.044932
0.039898
0.040834
0.041014
0.041381
0.044194
0.043168
0.041586
0.041322
0.040163
0.041335
0.043753
0.047022
0.042475
0.043494
0.044563
0.040351
0.040965
0.042078
0.03988
0.043192
0.039299
0.037538
0.039903
0.037614
0.041757
0.039386
0.039918
0.043827
0.042611
0.045006
0.042471
0.039669
0.039632
0.041242
0.040524
0.040474
0.039144
0.038044
0.038512
0.039301
0.039922
0.038397
0.03962
0.04037
0.040701
0.040959
0.040079
0.045734
0.044561
0.039574
0.038721
0.040305
0.038913
0.039886
0.0392
0.036361
0.03672
0.038295
0.03678
0.041183
0.038997
0.036643
0.038568
0.038167
0.039005
0.04387
0.041904
0.039304
0.03803
0.039446
0.036541
0.038491
0.040997
0.039471
0.041145
0.038437
0.037142
0.040914
0.04111
0.036467
0.038575
0.041927
0.041063
0.041213
0.041176
0.038412
0.038082
0.039958
0.036622
0.038846
0.041325
0.03901
0.041852
0.039563
0.03675
0.041269
0.039359
0.037455
0.040733
0.039822
0.03796
0.04377
0.043156
0.039067
0.039777
0.038702
0.038831
0.040599
0.038643
0.037312
0.04367
0.038227
0.03898
0.037783
0.041026
0.041166
0.039677
0.041178
0.039349
0.042295
0.043159
0.044574
0.041167
0.039904
0.041044
0.042411
0.040668
0.041157
0.040853
0.043396
0.038807
0.043492
0.040905
0.041519
0.039827
0.038703
0.038787
0.040185
0.042462
0.043283
0.038832
0.040599
0.039005
0.037071
0.040127
0.040323
0.039688
0.039779
0.035781
0.039832
0.03814
0.037378
0.039112
0.038065
0.040197
0.037362
0.036659
0.039122
0.037188
0.037013
0.037566
0.045544
0.03817
0.035902
0.035829
0.039234
0.040457
0.038084
0.039137
0.038369
0.038044
0.03964
0.037707
0.038041
0.038158
0.03922
0.038449
0.038176
0.037403
0.039375
0.038871
0.038053
0.038416
0.037995
0.037527
0.038336
