0.411438
0.040374
0.043176
0.051236
0.046821
0.046530
0.045691
0.041640
0.041085
0.034967
0.039241
0.044875
0.036250
0.036413
0.037126
0.041565
0.039777
0.039235
0.038771
0.044485
0.058676
0.036534
0.034337
0.036645
0.036542
0.036477
0.036787
0.047871
0.040787
0.045352
0.053784
0.044092
0.048707
0.045745
0.047229
0.046629
0.052514
0.042631
0.040763
0.042449
0.068892
0.047415
0.041025
0.046677
0.047055
0.041416
0.046874
0.048265
0.052603
0.045470
0.040304
0.042315
0.041461
0.040444
0.045694
0.038930
0.038590
0.038361
0.039033
0.041243
0.039368
0.054213
0.059447
0.046856
0.036181
0.035928
0.036446
0.035810
0.036139
0.036028
0.047196
0.035764
0.036184
0.035747
0.036361
0.035902
0.036260
0.035780
0.036103
0.053583
0.068652
0.043419
0.047396
0.042409
0.043794
0.040475
0.036287
0.036211
0.036062
0.039130
0.036165
0.036118
0.035869
0.044000
0.048090
0.041291
0.042153
0.040153
0.040304
0.039928
0.060822
0.039677
0.040499
0.045546
0.058398
0.047315
0.040129
0.039803
0.040492
0.039881
0.040269
0.039846
0.040131
0.039897
0.041300
0.043858
0.040572
0.040019
0.040383
0.040016
0.061322
0.051117
0.040531
0.039954
0.040503
0.043799
0.044229
0.043994
0.042895
0.045568
0.043475
0.041307
0.044765
0.042162
0.038177
0.036018
0.035600
0.042628
0.045841
0.040268
0.059074
0.036859
0.037075
0.036806
0.036670
0.036780
0.037575
0.041716
0.039232
0.039579
0.048975
0.040615
0.035617
0.035607
0.035326
0.035295
0.040414
0.049903
0.045555
0.048920
0.066994
0.045010
0.046325
0.044151
0.035794
0.035370
0.044985
0.050545
0.044062
0.036249
0.035982
0.035869
0.035891
0.035865
0.038018
0.036325
0.040627
0.052035
0.039333
0.035871
0.056458
0.036013
0.036310
0.039046
0.046255
0.036978
0.037262
0.036600
0.037284
0.036501
0.037019
0.036867
0.042938
0.036300
0.036369
0.035909
0.036363
0.035761
0.036177
0.035801
0.056346
0.035895
0.036222
0.047069
0.036463
0.035880
0.047111
0.047054
0.036340
0.036300
0.036185
0.036180
0.036321
0.036176
0.036219
0.035894
0.036324
0.036232
0.036499
0.036206
0.056552
0.036184
0.036179
0.035779
0.036134
0.035948
0.036195
0.035760
0.036320
0.036048
0.036360
0.035897
0.036342
0.035926
0.036413
0.035882
0.036322
0.035981
0.036306
0.038314
0.056572
0.036233
0.036324
0.036072
0.036512
0.036000
0.036252
0.036007
0.036413
0.035906
0.036246
0.035977
0.036262
0.035903
0.036327
0.035891
0.036323
0.035859
0.036371
0.036004
0.056436
0.035986
0.045240
0.038288
0.036439
0.043173
0.043770
0.043472
0.045212
0.044280
0.043961
0.043864
0.044622
0.042757
0.038170
0.036433
0.036775
0.044406
0.036781
0.036582
0.057263
0.036560
0.036515
0.036675
0.037262
0.037608
0.036825
0.036631
0.037011
0.036568
0.036786
0.036401
0.036764
0.036329
0.036803
0.036392
0.036691
0.036433
0.036938
0.036438
0.057770
0.036384
0.036980
0.036356
0.036745
0.036377
0.036830
0.036442
0.053372
0.037863
0.036824
0.036572
0.036815
0.036483
0.036809
0.036570
0.036729
0.036492
0.036870
0.036519
0.057083
0.036514
0.036863
0.036423
0.037016
0.036726
0.036781
0.036431
0.036872
0.036432
0.036928
0.036287
0.036214
0.036139
0.036550
0.036218
0.036527
0.036105
0.036292
0.035850
0.056545
0.035873
0.036328
0.036015
0.036266
0.035857
0.036355
0.035861
0.036137
0.035912
0.036241
0.043172
0.036625
0.042238
0.044267
0.042268
0.036940
0.037125
0.038423
0.043139
0.070296
0.043339
0.043999
0.051791
0.038120
0.035795
0.036126
0.035727
0.036200
0.035812
0.036211
0.035777
0.036354
0.035758
0.036282
0.035733
0.036300
0.035771
0.036213
0.035809
0.056855
0.035864
0.036266
0.035934
0.036199
0.036042
0.036216
0.035984
0.036342
0.035720
0.036273
0.035812
0.036247
0.035776
0.036210
0.035832
0.036266
0.035802
0.036362
0.035824
0.056258
0.035892
0.036154
0.036078
0.036165
0.035881
0.036270
0.035759
0.036269
0.035984
0.036210
0.035759
0.036154
0.035710
0.036165
0.035816
0.036265
0.035758
0.036224
0.035948
0.056554
0.036035
0.036312
0.035794
0.036184
0.035804
0.036174
0.035771
0.036188
0.035803
0.036211
0.035733
0.036165
0.035714
0.040328
0.035791
0.036153
0.035866
0.036267
0.035752
0.057091
0.035942
0.036742
0.035932
0.036225
0.035696
0.036205
0.035707
0.036244
0.035759
0.036134
0.035752
0.035764
0.035824
0.036168
0.035827
0.038127
0.036131
0.043497
0.038414
0.072386
0.038216
0.036216
0.035742
0.036270
0.035736
0.036235
0.035733
0.036238
0.035789
0.036083
0.041338
0.043671
0.035912
0.035783
0.035809
0.035642
0.035943
0.041767
0.045691
0.071325
0.040621
0.046626
0.046179
0.035821
0.052891
0.040170
0.039879
0.040298
0.039717
0.040089
0.039743
0.039999
0.039742
0.040044
0.039838
0.047799
0.043886
0.037195
0.044972
0.066960
0.040021
0.040233
0.040061
0.040225
0.039946
0.040226
0.039964
0.040250
0.039875
0.040258
0.039886
0.040277
0.039904
0.040320
0.039968
0.040315
0.039947
0.040421
0.041580
0.070711
0.043682
0.044409
0.041874
0.044034
0.038577
0.043723
0.042853
0.044430
0.044090
0.052384
0.048341
0.045335
0.045204
0.044435
0.047040
0.047036
0.048746
0.037745
0.038110
0.073294
0.051856
0.045959
0.046392
0.049534
0.051429
0.043583
0.037937
0.045485
0.046370
0.044105
0.050174
0.045269
0.045350
0.044746
0.048870
0.041868
0.038067
0.038171
0.045547
0.066140
0.038601
0.038616
0.044619
0.046246
0.043360
0.039731
0.038885
0.038025
0.037122
0.036653
0.036561
0.036806
0.036510
0.036816
0.036454
0.036526
0.036531
0.036567
0.036390
0.058511
0.036423
0.036373
0.048254
0.036418
0.036478
0.036525
0.036234
0.036549
0.036266
0.036354
0.036067
0.048244
0.048038
0.048448
0.036809
0.037467
0.036962
0.037982
0.038999
0.061197
0.039417
0.039778
0.039432
0.039379
0.039841
0.039342
0.039474
0.039425
0.039249
0.039603
0.039246
0.039719
0.039355
0.038505
0.039318
0.040673
0.040879
0.041389
0.041335
0.062848
0.041365
0.040932
0.040147
0.040102
0.039663
0.039456
0.039100
0.038986
0.038583
0.038461
0.038079
0.038056
0.037363
0.037380
0.036815
0.036986
0.036941
0.036605
0.036971
0.058803
0.036992
0.036945
0.037391
0.036889
0.037065
0.037042
0.037438
0.038045
0.039083
0.039150
0.040202
0.040448
0.040333
0.039709
0.040109
0.039244
0.040263
0.040068
0.041325
0.062966
0.039999
0.039124
0.039915
0.040132
0.039699
0.040213
0.039778
0.040200
0.040497
0.040996
0.041640
0.036192
0.036443
0.036102
0.036536
0.036864
0.037323
0.037202
0.037256
0.059211
0.037404
0.037148
0.037202
0.037146
0.037170
0.036944
0.037018
0.036252
0.036911
0.036175
0.036647
0.036071
0.036272
0.036090
0.036275
0.036057
0.036248
0.042104
0.036220
0.063494
0.036214
0.041768
0.041942
0.041212
0.041760
0.035986
0.036203
0.041680
0.041413
0.040937
0.040870
0.040199
0.040308
0.039752
0.040262
0.038936
0.039628
0.039577
0.039022
0.060673
0.039348
0.039256
0.039119
0.039466
0.039345
0.039240
0.038865
0.038995
0.038961
0.039349
0.039422
0.039562
0.039780
0.039949
0.039815
0.039984
0.038953
0.040053
0.039780
0.061602
0.039976
0.039500
0.039987
0.040440
0.040330
0.040422
0.040443
0.040480
0.040682
0.040916
0.035986
0.036081
0.041727
0.041856
0.035929
0.043006
0.053944
0.053765
0.052999
0.076161
0.049749
0.043334
0.045198
0.052777
0.053780
0.053883
0.053981
0.053513
0.037230
0.043429
0.037598
0.048888
0.048995
0.051787
0.036586
0.042807
0.036337
0.041759
0.042599
0.066916
0.041857
0.041924
0.041528
0.042032
0.046831
0.043142
0.054706
0.053407
0.041996
0.042258
0.041448
0.041844
0.041100
0.041660
0.041350
0.041875
0.041822
0.041900
0.041563
0.062929
0.041492
0.041518
0.041569
0.041841
0.041759
0.041950
0.041831
0.042117
0.041922
0.042094
0.041691
0.042271
0.041860
0.036204
0.041863
0.041955
0.041631
0.042311
0.041851
0.063936
0.041849
0.036276
0.036134
0.036497
0.035893
0.042030
0.041879
0.042306
0.041982
0.036152
0.042012
0.036213
0.035823
0.036237
0.042168
0.036195
0.036094
0.036416
0.036087
0.058532
0.035992
0.036327
0.036103
0.036404
0.035978
0.039207
0.038508
0.042130
0.038110
0.040489
0.036808
0.044490
0.044930
0.041309
0.037982
0.037979
0.039410
0.042004
0.038069
0.060092
0.039188
0.049126
0.054926
0.041740
0.035981
0.036412
0.036569
0.036710
0.036350
0.036703
0.036330
0.036638
0.036243
0.036527
0.036251
0.036677
0.036358
0.036680
0.036273
0.058173
0.036435
0.036835
0.036297
0.036581
0.036772
0.036616
0.036541
0.036866
0.043315
0.044831
0.046385
0.045746
0.046809
0.046134
0.045099
0.043602
0.038283
0.053214
0.047669
0.077467
0.042170
0.042076
0.042027
0.041893
0.041920
0.042477
0.050377
0.046797
0.042867
0.047761
0.043311
0.038529
0.044649
0.037976
0.037123
0.037325
0.042937
0.043051
0.042776
0.065027
0.042338
0.042716
0.042816
0.043278
0.042765
0.042632
0.042626
0.042974
0.042882
0.043015
0.042711
0.042810
0.042310
0.042790
0.042419
0.042813
0.042600
0.042778
0.043012
0.064735
0.041876
0.042335
0.042282
0.042646
0.042981
0.043997
0.041572
0.041485
0.043388
0.051737
0.052166
0.048742
0.045327
0.047316
0.051022
0.052188
0.043191
0.043217
0.050941
0.076205
0.036937
0.037358
0.036946
0.038747
0.054078
0.036987
0.036801
0.037109
0.037141
0.038904
0.045501
0.045565
0.045017
0.046465
0.039350
0.036607
0.036379
0.037444
0.044670
0.074365
0.041565
0.047689
0.053418
0.042607
0.035722
0.041275
0.041250
0.035914
0.035585
0.041671
0.042903
0.045882
0.037134
0.044542
0.036088
0.042912
0.036299
0.036241
0.035731
0.063703
0.035728
0.037737
0.051074
0.042031
0.043037
0.036323
0.036388
0.036728
0.036354
0.045157
0.045426
0.042246
0.037582
0.037355
0.037476
0.037739
0.037743
0.037785
0.037557
0.059157
0.046523
0.045105
0.044911
0.038128
0.037058
0.036924
0.049969
0.043075
0.037273
0.043258
0.038798
0.039008
0.050562
0.045012
0.045736
0.043539
0.046998
0.052629
0.053238
0.073864
0.044683
0.042057
0.047261
0.053852
0.061845
0.052220
0.043641
0.048843
0.049764
0.050498
0.040114
0.041919
0.048334
0.040180
0.039978
0.040112
0.039608
0.050449
0.041168
0.063182
0.042209
0.051567
0.049654
0.050011
0.050325
0.053225
0.050704
0.050304
0.051317
0.053741
0.052372
0.053607
0.044181
0.051181
0.042084
0.042113
0.040016
0.039944
0.039783
0.061153
0.056112
0.042217
0.039561
0.046796
0.039809
0.039473
0.038912
0.038604
0.038325
0.039593
0.041101
0.039039
0.037441
0.037325
0.037816
0.038012
0.039163
0.038487
0.048117
0.059778
0.038512
0.038104
0.038412
0.037914
0.036745
0.036558
0.037050
0.037757
0.045194
0.045242
0.044641
0.037958
0.037646
0.035125
0.049643
0.037417
0.048152
0.046996
0.046572
0.067108
0.045058
0.044525
0.045758
0.045402
0.044677
0.057095
0.046666
0.057618
0.044521
0.045141
0.044579
0.045498
