94	0	121	328
98	-2	130	329
105	-5	134	335
113	-7	129	328
118	-9	126	330
122	-9	126	320
134	-8	113	315
139	-7	115	307
145	-5	109	308
148	-5	110	298
152	-9	109	306
155	-7	113	298
161	-8	108	310
167	-5	105	299
171	-8	101	296
173	-8	98	285
181	0	96	256
183	1	94	248
180	-4	95	250
187	-3	91	247
188	-5	91	248
194	-5	88	252
197	-4	87	247
196	-7	86	249
199	-5	86	248
205	-5	80	244
205	-8	81	232
209	-4	80	222
213	-7	77	220
217	-6	74	222
221	-4	71	218
223	-3	69	214
220	-6	75	214
224	-9	72	219
227	-5	70	213
228	-4	72	199
229	-5	70	208
228	-4	69	203
229	-3	71	197
231	-6	69	195
234	-6	66	192
233	-3	68	188
236	-2	66	183
237	-5	67	183
237	-5	66	182
239	-2	65	181
241	-2	61	180
242	-2	60	177
245	-2	56	176
248	-4	57	177
248	1	60	168
251	3	56	158
250	0	59	163
253	0	56	160
257	1	54	154
261	1	50	155
259	0	53	151
263	-1	52	153
263	2	50	148
263	0	51	150
263	2	53	140
261	-1	56	139
261	-1	55	141
262	-2	55	142
265	-1	51	141
264	0	55	137
265	0	51	133
267	0	51	137
264	-2	55	137
267	0	52	132
269	-1	50	135
272	-2	47	135
272	-1	48	128
273	0	47	121
278	-2	44	127
281	-1	39	123
283	-2	39	124
283	-3	40	125
285	-1	38	122
283	-2	41	123
285	-1	39	123
284	-1	41	121
284	-1	41	120
284	-1	41	117
285	-1	41	117
285	-2	41	116
285	-1	43	112
287	0	41	109
287	-1	42	108
287	0	42	107
289	0	41	108
291	-2	40	112
294	0	38	109
293	-2	39	108
296	0	38	105
298	-2	38	106
302	-2	36	104
306	1	33	99
307	0	33	100
309	-2	32	100
311	-2	32	92
312	-1	31	91
313	0	31	90
314	0	33	89
315	1	36	90
317	3	34	85
319	2	34	86
321	0	34	92
321	1	35	88
323	1	35	89
324	1	34	89
325	0	34	91
327	-3	37	92
328	-2	36	91
333	0	37	87
336	0	35	86
339	-1	33	89
343	0	33	87
349	0	28	84
351	0	28	88
353	0	30	87
353	0	31	88
353	1	32	85
354	-1	38	88
355	0	39	88
356	0	41	87
357	0	41	88
360	0	40	84
357	0	43	86
357	1	45	85
357	3	45	84
357	6	44	81
357	9	44	78
355	12	47	75
355	15	47	71
354	17	48	69
355	20	45	66
354	22	44	64
352	23	46	63
352	25	46	60
352	26	46	60
351	28	47	58
352	26	47	60
351	27	47	59
351	27	47	60
351	26	47	60
352	25	46	62
351	24	45	62
352	23	46	62
353	21	44	65
352	19	46	68
353	17	44	69
353	15	44	70
353	14	45	72
351	12	47	75
351	10	46	77
351	9	46	78
352	11	44	76
351	9	46	78
351	9	45	78
350	8	45	79
350	10	46	77
350	8	46	77
351	6	45	80
355	4	41	81
356	3	41	84
356	5	40	80
356	6	41	79
356	5	43	80
358	4	41	81
357	5	42	80
358	4	41	80
359	4	41	81
358	3	42	82
361	2	39	84
361	2	40	82
360	7	40	79
362	5	39	79
362	4	38	81
363	3	37	81
363	11	38	72
360	10	40	74
353	7	47	79
356	6	43	78
355	3	46	84
354	5	47	80
353	5	48	80
354	3	47	83
354	6	47	79
353	3	47	81
352	4	48	82
353	4	45	81
353	5	45	80
354	4	44	81
353	2	44	84
354	1	42	83
353	3	42	83
353	2	43	83
356	1	39	85
354	3	42	84
352	3	45	82
351	2	48	84
350	3	48	82
349	3	49	82
348	6	52	79
351	4	49	81
350	5	49	80
350	3	49	83
349	6	50	79
352	6	48	80
352	3	47	82
358	4	40	80
358	4	41	82
354	3	45	84
352	4	47	81
351	5	49	80
351	6	51	79
351	5	50	81
351	6	50	80
351	4	50	82
354	6	47	79
351	3	49	83
350	6	50	79
348	5	54	80
351	6	50	80
348	3	51	81
353	3	45	82
349	3	48	81
349	5	49	80
349	8	50	78
349	12	53	74
352	7	50	80
351	13	52	73
349	14	54	72
348	12	53	73
346	4	60	82
346	6	61	81
346	7	62	80
346	7	62	77
347	6	59	79
346	7	56	80
349	10	51	76
348	15	51	70
348	13	53	72
349	6	51	81
348	4	52	81
345	5	57	80
346	7	56	79
347	7	55	78
347	7	55	79
346	11	56	75
349	5	52	82
348	7	54	79
349	4	51	83
349	7	51	79
349	13	52	74
347	12	52	74
348	14	52	72
347	13	53	73
349	8	52	78
348	5	52	82
349	5	51	82
350	5	49	81
350	12	52	75
349	6	51	82
351	9	49	78
349	8	51	78
350	5	50	81
350	6	50	80
351	9	52	78
350	9	51	78
350	4	52	82
351	4	52	83
350	7	53	79
351	8	52	79
351	9	52	77
352	10	51	76
352	8	52	78
353	11	50	74
354	13	49	72
353	13	49	71
354	16	48	69
354	15	50	68
354	14	50	70
354	13	51	71
355	16	51	69
356	14	48	71
356	11	48	73
357	16	47	68
357	14	48	71
357	12	47	73
357	11	47	74
359	15	45	70
360	16	44	68
360	14	43	70
360	15	44	69
362	14	42	69
364	15	40	68
364	15	39	69
364	14	41	70
365	11	41	73
366	5	39	78
366	4	40	81
367	3	38	81
369	4	36	80
369	5	34	80
370	4	35	79
371	4	34	80
372	5	32	79
371	8	34	75
372	6	33	78
373	3	31	81
373	5	31	79
374	9	30	74
373	8	30	74
374	10	30	72
375	12	29	70
375	10	30	73
376	8	29	75
376	6	29	78
376	4	35	80
376	2	34	81
377	1	35	82
376	2	37	81
376	2	37	82
376	2	35	83
375	2	39	81
375	1	38	84
376	1	37	84
376	3	38	81
376	4	38	79
376	4	41	78
376	5	38	75
376	4	37	77
376	6	34	76
376	8	33	73
377	12	33	70
376	11	34	71
376	13	34	68
377	12	32	69
375	12	33	69
375	12	34	69
375	13	34	69
373	11	36	71
373	14	37	66
372	13	38	68
372	12	37	68
372	12	38	68
372	12	37	68
371	14	39	66
369	11	42	69
368	12	43	70
368	11	42	69
367	12	43	68
365	11	44	68
364	12	45	67
363	12	45	68
362	12	46	69
360	13	47	68
357	14	49	67
356	14	49	68
355	13	48	68
354	13	49	70
353	13	49	70
354	13	48	70
354	14	47	68
352	11	47	71
353	12	47	69
352	10	46	72
352	10	46	72
351	10	45	72
351	10	47	72
351	11	46	71
350	11	46	72
350	11	47	72
350	13	47	69
349	13	46	70
349	13	46	70
348	14	46	69
349	13	47	71
348	13	45	72
349	15	46	70
347	13	47	71
345	13	50	72
345	14	49	72
346	14	48	73
347	15	46	71
348	15	46	71
345	15	49	73
345	14	49	74
343	14	51	74
344	14	50	75
343	14	52	76
341	15	53	73
344	13	51	75
343	16	52	72
342	16	53	73
342	16	53	73
340	13	54	77
340	12	56	79
344	11	53	81
344	11	53	81
344	13	54	78
343	13	54	79
345	11	56	82
346	10	53	83
349	11	51	81
348	15	52	78
350	12	48	81
350	10	51	82
350	6	52	86
350	8	51	85
353	11	49	82
353	14	51	79
352	14	52	80
353	14	51	80
353	17	53	77
354	19	53	76
355	17	51	78
356	17	51	78
355	17	53	79
357	15	52	81
356	17	54	79
356	17	54	80
356	21	55	75
357	17	56	80
359	18	53	79
359	15	51	82
359	17	55	80
358	19	56	80
360	14	54	85
360	18	51	79
362	19	53	79
362	19	51	78
362	19	52	78
364	18	53	80
363	20	51	78
364	18	52	80
365	20	50	78
363	20	53	78
366	19	50	79
367	19	50	80
366	19	53	79
367	18	54	82
367	16	52	84
367	19	55	80
368	20	53	80
367	21	56	78
368	21	56	78
369	20	54	80
368	19	59	82
369	20	55	82
368	19	59	84
369	15	57	88
369	14	57	90
369	12	56	92
370	15	57	89
369	15	59	89
369	14	60	91
369	9	56	96
369	16	59	89
368	20	61	85
369	19	58	86
368	20	61	86
368	17	61	90
369	20	56	87
369	20	58	87
369	20	57	87
367	22	59	86
368	21	54	87
367	22	59	86
368	20	55	88
368	14	52	95
366	17	54	92
365	14	53	95
365	12	52	99
364	11	52	99
365	18	52	92
362	15	54	96
361	19	55	92
360	19	56	91
359	19	55	91
358	23	57	88
358	23	57	88
357	22	57	89
357	21	55	91
355	22	58	90
356	23	57	89
355	22	58	89
355	20	58	91
353	21	58	91
352	18	57	95
352	17	56	95
349	22	56	91
349	23	57	90
347	26	59	87
345	24	59	89
344	26	61	89
341	29	63	86
344	23	59	93
342	27	59	89
341	24	60	93
339	25	61	93
339	25	59	92
337	27	60	91
336	26	61	93
335	23	61	96
335	26	60	94
335	29	58	91
333	28	60	90
333	28	59	90
333	27	58	92
332	26	57	93
331	27	58	91
330	28	59	92
330	28	59	93
330	26	58	95
330	32	57	89
329	28	58	94
328	28	60	94
328	29	59	95
328	29	61	95
327	28	61	96
328	30	61	95
328	32	62	93
330	32	60	93
330	31	61	96
329	28	61	99
329	32	61	95
330	30	60	98
330	27	61	102
327	29	64	101
328	28	62	101
329	32	64	97
328	36	64	93
329	31	64	99
328	33	64	97
329	36	64	94
331	33	64	98
330	34	63	97
330	33	63	99
331	33	65	100
330	32	64	100
329	34	68	99
330	35	65	98
332	36	65	98
333	34	64	99
334	34	65	101
333	35	65	99
334	38	66	96
335	37	66	98
336	34	64	101
337	34	65	103
338	33	62	104
338	35	65	103
335	35	72	102
336	35	69	102
338	35	68	103
338	38	69	101
337	34	71	106
338	33	69	108
339	36	67	105
338	39	70	101
337	39	72	101
337	38	71	105
339	36	68	107
338	35	69	108
340	38	67	107
337	36	70	109
336	38	72	106
337	37	72	109
337	39	70	108
337	39	70	109
335	40	72	107
335	35	72	113
336	38	71	112
336	38	69	111
335	40	70	109
334	39	73	111
333	42	73	108
334	41	69	110
334	42	70	109
333	42	71	109
332	40	72	111
332	41	72	111
332	42	72	110
331	40	73	115
332	39	70	116
331	43	73	113
329	38	76	119
331	45	73	112
331	45	73	112
332	42	71	115
333	42	70	117
332	42	73	119
331	44	73	116
334	42	71	120
332	41	72	121
332	45	75	117
332	46	75	116
330	45	76	117
332	44	76	120
332	45	74	119
333	46	77	119
332	46	77	119
333	46	75	121
335	46	75	122
333	49	77	117
334	49	77	118
334	46	77	122
334	46	79	124
334	48	78	122
334	49	78	121
334	45	78	127
334	46	79	126
334	48	79	125
333	51	83	120
333	50	83	123
333	50	81	124
335	49	79	127
334	51	80	125
334	48	80	128
335	51	79	126
333	51	83	126
333	52	84	125
337	46	76	135
334	50	83	130
335	48	81	134
335	48	81	133
335	54	80	127
334	49	83	134
335	50	83	133
335	49	82	136
334	51	87	135
333	52	88	134
335	53	85	133
337	52	81	136
334	54	87	133
333	54	91	136
336	52	83	140
335	53	86	138
333	52	90	141
334	53	86	140
333	56	88	137
334	53	84	141
333	56	88	140
331	56	91	141
331	55	90	141
330	59	91	138
332	58	86	140
330	57	88	143
327	61	94	138
327	59	91	142
326	56	94	147
327	59	91	144
326	58	89	144
324	57	91	147
323	60	94	146
323	57	95	150
323	58	92	150
322	61	95	148
322	59	93	151
319	62	97	148
319	60	96	152
321	63	91	151
320	64	90	150
315	63	99	152
317	64	95	150
316	65	94	152
315	63	95	155
314	64	97	156
313	66	99	153
313	66	99	156
311	63	97	159
311	63	96	158
311	66	98	160
311	67	97	157
311	68	97	160
309	68	98	161
308	67	99	162
309	68	98	163
307	66	100	164
309	69	100	164
309	69	101	165
305	67	101	168
306	65	99	170
307	66	98	172
308	76	104	163
306	76	103	164
306	74	102	166
307	72	104	169
304	72	105	173
305	73	106	173
306	76	104	169
307	77	104	171
303	78	108	170
307	72	105	178
304	76	104	174
308	76	106	179
303	78	110	175
303	78	113	175
303	81	112	174
304	80	110	177
306	84	109	177
305	84	112	176
304	84	114	178
303	84	114	179
304	85	113	180
303	83	112	183
302	82	114	185
306	83	110	188
303	87	115	183
302	90	119	180
299	90	121	182
305	85	112	191
304	90	111	188
302	87	117	190
304	88	114	193
300	92	120	191
299	88	123	194
302	90	116	194
302	93	118	192
300	93	120	198
299	91	119	196
296	91	125	199
300	93	117	198
295	99	127	197
294	95	130	199
294	99	125	194
291	98	131	204
294	98	125	202
294	101	126	201
292	99	127	206
292	105	125	199
289	102	131	205
288	107	133	200
286	106	134	203
284	98	134	217
282	94	134	223
284	87	130	229
284	87	129	235
278	89	135	236
275	94	141	228
272	99	143	225
271	95	145	231
274	95	136	232
272	99	134	238
272	110	135	224
269	113	136	224
263	112	142	223
261	107	145	234
263	106	141	237
262	106	142	239
256	114	142	237
255	111	147	235
248	117	153	235
248	105	149	245
248	113	148	243
243	119	149	235
244	121	154	231
239	118	154	238
242	110	149	252
239	120	151	240
236	121	150	238
241	126	153	235
231	118	158	242
237	120	155	238
234	121	152	240
237	124	156	238
234	123	154	239
237	129	152	228
237	124	150	238
236	120	153	245
235	121	156	239
240	122	156	242
234	118	151	243
237	120	156	246
233	123	153	238
238	123	152	236
233	122	154	241
235	123	153	237
237	113	149	251
233	121	152	242
234	122	153	238
237	121	151	246
233	119	153	244
240	120	152	248
233	116	150	246
229	121	154	240
236	123	160	244
238	120	148	245
229	119	152	244
232	114	151	253
227	118	151	244
229	124	156	244
230	129	154	236
232	120	149	246
227	126	153	239
229	121	151	246
230	119	150	248
226	118	150	247
228	118	150	248
228	121	152	246
227	120	151	247
225	128	152	236
224	125	155	243
220	124	151	243
224	119	152	251
228	127	151	240
223	124	149	243
228	120	152	245
225	123	147	247
220	126	151	247
217	121	153	254
217	122	147	248
220	126	155	249
215	126	154	246
212	127	156	246
213	125	156	252
213	125	151	248
213	127	154	251
206	125	156	251
211	126	151	250
205	126	153	251
204	127	150	250
205	133	151	236
203	128	151	251
200	125	149	252
195	126	154	252
193	129	151	250
193	127	146	250
190	127	146	251
194	127	137	252
188	125	141	249
188	128	143	252
188	125	134	254
181	129	143	255
184	128	135	252
183	125	135	253
183	131	125	251
181	129	132	251
177	116	135	266
184	132	123	256
185	131	120	255
181	130	123	252
172	123	131	262
177	122	125	262
173	134	124	254
171	123	124	265
163	136	132	252
168	129	125	263
165	129	128	262
169	136	124	257
153	121	139	273
162	131	132	264
173	133	118	265
184	136	110	252
185	135	109	261
192	137	99	236
191	137	99	209
191	147	102	222
197	139	96	223
196	140	95	213
201	146	91	216
196	143	95	205
192	149	100	220
172	136	124	244
146	134	144	256
119	124	176	271
172	129	140	263
149	124	147	271
149	116	150	282
148	109	151	301
146	105	154	315
152	120	151	306
147	129	156	297
148	132	160	284
149	136	167	291
140	143	181	277
147	132	179	288
145	131	180	290
148	131	191	292
150	127	188	297
159	148	190	275
149	162	206	265
154	162	208	267
161	155	201	275
167	158	203	269
175	148	198	279
172	131	205	295
181	144	197	284
182	128	198	303
193	141	188	288
187	153	198	277
197	144	190	286
198	155	196	269
200	152	197	276
209	154	188	274
212	155	187	271
216	139	177	285
226	160	175	263
227	145	169	281
228	155	173	270
236	150	174	274
240	154	163	269
246	155	165	267
254	144	157	281
260	120	145	305
265	107	139	319
269	88	135	335
275	90	132	336
277	94	131	332
283	89	123	329
279	92	130	337
280	94	133	324
285	98	126	321
284	90	124	335
283	88	132	337
281	96	136	329
284	100	131	320
282	101	129	314
280	95	130	329
278	105	132	309
274	95	134	315
274	95	134	335
271	97	137	329
271	103	139	322
263	103	147	324
264	102	146	327
259	97	151	333
252	91	157	340
248	99	159	325
241	103	168	323
238	97	167	323
238	112	166	303
236	99	164	319
233	109	165	304
227	103	171	309
226	112	169	301
225	101	168	307
224	114	170	297
224	119	170	292
222	128	175	283
220	125	175	290
221	126	172	291
223	138	169	277
216	133	176	286
216	126	170	287
217	133	175	285
213	158	178	260
215	160	171	254
212	161	183	259
212	156	186	261
213	153	177	269
209	152	187	268
207	155	181	261
209	156	183	263
211	153	177	268
212	138	180	284
211	155	177	263
210	155	176	261
210	155	181	265
212	145	178	277
213	159	177	258
213	156	177	260
216	156	185	264
218	158	184	264
216	155	185	267
218	148	186	271
216	161	187	264
226	161	177	264
221	168	183	253
220	174	195	246
216	172	197	253
215	170	200	259
218	178	203	247
218	192	190	226
218	180	195	247
216	190	205	234
211	192	217	238
216	195	195	227
209	198	215	221
209	199	217	221
208	192	217	235
202	179	230	245
206	174	227	264
202	152	237	279
206	138	207	281
210	188	210	263
206	134	226	289
185	216	255	213
199	222	236	202
198	231	239	165
193	232	248	182
199	243	238	163
192	247	246	161
185	254	257	158
185	257	255	154
176	264	268	147
168	263	281	154
150	259	299	163
168	264	272	158
165	270	277	155
171	278	268	148
133	194	214	181
189	207	199	211
177	186	180	215
187	184	136	182
188	191	128	160
184	196	134	154
182	197	133	158
181	201	132	164
176	201	132	172
169	207	136	165
164	210	137	163
162	215	140	159
154	220	146	162
146	222	148	163
135	231	153	153
121	238	161	128
123	262	158	137
111	245	164	168
96	248	172	174
88	254	175	158
80	263	173	148
73	267	170	148
56	276	183	144
44	285	188	142
25	299	203	117
14	302	206	121
6	310	210	117
2	316	213	117
4	319	206	110
4	323	201	104
3	325	199	103
4	326	194	102
0	325	199	103
-2	326	200	99
-4	325	202	102
-2	325	194	101
-4	326	195	101
-2	329	192	95
-4	327	193	98
-6	329	190	94
0	329	186	94
-3	332	186	92
-3	332	186	93
-3	333	184	92
-4	335	190	88
-3	333	189	94
1	333	188	93
0	332	188	94
0	336	187	93
0	350	189	77
-4	368	197	60
0	378	192	63
12	394	174	80
0	153	186	92
172	30	181	117
383	-96	169	98
210	-87	164	100
392	-83	155	91
189	14	140	104
225	20	123	94
232	23	93	100
237	27	84	94
238	32	84	93
237	35	85	88
238	38	84	82
231	15	73	98
243	7	78	107
240	7	79	114
238	10	85	113
237	22	83	103
237	38	86	84
227	11	84	103
236	14	88	108
236	5	85	120
236	13	87	113
234	23	88	102
238	20	83	102
235	18	85	107
235	35	87	89
238	34	84	89
237	37	86	83
238	38	85	81
238	37	84	84
238	37	85	84
237	37	85	84
238	38	86	86
233	10	89	99
238	7	78	116
236	8	83	116
229	4	91	121
236	9	86	116
236	12	85	114
236	14	86	111
236	5	87	121
235	11	87	114
236	17	87	108
236	14	88	111
237	20	83	105
235	24	86	101
237	27	84	98
237	27	84	98
238	30	82	94
238	31	83	93
238	35	83	88
237	33	85	89
237	34	86	90
238	35	82	87
238	37	85	84
238	37	83	85
238	38	84	82
236	35	89	90
238	38	82	84
238	37	85	87
239	38	81	82
237	36	88	87
236	37	87	84
239	37	82	84
238	36	85	85
239	36	81	86
237	35	87	88
237	36	82	86
239	35	85	89
238	34	85	89
239	34	82	88
238	35	85	87
236	39	85	80
239	36	83	89
236	34	86	88
238	25	83	99
236	33	86	92
