167,247,347,439
162,241,348,451
152,241,343,452
154,233,333,455
149,238,330,451
146,248,323,453
142,241,318,453
140,243,317,458
139,247,315,451
135,243,313,459
133,244,308,455
136,238,310,453
134,245,308,462
135,238,305,454
137,236,308,457
138,240,312,463
135,232,306,461
137,239,309,459
142,234,311,462
149,229,307,456
148,240,312,460
152,237,316,457
156,234,320,455
158,246,319,457
165,240,317,459
172,241,324,454
178,233,324,459
180,227,327,458
191,225,330,455
193,230,336,455
203,239,351,453
212,227,345,452
223,235,356,455
228,237,360,448
242,245,374,449
245,238,375,450
260,233,384,451
275,234,396,450
279,232,396,448
292,231,414,449
298,224,413,448
312,239,427,444
322,228,441,446
331,233,445,446
337,232,446,447
348,227,451,445
355,220,451,449
364,228,463,448
367,230,471,447
380,231,479,446
387,231,479,448
397,236,489,443
399,240,503,443
402,237,517,437
410,233,522,442
415,240,531,438
421,234,535,434
422,239,538,436
427,231,552,433
429,242,560,432
429,234,568,431
431,238,579,432
434,234,581,432
436,237,587,436
440,237,593,429
440,230,599,434
445,222,601,431
444,234,604,433
445,225,609,429
447,235,612,428
447,231,622,429
452,233,620,431
453,236,624,425
449,238,622,431
453,236,626,431
455,240,626,426
455,233,628,428
456,241,630,429
460,232,633,424
458,251,633,427
459,239,632,426
457,227,630,430
464,239,632,422
457,242,630,434
461,238,633,424
462,249,626,428
455,235,628,429
453,243,628,432
450,235,630,430
449,241,629,428
435,238,624,429
429,245,615,433
430,230,619,429
416,240,609,430
413,247,603,432
413,245,598,430
403,236,592,436
411,249,589,431
398,246,584,431
398,249,580,439
392,237,578,442
388,244,575,443
382,247,570,443
384,241,565,445
372,242,563,445
375,252,555,442
362,240,550,446
359,250,541,445
347,248,534,443
340,249,527,447
333,243,516,443
324,252,510,444
306,246,499,441
311,248,491,444
293,241,475,443
294,252,470,446
279,247,461,440
270,252,455,439
266,248,447,447
244,239,434,443
249,246,438,443
241,254,417,443
235,247,414,445
229,249,406,446
221,249,399,442
217,253,393,444
195,246,381,441
199,253,373,441
193,257,366,439
185,245,361,441
179,246,357,445
174,258,351,440
171,242,347,442
171,254,344,441
158,245,337,436
160,251,331,437
153,244,324,438
151,247,321,439
136,247,317,436
138,246,310,436
127,242,304,436
130,248,304,430
122,250,299,434
133,246,296,430
128,245,294,428
123,250,293,426
122,248,294,424
119,254,293,426
116,239,293,427
123,246,291,425
122,241,290,422
128,247,292,423
127,239,289,418
129,235,292,421
134,237,295,414
137,248,297,417
139,249,305,413
141,245,304,414
150,234,306,410
159,236,312,410
161,240,309,408
169,229,316,404
175,248,317,407
181,235,326,405
186,231,327,405
195,245,331,399
199,246,333,404
207,238,343,403
210,233,346,405
222,239,351,398
226,234,353,404
233,235,364,401
238,226,366,402
245,225,371,400
250,229,377,402
257,225,385,401
257,229,385,401
269,232,391,400
274,233,396,397
280,237,402,398
282,232,403,398
293,237,411,402
296,233,411,400
307,235,420,403
309,237,426,402
318,233,431,406
325,231,436,405
336,234,438,410
339,234,443,409
347,233,453,407
349,234,462,407
355,232,469,408
359,234,481,408
364,237,492,408
364,233,499,406
368,230,505,402
374,228,504,410
374,234,507,410
377,238,515,404
377,233,518,405
378,235,521,405
384,242,527,407
383,236,532,405
388,233,541,404
396,231,542,408
399,239,557,405
399,243,562,405
414,240,571,405
413,243,577,407
422,240,580,402
426,244,587,407
422,242,595,410
430,250,595,406
434,242,600,411
436,244,600,412
436,242,603,412
441,237,604,413
446,244,605,413
445,243,607,413
447,241,611,416
448,244,611,414
451,243,613,415
453,246,615,414
451,241,615,419
453,241,619,417
461,249,620,416
460,245,619,420
464,246,617,421
465,240,614,421
468,242,616,420
464,239,612,427
466,239,607,424
462,236,596,426
464,235,590,426
461,235,587,424
452,232,585,429
459,236,578,433
448,236,574,422
445,237,564,426
423,235,549,441
418,231,546,450
404,237,528,444
400,237,510,458
389,238,505,451
388,234,490,462
374,235,483,463
341,232,463,465
321,230,455,461
288,237,424,463
272,241,418,464
256,237,407,467
250,241,395,465
224,243,385,464
217,247,375,468
199,252,356,461
181,250,347,462
155,267,337,452
150,261,337,456
128,252,335,456
127,249,330,462
128,262,324,459
130,261,318,453
113,253,313,461
113,257,311,463
109,262,305,459
109,265,303,463
96,255,304,461
106,263,299,461
95,261,304,462
103,273,299,461
92,268,299,464
101,264,299,459
91,268,294,462
