451,243,556,309
442,245,548,309
425,240,525,307
415,243,510,304
395,241,490,304
390,244,482,300
368,243,456,299
348,240,432,297
340,240,423,296
326,239,410,295
294,236,381,295
254,238,337,293
228,238,312,295
208,237,298,296
197,239,283,298
191,239,277,298
161,236,249,305
156,235,236,307
150,237,235,304
139,237,235,308
119,235,211,319
112,231,190,319
111,233,188,319
112,242,171,319
114,244,170,319
114,243,173,315
118,240,177,313
119,238,182,311
124,235,188,306
127,235,198,307
135,232,217,309
141,233,230,318
147,233,237,313
155,239,246,309
154,238,250,310
165,240,264,307
180,237,277,312
189,239,283,307
208,236,303,302
305,235,391,296
406,241,497,302
511,245,591,311
536,242,610,317
514,236,589,322
