174,269,252,471
176,269,249,472
174,267,255,477
178,269,252,475
182,271,248,472
178,271,255,469
183,272,252,472
183,266,255,476
187,270,253,476
192,268,252,477
195,263,253,476
197,259,255,477
200,262,256,472
205,261,256,472
206,258,260,476
209,258,264,476
213,260,263,475
218,254,268,478
220,255,269,478
221,257,277,475
225,263,276,467
232,267,280,460
235,266,284,462
239,268,287,460
241,271,291,456
249,266,294,465
253,270,299,465
255,270,302,468
257,274,306,473
260,274,307,464
263,279,310,460
265,276,312,456
268,278,315,461
267,271,318,458
269,277,321,460
270,282,324,454
274,285,328,445
274,283,331,444
278,282,337,441
284,283,338,440
283,283,341,440
285,281,345,440
287,281,345,441
288,281,349,444
290,280,351,445
293,276,351,445
294,274,350,446
294,281,351,441
293,280,358,441
295,286,357,439
296,276,354,443
296,282,352,440
295,288,349,442
295,293,348,442
293,287,350,442
295,283,347,450
293,280,349,451
292,278,353,446
291,276,354,447
292,279,352,441
293,275,349,452
293,278,349,453
292,285,348,447
292,287,352,441
293,283,351,441
294,287,348,441
291,288,353,438
292,291,348,440
293,285,351,440
294,282,347,445
293,286,349,441
293,284,349,441
292,285,348,442
292,281,353,446
293,280,351,446
293,281,351,446
293,282,349,448
293,282,356,442
295,282,352,443
295,283,351,444
295,279,356,444
297,276,356,446
298,274,358,444
299,272,357,447
298,281,358,443
301,275,355,442
302,274,357,448
302,271,361,446
302,276,361,447
304,271,355,437
305,277,345,433
296,290,331,428
NaN,NaN,NaN,NaN
NaN,NaN,NaN,NaN
331,259,366,402
309,288,355,443
307,282,357,442
303,273,362,445
304,274,361,442
304,282,361,443
303,272,362,442
303,276,359,446
303,267,351,448
301,271,356,446
NaN,NaN,NaN,NaN
NaN,NaN,NaN,NaN
NaN,NaN,NaN,NaN
321,269,366,434
314,278,361,434
303,284,357,444
301,277,364,442
303,276,361,440
301,278,364,447
302,271,364,442
302,269,363,453
302,269,361,448
300,278,363,442
300,274,366,439
300,276,363,445
303,272,360,445
304,277,358,452
302,268,366,451
303,274,365,451
302,268,365,448
301,277,367,444
303,277,360,440
304,274,364,442
304,268,365,448
303,274,366,447
304,272,367,441
303,273,368,451
305,271,366,444
305,273,368,451
301,273,369,444
305,280,368,443
304,276,367,452
306,275,370,446
307,274,368,457
307,267,368,460
306,268,369,450
308,274,366,458
307,264,367,461
306,263,368,455
307,268,366,445
304,270,368,453
304,266,367,448
303,267,368,447
303,265,368,445
302,267,369,458
303,265,368,455
300,262,370,458
301,263,369,455
298,264,371,454
298,265,370,455
300,269,366,442
300,282,365,436
299,274,367,433
301,279,359,435
298,271,363,435
300,279,360,436
300,271,360,438
300,269,363,435
299,273,362,440
299,270,359,440
299,269,355,445
297,271,356,443
297,270,353,447
297,273,354,443
297,269,352,449
298,269,352,445
297,270,351,444
296,271,353,447
295,274,353,444
294,272,361,451
296,266,361,457
297,270,359,451
298,270,363,452
297,273,367,448
301,281,361,443
303,283,360,437
304,288,354,433
308,292,347,428
NaN,NaN,NaN,NaN
311,291,341,420
NaN,NaN,NaN,NaN
NaN,NaN,NaN,NaN
NaN,NaN,NaN,NaN
NaN,NaN,NaN,NaN
NaN,NaN,NaN,NaN
NaN,NaN,NaN,NaN
NaN,NaN,NaN,NaN
NaN,NaN,NaN,NaN
NaN,NaN,NaN,NaN
NaN,NaN,NaN,NaN
355,310,385,443
352,304,388,439
350,303,391,436
354,298,393,438
352,295,394,437
352,291,396,441
353,292,396,443
352,285,397,448
353,282,400,455
352,288,403,451
354,283,404,458
354,290,408,456
357,285,407,454
357,284,410,453
358,283,412,456
360,281,413,458
364,280,418,458
366,281,419,458
372,284,422,455
375,287,425,454
379,286,426,454
381,283,428,457
382,289,432,452
386,287,429,451
389,287,431,453
392,289,431,453
393,288,431,452
393,287,430,447
392,287,425,449
391,288,421,452
NaN,NaN,NaN,NaN
NaN,NaN,NaN,NaN
NaN,NaN,NaN,NaN
NaN,NaN,NaN,NaN
417,290,446,450
413,294,450,449
412,292,453,452
413,292,457,447
413,294,455,442
415,296,455,434
417,301,460,432
420,297,463,439
421,298,465,439
426,300,470,440
427,298,472,440
429,299,477,439
433,296,476,444
437,295,478,446
440,295,480,445
440,301,483,442
441,303,484,441
443,297,484,441
444,300,486,439
445,300,486,437
447,301,486,436
447,302,485,436
446,301,486,434
448,298,487,438
446,303,490,437
447,304,489,437
448,301,490,437
448,304,491,435
448,301,491,438
449,301,492,440
452,307,490,438
453,306,487,439
454,307,490,438
453,306,493,437
455,302,493,438
457,305,496,436
457,308,498,433
457,307,497,432
458,309,497,433
458,309,496,435
458,309,493,434
456,308,496,435
456,308,496,434
456,310,496,434
455,311,494,431
455,311,492,432
453,310,492,433
452,314,491,431
453,311,489,431
453,311,488,432
453,308,489,432
450,309,489,432
450,308,491,432
451,306,491,431
452,310,489,431
452,309,488,431
454,311,488,430
454,315,486,428
453,312,489,429
455,314,488,429
456,312,488,429
457,314,488,429
457,314,489,430
458,314,489,430
458,310,491,430
458,314,490,430
459,314,491,423
460,312,491,431
462,316,490,431
461,314,491,427
461,316,493,429
462,314,494,429
461,315,494,429
460,314,494,430
460,317,495,427
461,319,494,429
461,315,495,429
461,313,495,430
461,313,493,430
461,315,495,429
460,315,494,429
461,316,493,428
461,315,495,429
461,317,496,430
459,318,497,427
462,315,498,430
463,318,499,427
465,319,499,426
466,320,501,430
468,321,502,428
469,321,502,429
472,317,503,432
472,318,504,430
474,321,504,430
476,318,505,428
476,320,506,427
476,322,507,428
478,318,506,431
476,315,507,429
475,315,509,430
479,323,507,429
477,318,507,429
479,319,508,431
479,318,507,429
479,319,507,431
479,317,507,429
480,315,506,431
480,314,508,429
480,317,506,432
480,320,507,429
479,312,507,430
479,317,509,430
478,318,509,431
479,318,509,430
479,318,510,430
479,316,508,429
479,314,509,431
479,316,510,429
478,314,509,429
477,317,510,427
478,319,511,427
478,317,509,429
478,314,509,429
477,315,509,429
475,315,510,429
475,320,508,425
