532,254,597,369
533,253,595,363
532,249,588,361
531,253,591,362
529,263,590,367
527,258,588,370
525,263,581,373
527,259,578,377
524,260,576,376
523,264,572,376
516,257,571,376
513,254,565,376
511,250,563,373
509,243,562,372
508,238,564,363
499,238,556,364
497,238,554,369
486,238,548,364
475,235,539,366
463,232,528,367
465,233,527,359
462,241,524,365
458,238,517,372
456,236,513,375
452,247,510,377
445,253,497,372
440,259,493,373
428,262,483,369
418,260,478,369
409,260,466,369
408,233,461,352
389,248,448,368
386,248,447,366
381,256,434,360
NaN,NaN,NaN,NaN
NaN,NaN,NaN,NaN
NaN,NaN,NaN,NaN
NaN,NaN,NaN,NaN
NaN,NaN,NaN,NaN
320,259,371,354
313,258,364,355
311,241,372,348
301,245,363,355
296,230,350,355
293,230,352,357
276,238,336,362
275,233,332,361
266,231,322,354
254,231,322,355
222,239,300,360
222,245,294,357
220,244,289,354
218,248,287,355
198,237,265,350
199,208,262,343
174,204,257,346
169,195,260,345
NaN,NaN,NaN,NaN
NaN,NaN,NaN,NaN
NaN,NaN,NaN,NaN
110,210,192,357
229,238,310,373
117,217,189,347
91,196,170,333
96,211,172,342
92,218,157,340
96,227,150,334
66,229,123,332
67,231,112,330
39,221,99,329
NaN,NaN,NaN,NaN
