99,160,191,461
108,160,194,468
131,164,205,470
141,169,216,471
159,170,238,469
166,170,245,473
190,173,263,465
195,174,272,460
208,172,288,457
218,171,289,453
233,174,301,449
241,174,308,453
255,184,325,461
263,190,333,459
280,190,351,468
288,191,356,456
302,194,374,438
306,193,380,443
314,194,387,437
327,195,395,432
332,196,401,428
344,202,410,445
358,205,420,436
362,206,423,446
370,209,438,427
376,210,438,425
384,212,452,421
390,208,451,428
395,210,454,422
402,215,472,424
408,215,483,423
413,218,491,421
419,222,495,419
426,225,495,417
434,231,510,416
440,230,516,418
453,227,523,419
459,234,527,416
467,225,529,417
471,226,537,421
479,231,538,416
484,238,542,415
484,236,546,413
488,242,551,414
489,240,554,416
492,241,556,421
496,241,557,418
501,240,564,414
504,240,565,413
508,246,571,406
513,247,574,407
516,247,577,421
524,251,579,414
526,249,582,421
529,249,591,424
538,249,598,423
537,248,601,424
543,249,603,419
549,250,603,411
551,252,603,404
555,253,607,403
555,256,609,405
560,253,610,411
562,255,613,417
563,255,613,418
566,257,616,414
567,257,620,414
569,256,622,412
571,258,621,409
571,258,625,412
573,264,627,407
576,264,631,405
580,264,629,405
582,264,634,410
587,266,635,409
587,267,636,401
591,267,636,397
591,265,637,400
592,268,637,395
594,269,637,395
596,271,637,402
595,272,638,399
594,275,637,396
593,275,638,397
593,276,637,394
593,274,637,398
591,274,637,396
592,274,635,393
592,271,636,400
590,273,635,397
592,274,636,397
594,274,634,397
593,275,635,398
594,278,636,393
594,275,637,395
594,280,634,392
595,280,633,391
592,276,632,394
592,275,631,402
591,277,630,400
589,280,627,400
589,278,628,405
586,274,626,407
585,275,624,415
584,279,620,425
582,275,617,425
582,275,616,424
580,274,616,421
576,274,616,421
572,270,619,418
571,276,618,420
575,281,613,422
574,277,614,416
571,281,613,421
576,276,611,414
575,283,610,418
