232,198,311,478
231,197,311,475
234,195,314,477
240,197,316,474
244,194,321,478
248,196,326,479
254,190,330,486
256,189,331,480
261,191,336,486
270,186,342,482
270,188,344,478
276,195,354,474
278,193,355,475
284,198,360,471
285,200,365,474
292,197,367,473
292,192,369,475
297,202,374,479
295,187,377,470
302,180,378,483
308,180,380,482
303,185,384,475
312,192,393,477
307,188,395,474
321,189,399,474
325,191,404,477
328,186,411,479
333,186,419,486
343,188,423,476
344,188,427,476
357,189,430,474
356,184,449,480
359,189,451,476
365,191,465,476
370,185,465,482
377,183,475,486
379,183,477,482
379,183,479,483
389,184,482,478
391,182,482,480
402,187,480,476
399,184,482,476
398,182,486,481
408,183,488,477
405,183,494,482
406,186,499,476
413,182,500,482
416,183,502,481
421,193,503,476
423,182,504,480
429,184,506,481
423,182,510,481
425,185,515,472
426,189,517,470
426,188,521,475
434,187,532,478
432,185,532,477
432,188,534,474
437,188,533,473
436,190,539,475
435,183,542,477
435,179,544,479
438,184,540,475
441,185,546,476
444,185,542,474
444,185,546,474
445,185,549,476
447,183,547,475
452,180,549,477
457,181,546,479
454,180,553,481
461,186,555,478
464,190,553,473
464,189,556,475
468,188,558,476
464,189,562,476
469,187,563,480
474,191,564,475
473,187,564,480
474,186,562,480
475,193,562,475
471,187,563,480
466,185,563,487
471,190,560,479
468,189,558,479
464,192,558,477
463,196,555,472
461,190,548,479
459,193,542,481
456,192,536,480
451,194,532,480
448,197,528,477
443,199,524,476
441,202,518,476
437,204,511,475
432,199,503,475
428,198,495,476
422,195,491,475
420,191,485,477
418,194,481,476
415,194,475,473
413,201,470,468
406,197,469,475
404,202,465,474
400,202,461,475
394,207,459,477
393,199,453,475
390,196,448,471
382,190,446,479
380,198,441,479
374,199,437,477
373,207,432,471
365,201,430,478
362,199,423,481
358,205,418,483
350,200,412,481
342,201,407,480
339,197,399,482
332,204,393,479
328,198,387,482
320,198,382,479
311,206,380,473
309,212,374,472
306,226,369,477
300,222,366,476
299,199,361,476
291,205,360,478
290,197,353,485
288,193,350,490
285,193,346,489
281,199,342,482
276,198,337,479
270,199,331,474
261,195,327,475
258,198,320,473
252,197,314,477
247,203,307,476
238,204,300,475
231,203,293,476
224,209,285,473
220,197,280,461
217,199,274,449
211,194,272,449
204,203,269,472
198,204,266,472
190,198,263,478
186,204,260,477
183,195,256,478
182,196,253,478
179,196,251,475
172,200,255,471
166,200,249,474
152,200,251,477
141,202,250,477
137,205,241,471
136,202,227,477
131,204,216,469
127,210,209,461
121,211,206,459
114,204,203,457
97,217,199,477
97,203,190,478
97,204,179,479
91,200,181,479
88,205,175,467
83,200,178,462
81,198,175,461
80,206,171,451
80,202,167,454
76,199,165,454
75,203,153,473
70,203,150,475
72,197,148,475
63,194,147,478
64,195,142,479
58,192,140,477
58,192,136,477
53,190,137,480
53,195,132,475
42,201,137,476
43,200,128,477
39,195,128,484
37,197,125,476
37,197,125,477
34,194,126,477
36,188,126,478
31,190,128,478
32,191,127,476
29,188,129,474
30,184,129,474
33,194,129,475
35,190,131,470
40,190,133,464
46,196,134,466
50,198,134,460
51,199,138,467
56,205,147,468
57,199,143,474
66,204,155,479
73,202,149,473
82,210,152,471
86,207,161,474
89,207,155,477
96,204,156,480
94,203,163,481
100,206,163,474
103,205,165,478
106,206,165,476
107,201,169,481
109,202,174,477
111,202,173,476
113,203,177,483
114,203,181,476
116,200,183,478
119,205,184,477
122,209,188,472
127,208,191,467
129,206,197,473
133,198,201,475
135,200,206,476
135,200,212,476
140,205,215,478
149,206,219,480
158,208,221,476
163,206,229,478
166,206,230,479
169,212,237,474
174,210,238,476
176,208,245,470
180,203,247,474
184,198,249,476
187,203,249,472
191,196,251,475
192,205,253,470
198,203,257,475
200,207,259,472
204,203,261,477
207,201,263,477
209,207,268,473
213,207,281,481
217,200,281,482
222,210,285,476
226,211,290,478
231,212,295,477
241,211,305,476
248,213,308,479
251,212,312,478
255,206,317,473
260,204,321,480
263,198,324,479
268,202,330,477
268,205,333,477
276,196,335,473
279,201,342,477
281,202,343,476
283,200,347,478
287,203,351,477
289,199,353,479
293,200,355,482
299,205,360,478
303,211,362,474
306,215,367,473
307,213,371,476
315,215,379,474
323,210,384,477
325,208,393,479
329,204,398,478
340,208,402,480
341,203,406,473
347,204,417,479
352,201,413,479
357,207,425,479
356,201,426,479
362,206,430,478
365,210,434,477
365,195,441,475
371,201,440,478
374,199,442,478
376,201,445,475
381,199,446,475
384,201,449,472
386,200,451,477
395,205,457,475
396,199,457,479
399,206,470,475
403,204,472,475
406,199,475,476
411,199,480,476
416,203,482,474
419,197,490,476
423,197,494,475
428,199,497,473
435,195,503,476
438,201,517,473
443,192,511,476
449,199,522,474
449,193,527,474
451,188,531,478
454,189,535,478
456,192,538,471
