227	68	109	68
224	68	111	71
223	71	111	69
219	72	112	68
215	71	113	73
212	73	114	73
209	75	114	72
203	76	118	72
199	79	118	71
194	80	119	73
190	81	117	74
185	83	116	74
180	84	118	75
176	85	116	75
171	87	115	74
168	86	115	78
161	86	119	75
160	85	113	78
155	85	115	77
150	85	117	76
144	86	119	71
144	87	112	69
142	88	109	67
134	88	113	68
132	88	111	68
129	88	113	68
127	90	111	66
125	91	114	66
123	92	111	65
122	92	110	65
121	94	108	63
120	93	111	66
121	93	108	65
119	92	111	64
121	92	110	63
123	91	106	62
124	90	109	62
123	89	109	63
126	88	110	63
129	89	104	61
131	90	106	60
129	90	106	59
130	89	111	60
132	91	106	58
133	88	108	62
136	89	106	61
137	87	108	64
140	89	103	61
143	89	105	61
143	88	103	61
147	90	105	59
146	88	104	61
149	87	107	61
149	87	104	60
154	87	102	60
152	88	102	59
155	85	103	60
156	87	99	58
154	87	100	59
153	85	100	60
153	87	98	58
151	85	100	60
150	87	100	58
153	87	97	58
151	87	98	58
148	86	102	60
151	88	97	56
148	88	104	59
146	89	103	58
145	90	102	58
145	90	104	58
146	91	100	57
143	86	104	62
142	87	101	61
141	86	102	63
143	87	98	60
141	88	100	59
141	86	99	62
142	88	98	59
139	89	103	57
142	88	98	59
143	88	98	59
141	88	98	59
143	87	98	60
140	86	101	62
142	87	99	61
146	89	94	59
144	87	97	62
150	89	91	58
148	89	95	60
145	89	98	60
147	89	95	60
148	90	95	59
152	90	91	58
146	88	98	62
150	90	95	60
157	92	88	56
157	91	87	58
160	94	84	54
159	92	85	56
160	94	84	53
161	97	82	50
162	94	78	53
162	91	83	56
160	92	84	56
158	91	86	58
161	90	83	59
160	92	85	57
162	92	82	56
162	96	82	54
162	93	82	56
158	90	87	60
164	94	80	56
159	94	85	56
158	93	86	58
165	99	78	51
165	92	77	58
162	92	82	60
165	94	80	58
157	91	87	60
147	90	98	62
144	91	102	60
144	91	102	60
147	92	98	59
144	91	102	60
143	91	105	62
144	91	103	60
144	91	103	61
146	91	102	61
147	91	102	61
148	90	100	64
146	89	104	64
148	89	101	63
150	90	99	63
150	91	99	61
149	90	100	63
148	89	102	65
149	90	102	65
152	89	98	66
152	90	99	64
155	90	97	65
152	90	101	66
152	90	102	64
153	90	102	65
153	89	101	66
155	89	99	66
155	89	100	65
152	90	103	64
153	90	102	64
153	90	102	64
152	92	104	62
149	91	108	65
149	89	109	69
149	89	110	69
147	90	112	67
150	89	109	69
150	89	108	68
150	90	109	68
148	92	114	66
148	90	113	67
149	91	110	65
150	90	108	67
150	90	109	67
148	89	113	67
147	91	112	65
148	90	112	66
146	90	116	64
147	90	114	65
150	92	106	63
151	90	106	66
148	91	114	64
147	91	114	65
148	91	112	65
149	92	110	64
146	94	117	63
146	93	115	65
145	93	117	65
144	93	118	65
145	94	117	63
145	94	118	63
146	93	114	66
145	93	117	64
146	94	115	64
145	93	118	65
145	95	115	63
146	95	116	64
146	95	116	65
143	96	123	63
146	97	115	62
150	96	112	64
145	97	118	62
145	97	119	61
144	99	121	58
146	97	117	62
145	97	117	61
146	99	117	60
146	99	114	59
146	101	116	58
150	103	114	55
147	102	119	56
144	103	123	55
146	103	121	54
147	102	120	55
145	103	123	53
146	103	122	53
147	104	127	53
147	105	129	50
148	106	123	49
148	106	129	50
148	105	129	51
150	106	130	49
150	105	132	51
154	105	125	50
152	105	134	53
153	104	136	51
154	103	138	56
156	104	133	51
158	105	129	52
159	105	130	52
161	104	129	53
160	104	133	51
162	105	131	51
162	105	132	52
165	105	129	50
166	106	128	51
167	106	129	48
169	105	127	53
169	105	128	52
172	105	126	53
176	106	122	50
175	107	126	52
177	108	127	49
179	106	126	51
185	106	120	53
182	107	127	49
187	108	124	47
190	109	123	46
191	110	126	44
192	111	125	45
198	110	120	46
199	110	121	48
201	109	120	48
198	110	127	47
199	109	126	48
202	109	124	46
202	109	125	49
209	109	121	47
205	109	126	50
208	110	125	47
212	111	121	48
213	110	121	49
211	109	126	51
220	110	118	49
227	110	111	51
232	110	109	49
233	109	109	50
240	108	105	52
245	108	102	53
249	106	100	52
253	107	99	51
260	109	94	51
264	109	93	52
265	108	95	53
270	108	93	54
268	108	97	55
275	110	91	53
267	109	102	54
282	114	89	50
278	111	94	53
282	113	91	52
285	113	90	52
287	112	89	52
276	108	100	57
274	110	106	56
277	111	104	53
273	110	109	54
273	109	110	56
272	110	112	53
278	108	106	57
275	109	111	53
276	108	110	57
274	107	113	55
274	107	113	57
271	109	118	51
272	108	117	52
279	108	112	54
278	107	112	56
281	105	111	56
278	105	114	57
280	103	113	58
282	104	113	56
281	102	117	58
284	103	117	53
287	101	115	62
291	99	114	61
292	100	118	62
295	100	116	72
296	100	117	68
300	102	116	57
301	105	115	58
301	104	117	56
302	104	119	54
307	105	116	56
309	106	117	53
310	107	120	50
314	106	118	51
316	105	117	59
318	104	119	56
322	104	117	62
326	104	117	55
328	103	117	56
331	101	116	58
335	100	116	56
337	100	117	60
341	99	117	62
345	100	117	54
348	100	117	54
353	99	115	59
357	100	114	57
359	101	116	55
360	101	119	55
365	101	116	55
368	102	116	56
370	102	117	56
373	103	117	55
376	104	117	58
377	105	120	54
380	106	120	54
385	107	117	52
388	108	115	52
390	107	117	57
393	106	116	55
396	106	115	63
400	107	115	58
400	106	117	60
404	107	116	54
408	107	113	55
410	107	113	55
412	107	114	55
413	108	116	58
416	108	116	56
417	109	117	53
419	108	116	62
419	110	117	55
421	111	117	52
424	110	113	51
422	109	117	55
424	109	115	52
424	108	116	54
425	110	114	50
423	110	117	52
424	111	117	50
425	110	116	50
426	111	114	50
427	111	114	53
428	112	114	49
428	112	114	50
430	112	112	51
431	113	112	48
432	114	110	48
432	114	111	52
434	113	110	57
434	114	110	54
435	115	109	52
436	116	108	51
436	116	107	54
437	116	108	54
437	115	106	57
437	116	108	55
437	116	107	56
437	116	108	54
438	116	105	55
439	116	105	56
439	116	106	56
440	116	105	57
443	116	100	57
446	116	99	57
445	116	97	56
446	115	97	58
445	115	98	58
445	115	99	57
447	115	95	57
449	114	92	57
448	113	94	58
449	112	93	59
450	112	92	59
451	112	90	59
451	111	90	60
452	109	88	63
449	108	92	66
451	109	88	63
450	109	90	63
450	108	88	63
448	108	90	63
451	106	86	64
447	104	89	68
448	104	88	69
452	103	82	68
449	102	85	70
452	101	82	70
458	102	77	66
461	101	74	67
462	101	73	70
460	101	77	70
462	101	76	68
461	101	77	68
463	100	77	71
464	100	76	68
464	100	78	69
464	101	78	67
460	100	84	72
463	100	80	74
465	100	79	76
462	101	82	75
458	101	88	72
456	101	91	75
460	101	89	73
455	100	94	74
462	100	88	74
460	101	91	73
461	102	90	73
458	102	94	74
457	100	95	76
460	101	93	75
460	101	93	76
461	103	94	73
461	102	95	74
461	101	95	78
462	102	94	76
460	102	98	76
459	102	98	79
457	102	102	78
461	105	97	74
456	105	104	75
460	104	100	76
458	105	102	76
456	105	105	77
459	105	101	77
458	104	104	78
463	106	99	76
463	106	99	76
461	108	102	75
462	106	101	79
460	108	104	75
462	108	102	75
464	109	100	75
464	107	99	78
459	107	106	78
459	107	107	77
461	108	105	77
462	106	104	79
462	109	103	76
462	110	103	73
461	108	104	76
461	109	105	75
459	109	107	75
462	107	105	76
459	108	109	76
460	108	108	76
464	110	103	74
459	109	109	76
461	109	107	77
461	107	107	78
465	110	104	74
464	109	105	76
464	111	106	74
462	110	109	75
464	111	106	74
464	110	104	75
464	111	105	76
464	112	106	75
464	112	106	74
464	112	106	74
461	114	111	72
463	116	109	68
464	117	107	68
464	115	105	71
462	116	110	70
463	117	110	68
466	115	104	72
465	115	105	71
463	115	110	70
464	114	108	70
466	115	105	69
464	114	108	69
467	115	104	69
466	115	106	67
469	114	102	67
469	111	102	71
469	112	103	69
471	113	100	66
471	111	99	67
470	109	101	70
469	109	102	69
467	109	103	67
467	108	103	69
465	107	105	69
468	108	101	68
468	107	102	69
466	108	104	67
466	106	104	70
466	107	103	69
465	106	104	68
463	106	106	68
466	106	103	67
467	104	101	69
465	104	104	69
463	105	106	65
464	104	105	69
463	105	107	65
466	104	103	66
467	104	101	66
472	104	96	66
466	103	103	66
469	101	98	71
467	103	102	67
470	103	97	66
464	100	103	70
464	102	103	66
466	102	101	65
467	101	100	67
467	102	100	65
468	102	99	65
468	102	99	65
470	102	97	64
469	103	99	63
466	101	101	64
468	100	99	65
467	100	100	63
467	100	99	64
468	101	99	62
467	102	100	62
467	103	99	61
467	102	99	62
467	101	99	63
464	102	102	62
467	102	100	61
468	103	100	61
467	103	101	61
469	104	98	61
471	105	98	59
468	104	100	61
469	106	98	59
469	106	98	58
466	106	100	58
464	105	102	60
465	105	102	58
466	105	99	58
466	106	99	55
463	106	101	55
467	105	97	58
464	104	98	58
465	105	98	57
467	106	95	54
462	103	99	57
464	105	99	56
466	105	95	54
463	105	97	54
467	104	93	56
464	104	95	56
464	104	95	56
462	106	98	53
461	106	100	54
464	105	95	55
462	105	97	53
457	106	102	53
461	105	98	55
458	107	100	52
451	107	107	52
447	109	112	50
449	109	109	50
445	109	113	52
449	109	107	51
450	108	106	53
453	108	99	51
457	108	95	53
455	108	93	53
459	108	91	53
453	109	95	52
456	110	95	50
454	109	94	51
456	111	92	50
455	110	92	51
457	109	91	52
454	109	93	53
459	113	86	48
460	111	86	50
458	112	86	48
455	112	90	49
453	112	93	48
457	112	89	50
452	113	93	47
451	115	95	46
447	116	99	44
450	116	96	43
451	116	94	45
453	115	92	43
452	115	93	43
454	114	91	44
453	114	93	42
455	114	91	41
454	115	92	39
457	115	89	41
461	116	85	41
456	116	90	41
454	116	93	40
455	116	92	40
452	116	96	38
454	116	92	39
453	114	94	41
453	115	94	39
452	115	94	37
452	115	95	36
451	115	96	39
451	116	96	39
452	117	93	37
450	118	98	37
447	120	101	39
448	122	99	37
451	123	95	39
447	124	100	38
440	125	107	37
444	126	100	38
443	128	102	34
441	129	103	34
443	129	100	39
444	131	98	37
444	131	97	36
441	131	100	38
440	132	100	40
441	132	98	40
438	133	101	39
437	134	101	40
440	134	96	41
439	135	97	42
439	136	96	43
437	138	99	40
437	138	98	41
436	139	99	43
435	141	100	45
436	142	100	43
436	143	99	44
437	144	97	44
437	146	99	42
438	146	97	43
435	146	100	43
437	147	95	45
438	148	94	43
436	150	97	41
432	150	101	44
431	152	99	44
431	153	96	44
428	156	96	39
429	157	93	42
426	160	96	41
420	163	101	41
422	165	97	39
420	167	98	39
421	169	94	38
419	172	94	35
420	177	93	34
418	175	91	37
416	177	93	35
416	178	89	35
415	180	89	34
415	182	88	32
413	183	90	34
409	185	94	34
410	186	91	34
409	187	91	32
407	189	93	38
409	189	87	38
408	191	85	35
405	192	88	36
403	193	88	35
399	194	91	37
401	196	87	35
398	198	88	34
399	200	86	35
398	201	87	35
395	202	89	36
395	203	87	36
394	204	87	37
394	206	85	37
389	208	89	35
388	210	90	38
388	213	87	38
391	216	82	37
391	217	80	38
376	216	93	43
383	217	87	45
379	217	90	43
377	219	92	43
371	221	98	41
369	222	105	42
368	221	108	43
367	223	111	40
365	225	111	38
362	225	112	42
359	226	112	42
358	225	111	47
358	227	108	47
358	227	105	48
356	229	106	47
357	228	103	51
355	230	104	52
353	231	104	51
352	231	103	55
353	235	100	51
350	235	102	53
349	235	103	56
346	236	105	53
352	236	97	55
350	239	98	52
346	238	103	52
346	241	102	48
347	241	101	50
349	242	99	49
350	245	97	46
350	247	96	45
354	246	90	48
353	247	90	47
350	247	91	48
351	250	88	45
347	248	92	46
348	251	90	45
349	251	89	45
347	253	89	42
348	253	88	43
346	253	90	43
345	255	92	39
345	257	89	37
348	256	85	39
347	257	86	41
343	256	91	42
343	257	91	40
345	258	88	38
346	259	86	38
345	260	85	44
345	260	85	39
345	262	86	37
343	263	87	36
342	264	88	35
340	264	91	36
342	266	87	36
339	266	90	37
337	267	91	36
335	268	95	37
334	269	94	38
332	270	94	38
329	271	97	45
329	273	94	39
325	275	97	34
324	275	94	38
323	276	95	37
319	275	100	41
321	274	97	45
323	277	94	43
322	277	95	44
322	275	94	46
320	278	98	43
322	279	95	41
324	278	93	40
324	278	93	42
325	278	93	42
328	278	90	42
330	279	88	43
331	278	87	43
332	279	87	41
329	278	91	42
331	277	88	44
328	277	97	43
329	276	95	45
330	277	96	42
329	278	97	43
330	275	96	45
332	276	93	45
333	277	96	44
334	270	90	52
333	271	88	52
334	266	78	58
338	263	72	60
336	266	72	57
335	264	75	58
332	261	77	60
332	260	76	60
332	260	73	59
332	258	72	64
332	257	70	62
331	258	71	63
328	256	73	66
326	255	75	68
326	255	74	67
326	255	73	68
323	255	80	68
324	253	77	68
324	254	75	68
323	252	76	73
321	252	79	74
320	252	79	73
320	253	81	73
320	250	81	78
320	251	81	75
322	253	76	71
321	250	78	78
321	251	78	77
322	252	76	75
321	251	78	72
323	250	73	73
324	249	73	77
322	249	76	77
322	248	76	76
323	249	74	78
322	247	75	80
321	247	77	81
321	249	77	74
320	248	79	80
322	247	74	82
321	245	76	84
321	247	77	79
321	247	76	79
322	245	76	81
322	247	75	80
322	247	75	81
322	247	74	82
321	247	75	80
320	245	77	80
320	245	76	85
319	241	79	88
322	246	75	79
320	245	77	83
320	243	78	86
320	243	77	86
320	245	79	82
321	246	75	81
320	245	77	83
321	243	76	86
320	245	78	82
320	246	77	81
321	244	77	84
320	245	78	83
318	247	82	78
319	245	79	82
319	242	78	86
318	247	80	73
319	246	79	77
319	246	79	77
320	246	76	77
317	245	82	75
318	244	79	80
316	247	80	73
317	247	80	71
317	246	80	70
318	246	79	69
316	246	81	67
316	247	83	63
318	245	79	70
317	246	80	67
318	245	81	68
318	244	80	70
320	244	77	74
319	245	80	74
317	246	83	73
319	247	80	72
317	247	83	72
319	247	81	74
319	248	81	74
319	243	83	80
320	244	82	76
318	245	83	76
319	247	82	74
320	245	80	77
319	244	84	77
319	246	84	74
320	246	84	73
319	248	85	70
320	248	81	71
319	247	85	72
321	249	81	70
320	249	83	69
319	248	83	70
321	248	81	71
321	247	81	72
321	248	82	71
322	252	81	67
322	251	80	67
322	252	80	65
321	250	80	68
321	249	81	69
319	251	84	63
316	252	91	57
318	248	86	59
315	249	91	56
318	250	85	57
316	250	89	54
315	251	88	53
315	249	86	56
316	249	83	56
313	249	87	55
311	248	89	56
310	250	89	55
309	247	87	57
306	250	89	55
305	255	90	50
305	253	88	52
305	254	87	51
301	253	89	53
299	252	91	55
296	253	94	54
295	251	92	58
294	252	92	57
294	249	90	60
290	248	92	60
285	248	96	58
281	251	101	53
283	249	95	57
281	247	98	59
279	245	97	61
277	248	98	57
274	251	102	52
276	246	96	58
273	249	101	54
275	251	96	50
272	245	101	57
270	247	103	54
268	247	106	55
270	248	102	54
268	246	104	56
268	249	102	52
270	242	96	60
262	244	108	56
262	249	106	49
261	252	105	45
257	245	107	54
258	244	107	55
257	244	102	54
255	242	105	56
252	243	106	55
249	243	110	57
250	243	104	59
249	245	106	57
245	246	110	55
242	247	112	53
236	250	116	50
235	252	115	47
229	252	123	48
228	251	120	49
226	249	119	52
224	250	119	52
223	252	122	50
220	255	123	48
221	256	120	50
218	258	123	48
217	258	124	47
215	260	125	46
214	260	124	47
213	258	122	47
209	258	125	48
207	259	125	45
205	257	125	49
204	260	126	45
204	258	122	46
201	259	127	44
198	261	131	42
197	262	131	43
196	262	133	43
195	260	131	45
193	259	136	45
192	260	135	43
191	262	136	43
189	262	142	43
187	262	144	42
185	263	147	40
168	263	157	41
170	261	160	43
176	261	152	46
165	263	158	47
159	261	169	56
161	261	166	59
151	259	160	58
160	260	143	58
160	262	124	55
160	262	105	54
159	260	100	55
156	262	98	53
155	258	94	58
155	257	91	61
152	259	93	57
147	260	96	56
144	260	96	56
141	257	92	61
139	256	91	63
135	255	95	56
133	255	93	57
128	252	95	60
127	254	91	57
123	256	92	54
122	255	91	58
120	252	90	59
115	256	93	54
113	252	93	60
116	247	86	69
114	246	86	74
109	246	86	73
104	243	85	78
100	243	86	78
99	242	85	79
94	242	88	77
90	241	87	78
88	240	85	79
85	238	83	81
81	238	85	81
82	235	81	83
81	239	79	79
75	239	84	77
74	237	84	79
69	241	87	74
68	238	86	77
61	238	98	75
59	239	98	71
60	237	92	77
61	234	87	79
56	235	93	78
58	235	83	77
57	234	82	76
57	235	80	75
58	236	74	74
54	236	79	74
54	236	76	74
53	235	77	76
54	232	73	78
51	232	74	78
48	232	78	78
48	228	75	82
45	229	77	82
46	227	76	84
45	227	77	83
46	224	72	86
43	222	77	90
44	225	73	84
44	222	74	88
44	222	76	87
43	221	78	89
43	222	78	88
43	220	80	87
45	222	78	88
46	219	76	92
47	219	77	92
47	222	77	87
47	219	76	90
47	218	77	90
45	218	82	92
48	218	76	91
47	218	81	90
50	215	73	93
50	217	75	91
49	216	77	87
50	216	77	83
52	218	76	79
53	217	76	79
54	218	76	77
54	218	77	75
56	216	74	77
58	216	72	76
58	220	72	71
60	217	69	73
60	218	69	72
61	217	68	71
61	217	69	70
60	217	72	70
60	216	71	71
61	214	70	72
62	216	69	69
63	216	68	69
63	217	68	66
63	217	70	65
64	216	69	65
63	215	72	64
65	213	69	63
66	212	69	62
67	213	70	58
68	211	70	58
68	213	70	54
67	209	71	57
67	207	72	57
67	206	72	57
67	203	72	58
65	203	77	59
64	201	80	59
64	198	86	63
66	199	83	63
65	199	90	63
66	197	91	65
66	193	89	70
67	193	81	67
68	192	73	68
67	193	74	63
68	192	73	63
70	192	70	63
69	190	74	70
68	190	76	69
68	190	75	69
70	191	72	65
71	190	70	69
69	189	72	68
71	189	69	71
71	189	69	69
70	188	69	70
72	187	66	72
71	188	67	70
69	187	68	73
68	187	69	72
69	186	65	73
71	185	63	79
71	186	62	72
70	186	63	74
68	186	65	75
69	186	63	74
68	186	62	75
68	185	62	76
67	186	61	74
69	185	57	75
66	185	58	75
68	184	55	78
67	186	55	77
67	186	53	78
67	187	52	75
66	188	50	75
65	187	49	78
65	187	48	81
64	187	49	79
63	187	49	81
63	188	47	79
62	186	48	82
61	187	47	79
62	186	46	81
63	187	44	81
63	186	41	82
63	187	39	82
64	187	35	82
62	186	38	81
62	187	37	82
60	188	39	80
61	188	38	81
60	187	38	82
59	187	41	82
57	187	43	82
57	186	43	82
56	186	45	83
55	185	46	82
55	184	48	83
54	184	50	81
55	182	49	83
56	183	49	80
55	181	54	83
55	180	55	83
55	181	55	80
54	180	59	82
54	180	61	81
54	180	63	79
54	179	64	82
56	179	65	83
56	178	67	84
56	178	69	84
58	177	67	85
58	177	70	83
57	176	72	83
56	175	75	84
58	174	74	83
58	172	76	83
59	171	77	84
58	170	80	85
58	170	79	84
58	169	79	87
59	170	79	84
58	171	83	82
58	169	83	84
56	169	87	87
58	169	84	85
57	169	86	84
56	169	87	85
55	170	87	83
52	169	91	85
51	169	92	87
51	169	92	85
50	169	93	83
49	167	94	87
48	166	96	87
47	166	97	86
49	166	95	86
46	164	98	90
47	165	97	85
45	165	99	86
47	163	95	89
44	162	101	88
45	163	100	88
45	163	99	88
46	164	100	86
46	163	99	87
47	164	97	85
48	165	96	86
49	165	95	87
49	166	95	85
47	168	100	84
48	168	98	88
47	169	98	84
47	170	97	86
47	171	98	87
46	172	99	86
45	172	100	87
46	172	97	88
45	172	98	88
45	173	99	86
44	172	97	88
43	171	102	89
43	171	102	87
45	171	98	87
45	170	100	87
45	168	102	90
45	167	103	91
47	168	99	87
49	167	95	91
49	168	97	89
49	168	100	89
49	168	102	89
50	167	100	93
51	168	96	92
52	169	96	92
53	171	94	90
53	170	93	92
54	169	90	92
57	169	83	94
55	168	90	94
55	167	88	98
55	170	91	90
56	168	90	97
56	170	92	94
56	168	95	99
59	170	93	94
63	167	91	105
69	166	86	103
69	164	90	109
72	165	90	107
75	165	88	103
76	166	90	102
81	166	86	97
82	163	87	101
84	160	84	101
86	159	85	103
86	157	87	104
87	155	89	105
92	153	86	105
91	155	92	100
93	153	93	103
97	150	91	105
101	148	91	108
102	141	92	117
108	131	87	128
112	125	83	135
112	146	86	111
114	139	88	120
121	141	79	117
124	137	79	123
128	151	78	106
130	147	82	108
134	151	80	102
135	148	85	108
135	149	90	105
142	151	85	103
145	149	86	105
151	149	81	104
155	152	83	99
158	152	87	98
162	151	86	99
168	152	85	97
173	153	84	94
174	147	94	100
178	144	96	103
182	148	97	97
191	153	94	94
194	150	93	97
195	151	94	98
197	152	96	98
198	150	104	102
202	152	101	100
202	149	114	105
206	143	107	110
210	144	103	107
210	145	110	109
215	148	107	105
221	150	106	104
228	149	104	106
231	150	107	104
234	155	108	100
236	151	115	108
242	156	112	102
248	152	108	110
250	154	113	107
254	154	112	108
259	158	111	105
263	154	112	110
269	160	107	106
272	161	111	105
273	157	114	112
277	164	111	105
280	167	111	104
283	163	110	111
284	162	111	112
283	174	115	99
287	167	111	112
288	172	111	107
290	171	110	109
292	168	110	112
295	171	107	110
298	174	104	105
298	172	110	105
302	170	105	109
300	169	110	107
300	167	113	110
