283.000000,154.000000,89.000000,75.000000
282.314117,164.435333,89.000000,75.000000
280.867432,177.177917,89.000000,75.000000
281.109497,176.444611,87.254906,73.529411
283.420288,170.397842,83.866692,70.674171
279.563721,157.561630,85.544022,72.087662
266.912140,146.370575,87.254906,73.529411
240.216583,126.191765,85.544022,72.087662
219.760193,113.923592,85.544022,72.087662
195.846481,98.430267,87.254906,73.529411
187.325150,64.811661,89.000000,75.000000
181.700562,54.683746,90.779999,76.500000
173.936829,40.662720,92.595596,78.029999
254.425598,31.799320,94.447510,79.590599
268.054199,57.836517,98.263191,82.806061
302.142090,82.543510,96.336464,81.182411
330.560303,95.574043,96.336464,81.182411
356.806732,95.347610,92.595596,78.029999
384.206696,94.663742,92.595596,78.029999
410.809448,76.075775,90.779999,76.500000
442.428467,62.762444,90.779999,76.500000
461.058960,75.373016,90.779999,76.500000
443.324738,81.718628,90.779999,76.500000
421.630127,83.790451,90.779999,76.500000
384.202148,66.684769,90.779999,76.500000
355.591522,52.649952,94.447510,79.590599
338.416077,41.078815,96.336464,81.182411
306.823486,42.231167,94.447510,79.590599
276.956940,34.345009,92.595596,78.029999
234.651749,65.792175,90.779999,76.500000
222.493942,30.189880,90.779999,76.500000
211.706223,28.581146,90.779999,76.500000
201.206421,30.524551,92.595596,78.029999
199.713104,29.317589,92.595596,78.029999
190.273239,41.669533,92.595596,78.029999
179.664673,68.156174,92.595596,78.029999
181.726608,87.323044,94.447510,79.590599
191.930344,117.343384,94.447510,79.590599
199.383530,153.259552,94.447510,79.590599
199.421692,181.194229,92.595596,78.029999
179.555893,154.073395,90.779999,76.500000
172.323807,141.161530,89.000000,75.000000
175.063705,152.318512,87.254906,73.529411
181.873398,150.328873,87.254906,73.529411
190.760284,162.429565,87.254906,73.529411
191.640793,169.585251,87.254906,73.529411
188.578857,173.779266,89.000000,75.000000
182.853241,183.113297,89.000000,75.000000
180.321121,183.962875,89.000000,75.000000
183.736572,182.662720,89.000000,75.000000
184.435669,176.444595,89.000000,75.000000
184.731491,166.845505,90.779999,76.500000
191.783813,154.958389,90.779999,76.500000
152.564865,127.350616,90.779999,76.500000
153.985550,125.157349,92.595596,78.029999
171.852737,127.196808,92.595596,78.029999
175.935532,128.916168,90.779999,76.500000
175.613556,123.368576,90.779999,76.500000
175.042862,124.927826,92.595596,78.029999
178.441574,129.353928,94.447510,79.590599
171.603729,121.452499,94.447510,79.590599
163.365540,119.743477,96.336464,81.182411
166.478561,119.401756,96.336464,81.182411
181.235229,83.188278,98.263191,82.806061
174.246109,113.726532,98.263191,82.806061
182.817184,108.725342,98.263191,82.806061
184.521561,107.313599,98.263191,82.806061
185.031372,104.954521,96.336464,81.182411
178.183578,90.313400,94.447510,79.590599
174.251465,83.522499,94.447510,79.590599
186.744400,79.000679,94.447510,79.590599
199.961731,76.698044,94.447510,79.590599
204.040649,74.608742,94.447510,79.590599
188.052673,110.137344,94.447510,79.590599
176.820984,88.524048,94.447510,79.590599
225.433517,74.005325,92.595596,78.029999
243.455856,73.501884,90.779999,76.500000
238.819336,82.299843,89.000000,75.000000
231.632294,95.143570,89.000000,75.000000
223.326355,81.016571,89.000000,75.000000
289.112671,31.141102,87.254906,73.529411
287.805420,27.414585,87.254906,73.529411
290.750702,25.204323,87.254906,73.529411
252.924820,67.104263,87.254906,73.529411
153.329041,74.167953,101.751633,85.745758
143.746414,70.169281,101.751633,85.745758
143.579559,69.048515,101.751633,85.745758
140.998718,71.597588,99.756500,84.064468
135.674744,65.551743,99.756500,84.064468
138.684174,69.374809,99.756500,84.064468
141.640350,74.284515,97.800491,82.416145
148.802322,76.311279,97.800491,82.416145
148.316925,77.551292,97.800491,82.416145
153.572250,83.319687,97.800491,82.416145
159.877792,80.964432,99.756500,84.064468
158.561691,81.926765,101.751633,85.745758
148.355225,83.538757,103.786667,87.460670
143.796219,88.561028,103.786667,87.460670
143.809036,88.125130,105.862396,89.209885
140.101807,88.614655,107.979645,90.994087
138.031570,89.342514,110.139236,92.813965
138.030243,89.772980,110.139236,92.813965
132.337051,84.711868,110.139236,92.813965
144.192215,81.320419,110.139236,92.813965
163.690475,90.722809,110.139236,92.813965
155.222382,102.137619,110.139236,92.813965
129.353821,110.151627,110.139236,92.813965
105.270210,105.365997,110.139236,92.813965
82.345276,97.156769,107.979645,90.994087
63.565811,86.543335,107.979645,90.994087
56.522957,78.275818,107.979645,90.994087
78.592392,79.655075,107.979645,90.994087
125.796661,85.354141,107.979645,90.994087
158.070267,101.278900,107.979645,90.994087
176.505280,100.916580,110.139236,92.813965
176.676361,87.123657,110.139236,92.813965
172.510498,73.119591,107.979645,90.994087
176.147369,69.154953,107.979645,90.994087
183.941238,73.707809,105.862396,89.209885
190.203110,76.686028,105.862396,89.209885
96.597763,-7.858086,105.862396,89.209885
106.691849,-32.128967,105.862396,89.209885
122.791687,-29.274118,105.862396,89.209885
144.086227,-33.843552,105.862396,89.209885
131.412033,-7.488450,105.862396,89.209885
127.396927,5.758895,105.862396,89.209885
130.013077,21.007198,103.786667,87.460670
134.305099,32.701336,103.786667,87.460670
129.428131,30.254532,101.751633,85.745758
122.993828,29.754669,101.751633,85.745758
122.706566,34.533012,101.751633,85.745758
117.424324,41.863434,101.751633,85.745758
121.932854,41.155045,101.751633,85.745758
123.687408,38.120445,99.756500,84.064468
121.827431,40.769680,97.800491,82.416145
122.824898,48.042583,97.800491,82.416145
122.733315,49.525295,97.800491,82.416145
124.084602,59.571735,97.800491,82.416145
128.710068,48.170235,95.882835,80.800140
134.632797,41.760704,95.882835,80.800140
155.196396,34.356991,94.002777,79.215828
165.450027,27.318943,92.159592,77.662575
180.322617,30.431957,92.159592,77.662575
180.406311,31.359701,94.002777,79.215828
172.982040,32.649120,94.002777,79.215828
172.024124,27.810858,94.002777,79.215828
103.399048,2.773504,94.002777,79.215828
97.644547,-10.725478,94.002777,79.215828
98.635223,-10.332709,94.002777,79.215828
101.034088,-3.407092,94.002777,79.215828
101.503220,2.653898,94.002777,79.215828
105.271667,8.577603,94.002777,79.215828
109.997131,21.435461,94.002777,79.215828
113.715302,26.962263,94.002777,79.215828
106.830475,13.048760,94.002777,79.215828
99.820328,2.289701,94.002777,79.215828
97.704727,2.214765,94.002777,79.215828
101.154190,0.149362,94.002777,79.215828
106.562996,-0.270253,95.882835,80.800140
108.854362,-1.287812,95.882835,80.800140
108.716759,-1.965505,95.882835,80.800140
109.483482,-2.213799,95.882835,80.800140
110.840508,-2.154533,97.800491,82.416145
109.120567,10.860806,97.800491,82.416145
94.690796,15.227253,99.756500,84.064468
76.292320,10.385193,97.800491,82.416145
