1.00
1.12
1.05
1.01
1.09
1.11
1.12
1.10
1.09
1.06
1.07
1.07
1.07
0.98
0.94
0.94
0.95
0.99
1.08
1.01
0.85
0.86
0.93
0.92
0.92
0.98
0.87
0.86
0.80
0.70
0.81
0.80
0.81
0.84
0.78
0.82
0.79
0.73
0.74
0.62
0.67
0.74
0.74
0.71
0.63
0.59
0.60
0.68
0.62
0.52
0.67
0.74
0.74
0.55
0.64
0.72
0.72
0.66
0.62
0.64
0.59
0.59
0.67
0.64
0.64
0.66
0.68
0.68
0.73
0.67
0.62
0.75
0.80
0.80
0.80
0.78
0.74
0.82
0.84
0.92
0.64
0.78
0.73
0.89
0.82
0.68
0.78
0.68
0.72
0.68
0.58
0.52
0.65
0.82
0.80
0.76
0.82
0.84
0.77
0.75
0.75
0.85
0.88
0.94
0.94
0.93
0.91
0.92
0.86
0.73
0.75
0.81
0.84
0.77
0.81
0.83
0.80
0.78
0.93
0.79
0.80
0.79
0.45
0.52
0.55
0.48
0.57
0.64
0.86
0.91
0.91
0.87
0.84
0.76
0.77
0.82
0.89
0.74
0.73
0.70
0.76
0.75
0.72
0.77
0.68
0.72
0.66
0.75
0.78
0.62
0.52
0.47
0.41
0.42
0.48
0.45
0.77
0.22
0.24
0.18
0.21
0.27
0.27
0.32
0.32
0.33
0.31
0.27
0.27
0.22
0.29
0.25
0.21
0.20
0.21
0.26
0.26
0.13
0.20
0.10
0.11
0.26
0.24
0.25
0.12
0.21
0.16
0.14
0.14
0.02
0.01
0.05
0.05
0.04
0.06
0.02
0.05
-0.01
0.01
0.01
0.02
0.01
0.04
0.07
0.07
0.05
0.04
0.06
0.11
0.13
0.12
0.11
0.10
0.09
0.20
