331.640000,285.950000,60.121000,35.879000
333.030000,286.270000,60.121000,35.879000
332.060000,284.890000,60.121000,35.879000
333.820000,286.340000,60.121000,35.879000
334.660000,284.080000,60.121000,35.879000
335.370000,285.410000,60.121000,35.879000
333.480000,285.200000,63.127000,37.673000
333.440000,284.390000,63.127000,37.673000
335.670000,284.830000,63.127000,37.673000
332.760000,284.440000,66.283000,39.557000
335.750000,282.970000,66.283000,39.557000
333.280000,286.120000,66.283000,39.557000
336.600000,283.700000,66.283000,39.557000
335.380000,284.850000,66.283000,39.557000
336.540000,283.910000,66.283000,39.557000
337.120000,284.340000,66.283000,39.557000
339.340000,283.490000,66.283000,39.557000
338.880000,284.670000,66.283000,39.557000
338.800000,284.390000,66.283000,39.557000
341.490000,284.060000,66.283000,39.557000
339.130000,285.550000,66.283000,39.557000
342.430000,283.980000,66.283000,39.557000
339.800000,285.180000,66.283000,39.557000
345.210000,286.170000,66.283000,39.557000
340.940000,284.650000,66.283000,39.557000
347.000000,284.860000,66.283000,39.557000
341.310000,286.050000,63.127000,37.673000
350.750000,286.350000,63.127000,37.673000
342.930000,283.700000,63.127000,37.673000
348.680000,286.610000,63.127000,37.673000
344.960000,284.150000,63.127000,37.673000
347.800000,287.180000,63.127000,37.673000
346.250000,283.350000,63.127000,37.673000
349.770000,287.530000,63.127000,37.673000
343.950000,284.870000,63.127000,37.673000
352.080000,288.020000,63.127000,37.673000
344.300000,286.180000,63.127000,37.673000
352.440000,285.980000,63.127000,37.673000
346.370000,286.830000,63.127000,37.673000
351.450000,285.850000,63.127000,37.673000
346.730000,285.970000,63.127000,37.673000
351.420000,285.440000,63.127000,37.673000
349.340000,284.470000,63.127000,37.673000
351.260000,285.110000,63.127000,37.673000
349.940000,284.780000,63.127000,37.673000
351.610000,283.920000,63.127000,37.673000
350.240000,283.760000,63.127000,37.673000
352.380000,284.860000,63.127000,37.673000
351.470000,283.810000,63.127000,37.673000
351.460000,283.780000,63.127000,37.673000
352.490000,283.120000,63.127000,37.673000
353.480000,284.670000,63.127000,37.673000
353.440000,282.230000,63.127000,37.673000
354.320000,282.860000,63.127000,37.673000
356.200000,283.350000,63.127000,37.673000
354.710000,281.900000,63.127000,37.673000
355.210000,284.430000,63.127000,37.673000
356.030000,282.710000,63.127000,37.673000
355.870000,284.300000,63.127000,37.673000
355.900000,283.030000,63.127000,37.673000
356.190000,284.830000,63.127000,37.673000
356.720000,284.780000,63.127000,37.673000
356.270000,284.210000,63.127000,37.673000
356.700000,284.230000,63.127000,37.673000
355.080000,283.700000,63.127000,37.673000
357.680000,285.170000,63.127000,37.673000
354.440000,282.480000,63.127000,37.673000
356.950000,285.030000,63.127000,37.673000
355.590000,283.930000,63.127000,37.673000
355.640000,284.850000,63.127000,37.673000
356.090000,283.960000,63.127000,37.673000
355.510000,285.010000,63.127000,37.673000
354.970000,283.910000,63.127000,37.673000
356.800000,284.980000,63.127000,37.673000
355.320000,283.850000,63.127000,37.673000
357.010000,285.090000,63.127000,37.673000
355.140000,284.470000,63.127000,37.673000
356.500000,284.110000,63.127000,37.673000
354.830000,285.160000,63.127000,37.673000
356.840000,284.410000,63.127000,37.673000
354.890000,283.090000,63.127000,37.673000
356.480000,285.390000,63.127000,37.673000
354.450000,282.270000,63.127000,37.673000
356.500000,284.620000,63.127000,37.673000
355.200000,282.990000,63.127000,37.673000
357.870000,284.430000,63.127000,37.673000
355.470000,282.110000,63.127000,37.673000
357.620000,285.110000,63.127000,37.673000
356.460000,282.360000,63.127000,37.673000
358.500000,282.610000,63.127000,37.673000
358.140000,281.220000,63.127000,37.673000
361.840000,280.780000,63.127000,37.673000
359.810000,280.930000,63.127000,37.673000
363.900000,281.130000,63.127000,37.673000
360.580000,280.140000,63.127000,37.673000
364.590000,280.730000,63.127000,37.673000
360.550000,280.790000,63.127000,37.673000
365.580000,280.320000,63.127000,37.673000
362.790000,279.430000,63.127000,37.673000
367.070000,279.480000,63.127000,37.673000
365.930000,278.480000,63.127000,37.673000
368.280000,278.370000,60.121000,35.879000
370.990000,278.460000,60.121000,35.879000
369.600000,278.280000,60.121000,35.879000
375.020000,276.690000,60.121000,35.879000
371.530000,276.100000,60.121000,35.879000
377.850000,274.920000,60.121000,35.879000
376.500000,274.950000,60.121000,35.879000
376.400000,275.040000,60.121000,35.879000
362.560000,279.640000,63.127000,37.673000
372.850000,274.950000,63.127000,37.673000
365.790000,274.090000,63.127000,37.673000
371.000000,274.640000,63.127000,37.673000
367.640000,273.900000,63.127000,37.673000
374.310000,273.770000,63.127000,37.673000
362.470000,273.790000,63.127000,37.673000
367.590000,273.260000,63.127000,37.673000
359.050000,273.320000,66.283000,39.557000
361.130000,272.960000,66.283000,39.557000
360.250000,272.360000,66.283000,39.557000
360.900000,272.350000,66.283000,39.557000
359.560000,272.660000,66.283000,39.557000
362.670000,273.260000,66.283000,39.557000
362.760000,273.120000,66.283000,39.557000
375.990000,273.530000,66.283000,39.557000
363.690000,271.470000,66.283000,39.557000
375.120000,273.400000,66.283000,39.557000
373.470000,272.240000,66.283000,39.557000
376.060000,272.350000,66.283000,39.557000
373.230000,272.850000,66.283000,39.557000
372.800000,273.270000,66.283000,39.557000
373.360000,272.270000,66.283000,39.557000
375.430000,272.710000,66.283000,39.557000
372.010000,274.480000,63.127000,37.673000
373.070000,274.160000,63.127000,37.673000
375.680000,275.040000,63.127000,37.673000
372.140000,274.640000,63.127000,37.673000
376.110000,274.040000,63.127000,37.673000
373.300000,275.300000,63.127000,37.673000
374.420000,273.320000,63.127000,37.673000
373.990000,275.910000,63.127000,37.673000
371.950000,273.880000,63.127000,37.673000
373.820000,274.800000,63.127000,37.673000
372.520000,275.090000,63.127000,37.673000
371.360000,274.670000,63.127000,37.673000
369.680000,272.850000,63.127000,37.673000
367.600000,272.410000,63.127000,37.673000
366.280000,271.320000,63.127000,37.673000
363.500000,271.000000,63.127000,37.673000
363.460000,272.030000,63.127000,37.673000
362.390000,271.410000,63.127000,37.673000
364.430000,270.240000,63.127000,37.673000
365.090000,269.480000,63.127000,37.673000
362.410000,271.090000,63.127000,37.673000
366.660000,270.600000,63.127000,37.673000
359.500000,270.110000,63.127000,37.673000
363.510000,270.260000,63.127000,37.673000
360.470000,267.490000,63.127000,37.673000
360.390000,269.880000,63.127000,37.673000
362.200000,268.620000,63.127000,37.673000
361.240000,269.070000,63.127000,37.673000
361.340000,269.470000,63.127000,37.673000
363.180000,268.100000,63.127000,37.673000
361.880000,269.290000,63.127000,37.673000
364.040000,266.470000,63.127000,37.673000
359.960000,268.750000,63.127000,37.673000
364.560000,266.510000,63.127000,37.673000
358.910000,266.500000,63.127000,37.673000
362.180000,266.530000,63.127000,37.673000
359.770000,266.760000,63.127000,37.673000
360.960000,265.180000,63.127000,37.673000
359.680000,265.320000,63.127000,37.673000
360.730000,265.190000,63.127000,37.673000
360.190000,264.460000,63.127000,37.673000
360.120000,264.670000,63.127000,37.673000
360.100000,264.270000,63.127000,37.673000
359.790000,263.120000,63.127000,37.673000
358.900000,265.140000,63.127000,37.673000
362.180000,264.420000,63.127000,37.673000
359.060000,265.290000,63.127000,37.673000
359.100000,260.760000,63.127000,37.673000
358.750000,264.050000,63.127000,37.673000
356.640000,259.360000,63.127000,37.673000
355.020000,261.250000,63.127000,37.673000
358.780000,259.060000,63.127000,37.673000
357.420000,262.700000,63.127000,37.673000
358.610000,259.110000,63.127000,37.673000
357.470000,263.610000,63.127000,37.673000
357.990000,258.830000,63.127000,37.673000
357.110000,264.200000,63.127000,37.673000
355.250000,256.870000,63.127000,37.673000
354.820000,261.560000,63.127000,37.673000
353.980000,256.100000,63.127000,37.673000
354.130000,260.360000,63.127000,37.673000
355.550000,256.340000,63.127000,37.673000
352.230000,258.320000,63.127000,37.673000
356.730000,254.430000,63.127000,37.673000
352.310000,259.280000,63.127000,37.673000
358.490000,256.820000,63.127000,37.673000
350.340000,257.090000,63.127000,37.673000
358.260000,255.490000,60.121000,35.879000
353.100000,258.410000,60.121000,35.879000
356.490000,254.610000,60.121000,35.879000
354.210000,258.910000,60.121000,35.879000
355.540000,255.940000,60.121000,35.879000
354.550000,259.170000,60.121000,35.879000
353.040000,253.590000,60.121000,35.879000
353.240000,257.720000,60.121000,35.879000
354.910000,255.880000,60.121000,35.879000
352.400000,257.940000,60.121000,35.879000
356.030000,255.960000,60.121000,35.879000
351.140000,256.480000,60.121000,35.879000
355.220000,256.480000,60.121000,35.879000
352.930000,256.900000,60.121000,35.879000
355.960000,256.080000,60.121000,35.879000
351.630000,256.320000,60.121000,35.879000
355.300000,256.140000,60.121000,35.879000
352.340000,256.540000,60.121000,35.879000
354.640000,255.760000,60.121000,35.879000
353.250000,256.450000,60.121000,35.879000
354.910000,255.890000,60.121000,35.879000
354.540000,257.040000,60.121000,35.879000
354.620000,256.170000,60.121000,35.879000
355.260000,255.040000,60.121000,35.879000
354.540000,257.910000,60.121000,35.879000
355.720000,255.720000,60.121000,35.879000
354.840000,256.750000,60.121000,35.879000
355.880000,256.770000,60.121000,35.879000
354.690000,256.460000,60.121000,35.879000
354.790000,255.930000,60.121000,35.879000
354.930000,256.030000,60.121000,35.879000
355.100000,255.640000,60.121000,35.879000
354.280000,255.900000,60.121000,35.879000
355.650000,255.100000,60.121000,35.879000
356.610000,254.910000,60.121000,35.879000
356.760000,256.660000,60.121000,35.879000
358.580000,256.340000,60.121000,35.879000
358.960000,255.730000,60.121000,35.879000
357.400000,255.970000,60.121000,35.879000
361.810000,255.590000,60.121000,35.879000
360.740000,255.400000,60.121000,35.879000
362.780000,254.240000,60.121000,35.879000
362.690000,255.240000,60.121000,35.879000
364.460000,255.850000,60.121000,35.879000
364.440000,255.750000,60.121000,35.879000
366.050000,256.360000,60.121000,35.879000
365.920000,256.670000,60.121000,35.879000
369.240000,257.890000,60.121000,35.879000
367.700000,256.610000,60.121000,35.879000
372.970000,256.630000,60.121000,35.879000
370.290000,257.060000,60.121000,35.879000
373.910000,256.420000,63.127000,37.673000
373.400000,256.960000,63.127000,37.673000
373.840000,254.750000,63.127000,37.673000
371.070000,256.270000,63.127000,37.673000
374.290000,254.220000,63.127000,37.673000
370.740000,254.830000,66.283000,39.557000
373.250000,254.840000,66.283000,39.557000
372.300000,255.980000,66.283000,39.557000
375.050000,255.630000,66.283000,39.557000
373.810000,255.990000,66.283000,39.557000
377.280000,255.380000,66.283000,39.557000
376.320000,256.310000,66.283000,39.557000
377.800000,255.070000,66.283000,39.557000
377.010000,257.450000,66.283000,39.557000
377.640000,253.660000,66.283000,39.557000
372.690000,256.280000,66.283000,39.557000
379.730000,254.610000,66.283000,39.557000
373.780000,256.830000,66.283000,39.557000
380.330000,255.940000,66.283000,39.557000
373.910000,257.960000,66.283000,39.557000
378.240000,257.600000,66.283000,39.557000
377.470000,256.880000,66.283000,39.557000
377.990000,257.510000,66.283000,39.557000
377.540000,256.960000,66.283000,39.557000
378.210000,257.550000,66.283000,39.557000
377.630000,257.000000,66.283000,39.557000
377.970000,257.920000,66.283000,39.557000
376.870000,257.530000,66.283000,39.557000
378.160000,256.820000,66.283000,39.557000
377.480000,257.760000,66.283000,39.557000
379.290000,257.010000,66.283000,39.557000
378.300000,258.330000,66.283000,39.557000
380.380000,256.040000,66.283000,39.557000
379.960000,258.930000,66.283000,39.557000
380.260000,257.070000,66.283000,39.557000
380.310000,258.690000,66.283000,39.557000
380.560000,256.860000,66.283000,39.557000
380.510000,258.150000,66.283000,39.557000
380.910000,258.630000,66.283000,39.557000
379.520000,257.420000,66.283000,39.557000
380.830000,257.500000,66.283000,39.557000
380.770000,258.240000,66.283000,39.557000
380.950000,257.280000,66.283000,39.557000
379.530000,258.090000,66.283000,39.557000
381.950000,258.620000,66.283000,39.557000
379.150000,258.540000,66.283000,39.557000
381.530000,257.560000,66.283000,39.557000
380.090000,258.160000,66.283000,39.557000
380.090000,258.790000,66.283000,39.557000
380.820000,258.250000,66.283000,39.557000
381.580000,257.520000,66.283000,39.557000
380.040000,258.480000,66.283000,39.557000
380.300000,258.080000,66.283000,39.557000
380.760000,259.320000,66.283000,39.557000
381.010000,257.420000,66.283000,39.557000
380.000000,258.820000,66.283000,39.557000
381.230000,259.060000,66.283000,39.557000
380.880000,259.390000,66.283000,39.557000
381.090000,258.500000,66.283000,39.557000
381.370000,259.410000,66.283000,39.557000
381.990000,259.260000,66.283000,39.557000
381.370000,259.500000,66.283000,39.557000
382.820000,260.120000,66.283000,39.557000
383.060000,261.490000,66.283000,39.557000
382.550000,260.780000,66.283000,39.557000
383.880000,262.380000,66.283000,39.557000
382.920000,261.580000,66.283000,39.557000
384.150000,262.490000,66.283000,39.557000
384.710000,262.710000,66.283000,39.557000
385.510000,263.020000,66.283000,39.557000
385.110000,264.100000,66.283000,39.557000
385.140000,263.460000,66.283000,39.557000
385.200000,262.970000,66.283000,39.557000
385.030000,264.390000,66.283000,39.557000
385.900000,263.270000,66.283000,39.557000
385.240000,264.930000,66.283000,39.557000
387.130000,264.810000,66.283000,39.557000
385.680000,265.460000,66.283000,39.557000
388.440000,264.360000,66.283000,39.557000
385.070000,265.970000,66.283000,39.557000
388.810000,264.720000,66.283000,39.557000
386.380000,265.620000,66.283000,39.557000
386.990000,264.950000,66.283000,39.557000
385.680000,265.830000,66.283000,39.557000
387.640000,265.320000,66.283000,39.557000
386.450000,265.580000,66.283000,39.557000
386.930000,266.090000,66.283000,39.557000
385.930000,266.410000,66.283000,39.557000
386.010000,266.240000,66.283000,39.557000
386.250000,266.300000,66.283000,39.557000
386.550000,266.940000,66.283000,39.557000
386.810000,267.760000,66.283000,39.557000
387.610000,267.370000,66.283000,39.557000
387.130000,267.640000,66.283000,39.557000
386.910000,268.670000,66.283000,39.557000
387.960000,268.860000,66.283000,39.557000
387.730000,270.490000,66.283000,39.557000
389.900000,269.780000,66.283000,39.557000
387.240000,270.740000,66.283000,39.557000
390.080000,270.560000,66.283000,39.557000
387.890000,270.230000,66.283000,39.557000
386.930000,269.260000,69.598000,41.534000
387.930000,269.470000,69.598000,41.534000
387.610000,269.950000,69.598000,41.534000
387.160000,270.440000,69.598000,41.534000
388.030000,269.540000,69.598000,41.534000
387.920000,269.860000,69.598000,41.534000
388.470000,270.830000,69.598000,41.534000
387.840000,270.700000,69.598000,41.534000
388.900000,271.220000,69.598000,41.534000
388.000000,271.580000,69.598000,41.534000
389.060000,271.490000,69.598000,41.534000
388.740000,271.940000,69.598000,41.534000
389.150000,272.510000,69.598000,41.534000
390.540000,272.530000,69.598000,41.534000
389.110000,272.240000,69.598000,41.534000
392.410000,272.460000,69.598000,41.534000
389.410000,272.720000,69.598000,41.534000
393.910000,273.010000,69.598000,41.534000
392.310000,274.640000,69.598000,41.534000
393.870000,273.750000,69.598000,41.534000
395.340000,274.850000,69.598000,41.534000
394.180000,275.850000,69.598000,41.534000
397.220000,274.890000,69.598000,41.534000
394.420000,276.190000,69.598000,41.534000
398.320000,276.370000,69.598000,41.534000
395.620000,274.760000,69.598000,41.534000
399.260000,276.950000,69.598000,41.534000
396.570000,275.570000,69.598000,41.534000
400.140000,276.170000,69.598000,41.534000
399.420000,276.700000,69.598000,41.534000
399.960000,276.500000,69.598000,41.534000
401.260000,276.220000,69.598000,41.534000
399.770000,277.620000,73.077000,43.611000
400.830000,275.840000,73.077000,43.611000
401.370000,277.780000,73.077000,43.611000
403.280000,277.010000,73.077000,43.611000
403.330000,278.480000,73.077000,43.611000
404.590000,277.860000,73.077000,43.611000
404.150000,279.480000,73.077000,43.611000
408.540000,278.970000,73.077000,43.611000
406.200000,282.060000,73.077000,43.611000
413.020000,282.230000,73.077000,43.611000
409.290000,282.650000,73.077000,43.611000
415.210000,284.700000,73.077000,43.611000
412.750000,284.980000,73.077000,43.611000
415.240000,285.530000,73.077000,43.611000
415.640000,285.240000,73.077000,43.611000
415.430000,284.560000,73.077000,43.611000
418.830000,286.050000,73.077000,43.611000
416.250000,286.640000,73.077000,43.611000
420.410000,285.430000,73.077000,43.611000
418.840000,287.160000,73.077000,43.611000
421.460000,287.360000,73.077000,43.611000
422.440000,287.230000,73.077000,43.611000
423.110000,288.010000,73.077000,43.611000
424.100000,289.980000,73.077000,43.611000
424.220000,289.370000,73.077000,43.611000
426.930000,289.570000,73.077000,43.611000
425.710000,290.620000,73.077000,43.611000
427.710000,291.460000,73.077000,43.611000
428.310000,291.630000,73.077000,43.611000
430.180000,292.570000,73.077000,43.611000
429.690000,291.930000,73.077000,43.611000
430.380000,292.870000,73.077000,43.611000
431.360000,292.230000,73.077000,43.611000
430.970000,292.300000,73.077000,43.611000
431.290000,292.170000,73.077000,43.611000
431.390000,293.680000,73.077000,43.611000
431.460000,292.140000,73.077000,43.611000
431.860000,293.860000,73.077000,43.611000
429.180000,292.430000,73.077000,43.611000
430.120000,292.300000,73.077000,43.611000
428.280000,291.660000,73.077000,43.611000
429.570000,291.620000,73.077000,43.611000
425.340000,289.530000,73.077000,43.611000
427.750000,291.150000,73.077000,43.611000
427.760000,289.230000,73.077000,43.611000
425.710000,289.910000,76.731000,45.792000
426.270000,289.690000,76.731000,45.792000
433.140000,292.200000,76.731000,45.792000
426.410000,290.780000,76.731000,45.792000
432.870000,291.480000,76.731000,45.792000
425.420000,291.660000,76.731000,45.792000
431.250000,290.610000,76.731000,45.792000
427.780000,290.430000,76.731000,45.792000
429.230000,289.050000,76.731000,45.792000
430.860000,292.000000,76.731000,45.792000
431.380000,287.960000,76.731000,45.792000
437.670000,293.130000,76.731000,45.792000
433.880000,286.960000,76.731000,45.792000
434.750000,294.680000,76.731000,45.792000
430.020000,286.230000,76.731000,45.792000
431.190000,293.000000,76.731000,45.792000
429.060000,287.640000,76.731000,45.792000
427.150000,290.880000,76.731000,45.792000
424.650000,289.970000,76.731000,45.792000
417.780000,290.620000,80.568000,48.081000
417.780000,288.840000,80.568000,48.081000
415.100000,287.820000,80.568000,48.081000
422.530000,287.570000,80.568000,48.081000
414.980000,287.070000,80.568000,48.081000
408.580000,283.280000,80.568000,48.081000
394.040000,276.340000,80.568000,48.081000
396.190000,279.460000,80.568000,48.081000
388.860000,276.590000,80.568000,48.081000
388.380000,279.150000,80.568000,48.081000
387.020000,276.720000,80.568000,48.081000
396.760000,278.950000,80.568000,48.081000
393.380000,279.510000,80.568000,48.081000
397.950000,279.720000,80.568000,48.081000
396.520000,281.990000,80.568000,48.081000
391.710000,273.920000,84.596000,50.485000
390.090000,277.210000,84.596000,50.485000
391.070000,274.990000,84.596000,50.485000
387.670000,274.940000,84.596000,50.485000
385.950000,273.140000,84.596000,50.485000
382.450000,272.730000,84.596000,50.485000
384.540000,273.050000,84.596000,50.485000
381.820000,271.680000,84.596000,50.485000
377.270000,272.600000,84.596000,50.485000
372.090000,270.710000,84.596000,50.485000
374.760000,272.550000,84.596000,50.485000
374.860000,272.600000,84.596000,50.485000
370.600000,270.540000,84.596000,50.485000
371.670000,269.710000,84.596000,50.485000
368.360000,269.820000,84.596000,50.485000
369.110000,267.510000,84.596000,50.485000
368.050000,269.530000,84.596000,50.485000
368.050000,267.030000,84.596000,50.485000
368.010000,267.990000,84.596000,50.485000
368.660000,266.970000,84.596000,50.485000
370.740000,267.590000,84.596000,50.485000
369.300000,267.990000,84.596000,50.485000
371.440000,266.700000,84.596000,50.485000
370.850000,269.330000,84.596000,50.485000
371.060000,266.780000,84.596000,50.485000
371.180000,267.970000,84.596000,50.485000
370.430000,268.080000,84.596000,50.485000
370.710000,267.980000,84.596000,50.485000
369.890000,266.470000,84.596000,50.485000
369.850000,267.410000,84.596000,50.485000
369.650000,266.370000,84.596000,50.485000
370.450000,266.060000,84.596000,50.485000
370.070000,266.010000,84.596000,50.485000
370.410000,266.480000,84.596000,50.485000
370.790000,267.140000,84.596000,50.485000
370.260000,266.610000,84.596000,50.485000
372.310000,267.670000,84.596000,50.485000
372.050000,267.130000,84.596000,50.485000
372.530000,266.060000,84.596000,50.485000
374.130000,267.410000,84.596000,50.485000
372.680000,266.940000,84.596000,50.485000
374.140000,266.390000,84.596000,50.485000
373.000000,267.420000,84.596000,50.485000
371.750000,266.540000,84.596000,50.485000
371.330000,267.230000,84.596000,50.485000
371.090000,265.830000,84.596000,50.485000
370.610000,266.390000,84.596000,50.485000
371.220000,267.270000,84.596000,50.485000
370.460000,266.260000,84.596000,50.485000
370.060000,266.510000,84.596000,50.485000
370.230000,266.800000,84.596000,50.485000
369.730000,265.970000,84.596000,50.485000
369.610000,266.560000,84.596000,50.485000
370.840000,267.480000,84.596000,50.485000
368.250000,266.190000,84.596000,50.485000
371.450000,267.080000,84.596000,50.485000
369.620000,266.430000,84.596000,50.485000
371.290000,267.290000,84.596000,50.485000
369.240000,266.230000,84.596000,50.485000
370.950000,266.940000,84.596000,50.485000
369.130000,266.310000,84.596000,50.485000
370.370000,267.360000,84.596000,50.485000
369.560000,266.810000,84.596000,50.485000
370.870000,266.580000,84.596000,50.485000
369.270000,268.170000,84.596000,50.485000
371.000000,266.530000,84.596000,50.485000
369.330000,267.720000,84.596000,50.485000
370.960000,267.340000,84.596000,50.485000
368.560000,266.440000,84.596000,50.485000
371.430000,267.250000,84.596000,50.485000
369.060000,266.430000,84.596000,50.485000
369.860000,266.980000,84.596000,50.485000
368.300000,265.810000,84.596000,50.485000
370.770000,265.820000,84.596000,50.485000
368.550000,266.290000,84.596000,50.485000
371.040000,266.320000,84.596000,50.485000
368.480000,266.780000,84.596000,50.485000
370.850000,265.350000,84.596000,50.485000
367.540000,267.240000,84.596000,50.485000
371.940000,265.590000,84.596000,50.485000
366.600000,266.830000,84.596000,50.485000
371.710000,265.110000,84.596000,50.485000
365.960000,266.080000,84.596000,50.485000
370.740000,265.660000,84.596000,50.485000
366.550000,266.670000,84.596000,50.485000
371.470000,265.910000,84.596000,50.485000
367.040000,265.180000,84.596000,50.485000
369.370000,266.280000,84.596000,50.485000
367.980000,265.400000,84.596000,50.485000
368.340000,266.410000,84.596000,50.485000
368.590000,265.650000,84.596000,50.485000
368.660000,266.830000,84.596000,50.485000
368.990000,264.770000,84.596000,50.485000
367.040000,265.980000,84.596000,50.485000
368.730000,265.630000,84.596000,50.485000
366.960000,266.640000,84.596000,50.485000
368.400000,265.880000,84.596000,50.485000
368.580000,265.580000,84.596000,50.485000
368.910000,266.950000,84.596000,50.485000
367.710000,265.610000,84.596000,50.485000
368.660000,267.850000,84.596000,50.485000
370.350000,265.880000,84.596000,50.485000
368.670000,267.520000,84.596000,50.485000
369.560000,267.210000,84.596000,50.485000
367.970000,266.860000,84.596000,50.485000
367.290000,266.840000,84.596000,50.485000
367.390000,266.950000,84.596000,50.485000
366.250000,266.710000,84.596000,50.485000
365.840000,268.530000,84.596000,50.485000
364.260000,267.510000,84.596000,50.485000
366.610000,268.460000,84.596000,50.485000
364.590000,267.840000,84.596000,50.485000
365.720000,267.360000,84.596000,50.485000
363.110000,267.990000,84.596000,50.485000
365.290000,267.470000,84.596000,50.485000
363.830000,268.590000,84.596000,50.485000
364.040000,268.870000,84.596000,50.485000
365.520000,267.630000,84.596000,50.485000
367.630000,269.990000,84.596000,50.485000
363.900000,266.040000,88.826000,53.010000
363.980000,268.520000,88.826000,53.010000
360.940000,265.390000,88.826000,53.010000
362.080000,270.520000,88.826000,53.010000
361.090000,264.150000,88.826000,53.010000
361.220000,270.890000,88.826000,53.010000
361.590000,263.740000,88.826000,53.010000
358.500000,268.730000,88.826000,53.010000
358.010000,266.240000,88.826000,53.010000
358.180000,269.570000,88.826000,53.010000
352.840000,267.260000,88.826000,53.010000
360.030000,270.660000,88.826000,53.010000
351.500000,265.980000,88.826000,53.010000
358.090000,272.250000,88.826000,53.010000
354.050000,266.960000,88.826000,53.010000
358.930000,270.290000,88.826000,53.010000
351.270000,269.120000,93.267000,55.660000
359.540000,268.950000,93.267000,55.660000
352.760000,268.650000,93.267000,55.660000
358.800000,268.450000,93.267000,55.660000
355.320000,268.290000,93.267000,55.660000
359.150000,268.450000,93.267000,55.660000
355.900000,267.440000,93.267000,55.660000
357.490000,268.630000,93.267000,55.660000
356.060000,267.640000,93.267000,55.660000
357.470000,268.380000,93.267000,55.660000
356.070000,267.070000,93.267000,55.660000
358.230000,268.900000,93.267000,55.660000
356.800000,266.980000,93.267000,55.660000
356.830000,268.040000,93.267000,55.660000
355.600000,268.030000,93.267000,55.660000
354.470000,267.950000,93.267000,55.660000
355.200000,268.250000,93.267000,55.660000
355.520000,266.260000,93.267000,55.660000
354.650000,267.540000,93.267000,55.660000
355.250000,267.300000,93.267000,55.660000
355.830000,266.910000,93.267000,55.660000
355.500000,268.160000,93.267000,55.660000
355.390000,268.200000,93.267000,55.660000
354.610000,266.380000,93.267000,55.660000
355.890000,268.750000,93.267000,55.660000
356.080000,267.510000,93.267000,55.660000
356.840000,268.210000,93.267000,55.660000
356.410000,266.950000,93.267000,55.660000
355.150000,269.040000,93.267000,55.660000
357.740000,267.950000,93.267000,55.660000
354.870000,268.640000,93.267000,55.660000
356.600000,266.570000,93.267000,55.660000
354.570000,268.290000,93.267000,55.660000
355.510000,265.920000,93.267000,55.660000
354.870000,269.200000,93.267000,55.660000
355.440000,265.470000,93.267000,55.660000
354.570000,268.950000,93.267000,55.660000
354.760000,267.210000,93.267000,55.660000
355.800000,267.270000,93.267000,55.660000
355.170000,267.160000,93.267000,55.660000
357.370000,269.020000,93.267000,55.660000
355.900000,267.420000,93.267000,55.660000
357.390000,267.250000,93.267000,55.660000
356.210000,267.250000,93.267000,55.660000
357.120000,266.940000,93.267000,55.660000
356.450000,268.140000,93.267000,55.660000
354.880000,267.290000,93.267000,55.660000
356.890000,266.650000,93.267000,55.660000
355.630000,267.270000,93.267000,55.660000
356.170000,266.600000,93.267000,55.660000
357.310000,267.480000,93.267000,55.660000
356.620000,266.800000,93.267000,55.660000
355.960000,267.180000,93.267000,55.660000
355.890000,265.850000,93.267000,55.660000
355.510000,268.170000,93.267000,55.660000
354.860000,265.060000,93.267000,55.660000
355.710000,268.860000,93.267000,55.660000
354.660000,265.610000,93.267000,55.660000
355.220000,267.310000,93.267000,55.660000
355.890000,265.960000,93.267000,55.660000
354.490000,267.920000,93.267000,55.660000
354.760000,266.830000,93.267000,55.660000
355.030000,267.740000,93.267000,55.660000
355.460000,267.280000,93.267000,55.660000
355.190000,267.260000,93.267000,55.660000
357.050000,267.430000,93.267000,55.660000
355.780000,267.980000,93.267000,55.660000
356.170000,268.280000,93.267000,55.660000
356.520000,267.080000,93.267000,55.660000
354.330000,269.640000,93.267000,55.660000
356.520000,266.470000,93.267000,55.660000
353.150000,268.900000,93.267000,55.660000
356.450000,267.340000,93.267000,55.660000
353.280000,267.910000,93.267000,55.660000
356.620000,268.210000,93.267000,55.660000
353.560000,266.700000,93.267000,55.660000
355.390000,268.790000,93.267000,55.660000
353.540000,267.310000,93.267000,55.660000
354.980000,267.670000,93.267000,55.660000
354.760000,267.850000,93.267000,55.660000
355.180000,268.570000,93.267000,55.660000
355.050000,267.580000,93.267000,55.660000
355.470000,268.290000,93.267000,55.660000
354.280000,267.740000,93.267000,55.660000
356.520000,269.290000,93.267000,55.660000
354.370000,267.170000,93.267000,55.660000
357.650000,269.010000,93.267000,55.660000
354.660000,268.970000,93.267000,55.660000
356.380000,268.750000,93.267000,55.660000
355.440000,268.710000,93.267000,55.660000
356.140000,268.640000,93.267000,55.660000
356.830000,268.960000,93.267000,55.660000
355.650000,269.000000,93.267000,55.660000
356.050000,268.910000,93.267000,55.660000
355.940000,268.740000,93.267000,55.660000
356.030000,268.780000,93.267000,55.660000
356.140000,268.760000,93.267000,55.660000
356.350000,268.580000,93.267000,55.660000
357.000000,268.880000,93.267000,55.660000
356.180000,269.200000,93.267000,55.660000
356.130000,268.100000,93.267000,55.660000
356.710000,270.390000,93.267000,55.660000
355.750000,267.100000,93.267000,55.660000
356.590000,270.940000,93.267000,55.660000
355.600000,267.430000,93.267000,55.660000
356.530000,269.260000,93.267000,55.660000
355.380000,267.740000,93.267000,55.660000
356.240000,269.620000,93.267000,55.660000
356.280000,267.710000,93.267000,55.660000
355.970000,269.070000,93.267000,55.660000
355.810000,268.070000,93.267000,55.660000
355.900000,268.820000,93.267000,55.660000
355.460000,267.710000,93.267000,55.660000
355.150000,268.470000,93.267000,55.660000
356.340000,267.230000,93.267000,55.660000
356.040000,267.880000,93.267000,55.660000
356.140000,268.500000,93.267000,55.660000
356.080000,267.530000,93.267000,55.660000
356.450000,268.320000,93.267000,55.660000
355.350000,267.350000,93.267000,55.660000
357.510000,268.160000,93.267000,55.660000
355.200000,269.040000,93.267000,55.660000
357.050000,267.920000,93.267000,55.660000
356.120000,268.730000,93.267000,55.660000
356.580000,267.630000,93.267000,55.660000
354.970000,268.060000,93.267000,55.660000
356.410000,268.410000,93.267000,55.660000
354.380000,267.180000,93.267000,55.660000
356.260000,267.350000,93.267000,55.660000
356.570000,267.850000,93.267000,55.660000
355.250000,268.640000,93.267000,55.660000
357.400000,267.200000,93.267000,55.660000
354.560000,267.290000,93.267000,55.660000
357.010000,267.990000,93.267000,55.660000
356.290000,268.600000,93.267000,55.660000
357.120000,267.640000,93.267000,55.660000
357.030000,268.550000,93.267000,55.660000
357.580000,268.040000,93.267000,55.660000
356.460000,269.250000,93.267000,55.660000
357.420000,267.180000,93.267000,55.660000
356.520000,268.630000,93.267000,55.660000
357.350000,268.160000,93.267000,55.660000
358.010000,269.610000,93.267000,55.660000
356.870000,267.750000,93.267000,55.660000
356.870000,269.110000,93.267000,55.660000
356.620000,268.870000,93.267000,55.660000
356.400000,268.470000,93.267000,55.660000
356.130000,267.800000,93.267000,55.660000
356.740000,268.720000,93.267000,55.660000
356.110000,267.940000,93.267000,55.660000
356.850000,268.580000,93.267000,55.660000
356.040000,267.300000,93.267000,55.660000
356.800000,267.710000,93.267000,55.660000
355.720000,268.190000,93.267000,55.660000
356.390000,267.080000,93.267000,55.660000
355.060000,268.990000,93.267000,55.660000
357.340000,267.740000,93.267000,55.660000
356.550000,268.130000,93.267000,55.660000
356.080000,268.880000,93.267000,55.660000
357.520000,267.700000,93.267000,55.660000
355.130000,268.350000,93.267000,55.660000
357.350000,267.180000,93.267000,55.660000
356.720000,267.810000,93.267000,55.660000
356.120000,268.220000,93.267000,55.660000
357.150000,266.820000,93.267000,55.660000
356.230000,268.950000,93.267000,55.660000
357.160000,267.330000,93.267000,55.660000
356.550000,267.650000,93.267000,55.660000
355.590000,268.020000,93.267000,55.660000
356.300000,268.370000,93.267000,55.660000
357.220000,267.210000,93.267000,55.660000
356.560000,268.090000,93.267000,55.660000
355.510000,268.890000,93.267000,55.660000
356.640000,268.500000,93.267000,55.660000
356.270000,268.210000,93.267000,55.660000
358.040000,268.100000,93.267000,55.660000
356.460000,270.160000,93.267000,55.660000
356.340000,268.620000,93.267000,55.660000
357.570000,268.480000,93.267000,55.660000
355.470000,268.770000,93.267000,55.660000
356.810000,269.480000,93.267000,55.660000
355.960000,268.080000,93.267000,55.660000
357.620000,270.160000,93.267000,55.660000
356.450000,268.960000,93.267000,55.660000
357.100000,269.900000,93.267000,55.660000
358.300000,269.170000,93.267000,55.660000
359.150000,268.370000,93.267000,55.660000
358.660000,269.800000,93.267000,55.660000
360.300000,269.970000,93.267000,55.660000
361.230000,270.670000,93.267000,55.660000
361.340000,269.890000,93.267000,55.660000
362.820000,270.590000,93.267000,55.660000
362.840000,270.700000,93.267000,55.660000
363.170000,271.790000,93.267000,55.660000
364.720000,270.310000,93.267000,55.660000
361.830000,270.900000,93.267000,55.660000
365.870000,272.730000,93.267000,55.660000
362.930000,270.750000,93.267000,55.660000
364.070000,271.360000,93.267000,55.660000
369.890000,275.130000,93.267000,55.660000
363.410000,272.270000,93.267000,55.660000
370.580000,273.890000,93.267000,55.660000
367.250000,274.540000,93.267000,55.660000
371.980000,274.310000,97.931000,58.443000
368.980000,276.330000,97.931000,58.443000
376.090000,274.730000,97.931000,58.443000
372.250000,278.440000,97.931000,58.443000
383.790000,278.320000,97.931000,58.443000
379.890000,281.960000,97.931000,58.443000
392.120000,279.480000,97.931000,58.443000
379.800000,282.500000,97.931000,58.443000
397.540000,280.260000,97.931000,58.443000
382.690000,284.420000,97.931000,58.443000
403.780000,280.870000,97.931000,58.443000
386.700000,285.730000,97.931000,58.443000
409.160000,283.360000,97.931000,58.443000
391.770000,284.650000,97.931000,58.443000
411.770000,284.380000,97.931000,58.443000
404.000000,289.670000,97.931000,58.443000
417.980000,286.670000,97.931000,58.443000
410.270000,293.400000,97.931000,58.443000
420.450000,285.610000,97.931000,58.443000
420.490000,295.850000,97.931000,58.443000
435.150000,292.820000,97.931000,58.443000
433.180000,305.280000,97.931000,58.443000
439.650000,294.300000,97.931000,58.443000
442.000000,301.780000,97.931000,58.443000
446.410000,297.310000,97.931000,58.443000
446.310000,299.080000,97.931000,58.443000
454.440000,300.740000,93.267000,55.660000
455.850000,300.060000,93.267000,55.660000
459.770000,299.210000,93.267000,55.660000
458.610000,294.790000,93.267000,55.660000
463.320000,296.570000,93.267000,55.660000
468.140000,297.100000,93.267000,55.660000
469.640000,300.290000,93.267000,55.660000
473.860000,296.370000,93.267000,55.660000
475.460000,301.640000,93.267000,55.660000
479.890000,304.200000,93.267000,55.660000
485.700000,308.840000,93.267000,55.660000
486.320000,312.740000,93.267000,55.660000
495.950000,314.170000,93.267000,55.660000
496.080000,318.810000,93.267000,55.660000
505.720000,319.490000,93.267000,55.660000
505.360000,320.750000,97.931000,58.443000
508.540000,320.980000,97.931000,58.443000
513.190000,322.360000,97.931000,58.443000
515.970000,321.670000,97.931000,58.443000
522.140000,330.260000,97.931000,58.443000
529.130000,321.550000,97.931000,58.443000
537.080000,329.100000,97.931000,58.443000
541.100000,326.670000,97.931000,58.443000
549.040000,338.830000,93.267000,55.660000
555.360000,338.900000,93.267000,55.660000
562.290000,345.150000,93.267000,55.660000
569.790000,346.760000,93.267000,55.660000
575.660000,348.680000,93.267000,55.660000
576.980000,348.290000,93.267000,55.660000
581.590000,345.620000,97.931000,58.443000
583.040000,346.590000,97.931000,58.443000
588.700000,346.920000,97.931000,58.443000
593.110000,346.220000,97.931000,58.443000
596.300000,348.950000,97.931000,58.443000
606.230000,351.320000,97.931000,58.443000
612.300000,356.230000,97.931000,58.443000
625.430000,361.650000,97.931000,58.443000
637.680000,367.550000,97.931000,58.443000
651.340000,373.600000,97.931000,58.443000
667.360000,384.460000,97.931000,58.443000
678.180000,392.630000,97.931000,58.443000
695.230000,406.310000,97.931000,58.443000
701.830000,411.040000,97.931000,58.443000
703.740000,413.630000,97.931000,58.443000
711.160000,412.450000,97.931000,58.443000
720.460000,415.750000,93.267000,55.660000
681.760000,366.340000,93.267000,55.660000
684.040000,395.930000,93.267000,55.660000
689.710000,385.750000,93.267000,55.660000
634.000000,404.390000,93.267000,55.660000
672.440000,343.410000,93.267000,55.660000
656.220000,327.560000,93.267000,55.660000
656.650000,301.800000,93.267000,55.660000
646.300000,310.220000,88.826000,53.010000
650.950000,306.040000,88.826000,53.010000
649.870000,310.270000,88.826000,53.010000
651.600000,306.630000,88.826000,53.010000
649.150000,308.890000,88.826000,53.010000
651.250000,305.590000,88.826000,53.010000
655.890000,303.970000,88.826000,53.010000
642.980000,311.700000,88.826000,53.010000
647.580000,308.640000,88.826000,53.010000
647.960000,307.960000,88.826000,53.010000
648.320000,306.070000,93.267000,55.660000
649.310000,306.200000,93.267000,55.660000
649.970000,304.400000,93.267000,55.660000
648.490000,306.330000,93.267000,55.660000
651.440000,303.230000,93.267000,55.660000
646.890000,305.880000,93.267000,55.660000
652.650000,306.040000,93.267000,55.660000
650.900000,302.190000,93.267000,55.660000
646.500000,309.410000,93.267000,55.660000
649.680000,303.770000,93.267000,55.660000
648.620000,308.800000,93.267000,55.660000
647.830000,306.170000,93.267000,55.660000
648.580000,307.600000,93.267000,55.660000
649.050000,306.250000,93.267000,55.660000
648.530000,306.700000,93.267000,55.660000
647.120000,306.510000,93.267000,55.660000
649.740000,306.560000,93.267000,55.660000
648.080000,306.190000,93.267000,55.660000
649.630000,307.090000,93.267000,55.660000
647.580000,307.690000,93.267000,55.660000
649.550000,307.370000,93.267000,55.660000
647.330000,307.630000,93.267000,55.660000
651.030000,307.390000,93.267000,55.660000
647.350000,305.410000,93.267000,55.660000
652.360000,306.920000,93.267000,55.660000
645.750000,307.710000,93.267000,55.660000
646.070000,310.220000,93.267000,55.660000
656.680000,314.020000,88.826000,53.010000
675.470000,326.540000,88.826000,53.010000
693.490000,335.760000,88.826000,53.010000
709.470000,335.180000,88.826000,53.010000
724.710000,346.780000,88.826000,53.010000
685.910000,385.390000,88.826000,53.010000
696.650000,359.740000,88.826000,53.010000
698.300000,365.540000,88.826000,53.010000
711.610000,362.180000,88.826000,53.010000
699.910000,373.630000,88.826000,53.010000
709.000000,363.760000,88.826000,53.010000
710.100000,359.860000,88.826000,53.010000
717.450000,361.110000,88.826000,53.010000
701.140000,347.080000,88.826000,53.010000
697.010000,314.940000,88.826000,53.010000
660.520000,304.120000,93.267000,55.660000
636.920000,310.200000,93.267000,55.660000
660.600000,301.730000,93.267000,55.660000
637.010000,312.170000,93.267000,55.660000
660.730000,302.010000,93.267000,55.660000
637.890000,312.340000,93.267000,55.660000
659.630000,300.300000,93.267000,55.660000
638.440000,312.150000,93.267000,55.660000
657.820000,301.310000,93.267000,55.660000
639.340000,311.310000,93.267000,55.660000
659.690000,301.440000,93.267000,55.660000
637.650000,312.360000,93.267000,55.660000
658.240000,300.260000,93.267000,55.660000
642.930000,311.170000,93.267000,55.660000
655.250000,301.400000,93.267000,55.660000
643.500000,311.950000,93.267000,55.660000
654.300000,302.200000,93.267000,55.660000
643.190000,309.810000,93.267000,55.660000
655.700000,303.330000,93.267000,55.660000
645.620000,308.910000,93.267000,55.660000
649.450000,307.500000,93.267000,55.660000
647.120000,305.880000,93.267000,55.660000
651.430000,309.230000,93.267000,55.660000
644.410000,305.620000,93.267000,55.660000
653.120000,306.740000,93.267000,55.660000
645.810000,307.770000,93.267000,55.660000
650.550000,307.870000,93.267000,55.660000
646.040000,305.810000,93.267000,55.660000
652.340000,308.020000,93.267000,55.660000
646.030000,306.750000,93.267000,55.660000
650.540000,307.900000,93.267000,55.660000
646.110000,305.980000,93.267000,55.660000
652.600000,306.670000,93.267000,55.660000
644.560000,307.760000,93.267000,55.660000
650.730000,306.480000,93.267000,55.660000
647.140000,306.490000,93.267000,55.660000
649.870000,306.710000,93.267000,55.660000
648.080000,306.700000,93.267000,55.660000
648.880000,307.310000,93.267000,55.660000
648.420000,306.070000,93.267000,55.660000
648.300000,307.290000,93.267000,55.660000
649.380000,306.200000,93.267000,55.660000
646.830000,306.340000,93.267000,55.660000
649.990000,306.860000,93.267000,55.660000
647.420000,306.780000,93.267000,55.660000
648.870000,307.280000,93.267000,55.660000
648.540000,306.270000,93.267000,55.660000
648.560000,306.550000,93.267000,55.660000
648.670000,307.290000,93.267000,55.660000
648.610000,306.330000,93.267000,55.660000
647.920000,306.310000,93.267000,55.660000
648.760000,306.730000,93.267000,55.660000
648.910000,307.060000,93.267000,55.660000
648.760000,307.550000,93.267000,55.660000
648.230000,306.410000,93.267000,55.660000
650.200000,307.390000,93.267000,55.660000
647.990000,305.830000,93.267000,55.660000
649.890000,308.050000,93.267000,55.660000
647.860000,306.870000,93.267000,55.660000
648.900000,306.850000,93.267000,55.660000
648.550000,307.340000,93.267000,55.660000
648.230000,305.990000,93.267000,55.660000
650.320000,307.970000,93.267000,55.660000
648.480000,306.590000,93.267000,55.660000
648.100000,306.750000,93.267000,55.660000
649.530000,307.160000,93.267000,55.660000
647.840000,307.590000,93.267000,55.660000
649.680000,306.810000,93.267000,55.660000
648.400000,307.450000,93.267000,55.660000
647.980000,306.260000,93.267000,55.660000
649.160000,306.570000,93.267000,55.660000
648.950000,306.940000,93.267000,55.660000
648.710000,306.990000,93.267000,55.660000
648.320000,307.360000,93.267000,55.660000
649.460000,306.250000,93.267000,55.660000
647.650000,306.590000,93.267000,55.660000
649.430000,306.900000,93.267000,55.660000
647.530000,307.210000,93.267000,55.660000
649.130000,306.160000,93.267000,55.660000
649.100000,307.940000,93.267000,55.660000
648.770000,307.040000,93.267000,55.660000
648.580000,307.450000,93.267000,55.660000
648.100000,306.240000,93.267000,55.660000
649.580000,306.660000,93.267000,55.660000
647.390000,306.580000,93.267000,55.660000
648.580000,306.850000,93.267000,55.660000
648.140000,306.800000,93.267000,55.660000
649.640000,307.240000,93.267000,55.660000
647.840000,305.910000,93.267000,55.660000
649.340000,307.640000,93.267000,55.660000
648.950000,306.860000,93.267000,55.660000
648.680000,307.180000,93.267000,55.660000
648.800000,306.250000,93.267000,55.660000
648.630000,306.640000,93.267000,55.660000
648.530000,307.130000,93.267000,55.660000
648.250000,307.290000,93.267000,55.660000
649.330000,305.750000,93.267000,55.660000
649.130000,307.770000,93.267000,55.660000
648.990000,306.380000,93.267000,55.660000
648.910000,306.860000,93.267000,55.660000
648.630000,307.210000,93.267000,55.660000
647.950000,306.380000,93.267000,55.660000
649.300000,306.630000,93.267000,55.660000
648.940000,306.650000,93.267000,55.660000
648.770000,307.180000,93.267000,55.660000
648.450000,306.160000,93.267000,55.660000
648.360000,308.250000,93.267000,55.660000
650.050000,305.240000,93.267000,55.660000
648.270000,307.050000,93.267000,55.660000
649.540000,307.550000,93.267000,55.660000
647.330000,306.700000,93.267000,55.660000
650.030000,306.930000,93.267000,55.660000
648.290000,307.230000,93.267000,55.660000
649.950000,306.240000,93.267000,55.660000
648.000000,306.360000,93.267000,55.660000
649.450000,306.730000,93.267000,55.660000
647.730000,306.930000,93.267000,55.660000
649.460000,307.220000,93.267000,55.660000
647.550000,306.160000,93.267000,55.660000
649.200000,307.870000,93.267000,55.660000
649.310000,307.130000,93.267000,55.660000
649.400000,307.350000,93.267000,55.660000
647.530000,306.160000,93.267000,55.660000
