1.000000
0.982726
0.964375
0.958290
0.923896
0.918342
0.899375
0.886699
0.879819
0.893432
0.886925
0.911960
0.886510
0.892777
0.893421
0.899235
0.912316
0.896943
0.938126
0.927900
0.915616
0.903235
0.909220
0.868677
0.856096
0.853668
0.819042
0.798018
0.801268
0.778488
0.744864
0.757039
0.770323
0.752502
0.764589
0.758397
0.766027
0.760352
0.746191
0.744365
0.760287
0.786524
0.785282
0.796564
0.804952
0.813762
0.770683
0.782850
0.793134
0.781325
0.798084
0.805844
0.792549
0.790497
0.782500
0.779449
0.804998
0.792698
0.816127
0.801566
0.799567
0.810829
0.795920
0.768885
0.774823
0.780388
0.787323
0.807341
0.796265
0.797094
0.777310
0.808742
0.796888
0.819331
0.805041
0.793780
0.783522
0.755477
0.786460
0.794846
0.843077
0.841004
0.825584
0.840485
0.825718
0.803851
0.807421
0.845672
0.836806
0.824033
0.824494
0.828579
0.810363
0.851489
0.839708
0.825143
0.832170
0.848239
0.847984
0.840890
0.811798
0.856285
0.893608
0.843153
0.861660
0.850749
0.860160
0.865264
0.861863
0.851772
0.806068
0.828753
0.839367
0.824948
0.842380
0.828721
0.842302
0.845643
0.818870
0.841276
0.842061
0.831973
0.859371
0.878289
0.845435
0.822116
0.843232
0.890919
0.856340
0.826856
0.860627
0.849347
0.828323
0.848722
0.919969
0.870842
0.866600
0.811887
0.821240
0.845222
0.823584
0.825613
0.828483
0.838359
0.869956
0.889758
0.885591
0.843860
0.832072
0.850861
0.831474
0.826210
0.819119
0.819693
0.804589
0.832680
0.777068
0.770858
0.808174
0.803452
0.811299
0.821672
0.817443
0.841942
0.867914
0.858066
0.845953
0.834502
0.784563
0.793013
0.767062
0.731032
0.791807
0.791320
0.814241
0.808474
0.804564
0.817455
0.796323
0.796724
0.788964
0.802160
0.770696
0.799186
0.800285
0.817569
0.865241
0.803665
0.802591
0.791592
0.787817
0.814808
0.809231
0.803874
0.819755
0.839622
0.855530
0.855146
0.834004
0.780954
0.827738
0.820596
0.803698
0.804827
0.812035
0.835839
0.806405
0.874538
0.784751
0.787986
0.779519
0.792597
0.814940
0.842721
0.819960
0.851458
0.869275
0.873286
0.897458
0.871269
0.854360
0.853233
0.819926
0.907413
0.867334
0.896014
0.904830
0.891420
0.875413
0.869507
0.861130
0.855341
0.846735
0.820741
0.815202
0.837182
0.864527
0.844050
0.850068
0.853367
0.852526
0.886387
0.854140
0.833726
0.882979
0.913506
0.948917
0.908735
0.892921
0.886701
0.873692
0.875046
0.880291
0.852504
0.874321
0.861622
0.891019
0.863242
0.881178
0.819473
0.781823
0.809834
0.774976
0.826826
0.840606
0.860118
0.868177
0.865096
0.881862
0.877833
0.902632
0.889645
0.916673
0.884520
0.861715
0.866951
0.891602
0.871446
0.859856
0.847212
0.854109
0.846862
0.841276
0.864920
0.845390
0.794288
0.834478
0.813244
0.802106
0.844232
0.809409
0.818976
0.840462
0.835928
0.847924
0.865519
0.885148
0.873830
0.848167
0.813015
0.799629
0.847287
0.841688
0.828283
0.846032
0.818429
0.860354
0.859328
0.836168
0.812872
0.792329
0.793974
0.756807
0.764136
0.773224
0.755744
0.745806
0.758937
0.729249
0.671338
0.710881
0.705488
0.737465
0.757326
0.750772
0.754437
0.750743
0.829504
0.792402
0.782846
0.805684
0.850009
0.771883
0.818507
0.829446
0.827624
0.823666
0.822889
0.815930
0.808281
0.818268
0.792983
0.782440
0.780709
0.648103
0.638429
0.834734
0.855846
0.808775
0.856477
0.826298
0.808549
0.823973
0.824444
0.841848
0.781409
0.840774
0.890044
0.885145
0.808249
0.871878
0.809627
0.814520
0.792030
0.858632
0.845055
0.784545
0.808282
0.826466
0.834726
0.817025
0.830643
0.830459
0.830980
0.759710
0.802071
0.797453
0.793907
0.831286
0.813288
0.855245
0.859996
0.809091
0.835989
0.834829
0.847123
0.804136
0.811103
0.829679
0.857717
0.878293
0.859137
0.821413
0.817623
0.820253
0.876348
0.859071
0.829614
0.894265
0.873867
0.847343
0.817571
0.866387
0.860280
0.831522
0.847977
0.801157
0.782627
0.796557
0.744309
0.761313
0.802755
0.820838
0.808801
0.799056
0.792240
0.766293
0.711208
0.719335
0.705639
0.710653
0.725290
0.704685
0.644431
0.650354
0.351295
0.239393
0.194248
0.621856
0.300800
0.531759
0.676515
0.618522
0.675955
0.680966
0.667772
0.680693
0.681425
0.689692
0.717661
0.691537
0.998257
0.647595
0.651088
0.675734
0.681821
0.682517
0.643788
0.700532
0.680357
0.678208
0.715713
0.720241
0.741911
0.669722
0.749610
0.762773
0.739057
0.707574
0.731124
0.758245
0.713640
0.669167
0.655490
0.801059
0.999927
0.609804
0.800339
0.999967
0.810858
0.999943
0.999617
0.605029
0.627945
0.998792
0.619558
0.627596
0.806019
0.810462
0.677327
0.629261
0.691824
0.612995
0.999665
0.667641
0.999699
0.811570
0.669199
0.625466
0.651317
0.657493
0.726025
0.753889
0.706254
0.747183
0.819171
0.675704
0.753755
0.689201
0.705411
0.702703
0.665632
0.743543
0.735953
0.761065
0.732379
0.700313
0.732954
0.722772
0.710966
0.734901
0.746189
0.767984
0.745866
0.725926
0.719649
0.740536
0.752941
0.765905
0.726087
0.733209
0.746745
0.734573
0.731424
0.767763
0.784019
0.759706
0.729047
0.773629
0.738890
0.760482
0.759328
0.752000
0.772064
0.759283
0.750018
0.715114
0.740165
0.763417
0.722764
0.720195
0.711666
0.765054
0.749461
0.761225
0.729873
0.722291
0.660499
0.670028
0.676543
0.694710
0.692473
0.694716
0.676217
0.703390
0.682358
0.696753
0.647054
0.986476
0.646662
0.592435
0.976986
0.889607
0.631868
0.984569
0.982274
0.637455
0.979803
0.984871
0.977119
0.994103
0.980585
0.996832
0.998176
0.997398
0.997997
0.990892
0.996095
0.999143
0.999847
0.999629
0.999952
0.999205
0.999356
0.999450
0.999536
0.997898
0.997829
0.994932
0.989995
0.992874
0.993703
0.994429
0.997783
0.988550
0.995894
0.794500
0.993191
0.996790
0.989912
0.991456
0.986166
0.808088
0.995974
0.799239
0.998236
0.997595
0.999132
0.998235
0.799778
0.996562
0.997320
0.999385
0.795401
0.999375
0.999687
0.997678
0.998594
0.998484
0.999909
0.993367
0.999241
0.999645
0.999354
0.996994
0.999557
0.999869
0.999986
0.801598
0.999909
0.999477
0.800889
0.999765
0.999012
0.997362
0.999735
0.999675
0.999875
0.999844
0.998135
0.999523
0.999955
0.999657
0.805870
0.807115
0.810268
0.617299
0.999878
0.999848
0.802108
0.802638
0.999860
0.999715
0.604423
0.801523
0.823870
0.999931
0.800864
0.999258
0.999055
0.999977
0.999857
0.999949
0.801300
0.806774
0.799904
0.811654
0.999840
0.820270
0.809627
0.797932
0.999549
0.997485
0.999620
0.998992
0.997863
0.791918
0.801092
0.701738
0.999399
0.635834
0.673752
0.729345
0.720220
0.742070
0.741084
0.731634
0.698291
0.702655
0.695342
0.741039
0.750480
0.761330
0.745052
0.765814
0.719526
0.766251
0.777083
0.782977
0.807549
0.814837
0.796727
0.798808
0.833801
0.786145
0.777580
0.779698
0.753869
0.791631
0.838868
0.812672
0.810426
0.865105
0.825872
0.874028
0.908703
0.835582
0.815274
0.789527
0.764560
0.719519
0.734283
0.745347
0.769362
0.757773
0.742935
0.999625
0.759483
0.804627
0.767527
0.771322
0.723120
0.768103
0.769754
0.792450
0.784689
0.777249
0.804870
0.758686
0.696664
0.759595
0.708320
0.793953
0.739685
0.713571
0.724538
0.748327
0.714236
0.741260
0.748116
0.747659
0.707366
0.667485
0.799472
0.794449
0.786235
0.712961
0.724867
0.754610
0.785193
0.777660
0.819329
0.762818
0.772774
0.798958
0.831704
0.884863
0.805060
0.788756
0.781593
0.758710
0.776196
0.781793
0.795809
0.778168
0.814945
0.816897
0.796261
0.792048
0.788968
0.785747
0.783284
0.777037
0.846861
0.775403
0.780730
0.795734
0.820075
0.836102
0.857989
0.854565
0.809930
0.796374
0.823434
0.777737
0.816587
0.824121
0.791576
0.838730
0.825563
0.762990
0.809532
0.828056
0.811710
0.817177
0.809085
0.817869
0.800935
0.827618
0.817897
0.812838
0.815514
0.840118
0.798905
0.818165
0.824141
0.796658
0.833344
0.814811
0.832638
0.787544
0.822260
0.828879
0.814498
0.807930
0.822272
0.816247
0.788377
0.795019
0.801478
0.805337
0.763097
0.792723
0.799607
0.774328
0.821029
0.793239
0.825878
0.823512
0.809138
0.822478
0.814030
0.827616
0.848212
0.827969
0.841323
0.819025
0.801945
0.832776
0.835201
0.845403
0.818016
0.857883
0.868975
0.875580
0.867790
0.849634
0.853963
0.849281
0.824902
0.826889
0.838633
0.862123
0.862855
0.868266
0.845941
0.883104
0.862971
0.846913
0.866364
0.833491
0.888270
0.874319
0.886839
0.860709
0.857220
0.859067
0.816032
0.826045
0.803947
0.838888
0.842912
0.839628
0.865575
0.859733
0.882575
0.839131
0.846491
0.863703
0.852293
0.846142
0.801017
0.844507
0.839872
0.863631
0.829892
0.857280
0.805515
0.814204
0.839487
0.820978
0.837082
0.829439
0.792375
0.867538
0.837534
0.858554
0.761884
0.848260
0.823867
0.822179
0.846050
0.855173
0.841292
0.855226
0.876301
0.858930
0.894748
0.889001
0.773657
0.862382
0.861729
0.860808
0.833837
0.857886
0.844659
0.834356
0.866097
0.848430
0.873571
0.809362
0.839259
0.824364
0.814062
0.826689
0.809879
0.863210
0.815889
0.815325
0.824374
0.823474
0.778130
0.593307
0.493644
0.733565
0.506287
0.321735
0.377696
0.346919
0.317070
0.559164
0.574701
0.563774
0.813040
0.376771
0.525867
0.616615
0.424241
0.431369
0.377168
0.418888
0.398686
0.361722
0.360515
0.390750
0.648537
0.410058
0.328105
0.286159
0.473258
0.374736
0.305201
0.527418
0.656247
0.304949
0.765280
0.579186
0.548668
0.627044
0.675618
0.692186
0.404156
0.444172
0.431658
0.637864
0.318851
0.474336
0.363818
0.326281
0.446501
0.308660
0.368063
0.424467
0.569738
0.565319
0.700759
0.310293
0.287994
0.693933
0.459276
0.430875
0.420299
0.597074
0.526597
0.634662
0.827059
0.761947
0.812082
0.808914
0.795968
0.815795
0.770980
0.770879
0.791830
0.789677
0.810487
0.817777
0.803743
0.816338
0.751142
0.758656
0.704877
0.788474
0.774897
0.787805
0.790849
0.814104
0.798923
0.756863
0.777180
0.802210
0.830991
0.823169
0.837510
0.853398
0.884709
0.858979
0.833341
0.903567
0.898864
0.890149
0.877513
0.888259
0.888598
0.865990
0.913934
0.889324
0.908582
0.909223
0.930509
0.936667
0.928024
0.883704
0.886867
0.923332
0.973139
0.922342
0.933715
0.919719
0.924189
0.905247
0.888343
0.908441
0.887240
0.871415
0.884288
0.866257
0.856342
0.853371
0.836691
0.852351
0.851800
0.840442
0.851617
0.849167
0.852607
0.865244
0.820740
0.853124
0.834729
0.863519
0.873138
0.861397
0.860595
0.845769
0.881595
0.895607
0.867250
0.830258
0.815201
0.856872
0.823297
0.859005
0.847209
0.822629
0.825354
0.802730
0.805919
0.840149
0.838055
0.827118
0.848415
0.862227
0.848683
0.851801
0.836033
0.821499
0.835002
0.894528
0.885940
0.861384
0.885973
0.894480
0.921272
0.915055
0.892245
0.922514
0.918224
0.924267
0.948047
0.931646
0.880464
0.897706
0.873628
0.923455
0.882206
0.862028
0.889830
0.905647
0.909134
0.882572
0.836212
0.841215
0.817083
0.844134
0.836513
0.827336
0.796564
0.791579
0.792495
0.859102
0.826069
0.817848
0.782742
0.806723
0.802682
0.832763
0.827421
0.796622
0.840589
0.788050
0.801496
0.794756
0.859935
0.905533
0.853189
0.838587
0.842370
0.855838
0.859385
0.847062
0.839876
0.840600
0.826298
0.843009
0.831742
0.867248
0.862781
0.846091
0.841582
0.844954
0.910718
0.874147
0.890814
0.906500
0.888206
0.849686
0.816912
0.833480
0.803740
0.813954
0.850156
0.849973
0.833422
0.863638
0.860621
0.846928
0.810815
0.771785
0.792304
0.759990
0.820300
0.837628
0.828790
0.832690
0.840822
0.815636
0.819320
0.829380
0.769637
0.743416
0.712183
0.724243
0.760153
0.763009
0.806960
0.744570
0.713778
0.725168
0.714642
0.698962
0.755934
0.754044
0.740357
0.733530
0.731935
0.756168
0.788494
0.768097
0.806340
0.835031
0.849008
0.802294
0.822982
0.807404
0.787097
0.799275
0.798164
0.738877
0.731392
0.745440
0.735108
0.762096
0.671255
0.806215
0.976437
0.831324
0.413417
0.485520
0.531980
0.544836
0.499695
0.558149
0.455961
0.452933
0.431270
0.459382
0.492434
0.492253
0.487231
0.472897
0.550513
0.472850
0.502190
0.448295
0.470009
0.487129
0.580677
0.524237
0.612303
0.561384
0.507497
0.558695
0.567053
0.571435
0.539856
0.485274
0.493557
0.545714
0.544142
0.566216
0.520425
0.610332
0.572563
0.496518
0.527601
0.502032
0.591102
0.488738
0.447087
0.463490
0.465133
0.494945
0.477959
0.569222
0.504765
0.512314
0.481858
0.408723
0.497452
0.460688
0.419679
0.408687
0.406816
0.474272
0.472037
0.472815
0.431008
0.488810
0.403366
0.436021
0.376214
0.402231
0.543919
0.461202
0.428962
0.454010
0.466349
0.457318
0.485301
0.516405
0.502214
0.646446
0.511802
0.470392
0.430707
0.569112
0.536907
0.466933
0.494439
0.501684
0.515029
0.474216
0.478476
0.443634
0.475018
0.481579
0.421827
0.488603
0.416901
0.444882
0.468048
0.469828
0.517967
0.444829
0.486913
0.897613
0.893163
0.913631
0.963003
0.898622
0.849694
0.853748
0.858900
0.809142
0.842906
0.881949
0.816653
0.765498
0.770736
0.754950
0.697052
0.644917
0.597891
0.319565
0.373007
0.488922
0.390351
0.239638
0.250466
0.238463
0.265638
0.428790
0.456963
0.323854
0.447706
0.458207
0.485030
0.320487
0.799664
0.378309
0.237301
0.395005
0.190062
0.245410
0.189412
0.157082
0.098902
0.178229
0.143861
0.156384
0.166354
0.194014
0.156680
0.157290
0.132443
0.124976
0.154811
0.139822
0.158899
0.151698
0.199080
0.227678
0.089349
0.105552
0.136527
0.137629
0.118344
0.184796
0.080106
0.097950
0.121390
0.126560
0.121718
0.138107
0.184486
0.157369
0.126595
0.107313
0.121753
0.106325
0.116730
0.153068
0.175261
0.168739
0.142914
0.134630
0.241218
0.205182
0.124058
0.163749
0.204171
0.176810
0.139964
0.207985
0.222154
0.175469
0.226823
0.225030
0.157338
0.129161
0.118602
0.196771
0.228737
0.196612
0.123335
