150	69	107	281
154	63	112	291
152	66	118	290
155	71	115	284
159	76	117	275
162	77	109	278
169	77	108	277
174	76	103	279
173	74	106	283
175	75	106	281
181	76	103	281
183	74	102	286
185	76	98	283
189	77	97	278
190	78	95	278
192	80	94	276
190	84	99	270
194	89	94	263
196	90	92	260
197	90	89	259
199	86	89	268
200	88	87	265
202	83	86	269
203	82	86	273
203	83	85	274
204	75	84	281
206	75	87	282
206	85	82	269
210	82	81	268
210	83	83	268
212	86	81	265
216	84	74	269
219	83	73	268
220	87	75	258
223	83	72	255
223	85	72	255
225	74	72	263
226	86	74	245
225	89	77	241
227	86	73	244
231	80	68	252
233	84	67	249
233	92	67	234
232	93	69	234
232	98	68	226
231	87	69	239
232	96	66	228
234	87	63	240
233	90	65	233
231	90	67	230
231	92	66	223
232	96	65	215
232	92	67	220
233	94	65	217
235	94	65	216
232	95	69	214
235	98	65	209
237	98	65	209
238	101	65	206
241	96	62	210
243	96	62	207
244	102	64	198
244	97	62	204
244	104	63	190
244	101	64	196
243	101	65	196
243	101	66	194
246	99	61	196
246	99	60	197
245	103	62	191
246	102	61	192
244	103	63	191
245	104	58	190
243	104	58	189
244	105	57	185
241	103	58	188
238	101	61	190
236	101	63	186
237	104	61	181
237	105	58	180
239	105	55	178
239	102	53	183
234	101	58	182
238	103	53	181
233	104	57	177
231	103	59	179
230	104	58	176
229	106	60	174
231	106	57	174
233	102	54	182
233	102	52	179
231	103	54	177
231	102	54	178
230	105	56	174
229	106	56	167
228	106	55	170
228	103	54	175
229	105	53	169
229	104	52	170
229	103	51	172
227	104	52	171
225	102	54	174
225	104	52	172
224	106	52	168
221	103	56	173
222	104	53	172
219	103	54	171
218	102	54	175
218	107	53	166
216	103	52	174
216	105	51	171
214	102	51	175
214	103	48	173
214	103	48	169
214	102	45	170
214	102	44	169
212	103	46	167
212	106	44	162
213	104	43	167
212	102	44	170
212	103	41	169
211	104	39	168
210	102	41	171
209	101	38	173
209	106	35	166
210	99	34	171
210	97	32	174
207	95	36	174
203	100	38	169
206	100	34	168
209	99	30	169
205	106	33	163
208	111	28	158
200	104	38	157
204	97	32	172
212	95	46	167
202	96	37	164
205	98	31	157
204	90	32	166
214	87	51	172
201	87	40	168
203	83	50	178
207	79	63	184
192	74	76	192
198	74	85	186
147	86	106	186
175	81	110	178
146	85	98	194
146	67	73	218
161	66	79	210
199	78	91	184
171	81	111	179
182	84	105	166
209	95	79	145
204	91	79	158
185	89	96	163
204	87	85	162
168	98	110	160
159	87	128	170
143	69	142	195
143	75	143	194
142	76	141	185
143	67	144	194
144	77	141	185
140	64	146	200
145	70	139	197
138	62	149	206
144	69	130	209
140	58	127	220
142	62	130	213
140	62	127	215
143	49	84	236
153	61	124	206
142	75	144	186
140	64	149	202
142	67	145	199
143	73	144	190
142	69	145	194
142	76	145	186
142	62	143	204
144	76	140	185
142	75	148	185
141	66	144	194
142	70	144	194
141	67	148	195
139	67	149	195
141	72	146	188
139	61	152	204
138	62	150	198
143	65	143	195
145	70	140	192
141	67	147	196
141	64	148	198
141	54	144	212
147	60	137	204
144	61	139	204
142	61	144	206
144	62	141	202
142	59	146	205
144	60	143	202
139	59	147	204
142	56	143	210
143	63	143	201
142	60	144	203
142	58	141	208
143	66	142	196
140	59	147	206
144	62	139	205
140	52	149	215
142	54	144	211
141	54	143	214
144	62	140	202
142	66	144	195
141	60	145	204
142	63	142	201
141	63	146	202
144	63	142	198
140	66	147	195
141	66	144	197
140	64	148	201
139	59	148	206
143	58	142	207
141	58	145	207
143	62	140	204
142	60	142	201
143	68	144	192
142	62	142	201
144	63	140	199
140	64	146	200
140	68	147	194
143	63	142	200
143	59	142	206
146	61	139	202
141	63	145	201
142	60	143	205
144	66	140	198
138	55	150	211
145	63	139	201
141	54	146	210
142	57	144	207
143	67	144	194
141	63	143	202
139	59	147	206
145	58	139	210
146	62	138	203
140	62	146	202
140	63	147	200
140	55	146	212
141	59	145	208
141	59	142	208
143	54	142	214
148	60	135	205
141	62	142	202
147	62	136	202
142	64	144	198
140	62	147	201
145	58	139	209
139	61	146	204
143	62	143	202
144	62	139	202
144	64	139	201
142	59	144	207
144	57	142	211
145	60	140	206
141	61	145	203
141	67	145	195
141	60	146	204
141	43	145	225
140	53	132	214
141	53	95	221
169	48	104	224
174	59	110	209
146	56	138	210
141	52	109	222
163	56	122	214
145	62	140	209
140	57	130	211
140	51	132	221
141	45	109	237
145	51	135	232
142	54	127	224
141	59	125	208
139	49	128	224
139	43	95	242
152	43	121	236
141	45	141	227
139	54	128	216
142	59	94	222
180	64	91	217
190	77	78	199
204	82	68	196
204	91	40	188
207	93	38	186
212	92	32	184
211	100	35	176
212	102	36	172
213	103	39	169
213	102	43	171
213	103	44	171
214	103	45	171
214	104	47	168
213	103	50	170
213	103	54	172
215	102	55	172
216	103	55	169
220	103	53	170
216	103	59	167
218	103	58	168
222	105	56	167
222	101	55	168
221	104	60	167
223	101	59	169
227	104	55	168
231	104	51	164
231	100	54	169
232	105	54	162
235	104	53	164
235	106	56	162
235	107	58	162
238	106	56	163
240	106	57	163
239	105	58	165
237	107	62	163
241	105	59	165
249	106	51	162
247	106	53	162
251	106	50	161
249	106	51	162
249	105	52	163
249	105	54	163
248	108	55	158
249	106	53	159
246	106	55	162
247	108	54	157
245	108	54	160
248	111	51	154
249	107	49	160
249	105	47	162
248	106	47	160
247	107	49	157
246	107	49	155
247	110	48	151
246	107	48	155
248	108	46	154
247	108	48	155
248	109	47	151
249	110	46	151
249	109	47	150
249	112	47	145
252	108	45	152
253	108	45	150
255	108	44	152
257	106	41	155
256	109	44	147
256	111	45	143
258	108	43	147
258	110	44	145
259	112	43	140
259	112	44	139
259	113	44	139
259	113	43	139
261	113	42	139
260	113	43	138
262	112	40	140
263	112	39	138
263	112	40	141
263	114	40	133
264	114	40	132
264	113	39	133
265	112	40	134
266	112	39	134
266	113	38	134
268	115	39	130
268	115	39	132
270	115	38	131
271	114	39	132
272	114	39	130
273	112	38	129
274	112	37	129
275	112	38	128
275	112	37	130
275	113	39	128
276	111	38	132
278	112	35	129
276	113	39	129
277	113	37	127
276	114	39	126
275	115	39	125
275	114	39	126
275	116	38	124
273	115	39	125
273	114	40	124
273	116	39	119
273	115	37	118
274	115	35	119
274	113	34	123
274	114	34	120
275	115	33	120
274	115	34	118
275	116	34	118
275	115	34	119
276	115	35	118
276	116	35	119
278	115	34	118
279	116	33	115
279	115	34	119
280	116	35	116
279	116	37	115
279	117	38	113
280	117	38	113
281	118	38	110
283	118	35	110
281	118	39	110
283	119	37	109
285	120	35	107
286	119	35	107
288	120	33	107
287	118	35	112
289	119	33	108
290	119	32	109
290	119	34	107
291	118	33	108
293	118	31	109
293	119	31	106
293	118	32	107
294	120	32	104
294	120	32	105
296	119	32	105
296	119	31	107
297	119	30	107
298	119	32	106
299	119	31	104
300	119	31	101
300	118	31	103
299	120	33	101
300	119	33	101
301	119	31	102
302	120	31	100
303	120	30	99
304	121	30	99
308	120	26	99
308	121	26	98
308	122	26	95
307	122	28	97
309	121	26	98
309	120	27	96
309	120	28	97
310	120	28	93
312	120	26	96
313	120	26	96
314	121	27	91
315	121	25	89
317	122	25	91
318	122	27	91
319	122	27	96
320	121	26	96
323	121	26	92
324	121	26	85
326	122	24	75
328	125	22	73
342	141	30	77
332	127	31	82
334	127	42	96
334	125	41	106
335	123	41	108
335	123	40	108
336	124	38	106
339	124	35	107
340	126	35	103
341	123	33	106
341	124	32	105
342	123	30	109
343	124	30	107
342	125	32	105
341	123	34	107
340	124	34	104
340	125	35	102
340	127	32	99
340	128	32	98
340	128	31	99
341	129	29	98
340	129	32	97
340	131	32	93
339	131	32	93
340	130	31	95
340	131	30	95
340	131	30	95
341	131	28	94
341	131	29	94
340	130	29	96
340	130	29	92
341	131	28	92
340	132	29	89
340	132	30	90
339	130	30	91
339	130	30	92
338	131	30	90
338	131	29	90
338	132	29	89
339	131	27	92
338	131	29	92
338	131	27	93
337	131	26	90
337	132	27	87
336	132	26	87
335	131	27	88
335	133	27	85
334	131	27	87
335	130	26	89
334	131	26	87
334	131	26	88
333	131	26	86
333	131	26	87
333	131	26	86
332	133	27	82
332	133	26	80
332	132	25	83
332	132	26	81
331	132	26	81
330	132	26	79
330	130	26	83
329	130	26	84
328	130	26	85
327	131	27	80
327	132	27	80
327	131	25	81
326	131	25	82
325	131	25	82
325	132	24	80
325	131	24	82
323	131	24	84
322	132	25	80
320	131	25	81
320	131	25	79
320	131	24	81
318	131	25	77
316	131	27	79
316	132	26	77
317	132	24	74
316	133	24	75
315	132	25	77
315	133	25	78
315	132	24	78
314	132	24	79
314	131	23	78
313	132	23	75
312	131	24	74
311	131	24	76
311	131	24	76
311	131	23	76
310	132	24	74
311	131	22	76
310	131	23	76
310	132	22	75
310	132	22	76
309	132	21	74
308	132	22	75
307	132	22	75
307	132	22	75
307	132	22	73
306	132	23	73
305	132	23	72
304	131	23	72
304	132	23	70
303	132	24	70
303	133	24	69
304	132	22	70
303	132	22	72
303	132	21	71
302	133	22	68
302	134	22	66
302	132	22	70
302	133	21	68
301	132	22	69
300	133	24	67
300	132	23	68
300	132	23	67
300	132	22	67
299	132	24	67
300	133	22	65
299	134	22	65
299	132	21	67
299	133	21	68
299	132	20	68
298	132	21	67
297	132	22	66
296	133	23	66
295	133	23	65
295	133	23	64
295	132	22	66
295	132	22	65
294	133	21	63
294	132	21	65
293	132	21	65
291	132	22	66
291	133	20	66
290	132	20	67
290	132	20	67
289	132	20	66
288	132	19	64
288	132	18	64
286	132	18	63
285	132	17	65
284	133	18	64
284	131	17	66
286	132	14	65
285	132	13	65
284	133	14	64
285	134	13	62
284	135	14	63
283	139	15	59
288	149	18	57
287	155	17	51
287	161	12	46
319	138	14	48
359	166	16	47
366	209	16	48
384	246	14	48
397	288	18	49
415	303	13	55
415	304	12	54
415	303	12	54
415	304	12	55
414	304	13	53
415	303	12	54
415	304	12	53
415	305	12	49
413	305	14	45
415	308	12	45
414	307	13	44
415	311	12	41
414	308	14	43
413	305	15	47
407	303	20	49
405	302	23	47
404	306	24	42
407	306	21	40
404	308	23	40
407	307	21	36
413	310	14	37
414	310	13	40
416	309	11	43
415	306	12	46
415	306	12	46
415	306	12	46
412	307	15	42
409	305	19	42
408	305	20	46
405	303	23	48
405	303	23	45
405	304	23	41
405	305	23	43
406	304	22	43
409	308	19	42
404	306	23	44
405	305	24	41
404	306	25	44
404	303	25	46
404	301	24	49
404	301	23	50
403	302	26	55
404	302	23	52
406	302	22	48
405	305	23	42
408	306	21	47
407	303	20	47
406	303	22	46
406	304	22	43
405	305	22	40
403	307	24	42
408	307	20	37
405	309	23	37
404	307	23	31
403	309	24	32
407	313	23	32
406	309	23	30
407	309	20	32
409	312	20	34
413	308	15	38
410	308	17	32
412	309	15	34
411	307	16	32
408	309	20	28
405	310	23	31
405	306	23	33
403	307	24	37
404	306	23	34
406	307	22	38
404	305	23	37
404	306	24	41
404	305	23	41
404	305	24	37
405	305	23	33
404	308	24	32
404	308	24	35
405	307	24	30
409	308	19	35
406	308	22	29
404	308	23	32
407	307	21	28
406	310	21	26
403	312	25	27
403	313	27	30
403	309	25	30
408	309	19	34
407	308	21	32
405	309	22	29
407	308	21	28
403	308	25	30
407	310	21	32
406	307	22	30
404	310	23	27
407	309	21	31
405	306	22	32
404	309	24	29
406	308	22	27
405	308	23	28
406	310	21	28
406	309	22	26
405	309	23	26
403	311	24	26
408	312	19	25
405	308	23	28
403	309	24	30
404	307	25	29
405	309	23	27
406	310	22	27
404	310	24	29
405	309	23	25
402	312	25	25
405	309	23	26
405	309	23	26
405	307	23	28
404	309	24	27
405	309	23	26
405	309	23	26
403	312	24	26
405	308	24	27
403	310	25	26
403	309	25	27
403	308	25	28
403	309	25	28
404	310	24	25
403	308	25	28
403	308	25	27
404	309	23	26
402	311	26	26
401	308	27	28
404	307	24	29
402	308	26	28
404	308	25	27
404	308	23	31
404	307	24	28
402	308	25	31
405	309	23	27
404	309	24	25
404	309	24	25
404	308	24	29
404	308	24	27
402	310	25	25
404	307	24	28
403	309	26	26
403	307	25	28
404	307	23	28
404	309	24	28
406	308	22	28
403	309	23	29
404	307	24	28
402	308	26	30
403	308	25	28
404	308	24	28
402	310	25	26
401	308	27	28
404	308	24	27
404	309	24	26
404	309	24	26
404	309	24	26
405	309	23	26
404	308	24	27
404	308	24	27
405	310	22	26
403	308	25	28
405	309	23	27
405	309	23	27
405	310	23	25
403	309	25	27
405	309	24	26
404	309	24	26
402	309	25	26
402	309	26	27
403	309	25	27
404	308	24	29
403	307	24	29
404	308	24	28
405	308	23	28
404	308	24	27
404	309	24	25
402	310	26	25
404	307	23	28
402	307	26	29
404	308	24	27
404	308	24	27
404	308	24	27
404	307	24	30
403	308	25	27
403	308	25	28
404	308	24	27
404	308	23	27
404	308	24	28
405	308	23	27
403	309	24	27
403	308	24	27
403	309	24	26
404	309	24	26
402	309	26	26
404	308	24	27
404	309	24	26
404	310	24	24
404	309	25	26
404	308	24	27
403	308	24	26
405	309	23	26
403	309	25	25
404	309	24	27
403	309	25	27
404	309	24	27
405	308	23	28
404	308	24	28
404	308	24	26
405	308	23	27
402	308	26	28
401	308	26	27
402	308	26	27
402	309	26	27
402	309	25	27
403	308	25	27
404	308	24	27
404	309	24	26
404	309	24	26
403	310	25	24
402	311	26	24
403	309	24	26
403	309	25	26
404	309	24	26
404	310	24	25
402	309	25	25
401	309	26	26
403	309	25	27
404	310	24	25
404	309	24	25
404	309	24	26
403	310	25	24
405	309	23	26
405	308	24	27
404	308	24	27
404	308	24	27
403	309	24	26
403	309	25	26
403	309	25	26
402	309	26	26
404	309	24	26
404	308	24	26
403	309	25	25
404	309	24	25
403	309	25	27
404	308	24	28
404	307	24	29
404	308	24	27
405	309	23	27
404	309	24	25
405	309	23	26
402	308	26	27
404	308	24	28
404	309	24	26
402	309	26	27
406	307	22	29
405	308	24	27
405	308	23	27
405	306	24	30
404	308	24	27
404	309	24	26
405	308	24	28
405	308	23	26
404	308	24	26
404	308	24	27
403	308	25	27
401	308	27	27
405	308	23	27
401	308	27	27
402	309	26	26
404	308	24	27
404	308	24	27
405	308	23	28
405	309	23	26
404	309	24	26
403	308	25	27
407	309	21	26
405	308	23	26
406	309	23	26
404	308	24	27
403	308	25	27
404	308	24	28
403	308	25	27
404	307	24	28
405	308	23	27
405	308	24	27
405	308	23	27
405	309	23	27
404	307	24	28
405	308	23	27
405	308	23	27
405	308	23	28
406	308	22	27
405	308	23	27
407	309	21	27
405	309	24	26
405	310	23	25
405	309	23	25
406	309	22	24
406	309	23	25
407	309	21	26
406	307	22	27
405	308	23	27
406	308	23	28
403	308	25	27
405	309	23	25
404	310	24	26
402	309	26	26
402	309	26	27
400	309	28	26
400	307	28	29
405	308	24	29
404	309	24	25
404	309	24	27
404	308	24	27
404	309	24	26
405	310	23	25
405	308	23	27
406	308	22	28
407	308	20	29
407	309	21	26
407	310	21	26
406	309	22	27
405	308	23	26
405	309	23	25
405	308	22	26
407	309	20	26
409	309	19	26
410	309	19	26
408	308	20	27
410	309	18	26
410	309	18	26
404	308	21	27
402	309	26	26
402	309	26	27
400	309	28	26
398	308	31	27
402	307	26	29
400	308	29	27
400	309	28	27
403	308	24	27
402	309	26	26
402	309	26	26
403	309	25	26
403	308	25	28
402	309	26	26
404	308	23	28
404	308	24	28
405	309	23	26
408	307	21	29
407	309	21	26
404	308	24	27
404	308	24	27
404	309	24	27
404	308	24	27
405	309	24	27
402	310	26	25
404	310	23	26
405	309	23	27
403	309	25	27
405	309	23	26
402	309	25	26
404	307	24	29
405	308	23	28
404	308	24	27
404	309	24	26
406	309	22	24
403	309	25	26
399	308	29	27
403	309	26	26
403	309	26	25
402	309	26	25
403	309	25	26
404	309	24	27
404	309	24	27
404	308	23	27
405	309	23	26
405	308	23	27
405	309	23	25
403	310	26	25
402	310	26	26
404	309	24	26
404	309	24	26
405	308	23	29
405	308	24	29
405	309	22	26
408	309	21	26
405	308	24	27
405	309	23	26
405	308	23	27
405	308	24	26
406	308	23	27
406	308	23	28
406	309	22	27
406	308	23	26
405	309	23	26
404	308	25	27
406	307	22	29
404	308	24	28
405	308	23	28
400	308	27	27
404	308	24	29
404	307	24	29
404	308	23	27
405	307	22	30
405	307	23	30
407	308	21	27
405	309	24	25
405	309	23	27
405	308	23	27
404	309	24	27
404	309	24	26
404	310	23	25
405	308	24	27
403	309	25	26
404	308	24	28
406	309	22	26
404	306	24	29
404	308	24	29
405	308	24	28
404	308	24	28
405	308	23	27
405	309	24	26
405	309	23	25
403	309	25	26
403	308	25	26
405	308	22	26
404	309	24	26
404	308	24	28
404	308	24	28
405	308	23	27
404	308	24	25
403	310	25	25
405	308	23	28
404	308	24	28
405	308	23	27
405	308	23	27
405	308	24	27
405	309	23	25
404	309	24	26
405	309	23	26
405	309	24	25
405	309	24	25
406	309	22	26
406	309	22	26
406	309	23	25
405	309	23	27
406	308	22	26
404	307	24	28
404	308	24	28
405	308	23	29
406	307	22	29
405	308	24	27
405	308	23	27
404	308	23	26
404	308	24	27
406	309	22	26
406	309	23	26
405	309	23	26
405	308	23	28
405	309	23	27
405	308	23	28
404	306	24	30
404	307	24	29
403	307	25	29
403	307	25	28
404	309	24	26
403	308	25	27
405	308	23	27
405	309	23	26
404	309	24	25
406	309	22	25
405	308	23	26
404	309	24	26
404	310	24	25
405	309	23	26
405	309	24	26
404	308	24	28
404	308	25	27
405	308	23	26
404	309	24	26
404	310	24	24
404	309	25	26
404	308	24	27
405	309	24	26
405	307	23	27
403	309	25	26
404	308	23	27
404	308	24	27
406	308	23	28
406	308	22	26
404	306	24	30
403	307	25	30
404	308	24	27
404	308	24	27
405	309	24	26
404	308	25	27
405	309	23	26
404	309	24	26
400	310	28	25
403	309	26	25
404	308	24	28
405	309	23	26
404	307	24	28
405	308	23	27
402	309	26	26
403	309	25	25
404	309	24	26
404	309	24	26
405	308	23	26
404	308	24	28
405	308	23	28
404	308	24	28
405	307	24	29
405	308	23	27
405	309	24	26
404	309	24	27
406	309	22	26
404	308	24	27
405	309	23	25
404	307	24	29
405	306	23	29
404	308	24	28
404	307	24	29
405	307	22	28
405	309	23	26
404	308	24	28
405	307	23	28
405	308	23	27
404	308	24	26
404	308	25	27
403	307	25	29
403	308	25	29
405	307	24	28
404	308	24	28
405	308	23	28
405	309	24	26
405	309	24	27
405	309	23	26
404	309	24	27
405	308	23	27
405	308	23	27
404	309	24	26
404	309	23	26
404	309	25	27
404	307	24	28
404	307	23	28
405	308	23	26
406	309	23	26
405	308	23	27
406	309	22	26
404	309	24	25
405	308	23	27
404	308	24	29
405	307	23	29
405	308	23	28
404	308	24	26
405	309	23	26
404	308	24	27
403	308	25	27
405	308	23	27
405	309	23	26
405	309	23	26
404	308	24	27
404	309	24	25
403	309	25	26
405	308	24	27
405	309	24	26
404	309	24	26
405	309	23	26
405	308	23	27
405	309	23	27
405	309	23	26
