503	141	114	319
497	135	115	342
491	136	122	353
486	142	125	341
485	145	126	338
485	142	119	364
484	141	121	371
481	141	125	368
479	138	127	370
480	134	121	374
481	132	117	388
477	133	118	379
471	127	123	387
471	130	122	385
465	123	129	400
461	123	131	399
461	122	122	402
456	122	133	406
461	123	117	406
454	128	122	400
444	123	131	407
437	125	140	393
435	116	133	416
428	119	146	410
424	119	149	415
421	117	149	416
414	117	154	417
406	111	162	425
407	106	157	431
408	109	158	426
403	112	162	422
403	117	162	415
398	120	175	416
403	120	163	417
409	119	154	416
397	124	178	410
378	111	200	427
378	105	202	433
370	110	208	423
377	114	206	420
375	97	204	444
372	87	203	448
373	97	204	435
361	98	214	438
369	138	213	394
366	123	208	413
361	103	207	436
352	126	221	409
348	117	219	418
347	124	218	415
341	101	220	443
332	116	227	421
339	98	220	445
328	124	232	411
329	111	229	428
331	92	228	451
334	116	226	422
326	157	242	373
327	123	238	413
348	80	218	463
351	142	227	388
349	111	236	419
346	89	245	437
360	107	235	438
360	92	243	445
369	109	238	432
370	91	248	433
375	109	252	426
406	74	210	462
424	57	192	474
445	78	170	460
455	54	165	485
466	78	168	468
473	126	180	410
474	114	198	419
474	112	219	420
480	113	233	420
480	129	256	398
473	130	294	397
480	120	295	414
481	113	310	419
478	128	333	402
474	137	368	388
474	135	364	389
481	127	356	403
484	111	339	424
481	134	350	390
488	135	340	400
502	114	317	422
506	122	314	413
531	120	282	411
520	123	304	409
536	121	295	418
544	121	278	419
548	112	275	426
553	111	262	425
561	112	254	429
563	125	258	410
565	127	246	408
569	94	232	451
578	102	215	437
575	83	212	458
578	74	207	470
585	73	196	468
590	90	194	454
608	95	179	444
628	107	165	436
625	108	175	435
623	120	185	423
628	116	185	419
627	118	192	424
625	123	196	412
621	110	210	428
621	100	206	439
627	76	204	461
626	66	206	474
629	60	206	485
632	59	205	485
639	61	198	481
647	65	199	480
644	65	203	474
647	66	207	475
652	77	197	458
648	73	205	471
650	71	197	464
655	80	196	468
653	73	188	467
645	82	196	462
638	75	207	462
638	68	204	473
632	73	201	469
623	77	216	469
618	88	212	451
624	86	208	456
633	56	180	482
631	74	187	476
628	75	190	466
628	84	183	461
625	71	181	473
631	79	170	468
629	62	166	476
628	65	177	476
622	77	178	465
623	90	172	451
623	123	166	421
615	88	175	438
618	73	163	466
616	64	161	478
608	60	172	480
604	54	172	489
604	62	169	471
595	53	173	486
597	56	168	484
597	49	162	492
597	52	161	492
597	49	155	491
598	31	160	516
594	10	170	530
596	-8	164	553
601	-9	160	555
597	-3	173	545
586	-15	188	563
585	-3	200	542
600	-2	182	541
600	0	179	539
597	7	187	540
582	4	207	539
612	33	180	512
625	46	168	495
626	39	173	507
634	44	162	503
634	47	168	497
644	65	164	477
653	103	145	438
645	122	169	417
647	122	167	423
649	118	160	427
647	119	164	423
639	108	176	435
643	93	167	451
643	114	170	428
647	108	164	433
638	73	180	468
643	65	158	475
644	54	158	490
641	50	173	489
632	59	171	478
631	60	176	482
628	64	172	481
620	56	186	485
623	54	187	491
630	55	175	497
623	58	189	485
622	58	188	490
623	53	184	497
620	58	187	486
616	63	194	483
621	67	179	478
621	60	179	486
623	54	172	488
623	59	178	481
629	59	169	486
633	55	172	492
637	62	165	487
637	55	166	489
634	62	174	482
608	67	204	477
604	72	199	467
604	63	202	483
605	59	205	484
598	64	209	477
609	66	185	481
612	71	189	484
614	83	193	460
617	67	183	483
615	70	186	480
604	60	201	491
605	58	199	481
608	60	187	491
586	62	220	480
572	66	228	469
562	69	244	465
565	58	264	477
568	61	278	484
565	55	280	485
569	56	278	486
572	50	276	489
603	81	247	468
621	65	218	480
622	57	207	481
615	50	209	496
611	55	210	486
606	62	214	478
605	64	209	479
609	64	203	476
615	62	188	485
611	74	195	474
608	104	200	444
618	100	187	443
629	107	174	434
622	96	179	445
619	96	182	444
565	90	236	441
576	88	230	442
587	90	220	445
596	96	211	436
598	100	205	435
595	89	215	443
580	89	219	452
577	99	210	439
581	110	229	418
602	91	218	447
598	80	229	448
608	66	206	476
599	75	219	455
582	78	238	455
552	69	277	472
596	64	216	472
612	82	194	461
620	69	184	480
625	51	175	500
626	56	168	489
621	69	168	472
619	86	166	459
600	94	183	443
599	78	174	467
595	62	167	475
599	57	160	486
598	69	156	478
586	77	160	459
579	71	163	469
574	76	165	465
562	73	170	463
563	69	163	471
550	62	173	476
553	70	168	468
542	62	174	474
541	66	171	470
516	68	196	468
517	62	189	483
524	59	178	488
478	81	224	461
478	65	222	478
536	53	158	488
533	66	156	480
534	57	151	480
535	59	150	484
535	68	149	472
534	66	150	479
532	55	147	489
529	55	146	497
529	49	145	498
526	56	149	494
527	49	147	494
522	67	152	480
522	67	143	478
517	58	149	489
511	55	162	488
480	67	192	475
469	61	207	491
500	50	165	488
498	56	178	487
492	64	185	476
492	67	195	477
486	67	198	477
489	54	198	493
495	52	192	494
491	61	204	474
510	68	185	465
517	57	181	478
518	59	184	476
519	58	186	480
527	63	180	475
526	69	189	477
536	51	183	494
535	72	188	475
546	71	188	471
546	62	200	483
552	64	198	487
560	59	196	488
563	52	201	499
568	54	202	493
572	68	202	470
561	66	223	466
591	58	190	475
572	73	209	470
570	56	218	475
552	55	235	486
547	59	249	477
560	60	237	483
551	80	241	465
552	81	239	460
548	74	237	466
543	78	242	471
542	90	238	458
548	72	231	476
540	57	239	487
550	64	218	480
546	66	218	471
557	67	213	475
545	70	223	477
538	68	235	473
538	72	226	472
527	75	244	470
523	71	256	479
525	62	259	484
515	66	267	479
502	57	287	492
518	77	245	463
506	71	258	473
515	67	233	478
508	53	254	491
515	59	245	485
522	54	238	495
527	65	227	478
533	63	226	477
532	68	230	469
535	68	226	466
537	60	236	477
537	54	231	488
541	67	235	472
551	66	227	470
559	72	220	462
561	94	230	439
567	102	217	440
563	95	233	447
567	104	225	436
571	79	217	465
570	67	224	479
571	82	222	459
578	71	209	471
576	62	210	474
573	61	218	483
570	80	220	454
576	81	203	451
570	75	208	458
566	73	222	462
566	69	230	464
563	56	228	480
562	70	225	460
557	64	225	466
562	45	225	484
570	25	212	520
559	44	229	503
553	68	231	470
555	57	229	481
562	62	217	478
562	61	226	484
560	57	220	485
557	49	221	491
558	70	218	467
560	110	226	429
561	110	216	432
563	110	211	430
559	72	222	468
555	64	212	473
552	54	222	480
555	63	207	474
562	57	189	485
559	63	193	473
551	49	216	492
540	51	237	484
539	52	231	488
532	58	254	483
531	62	254	483
538	50	219	496
535	44	231	499
533	56	228	485
531	46	236	491
532	52	232	486
529	50	226	487
527	49	219	489
521	52	226	487
514	49	228	485
507	47	215	495
503	47	212	487
501	62	211	477
495	51	208	487
488	47	209	489
485	52	210	489
484	57	202	481
485	49	193	497
476	53	205	494
468	67	215	470
465	57	215	482
468	46	212	492
466	49	205	495
465	39	210	510
459	51	222	485
450	66	238	471
450	59	234	477
452	45	215	495
458	50	198	492
462	48	195	498
455	54	205	495
462	50	193	496
457	49	205	497
458	49	204	493
457	43	213	501
451	44	225	492
456	51	206	488
457	40	203	494
458	47	206	494
465	37	191	507
467	36	193	508
466	39	188	504
470	42	183	496
464	42	195	496
459	39	211	505
456	44	237	492
457	44	227	493
448	52	238	482
450	52	226	487
451	64	228	470
453	41	221	502
461	45	199	493
456	37	206	511
456	48	203	490
448	46	230	487
442	45	240	495
456	48	205	494
446	35	215	513
452	40	207	505
457	35	197	506
456	41	197	498
454	42	209	498
452	40	211	498
455	39	221	507
461	47	210	494
468	34	196	509
462	55	207	488
464	42	204	494
462	42	203	498
460	48	211	486
459	45	215	488
441	41	230	491
454	51	224	487
458	58	205	483
463	49	210	486
465	50	202	489
467	60	190	480
469	48	191	497
466	57	192	485
462	46	199	493
461	47	208	488
461	61	204	470
454	69	212	460
454	71	216	457
460	51	207	482
452	63	227	471
460	48	203	493
455	47	213	499
457	61	208	476
460	53	211	483
458	53	215	485
458	46	209	495
454	51	211	492
460	55	201	488
461	50	194	502
455	78	209	463
453	84	215	449
448	91	237	447
459	115	203	429
464	143	204	398
455	69	212	462
456	92	217	454
461	85	213	458
458	75	214	470
472	57	201	486
462	62	216	482
467	64	206	480
467	52	201	494
469	58	205	484
463	48	206	497
465	55	209	487
470	49	203	498
466	57	208	489
477	58	196	484
475	54	212	493
479	73	221	469
477	49	241	496
480	64	237	487
486	53	238	497
488	60	242	488
488	62	244	491
487	63	251	484
489	68	252	478
486	60	248	488
485	79	252	468
478	81	261	449
479	92	263	451
479	89	246	448
473	118	257	432
475	90	242	450
463	103	242	442
471	103	217	440
455	146	251	397
459	76	214	441
444	87	245	449
434	94	251	453
438	80	235	454
435	71	241	467
423	102	247	440
423	102	243	434
425	126	241	420
420	140	237	398
417	142	239	397
417	150	233	387
417	165	231	367
408	133	247	331
416	140	232	372
418	149	225	393
410	148	239	392
412	149	238	388
414	147	233	393
418	139	226	404
419	145	231	390
419	154	237	390
427	121	224	419
431	132	230	415
440	147	221	394
435	85	234	458
452	82	223	463
457	45	229	497
459	45	220	494
472	48	208	491
482	53	202	486
482	44	215	493
483	45	239	506
484	56	263	488
494	50	246	502
495	58	269	489
510	44	255	499
517	44	250	499
518	44	254	493
523	46	250	493
517	50	258	490
508	45	281	498
514	54	257	481
522	50	249	490
526	48	249	492
524	46	261	493
522	42	255	501
514	44	277	499
506	43	290	488
522	41	255	506
524	40	250	502
513	41	261	493
505	46	259	505
506	41	249	507
505	35	253	512
493	37	259	502
490	36	263	499
488	42	267	507
486	46	260	502
479	48	259	495
476	34	250	516
464	42	251	501
463	42	232	500
458	36	226	503
455	48	230	484
447	57	237	475
443	43	240	497
439	36	231	511
444	48	221	496
429	50	235	492
429	61	226	480
433	47	208	494
430	36	198	504
425	52	200	491
427	62	194	474
420	48	189	497
407	55	201	487
396	52	209	485
359	55	247	484
328	53	280	487
316	48	309	492
328	61	302	474
330	49	291	489
337	45	285	498
328	50	297	489
332	73	294	459
325	76	298	449
322	81	292	446
336	84	281	442
333	75	281	464
330	60	274	476
329	56	285	488
326	67	290	465
332	62	275	474
338	53	272	492
333	64	275	478
334	63	277	479
341	82	275	455
337	67	276	476
336	80	280	458
345	78	269	461
336	78	280	458
338	78	279	463
333	105	293	429
320	92	310	439
333	106	278	425
336	85	276	447
323	94	287	439
315	78	292	455
323	85	280	441
314	97	289	433
316	129	290	403
319	111	287	422
314	93	289	439
313	113	293	412
314	89	277	440
321	84	234	449
326	80	214	454
334	84	202	454
326	87	215	447
335	88	209	440
332	85	206	453
338	97	206	440
340	84	207	449
346	90	197	442
352	89	204	448
355	98	204	430
359	93	208	431
358	97	203	429
372	96	199	423
372	91	199	440
375	90	190	439
381	97	187	426
392	94	176	437
400	104	172	431
407	96	163	437
403	98	173	431
412	108	161	425
412	102	165	428
410	106	164	422
410	99	167	431
413	100	167	438
416	110	166	425
423	102	157	435
425	114	160	418
426	107	159	424
430	113	159	419
429	105	158	425
435	104	156	422
436	112	154	410
441	108	150	416
446	116	146	400
448	117	147	404
451	119	149	396
455	111	141	409
465	120	129	399
464	118	134	398
461	122	146	396
472	121	124	386
471	124	125	394
472	116	118	406
473	121	116	402
467	122	123	392
463	126	128	396
465	128	118	378
464	128	115	381
460	127	117	376
455	133	120	356
455	138	113	346
449	128	114	351
442	138	116	334
440	128	112	348
439	134	108	337
425	132	133	335
424	136	121	331
420	141	122	315
425	142	115	304
427	143	106	280
427	142	104	293
423	142	106	270
416	144	114	271
414	148	112	250
412	157	115	241
412	146	104	236
407	153	111	227
403	152	115	229
399	153	114	229
398	149	115	237
380	151	128	228
382	143	118	234
374	147	119	231
366	144	125	229
366	143	120	232
364	140	119	235
364	139	117	233
364	140	118	232
363	143	118	228
367	142	112	229
366	146	109	230
364	145	114	227
366	146	110	229
358	146	120	228
361	145	116	228
363	142	116	230
364	142	114	233
366	146	110	224
361	145	117	227
369	149	110	219
368	145	108	224
370	145	106	223
370	145	107	224
367	143	112	228
369	145	108	226
368	146	109	225
371	145	106	231
368	148	109	222
372	141	103	228
371	148	98	219
373	150	98	220
376	151	94	218
375	152	97	216
376	151	97	218
379	154	94	211
380	152	95	223
382	151	95	220
385	152	95	223
388	151	93	223
394	153	87	223
397	151	83	223
401	152	81	223
406	149	75	228
409	152	76	229
412	155	73	219
416	156	69	221
419	155	67	225
422	156	64	218
424	158	60	217
428	158	57	215
434	157	51	213
438	155	45	219
442	157	43	222
446	161	38	217
440	160	45	210
441	158	44	214
445	159	38	211
448	162	35	204
442	169	44	191
445	161	37	207
445	159	38	206
439	145	41	203
443	165	41	187
444	165	37	179
443	160	39	187
447	174	34	177
446	173	35	171
449	178	32	162
450	180	31	163
450	181	30	163
452	183	29	164
451	184	30	159
447	179	34	166
447	179	33	165
450	185	29	159
446	182	35	163
450	186	27	157
451	193	29	149
448	200	31	143
452	197	27	146
453	195	26	149
453	199	27	146
453	201	28	146
452	207	27	137
452	207	28	136
455	203	25	141
453	209	27	137
454	201	25	144
452	204	27	141
454	215	27	129
454	213	24	131
457	220	21	124
455	217	23	127
455	217	23	126
456	216	22	128
454	213	25	129
456	220	23	124
455	217	23	126
455	218	24	124
454	222	24	120
455	219	22	122
455	229	23	113
456	225	22	116
455	234	23	108
455	230	22	111
456	226	23	116
455	224	23	117
456	227	22	116
457	223	21	119
456	228	22	114
455	224	23	117
455	231	24	111
455	231	24	110
455	231	24	109
456	226	22	116
456	225	23	116
456	225	22	117
455	226	23	117
455	232	24	109
455	231	23	110
456	233	22	106
456	237	22	103
455	232	24	109
456	229	22	111
456	235	23	105
455	228	23	112
454	231	25	110
453	234	27	108
454	229	25	111
456	232	22	111
455	236	23	105
455	237	24	102
455	229	23	110
455	233	23	108
455	233	24	109
454	232	24	110
456	224	22	118
454	224	24	117
457	226	21	115
457	229	21	113
455	233	24	109
454	237	26	103
456	237	23	102
455	238	23	103
455	238	23	102
455	241	24	99
457	238	21	101
457	238	21	102
457	235	22	105
455	238	24	103
458	243	19	98
449	233	20	105
450	225	24	113
430	213	31	125
418	196	47	138
421	187	49	148
400	177	58	156
456	221	85	156
445	229	102	145
434	219	131	170
430	204	141	199
413	184	152	229
403	158	154	274
405	131	144	321
407	125	133	343
405	124	128	352
396	121	140	408
392	110	147	428
393	114	142	422
378	112	155	425
384	114	144	417
375	115	158	423
373	111	163	424
366	110	166	426
364	110	166	427
366	107	159	433
357	107	167	424
344	99	182	436
343	107	178	422
346	91	170	449
340	97	177	439
342	89	174	447
343	101	167	438
326	85	192	457
324	97	198	442
321	93	200	446
326	106	196	430
332	96	190	437
330	99	199	440
333	100	203	437
338	115	199	423
343	93	200	447
341	85	206	455
343	84	216	457
340	101	219	440
350	108	214	434
353	120	213	423
352	135	211	407
352	143	219	400
361	155	222	381
360	124	215	417
352	117	237	417
362	76	218	461
373	62	215	473
389	55	205	474
406	55	185	474
420	52	174	479
430	53	168	475
434	47	175	498
426	44	187	499
428	49	188	493
419	49	231	491
424	79	228	459
421	92	242	446
426	112	250	428
434	124	250	408
440	126	252	403
450	95	243	437
458	118	245	410
464	97	238	439
470	79	233	460
469	104	243	437
477	96	236	452
481	100	243	447
484	112	245	432
483	117	256	425
484	120	267	417
492	99	257	440
491	106	275	429
503	102	266	434
503	101	285	432
505	101	289	430
518	117	292	415
526	116	297	422
535	99	298	436
535	130	317	402
537	121	328	414
530	92	345	445
533	99	348	440
537	91	353	444
523	95	369	427
536	72	361	452
524	63	383	465
539	64	365	458
563	61	326	474
550	76	341	452
554	76	336	454
575	86	305	444
576	57	300	475
574	82	291	462
556	96	306	434
554	114	314	415
543	93	312	441
562	59	265	479
552	67	287	474
548	69	291	467
541	78	288	455
543	123	280	402
547	112	266	420
540	105	271	425
534	105	274	426
537	105	264	425
532	116	272	416
526	109	276	419
513	122	289	407
522	117	271	411
525	94	266	438
504	136	293	387
506	131	283	402
517	99	263	431
501	86	274	449
521	70	253	466
549	70	209	471
591	74	160	462
591	78	161	461
596	81	156	449
604	74	156	469
609	79	149	459
610	86	153	452
611	93	160	438
610	88	158	446
606	84	159	454
606	93	162	448
613	104	161	436
611	109	167	429
612	104	167	437
609	101	176	444
615	94	168	450
617	80	177	456
617	69	181	473
614	91	188	453
614	75	202	467
622	68	186	471
624	62	180	486
621	69	193	474
626	64	185	480
617	68	196	478
615	63	190	488
611	64	195	487
608	74	205	467
596	72	226	469
593	60	224	484
589	73	219	468
578	77	223	465
566	75	229	465
559	73	225	476
546	87	231	451
546	75	221	467
540	71	220	476
525	59	242	485
525	56	232	495
523	71	230	479
506	64	244	485
508	58	234	494
499	65	238	485
496	57	240	492
495	57	240	494
490	53	231	497
490	62	234	485
491	58	224	491
488	40	234	510
493	41	236	504
492	52	231	493
489	49	240	494
496	57	234	483
499	46	237	492
504	48	240	492
510	57	244	481
516	68	236	473
516	59	239	482
518	60	241	479
501	47	260	495
503	42	257	500
507	39	222	508
510	58	229	483
516	40	209	502
518	40	208	500
523	36	200	507
522	56	204	487
510	56	224	480
513	57	223	478
508	51	224	482
508	82	219	453
494	59	228	481
490	65	228	475
480	62	253	477
476	80	258	457
472	84	263	448
471	60	241	476
460	63	250	473
459	57	240	481
453	62	240	475
453	61	238	475
457	67	229	472
454	67	235	472
464	65	218	478
446	69	240	465
460	78	225	457
440	70	249	463
441	71	251	458
440	69	247	466
434	72	251	460
447	75	240	460
439	69	247	469
442	87	245	442
448	79	242	460
452	85	241	449
449	79	245	456
457	78	237	459
458	89	237	451
462	108	242	423
463	118	242	424
476	127	231	402
473	132	235	408
482	130	207	399
486	121	196	413
419	98	260	431
452	76	228	469
444	56	230	488
448	60	234	489
458	61	233	482
455	43	226	503
466	43	221	496
468	43	218	498
477	45	209	494
478	44	207	492
476	40	207	508
490	42	190	502
499	47	184	494
484	50	194	489
450	48	227	492
486	45	191	493
472	54	206	479
482	47	193	485
495	47	179	488
491	52	185	491
477	61	196	483
479	55	194	476
470	64	202	472
471	64	202	467
473	59	197	475
450	61	219	469
466	57	207	477
472	69	196	460
425	55	239	483
467	55	201	488
479	71	183	463
448	72	215	464
499	73	172	460
503	64	162	472
498	70	171	466
498	60	171	483
500	67	169	474
503	67	167	474
499	72	174	468
502	76	174	461
502	68	175	471
503	78	173	459
506	80	166	455
505	75	172	462
507	76	170	464
507	90	168	451
505	82	175	458
498	77	182	467
502	63	174	486
498	70	178	473
506	71	171	478
498	73	179	470
496	61	183	486
484	58	196	492
488	51	194	497
489	54	194	500
493	44	179	503
469	45	206	491
418	59	260	469
472	51	210	492
488	47	213	486
492	55	207	486
499	52	204	484
506	65	200	484
492	71	220	476
485	87	225	462
493	50	219	492
495	44	212	497
494	42	223	505
497	73	213	472
495	66	211	477
481	58	230	480
465	58	253	478
477	46	237	494
485	44	220	491
490	36	212	495
493	23	208	521
501	26	196	522
499	34	196	509
501	26	194	514
503	17	204	511
512	48	189	490
481	47	223	494
440	60	260	477
453	53	245	482
453	49	231	491
463	59	242	478
457	55	245	482
450	56	243	489
447	70	266	471
457	67	256	469
464	115	237	423
453	108	287	413
456	128	247	394
451	140	230	389
451	113	226	418
453	88	225	445
446	82	228	447
443	78	231	458
436	89	236	452
435	85	239	453
430	97	244	441
431	94	239	435
420	79	253	450
422	80	248	444
426	80	242	447
416	80	249	448
423	84	251	442
426	82	243	447
420	80	253	457
422	74	249	458
427	86	245	441
433	85	237	450
434	94	235	443
435	80	238	458
437	88	245	452
442	74	251	471
438	71	245	477
439	65	262	484
444	67	269	477
440	57	281	485
445	35	275	514
399	54	320	493
388	39	351	508
376	46	367	487
374	47	359	490
384	55	293	470
377	64	300	452
377	69	363	448
357	56	393	464
366	43	364	473
382	50	352	471
397	54	337	477
407	54	292	477
436	62	274	460
441	47	246	488
435	47	279	487
416	50	297	475
405	59	322	474
428	66	296	467
412	71	304	455
403	49	306	475
400	56	317	468
385	51	339	439
382	51	334	406
384	51	334	347
387	51	358	405
407	32	300	449
409	44	284	475
399	40	299	496
414	55	278	468
412	46	288	486
401	45	293	478
397	48	304	478
413	53	282	449
414	55	277	473
421	45	270	496
433	45	254	495
452	43	240	490
428	41	253	488
438	41	241	493
439	37	238	494
438	37	263	485
439	33	247	504
442	44	245	490
440	46	233	488
441	47	243	482
439	42	233	489
431	51	243	479
437	48	233	480
431	51	237	470
427	49	241	476
424	40	242	492
429	22	236	506
423	27	235	501
424	40	228	489
419	45	224	476
412	28	230	505
407	39	232	486
401	33	239	492
387	37	260	487
406	42	232	491
412	50	215	477
395	64	228	441
405	53	220	474
384	50	243	462
376	52	251	449
370	43	254	452
364	42	260	450
369	31	250	469
363	35	253	471
309	29	305	469
287	46	331	483
242	88	403	447
250	79	399	452
250	118	394	413
245	112	410	412
216	89	413	435
216	97	430	428
228	103	405	425
205	96	431	430
203	98	434	437
225	106	412	428
199	93	431	443
229	133	400	401
243	114	395	421
238	81	426	461
233	60	343	470
266	73	345	469
278	67	355	478
281	62	377	484
230	24	379	512
225	31	419	504
251	35	400	492
239	29	432	506
206	38	480	501
228	23	467	513
233	20	482	520
202	26	526	508
261	22	497	502
184	44	579	488
184	51	579	496
260	40	514	505
227	44	540	489
209	47	566	491
248	30	540	509
281	40	522	498
363	96	397	434
392	111	338	422
391	118	311	425
365	112	343	375
355	126	346	348
327	120	358	367
311	115	363	359
335	103	316	430
322	114	331	400
318	126	346	348
309	131	333	319
311	133	336	330
302	131	354	336
307	129	363	367
286	113	417	423
274	73	453	457
247	48	511	475
222	75	581	439
218	52	536	489
244	54	423	490
227	67	489	461
237	53	461	479
245	70	365	451
223	82	419	453
224	80	469	447
201	129	516	402
214	145	473	396
221	122	449	423
249	123	381	416
279	108	341	417
300	94	317	440
297	52	330	481
302	41	334	492
303	70	337	464
312	39	313	493
308	61	312	470
314	38	303	492
321	36	292	506
318	47	294	492
336	58	283	468
314	38	312	501
324	44	304	486
374	56	263	478
412	92	215	432
414	78	216	443
425	93	222	427
426	85	256	439
432	81	254	462
430	98	276	446
447	100	263	440
450	101	268	443
456	103	271	433
449	90	276	449
451	85	280	451
439	89	301	445
446	109	312	426
448	109	311	426
447	120	326	410
474	83	289	455
482	103	289	426
492	94	282	439
503	87	278	445
507	107	281	425
502	116	295	414
515	125	288	401
522	117	283	409
528	109	274	425
541	101	264	434
552	104	246	434
553	118	236	427
554	121	235	415
559	130	225	403
555	118	225	416
562	98	218	440
557	83	220	457
557	99	217	436
558	98	212	438
558	107	207	426
555	116	214	407
559	113	204	415
558	105	202	426
559	112	197	423
564	114	197	422
560	115	196	423
564	130	198	402
572	121	183	411
574	112	179	427
577	121	177	418
579	116	170	423
574	113	175	428
578	110	162	428
578	120	163	415
580	122	151	409
574	124	161	411
577	128	151	405
575	133	148	397
571	137	149	398
566	143	147	386
561	136	152	392
561	134	147	393
562	125	143	400
563	129	140	394
565	118	130	401
567	122	126	402
531	137	148	375
563	132	128	378
482	130	189	399
454	152	226	380
464	143	218	386
470	133	213	399
473	141	205	397
473	143	194	386
478	146	194	383
476	147	186	376
477	141	191	382
477	145	191	368
477	152	191	358
479	151	184	360
483	157	175	347
485	143	179	385
479	149	187	369
483	149	172	369
482	147	171	365
482	145	170	368
480	141	176	366
479	156	177	350
482	144	171	361
481	150	177	355
487	153	159	349
483	147	176	352
483	149	183	353
486	152	179	348
492	157	165	340
497	161	155	340
497	160	178	331
504	163	173	321
502	158	181	319
509	154	129	319
513	156	118	313
518	150	109	313
521	155	110	315
524	154	109	311
527	153	104	315
525	162	111	304
533	158	101	312
530	166	104	301
534	156	105	313
537	166	107	300
541	158	101	303
540	161	104	294
543	163	105	284
547	153	99	288
555	160	89	286
555	161	90	285
558	159	91	282
556	162	96	280
564	160	90	276
568	160	91	278
571	166	99	270
577	171	100	263
580	166	105	268
587	165	101	267
590	163	105	267
600	163	93	268
604	162	91	263
612	163	80	262
620	161	76	266
626	172	66	253
631	178	68	246
640	190	50	230
643	185	55	231
643	194	65	236
650	191	61	240
660	192	55	244
639	199	45	235
659	202	58	240
664	195	55	247
642	199	46	236
666	202	46	242
668	204	47	244
648	204	51	231
654	213	50	221
661	210	47	225
664	206	49	232
667	206	50	241
643	204	47	231
665	203	51	239
667	205	46	244
671	214	51	234
652	204	57	238
657	202	55	244
665	203	46	243
661	203	57	242
662	199	53	247
665	197	56	251
643	189	45	251
664	197	48	247
670	198	55	252
651	194	54	251
652	201	54	238
658	206	51	234
664	204	50	239
668	208	49	241
649	199	54	241
659	196	48	245
660	199	55	242
