559	170	69	76
564	172	67	68
568	177	58	64
566	180	59	63
565	183	57	62
564	185	53	60
561	185	52	60
557	184	52	59
555	183	54	60
555	184	54	59
557	184	50	58
558	186	48	57
557	186	52	59
558	186	52	59
562	188	49	59
565	190	52	56
568	192	52	56
567	191	51	58
565	190	50	56
559	188	53	54
556	188	55	52
556	188	53	46
552	189	55	39
547	187	57	40
541	185	58	41
539	182	56	40
536	180	57	38
537	177	50	44
532	173	49	55
534	170	44	57
535	170	46	56
534	172	49	53
531	173	52	52
531	171	52	54
529	172	55	54
528	170	52	54
529	168	50	55
528	166	50	57
525	167	53	54
527	166	54	55
528	167	52	52
533	166	49	55
533	167	49	52
536	167	46	51
532	166	52	54
533	166	50	54
535	167	50	52
537	169	49	51
538	168	49	53
542	170	49	53
541	173	51	50
540	173	53	51
540	173	54	50
541	173	53	50
540	174	53	48
540	171	53	53
538	172	55	51
542	172	50	51
546	173	48	48
547	173	45	48
546	173	48	49
547	172	45	49
548	172	43	48
545	168	44	48
537	160	47	53
526	153	52	51
518	143	49	53
510	135	47	50
502	127	44	49
496	121	42	48
490	116	44	46
489	111	40	46
488	106	41	46
485	103	44	44
483	96	45	45
481	87	45	47
482	78	45	47
485	71	46	47
492	68	46	46
502	65	44	46
513	62	44	48
525	62	43	46
533	60	45	47
541	58	45	46
548	56	44	48
553	53	45	49
558	51	46	47
565	48	45	47
574	47	43	46
578	48	46	48
586	49	44	45
590	49	45	46
597	49	43	47
603	50	42	45
609	52	42	44
613	56	43	45
619	59	43	46
625	65	43	46
627	69	44	46
627	73	45	47
629	80	43	42
630	86	44	43
632	94	43	43
634	96	44	47
638	103	45	44
638	108	48	43
639	111	45	44
639	114	45	45
637	117	46	46
634	121	46	45
632	123	45	48
629	125	45	47
626	127	46	48
625	133	45	47
625	138	46	50
626	147	45	47
623	153	46	46
620	156	44	49
615	164	45	46
610	169	45	46
605	175	46	50
600	183	45	47
598	190	46	49
595	197	47	47
592	201	49	46
592	203	46	47
584	205	44	47
586	206	51	47
578	204	45	48
570	214	38	41
568	218	33	37
562	223	30	32
556	225	30	29
550	225	33	29
542	222	37	32
534	221	40	32
527	222	37	29
518	223	39	28
511	225	38	26
503	229	39	24
497	234	35	20
490	235	34	21
483	234	34	26
475	232	35	31
468	231	41	33
461	230	39	34
457	233	39	29
452	236	39	24
446	239	43	20
441	240	43	19
439	240	44	20
436	240	44	19
431	240	45	20
427	239	42	22
424	239	39	20
419	239	39	22
419	219	36	20
415	212	38	22
416	214	36	23
416	214	36	23
412	164	43	25
410	148	48	29
406	137	47	38
400	119	51	45
397	105	50	50
393	95	50	50
388	88	49	49
384	79	50	52
381	76	48	51
380	74	48	50
380	71	48	50
378	68	51	50
379	64	51	52
381	62	50	50
383	60	49	49
383	56	51	53
386	53	50	55
390	53	49	52
391	52	52	51
395	51	51	53
400	50	50	52
405	50	49	51
407	49	50	54
411	50	49	53
415	50	50	54
418	50	50	54
423	49	50	53
426	48	51	54
430	46	51	54
434	44	50	53
438	43	51	54
441	41	51	55
446	42	49	52
449	41	50	54
453	39	52	55
460	36	51	56
467	32	52	56
476	29	50	55
484	27	51	56
492	28	51	56
499	29	50	58
505	33	51	60
510	40	52	57
516	42	53	59
522	48	51	55
524	51	54	56
526	52	55	59
528	56	56	62
530	64	57	62
530	68	57	65
531	76	59	67
532	85	61	65
531	92	63	66
532	102	63	67
532	106	60	73
529	113	65	71
530	117	63	72
532	125	62	68
532	129	64	68
532	133	66	71
529	140	69	69
531	151	65	65
533	159	62	66
534	170	64	67
532	183	68	66
533	195	65	63
533	199	64	67
531	209	67	65
532	219	67	69
536	239	66	70
533	259	71	70
529	280	74	73
524	306	75	78
512	337	78	77
502	370	81	80
496	396	78	77
489	409	76	73
487	429	75	61
426	407	84	68
393	424	93	53
377	442	86	39
388	430	75	31
401	429	62	33
405	430	56	27
406	431	56	24
406	432	54	19
404	432	56	19
403	431	58	20
401	432	60	25
401	432	60	26
401	431	60	28
401	431	60	29
401	432	59	28
401	431	60	27
401	431	60	29
401	431	60	30
400	431	62	31
401	431	60	29
400	431	60	29
401	432	60	29
400	432	61	29
400	431	61	30
401	431	61	28
401	431	61	31
402	431	61	29
402	431	61	29
401	430	61	31
400	431	62	29
400	433	60	28
396	434	52	34
400	433	49	30
403	432	58	29
401	432	59	29
401	432	60	28
401	432	60	27
401	433	60	24
401	433	60	28
400	432	63	28
400	433	63	27
401	433	59	27
401	432	59	28
401	433	59	26
401	432	60	28
401	432	59	28
401	431	60	29
400	431	61	28
401	431	61	28
400	430	61	28
400	431	51	28
401	431	46	29
402	432	49	30
401	432	50	28
403	432	58	24
402	433	60	25
400	432	62	27
400	431	62	29
401	431	60	28
402	431	61	30
402	431	60	28
401	431	60	28
401	432	61	28
402	433	60	27
401	432	59	29
400	433	62	29
400	432	61	27
401	432	59	30
400	431	61	29
401	432	60	28
401	432	60	28
401	432	60	28
401	432	59	29
401	432	61	28
401	432	60	28
401	433	60	27
402	432	60	28
396	433	50	28
401	432	49	30
402	432	58	34
400	432	61	29
401	432	61	28
401	432	60	29
401	431	61	30
401	431	61	28
401	431	61	29
401	432	62	29
401	432	60	29
400	432	62	29
401	433	62	28
401	433	60	28
401	432	59	29
401	432	59	29
401	432	60	28
400	432	61	28
400	432	62	30
400	431	62	30
401	431	62	28
401	431	60	29
401	431	60	27
402	431	59	28
402	430	59	29
401	430	60	31
402	431	60	27
402	431	60	28
401	430	58	29
401	430	58	29
401	432	60	27
401	432	59	28
401	432	61	29
401	431	60	29
401	431	61	30
401	431	61	29
401	431	61	29
401	432	60	26
402	432	60	28
401	432	60	29
401	432	60	27
402	432	60	28
401	432	60	28
400	432	61	30
400	432	60	28
401	432	61	28
401	432	60	28
401	432	60	27
401	432	60	28
401	431	60	28
402	432	59	28
402	431	59	29
402	432	60	28
401	431	53	29
401	431	55	30
400	431	57	31
400	431	59	31
401	430	58	33
401	431	56	29
401	431	60	29
401	431	60	28
401	432	60	28
401	432	60	28
401	432	61	29
401	432	61	28
402	432	60	28
401	431	60	29
401	431	59	31
401	432	59	30
401	431	59	29
401	431	57	31
402	431	58	30
401	430	58	30
401	431	58	29
401	431	58	28
401	430	59	30
400	431	59	30
401	431	57	29
400	431	59	29
399	432	63	28
400	433	60	28
401	433	60	26
401	431	60	28
401	431	59	26
402	431	59	27
402	430	59	30
403	430	53	29
403	431	51	29
402	431	53	28
401	432	52	29
401	432	52	28
401	433	51	28
401	432	49	29
402	432	50	29
401	432	50	29
401	433	50	27
401	433	51	27
402	433	48	28
402	433	49	27
401	433	51	28
402	432	49	29
402	432	49	30
403	432	48	30
403	432	49	28
402	432	50	29
402	432	49	29
402	433	50	28
402	432	50	29
402	432	51	29
402	432	51	29
401	432	52	30
402	433	51	29
402	433	50	30
401	433	52	29
401	433	52	29
401	433	51	30
402	434	50	29
401	434	52	29
400	434	53	30
401	434	51	30
400	435	51	30
400	435	51	30
400	435	52	31
400	435	53	30
400	434	55	35
400	435	54	30
400	434	53	33
403	434	50	31
404	434	48	33
404	435	49	30
405	434	46	30
405	435	48	28
406	434	51	29
406	434	51	29
405	434	50	28
406	434	48	29
406	434	48	29
407	434	49	30
407	435	51	28
407	435	53	29
407	435	52	30
405	434	54	31
404	435	55	29
402	435	54	32
403	435	54	32
403	435	51	33
403	436	51	30
403	436	51	31
403	436	52	32
401	436	53	31
402	436	54	34
402	436	53	32
402	436	53	34
402	436	51	30
402	436	52	31
402	436	52	32
402	436	50	32
403	436	50	32
403	436	49	34
403	436	49	32
403	437	49	32
403	437	48	32
403	437	48	32
402	436	51	35
402	435	50	36
402	436	50	32
402	437	50	32
402	437	50	32
401	438	49	31
400	437	50	33
401	437	49	32
401	437	49	33
401	438	49	31
401	437	50	33
402	437	50	32
402	437	51	34
401	437	50	32
402	436	51	33
402	437	49	32
402	437	50	33
402	437	49	33
402	437	50	32
401	437	52	33
402	437	49	33
401	438	49	32
401	438	48	31
401	438	50	32
401	438	49	32
401	438	48	32
401	438	47	32
401	438	47	32
400	439	48	33
399	439	50	32
400	439	48	31
401	438	48	33
401	439	47	31
401	438	47	31
402	438	46	32
401	437	48	32
402	437	48	31
403	437	46	33
402	436	47	34
402	437	48	31
403	437	47	32
403	436	50	32
403	436	51	33
403	436	50	30
404	435	51	31
403	435	54	30
404	435	53	34
403	433	59	31
403	433	62	31
403	433	63	32
402	433	63	31
402	434	62	32
402	433	62	34
402	433	62	32
404	433	63	33
403	433	64	31
416	367	66	39
403	432	64	32
403	432	62	33
402	433	61	31
402	433	62	31
402	434	61	29
402	434	61	33
401	434	62	31
402	433	61	32
402	433	62	34
403	433	62	33
402	433	62	31
403	433	62	32
403	434	61	30
403	434	61	32
401	434	62	32
401	434	63	31
401	434	64	31
401	434	64	31
401	434	63	33
401	434	62	31
402	434	62	32
401	434	63	34
402	433	60	33
401	434	62	31
402	433	61	31
402	433	62	32
402	433	61	31
403	433	61	31
402	433	63	30
402	432	61	32
403	432	59	31
403	433	60	31
401	435	50	32
409	385	53	35
418	433	46	29
409	434	55	26
404	433	60	30
402	434	62	31
402	434	62	30
400	434	64	32
401	434	63	36
402	434	62	33
401	434	63	35
403	434	62	32
402	433	62	34
401	433	63	32
403	433	61	34
401	433	62	31
401	434	61	32
401	434	63	32
401	434	64	31
401	436	62	34
401	434	61	36
401	434	63	35
401	435	62	32
401	434	63	31
401	434	63	32
403	434	61	29
406	433	60	31
408	433	60	29
409	432	59	29
410	431	59	28
411	430	56	28
410	429	57	27
409	428	56	25
406	428	57	23
405	428	55	23
403	426	53	26
402	426	50	24
400	427	49	24
398	426	51	24
396	426	51	24
393	427	52	22
391	426	52	23
391	426	51	25
391	426	50	24
391	427	51	23
391	427	51	22
390	427	52	23
391	427	52	23
391	426	52	24
391	426	52	24
390	425	54	25
391	426	52	25
391	426	52	24
391	426	52	24
391	426	52	25
390	427	53	23
390	426	50	25
391	426	43	24
390	425	51	25
390	425	53	24
391	426	53	24
390	425	56	25
391	426	52	23
391	426	52	23
392	425	53	25
390	426	56	24
390	427	52	24
385	429	41	26
410	437	44	26
408	436	48	24
386	429	41	24
390	427	41	25
394	428	48	19
391	428	52	20
389	428	56	22
389	427	55	24
389	426	55	24
389	429	52	22
390	427	53	23
390	427	54	23
390	427	53	23
390	427	54	23
391	427	54	23
390	427	54	23
390	425	47	26
389	426	37	27
390	427	42	25
391	428	51	21
390	426	53	24
390	425	53	25
390	426	53	25
390	425	49	26
390	426	47	25
390	425	51	27
391	425	51	26
390	426	50	25
390	426	53	24
391	426	51	24
391	426	51	24
390	426	52	26
390	427	52	23
390	427	53	23
390	427	53	24
391	427	52	24
391	426	53	23
391	426	54	25
391	427	52	25
390	427	55	25
389	426	57	27
390	426	50	26
389	426	48	26
390	426	48	26
389	426	52	26
389	427	52	24
389	427	51	24
390	427	48	25
391	426	49	25
392	426	52	26
395	426	52	26
400	426	52	27
405	427	52	28
410	428	50	30
414	429	47	29
418	430	44	31
420	432	45	32
423	432	49	33
426	434	53	35
425	434	59	37
428	435	62	36
429	437	66	35
429	438	66	34
429	439	67	34
429	441	65	31
428	442	57	30
428	442	52	30
427	443	55	29
429	442	48	30
429	444	46	28
428	443	51	29
429	442	48	30
