0.943610
0.040841
0.040785
0.040758
0.040689
0.040895
0.040911
0.040735
0.040703
0.040945
0.085276
0.040638
0.040888
0.040933
0.040770
0.040866
0.040971
0.040779
0.040623
0.040687
0.090890
0.040889
0.040833
0.040877
0.040988
0.040952
0.040860
0.040875
0.040853
0.041121
0.095603
0.041018
0.041217
0.041042
0.041065
0.041291
0.041419
0.041268
0.041206
0.041399
0.111641
0.041112
0.041112
0.041158
0.041173
0.040882
0.040859
0.040665
0.040728
0.040534
0.116336
0.040424
0.040266
0.040104
0.040467
0.040323
0.040375
0.040010
0.040372
0.040458
0.120482
0.040428
0.040353
0.040486
0.040336
0.040551
0.040564
0.040569
0.040135
0.040470
0.137757
0.040189
0.040742
0.040368
0.040459
0.040466
0.040505
0.040696
0.040544
0.040620
0.143675
0.040670
0.040606
0.040756
0.040837
0.041027
0.041007
0.041157
0.041319
0.040975
0.148934
0.040483
0.040992
0.041635
0.041509
0.041623
0.041418
0.041360
0.041785
0.040946
0.164882
0.041253
0.041071
0.040993
0.042789
0.040396
0.040472
0.041732
0.041768
0.041274
0.170266
0.041180
0.041284
0.041256
0.172158
0.173361
0.041793
0.041601
0.041663
0.041134
0.175719
0.041632
0.041694
0.041478
0.041400
0.041741
0.041684
0.041777
0.041646
0.041373
0.180680
0.041774
0.041138
0.041392
0.041293
0.041123
0.040610
0.040910
0.040897
0.040794
0.195582
0.040902
0.040679
0.040642
0.040726
0.040854
0.041248
0.041162
0.040712
0.041181
0.201484
0.041155
0.046107
0.041232
0.040897
0.041214
0.041445
0.041307
0.041251
0.041152
0.206978
0.039972
0.039796
0.039749
0.039552
0.039294
0.039733
0.040009
0.039863
0.039905
0.218889
0.039941
0.040022
0.039791
0.040081
0.040104
0.040242
0.040250
0.040524
0.040428
0.225284
0.041062
0.038414
0.038265
0.038184
0.041044
0.040807
0.040549
0.038251
0.038178
0.230055
0.038342
0.041073
0.038762
0.039238
0.038983
0.039191
0.038766
0.038935
0.039004
0.243859
0.039083
0.038335
0.040023
0.040065
0.039790
0.042357
0.039754
0.039740
0.042675
0.250888
0.039902
0.039824
0.039648
0.042950
0.042644
0.042466
0.043112
0.042410
0.042163
0.261312
0.042803
0.040895
0.040486
0.040361
0.040544
0.040686
0.040306
0.040175
0.040359
0.259127
0.040441
0.040830
0.040050
0.040173
0.040225
0.039706
0.039734
0.039493
0.039697
0.258696
0.039841
0.039685
0.039738
0.039624
0.039872
0.039660
0.039792
0.039662
0.040533
0.259815
0.041075
0.040744
0.040579
0.040992
0.040949
0.040700
0.040613
0.040825
0.040466
0.260243
0.041270
0.041464
0.260005
0.041799
0.041523
0.041499
0.041218
0.041737
0.041613
0.260758
0.041831
0.041584
0.041287
0.041085
0.041147
0.041224
0.041374
0.041098
0.040809
0.259734
0.040624
0.039012
0.259531
0.040447
0.259455
0.259170
0.039406
0.258586
0.039724
0.258925
0.039975
0.039732
0.258545
0.039743
0.039426
0.039761
0.039485
0.039717
0.039631
0.259206
0.261305
0.260969
0.260758
0.261334
0.260947
0.261129
0.261250
0.260885
0.261135
0.260916
0.260743
0.260910
0.040272
0.039898
0.040025
0.262145
0.040242
0.039681
0.039994
0.260805
0.039871
0.039938
0.039836
0.040051
0.040228
0.039947
0.040364
0.040112
0.039675
0.261364
0.040004
0.040103
0.039925
0.039905
0.039686
0.039865
0.040056
0.039827
0.039601
0.260763
0.039831
0.039782
0.039780
0.040014
0.039746
0.040057
0.039742
0.039335
0.039360
0.260336
0.039807
0.039707
0.039349
0.039782
0.039340
0.039471
0.039597
0.039783
0.039677
0.260622
0.039652
0.039796
0.039962
0.039806
0.039596
0.039512
0.039389
0.039490
0.039305
0.260734
0.039582
0.039456
0.039497
0.039385
0.039776
0.039757
0.039607
0.039997
0.039603
0.260797
0.039800
0.039645
0.039459
0.039702
0.039760
0.039586
0.039722
0.040074
0.039963
0.260603
0.040015
0.039551
0.040163
0.039120
0.261116
0.039590
0.039450
0.039401
0.039359
0.260251
0.039437
0.039520
0.039240
0.039736
0.039600
0.039416
0.039338
0.039451
0.039406
0.260670
0.039398
0.039605
0.039715
0.039458
0.039222
0.039447
0.039628
0.039398
0.039541
0.261606
0.049968
0.040880
0.041231
0.040118
0.039928
0.039813
0.039898
0.039986
0.040122
0.262044
0.039790
0.039800
0.039828
0.039866
0.039618
0.039823
0.039753
0.040475
0.040800
0.259624
0.041187
0.040917
0.040754
0.040953
0.040925
0.040995
0.041193
0.040968
0.040985
0.262036
0.041103
0.041062
0.040951
0.040813
0.040994
0.041072
0.040927
0.040918
0.039930
0.262726
0.041001
0.040921
0.040977
0.041061
0.040878
0.040934
0.041154
0.041206
0.041026
0.262263
0.041111
0.040777
0.040520
0.040993
0.041103
0.041114
0.041027
0.041317
0.042425
0.261572
0.041384
0.041333
0.041378
0.041140
0.041106
0.041228
0.041482
0.041217
0.041220
0.260088
0.041567
0.041169
0.041236
0.041175
0.041040
0.040975
0.041061
0.040890
0.040943
0.260207
0.041115
0.040825
0.040880
0.040867
0.040840
0.040913
0.041004
0.040957
0.040582
0.260195
0.041127
0.040747
0.040937
0.040898
0.040759
0.040873
0.040663
0.040724
0.040556
0.261004
0.040927
0.040864
0.040235
0.039205
0.039279
0.039319
0.039215
0.039319
0.039477
0.257900
0.040097
0.039975
0.039914
0.039904
0.040855
0.040103
0.039942
0.040125
0.040035
0.259165
0.040129
0.040078
0.040078
0.039945
0.040414
0.039990
0.040000
0.040093
0.040054
0.258918
0.040011
0.040143
0.039980
0.039886
0.039773
0.040094
0.040035
0.039793
0.039895
0.259979
0.041047
0.040630
0.040848
0.040988
0.040862
0.040732
0.040838
0.041116
0.040928
0.259551
0.041205
0.041113
0.041151
0.040942
0.040943
0.040899
0.041045
0.040742
0.040906
0.259983
0.041297
0.040929
0.041084
0.041060
0.041262
0.041074
0.041195
0.041214
0.041231
0.259864
0.040935
0.041075
0.040827
0.041187
0.040917
0.041536
0.039397
0.039356
0.039254
0.257969
0.039933
0.039564
0.039563
0.039607
0.039832
0.039603
0.039663
0.040035
0.040465
0.259187
0.040463
0.040158
0.041023
0.041117
0.041286
0.259853
0.260620
0.263009
0.263428
0.261981
0.261769
0.040734
0.040801
0.041127
0.261351
0.040976
0.040967
0.040662
0.042507
0.262835
0.041868
0.041571
0.041376
0.041189
0.041287
0.041179
0.261577
0.041229
0.041092
0.261837
0.041337
0.040962
0.040869
0.040547
0.040808
0.261013
0.040414
0.040241
0.041734
0.262034
0.040587
0.040872
0.040607
0.040702
0.040397
0.040480
0.040463
0.040599
0.040570
0.261210
0.040461
0.040577
0.040591
0.040469
0.040472
0.040726
0.040428
0.040859
0.040720
0.262305
0.040334
0.040414
0.040496
0.040020
0.040056
0.040181
0.041710
0.042002
0.040731
0.260818
0.040435
0.040583
0.040567
0.040545
0.040523
0.040653
0.040592
0.040267
0.040257
0.259130
0.040390
0.040620
0.040418
0.040280
0.040170
0.040039
0.039890
0.039953
0.039918
0.258583
0.040101
0.039896
0.039886
0.039489
0.039727
0.039810
0.039642
0.039533
0.039639
0.264901
0.040204
0.040133
0.040237
0.040043
0.040381
0.259360
0.259413
0.260014
0.262008
0.262090
0.041707
0.041385
0.041421
0.041827
0.041382
0.040678
0.040700
0.040536
0.039943
0.260479
0.040068
0.040041
0.039833
0.039993
0.039647
0.041693
0.040641
0.040897
0.041090
0.262580
0.041009
0.041174
0.041196
0.041415
0.039013
0.040169
0.039554
0.040031
0.039988
0.259334
0.039216
0.039066
0.257881
0.039289
0.039016
0.039014
0.257378
0.039319
0.039188
0.257854
0.039299
0.039107
0.039264
0.039702
0.038866
0.039052
0.038916
0.038989
0.039089
0.257785
0.039034
0.039009
0.039037
0.039007
0.038972
0.039022
0.038524
0.038529
0.038489
0.257231
0.038392
0.038561
0.038713
0.038189
0.038292
0.038282
0.038377
0.038357
0.038551
0.257079
0.038461
0.038719
0.038983
0.038808
0.038863
0.038939
0.038398
0.038303
0.038374
0.257347
0.038665
0.038470
0.038521
0.038118
0.038119
0.039071
0.038244
0.038183
0.037975
0.256429
0.038241
0.038099
0.038105
0.038438
0.038074
0.038676
0.038196
0.038137
0.038390
0.257011
0.038389
0.038436
0.038506
0.038417
0.038389
0.038470
0.038407
0.039881
0.039743
0.258958
0.039992
0.039772
0.039855
0.039928
0.039852
0.039755
0.039650
0.039823
0.039949
0.258848
0.040019
0.040214
0.040178
0.040351
0.039654
0.040304
0.040314
0.040306
0.040212
0.258823
0.040519
0.040388
0.040251
0.040134
0.040350
0.039119
0.039219
0.039177
0.039108
0.258013
0.039191
0.039243
0.039830
0.040255
0.040058
0.040203
0.040076
0.039966
0.039797
0.259052
0.039850
0.039744
0.039897
0.039876
0.039532
0.039998
0.040802
0.039879
0.041368
0.258965
0.041155
0.039838
0.039650
0.039777
0.039933
0.039655
0.039755
0.039622
0.040737
0.258692
0.045591
0.038754
0.045865
0.043534
0.038825
0.039642
0.039783
0.039675
0.040726
0.259428
0.041165
0.039685
0.039831
0.039754
0.039799
0.039871
0.039849
0.040132
0.039722
0.258786
0.039797
0.039745
0.039781
0.039934
0.039723
0.039706
0.039820
0.039715
0.040882
0.259931
0.039912
0.039857
0.039843
0.039649
0.040889
0.039870
0.039784
0.039726
0.039808
0.258888
0.040368
0.040570
0.038269
0.038259
0.038269
0.038134
0.042358
0.039099
0.038773
0.257615
0.038917
0.038975
0.038997
0.038792
0.038971
0.038849
0.038921
0.039483
0.039798
0.258919
0.040084
0.039872
0.040020
0.039953
0.045470
0.039881
0.039809
0.039966
0.039890
0.258904
0.039849
0.039849
0.039972
0.039755
0.039716
0.039684
0.039800
0.039826
0.039877
0.258902
0.039928
0.039793
0.039880
0.039788
0.039722
0.040091
0.039543
0.039702
0.039706
0.258679
0.039992
0.039720
0.039865
0.039895
0.039907
0.040858
0.039820
0.039783
0.040111
0.258082
0.039852
0.039742
0.039940
0.039977
0.039993
0.040207
0.039748
0.039797
0.038810
0.258819
0.040836
0.038382
0.040687
0.040834
0.041100
0.039759
0.039689
0.040041
0.039739
0.258676
0.040040
0.039941
0.040092
0.039968
0.039958
0.039842
0.040167
0.039951
0.039860
0.258373
0.039794
0.039926
0.040151
0.039931
0.039874
0.040030
0.039997
0.039800
0.040159
0.258999
0.039955
0.039750
0.039997
0.039660
0.039947
0.040001
0.039664
0.040000
0.039875
0.259896
0.041329
0.041107
0.038661
0.038392
0.038239
0.038476
0.038352
0.038190
0.038343
0.257433
0.038559
0.039264
0.038270
0.038291
0.038366
0.038266
0.038271
0.039277
0.039313
0.257982
0.039463
0.039385
0.039200
0.039255
0.039234
0.039195
0.039233
0.039401
0.038216
0.258639
0.039378
0.039402
0.038238
0.039256
0.039340
0.039244
0.039450
0.039344
0.039313
0.256653
0.039917
0.038260
0.038249
0.038227
0.039548
0.038757
0.038709
0.039858
0.038703
0.257418
0.039790
0.038912
0.039935
0.038725
0.039045
0.039855
0.039848
0.039714
0.039873
0.258516
0.039900
0.039715
0.040001
0.039897
0.039819
0.039716
0.039810
0.039787
0.039938
0.258896
0.040218
0.039817
0.039847
0.040007
0.039701
0.040038
0.039763
0.039932
0.039818
0.259052
0.039946
0.039911
0.042190
0.040720
0.040121
0.039847
0.039627
0.039829
0.039908
0.258708
0.040104
0.039699
0.039764
0.039918
0.039911
0.039821
0.040094
0.039914
0.040075
0.259385
0.042068
0.039941
0.039759
0.040028
0.040046
0.039942
0.040278
0.038460
0.038603
0.257350
0.038647
0.038451
0.038495
0.038458
0.038458
0.038311
0.038515
0.038432
0.038439
0.257429
0.038483
0.038282
0.038167
0.038332
0.038238
0.038316
0.038297
0.038486
0.038169
0.257331
0.038422
0.038228
0.038321
0.038291
0.038210
0.038167
0.039262
0.038231
0.039178
0.256736
0.038388
0.038186
0.038356
0.039335
0.039159
0.038280
0.039252
0.039466
0.038232
0.258536
0.039003
0.040762
0.039780
0.039692
0.039676
0.039829
0.039786
0.038698
0.039972
0.259211
0.039950
0.038742
0.040801
0.041006
0.040981
0.039903
0.039768
0.039852
0.039905
0.258882
0.040134
0.039879
0.039829
0.039639
0.039884
0.039930
0.040049
0.039899
0.039749
0.259138
0.040040
0.039877
0.039859
0.038812
0.038992
0.038935
0.038770
0.039578
0.039825
0.258948
0.040121
0.039892
0.040034
0.040002
0.040118
0.039953
0.039813
0.039963
0.040028
0.258605
0.039957
0.039958
0.039833
0.039872
0.039920
0.039923
0.039983
0.039825
0.038461
0.258825
0.040166
0.039958
0.040009
0.040236
0.039180
0.039824
0.040016
0.040049
0.039791
0.259143
0.040073
0.039980
0.040098
0.039851
0.039464
0.038847
0.038956
0.038913
0.038874
0.257827
0.039104
0.038864
0.039940
0.039766
0.039838
0.039779
0.039964
0.039930
0.039826
0.258964
0.040097
0.039775
0.039592
0.039872
0.040064
0.040902
0.039901
0.039765
0.039659
0.259937
0.039974
0.040691
0.039752
0.039797
0.039905
0.039861
0.040886
0.039960
0.039901
0.258998
0.040110
0.040843
0.039824
0.039815
0.039870
0.039813
0.039726
0.039777
0.039931
0.259351
0.041464
0.040206
0.039741
0.039753
0.039770
0.039755
0.040129
0.039890
0.039689
0.259054
0.040303
0.039849
0.039712
0.039937
0.040060
0.039983
0.040018
0.040126
0.040166
0.258907
0.040504
0.040020
0.039997
0.039990
0.040227
0.039984
0.039847
0.040033
0.040211
0.257963
0.039980
0.039881
0.039693
0.039881
0.039765
0.039897
0.040165
0.039896
0.040091
0.258595
0.040474
0.040359
0.039970
0.039777
0.040855
0.040969
0.040642
0.040409
0.040131
0.258926
0.043339
0.042666
0.042597
0.042761
0.042468
0.042295
0.042212
0.042501
0.041999
0.260715
0.041909
0.041520
0.041528
0.041582
0.041632
0.041620
0.041609
0.041600
0.041657
0.260097
0.041680
0.041560
0.041483
0.041457
0.041314
0.041417
0.041247
0.041274
0.041673
0.261995
0.040156
0.039917
0.039772
0.039763
0.039762
0.039826
0.039850
0.039746
0.039852
0.259064
0.040193
0.040033
0.039964
0.039747
0.039792
0.039876
0.039831
0.039826
0.039735
0.258335
