493	166	121	156
495	165	127	158
497	164	127	158
501	165	122	161
507	163	117	161
509	164	120	163
512	159	125	169
518	162	118	165
523	163	122	162
529	163	121	150
534	164	120	128
535	167	125	120
537	166	127	124
543	170	121	107
546	170	122	109
548	170	121	112
551	170	124	114
556	173	140	106
554	172	162	105
518	178	178	124
511	171	208	133
521	167	218	149
532	170	206	149
543	167	194	158
544	167	192	164
548	167	191	172
562	165	157	174
589	168	128	149
597	176	106	129
599	170	104	141
597	173	107	135
602	173	96	140
605	176	88	135
604	178	89	135
600	173	93	143
599	176	93	142
599	178	89	143
599	176	88	146
599	181	83	146
597	178	81	149
596	176	80	156
594	178	78	151
592	177	77	166
589	179	75	168
585	180	78	158
583	181	77	151
580	180	74	158
576	179	74	172
571	181	77	170
567	181	79	166
563	181	79	175
559	182	81	158
553	184	85	139
552	188	80	128
543	185	85	124
540	187	81	121
537	189	71	122
534	189	63	120
529	188	54	122
527	192	41	111
517	192	35	102
508	192	28	92
508	178	33	95
463	273	43	95
444	285	48	97
410	298	67	96
389	293	72	106
384	293	60	104
376	290	48	107
365	281	49	93
413	296	60	112
390	285	65	122
370	288	65	116
359	284	54	121
354	291	40	118
347	304	30	107
333	333	41	94
284	294	50	87
261	299	58	92
239	304	66	87
233	303	56	85
220	299	42	89
218	305	52	82
205	313	49	87
193	320	42	94
181	311	39	105
176	311	25	108
169	314	20	100
159	318	22	94
130	309	27	97
112	308	29	90
99	295	21	96
91	288	26	98
78	270	23	93
71	268	17	91
59	268	26	90
64	256	30	87
75	251	27	86
56	256	22	78
54	259	26	77
65	258	28	73
65	257	36	66
65	250	35	68
66	255	34	68
78	250	28	66
77	247	25	70
80	249	24	67
85	245	26	76
96	251	24	67
103	256	24	58
113	246	28	50
110	249	31	57
113	246	37	66
112	248	46	66
112	250	55	65
114	246	67	71
117	247	74	70
121	244	80	74
111	241	103	78
108	245	116	72
105	237	137	83
105	236	144	84
102	236	155	87
99	235	164	88
90	237	181	85
88	240	185	80
84	246	194	72
90	244	187	74
88	246	177	72
89	249	172	69
94	245	157	75
102	242	138	78
99	245	141	74
100	246	135	73
101	246	131	72
100	247	128	71
99	249	122	68
98	248	120	70
102	248	106	69
100	247	104	69
101	248	96	70
102	250	87	67
104	249	78	66
103	250	74	66
102	253	67	63
102	253	61	62
101	258	56	56
101	266	44	48
101	269	37	43
101	271	30	41
99	273	23	40
96	275	20	42
85	271	22	49
78	271	24	46
76	270	21	45
70	277	27	42
61	285	23	44
60	281	27	46
50	283	24	51
49	274	21	59
47	271	22	62
50	269	21	60
44	272	20	65
47	267	16	65
40	271	18	68
45	267	27	68
38	268	31	65
38	268	37	65
33	275	32	65
33	267	39	69
37	268	33	76
39	269	31	64
44	268	25	66
31	271	28	71
32	269	19	80
39	269	16	81
36	269	20	82
33	270	21	88
42	260	28	88
43	261	32	85
30	264	36	83
35	270	31	76
33	269	37	73
30	268	43	72
30	267	42	70
31	267	42	69
30	267	46	67
32	268	44	72
38	265	42	68
36	267	47	73
42	264	42	67
38	265	51	66
38	263	54	67
36	264	58	66
51	261	64	63
33	269	71	60
35	264	72	64
37	265	72	63
38	262	83	69
40	263	95	66
42	263	111	64
26	265	118	54
32	264	124	46
36	262	130	46
14	275	151	54
5	270	171	63
-7	273	192	63
0	281	188	55
3	262	184	43
-3	283	186	46
25	258	166	43
28	270	162	51
28	257	156	55
24	266	161	68
26	257	151	62
45	255	147	45
47	258	134	53
4	274	147	51
-1	284	164	43
0	281	183	49
0	293	195	41
-3	293	209	43
0	296	210	42
1	293	208	47
7	293	206	43
10	295	207	40
18	292	201	41
22	290	198	44
27	288	192	43
30	286	190	46
31	280	194	53
36	288	195	45
38	281	193	53
47	283	188	49
45	278	193	53
52	280	188	50
55	285	191	42
58	280	193	49
62	284	202	43
66	285	207	40
73	278	203	49
80	285	198	40
84	275	197	49
89	280	193	44
94	275	195	45
101	273	189	47
106	257	185	62
109	275	193	48
115	274	187	45
122	267	177	54
118	254	186	66
125	271	187	52
131	250	179	69
142	265	171	57
131	248	189	71
135	260	191	63
134	243	189	76
158	267	170	55
161	253	164	69
154	250	175	73
148	243	186	83
144	242	195	81
178	256	180	87
177	246	170	81
160	242	181	83
184	259	176	80
185	248	156	75
187	248	143	75
188	257	125	65
199	246	131	77
193	262	133	61
192	253	145	69
196	240	154	84
189	242	168	86
202	242	156	89
210	242	149	91
209	243	155	91
216	242	144	95
215	244	151	100
206	244	158	100
206	244	157	108
202	237	173	116
190	240	190	120
201	230	177	138
214	228	157	141
227	220	131	153
241	224	116	135
251	220	91	142
264	228	84	125
264	223	72	121
271	215	63	131
323	234	66	135
326	230	55	140
322	232	54	140
319	222	57	146
313	229	59	140
317	226	50	147
320	224	48	148
331	220	37	153
332	221	44	154
336	213	46	159
336	205	51	167
338	211	52	164
339	213	54	157
357	200	43	167
350	219	52	153
356	216	52	153
370	219	45	151
377	224	40	147
392	222	38	150
395	218	38	156
414	215	35	158
410	225	47	159
418	217	55	159
412	217	68	155
420	210	77	160
434	210	78	153
428	200	88	163
432	182	103	179
436	167	109	190
332	217	122	163
326	226	142	147
319	225	163	147
321	224	173	149
318	226	187	150
323	234	197	141
330	228	199	148
347	233	186	141
348	233	201	148
359	232	198	145
361	242	214	134
370	247	210	124
375	261	219	108
363	233	221	135
358	268	251	106
386	260	238	118
359	235	250	139
361	253	271	113
385	254	259	116
436	263	213	107
390	233	195	109
401	223	177	119
403	237	179	108
400	225	187	119
401	222	185	125
400	225	183	124
408	218	175	126
409	224	173	118
409	218	174	122
410	219	174	118
414	230	169	106
413	227	179	108
410	217	175	120
412	220	172	116
405	217	177	115
405	214	174	124
405	211	167	125
401	214	179	122
402	213	169	114
395	212	166	121
401	209	155	123
406	210	147	120
402	214	150	116
406	211	144	118
392	225	163	103
381	234	173	93
393	223	182	102
376	224	201	108
374	235	203	89
365	285	224	98
383	277	197	117
382	257	191	107
372	273	201	84
379	272	188	80
384	276	179	81
380	274	180	92
383	274	183	81
385	271	184	78
386	272	187	80
385	268	181	81
380	271	181	79
378	271	186	73
371	268	203	83
367	269	209	79
366	269	208	76
354	269	229	81
348	267	229	92
358	263	227	126
360	227	233	149
354	236	236	172
338	258	249	149
328	257	262	148
304	266	289	136
298	272	297	127
295	263	301	136
293	256	303	143
288	243	311	151
290	242	309	170
294	246	285	222
298	250	250	279
312	228	253	289
296	244	238	287
299	232	225	298
299	236	223	294
304	234	209	299
310	239	203	294
305	232	207	304
320	231	191	309
316	229	186	307
317	231	185	303
324	227	173	313
328	227	168	315
331	235	164	309
332	227	156	318
334	222	151	325
334	234	144	312
337	228	142	311
330	233	154	301
329	241	150	298
328	225	159	314
326	225	162	315
324	219	172	315
329	238	163	298
334	242	163	287
337	243	150	294
347	229	149	297
345	242	146	287
352	240	138	287
349	213	153	316
359	219	142	303
356	238	140	291
362	240	138	280
362	241	136	285
363	228	136	292
363	241	136	283
361	234	140	290
363	227	141	289
360	235	140	283
364	246	140	264
363	244	140	271
363	227	139	284
361	219	142	286
364	227	137	279
363	221	138	283
362	222	138	276
362	210	133	283
360	218	138	276
364	212	133	279
362	214	134	279
360	204	136	288
363	216	129	276
360	210	133	278
363	219	130	271
361	220	130	270
363	211	133	277
360	216	134	275
358	211	139	277
362	212	133	280
359	209	139	279
358	213	139	275
357	212	138	277
361	217	135	271
359	208	139	279
360	206	139	280
360	217	135	273
360	217	134	270
356	211	147	274
362	207	133	280
363	213	128	278
360	214	134	274
362	211	131	278
360	215	137	272
360	213	135	275
360	213	138	274
362	214	130	279
362	216	129	276
358	212	138	277
360	211	133	279
363	217	130	274
363	209	130	282
362	212	132	279
362	219	133	269
363	215	133	274
359	215	136	272
357	208	140	277
360	219	133	265
361	210	133	280
362	219	133	273
361	213	134	275
360	213	135	276
359	210	137	280
362	218	131	272
359	215	139	276
362	217	137	273
367	239	130	250
369	223	129	265
367	227	127	264
367	221	126	267
363	222	134	262
367	228	128	259
363	224	134	261
365	232	126	252
365	235	121	252
364	227	125	255
362	222	126	261
361	224	124	257
362	228	120	256
359	224	125	258
354	221	132	268
350	218	140	266
351	226	134	256
348	221	140	264
343	217	143	268
341	229	137	262
335	218	155	274
334	221	144	270
327	225	144	273
320	221	164	275
315	223	156	279
310	230	144	273
303	232	164	271
291	241	162	265
282	230	185	279
281	234	168	277
271	239	169	278
266	245	173	270
261	235	169	284
253	246	175	273
248	238	180	284
253	244	151	279
246	243	167	280
239	242	176	289
241	247	166	277
231	239	173	293
234	245	157	286
234	236	158	297
228	250	160	287
228	243	154	292
227	258	146	280
229	256	141	281
225	261	136	278
226	254	140	281
226	261	134	264
225	261	138	271
227	253	138	281
227	255	145	279
227	265	141	272
231	264	143	268
215	259	164	276
209	254	176	283
206	260	184	267
198	263	199	265
197	263	200	263
194	258	207	267
190	269	211	260
204	267	196	267
182	267	227	268
180	275	231	258
172	268	247	264
182	270	233	264
191	274	228	261
217	294	202	245
216	275	198	268
230	292	191	243
225	306	201	234
229	297	197	244
240	314	190	223
211	273	211	265
231	290	202	251
255	319	185	221
267	322	175	214
268	318	173	218
273	314	173	222
276	307	166	229
281	323	170	214
292	323	163	214
292	323	168	215
305	318	152	218
309	320	158	213
320	327	154	205
320	325	156	202
331	326	155	206
341	324	156	210
343	324	171	210
350	331	171	199
357	334	172	197
359	325	178	209
366	332	177	196
374	333	172	197
381	320	169	211
385	310	168	222
385	314	178	216
390	313	177	215
397	298	175	233
398	270	178	261
388	246	185	286
381	243	209	288
388	243	197	289
393	237	199	301
402	236	197	297
410	232	196	303
423	235	197	294
453	228	158	300
476	233	135	296
488	232	129	292
512	221	101	296
526	240	88	269
534	235	80	270
532	247	92	266
534	223	99	290
536	200	97	308
529	194	111	315
508	181	131	350
566	175	109	362
605	225	132	312
617	255	136	272
623	284	137	244
641	276	121	248
649	287	108	244
656	307	113	215
610	308	136	216
683	325	103	196
682	244	90	207
701	236	90	209
699	211	90	200
696	225	90	186
730	226	77	192
734	226	70	196
744	228	58	212
738	203	68	226
734	197	73	240
715	187	91	267
691	182	108	275
724	185	108	270
701	175	130	287
737	171	155	268
657	172	180	282
663	171	218	288
647	162	198	297
690	162	237	272
664	172	287	246
642	151	311	278
630	119	316	313
620	144	327	315
614	123	320	319
615	100	308	325
589	133	347	326
586	115	340	336
387	185	298	277
427	173	228	292
471	194	179	278
498	213	139	244
498	205	132	258
504	208	127	252
504	217	125	235
508	219	123	231
509	205	125	245
509	203	119	244
511	202	120	246
516	198	117	240
515	204	120	235
518	198	116	237
517	200	117	234
519	196	114	233
518	197	111	236
520	191	109	235
523	199	107	223
523	191	108	228
521	190	113	225
523	193	113	214
522	190	110	222
528	191	103	215
531	188	104	217
526	192	110	207
529	186	103	211
529	186	105	212
532	182	102	212
532	183	101	211
531	183	105	204
533	182	100	204
534	188	99	193
532	179	100	203
536	179	97	200
536	182	93	194
537	179	93	196
537	178	95	192
536	177	93	193
537	173	95	196
534	174	96	194
537	172	96	189
538	173	91	188
536	172	93	187
537	172	91	182
535	173	92	185
540	174	87	175
536	170	92	182
538	167	89	183
535	169	91	180
538	168	86	176
536	169	87	174
537	168	86	174
539	165	83	173
538	168	85	173
538	167	85	168
539	166	83	165
539	165	81	168
541	162	81	167
542	163	78	163
542	161	80	165
542	160	80	165
545	160	77	161
547	161	75	158
545	164	78	154
548	162	78	153
549	163	78	152
551	157	78	155
551	159	82	154
553	156	86	154
556	158	85	152
557	155	89	154
558	152	90	155
564	154	85	151
558	152	99	152
567	154	89	147
571	153	87	148
572	150	88	149
575	155	86	145
577	154	85	143
581	156	81	141
582	155	83	141
591	161	71	132
595	160	68	133
600	162	63	132
604	164	59	127
610	172	52	116
613	176	50	109
620	181	42	104
621	189	42	92
625	197	39	81
629	205	35	80
637	203	26	84
642	206	24	86
654	214	36	90
632	217	37	84
624	197	37	82
631	202	28	78
632	207	27	76
638	216	20	66
628	223	24	59
631	219	19	61
632	223	17	57
630	220	18	57
640	218	20	56
632	222	25	57
635	222	25	53
638	224	21	54
629	228	21	51
636	232	25	47
638	225	22	52
629	223	29	53
635	221	26	53
637	223	23	56
639	223	21	52
630	227	23	52
631	223	28	54
633	220	28	54
637	222	22	46
631	229	26	43
630	233	28	43
635	228	24	48
637	225	24	47
640	219	19	50
633	223	21	50
635	226	18	50
633	224	25	48
636	223	23	45
640	228	19	45
646	230	14	41
641	237	18	36
635	236	24	37
635	235	25	34
639	235	22	32
632	233	26	34
634	238	26	33
639	236	22	32
642	235	18	35
634	240	22	31
635	239	24	28
636	237	24	29
639	237	22	28
642	242	18	29
637	240	23	32
640	240	20	29
642	238	19	31
638	235	22	33
641	236	20	33
650	230	22	30
647	238	17	30
635	243	21	28
636	240	24	26
629	242	26	27
634	224	25	26
637	210	24	30
637	229	27	33
630	235	27	31
634	234	31	32
633	230	36	36
629	226	32	37
627	232	31	35
633	231	28	34
634	238	29	29
637	237	25	29
640	235	21	32
643	241	17	29
648	240	13	28
648	250	11	27
639	247	10	25
641	246	11	24
642	245	14	23
646	243	13	23
643	247	15	23
649	253	12	21
643	237	12	19
644	251	15	16
641	249	18	17
642	251	19	14
638	252	23	13
639	253	23	10
638	254	24	9
638	255	27	9
636	255	28	8
638	254	26	10
638	255	24	9
636	255	28	9
637	255	29	8
637	257	27	6
638	255	24	9
635	254	27	9
637	255	24	8
638	256	25	6
639	255	24	8
638	255	25	9
638	254	26	9
637	254	27	10
636	255	26	9
638	254	25	9
637	254	27	10
