7.7144
0.16539
0.13414
0.13134
0.13272
0.13293
0.23216
0.13037
0.12999
0.13266
0.13211
0.13256
0.23932
0.1336
0.13223
0.13356
0.13711
0.13189
0.23086
0.13488
0.13391
0.13043
0.13539
0.13777
0.2315
0.13363
0.13124
0.13065
0.13389
0.13474
0.27593
0.15406
0.15931
0.16079
0.15996
0.13847
0.23298
0.13149
0.13065
0.133
0.13527
0.13263
0.23162
0.13324
0.1318
0.13291
0.13498
0.13181
0.23355
0.13434
0.13294
0.13242
0.13266
0.13673
0.23956
0.1378
0.13218
0.13434
0.13445
0.13307
0.23007
0.13284
0.13293
0.13376
0.13144
0.13529
0.23265
0.13243
0.13486
0.13297
0.13432
0.13254
0.23236
0.13435
0.13856
0.13331
0.13247
0.13526
0.2342
0.1334
0.13893
0.13308
0.13333
0.13423
0.23479
0.13549
0.13701
0.13458
0.13478
0.13411
0.23731
0.134
0.13696
0.13493
0.13299
0.13692
0.24061
0.13283
0.13287
0.13446
0.13462
0.13558
0.23296
0.1323
0.13138
0.13539
0.13314
0.13281
0.23306
0.13216
0.13264
0.13763
0.13312
0.13351
0.23512
0.13285
0.13642
0.13545
0.13277
0.13508
0.23542
0.13319
0.13393
0.13729
0.13415
0.13425
0.23477
0.13459
0.13406
0.13456
0.13388
0.13362
0.23292
0.13283
0.13335
0.1333
0.1379
0.13131
0.23126
0.13242
0.13322
0.13287
0.14078
0.13211
0.23526
0.13401
0.13183
0.13291
0.1361
0.13248
0.2329
0.13089
0.13302
0.14265
0.13507
0.13204
0.23022
0.1385
0.1331
0.13288
0.1364
0.13215
0.23121
0.13098
0.13148
0.13092
0.13462
0.13756
0.22968
0.13033
0.13539
0.13183
0.133
0.13185
0.23026
0.13221
0.13133
0.13122
0.13169
0.13189
0.23226
0.12894
0.13392
0.13355
0.13117
0.13045
0.23119
0.13188
0.13172
0.13209
0.13212
0.13265
0.23751
0.13102
0.13232
0.13473
0.13282
0.13224
0.2363
0.13218
0.13227
0.1335
0.13268
0.13334
0.23474
0.13294
0.13414
0.1346
0.13339
0.13454
0.23181
0.13197
0.13318
0.1343
0.13461
0.13307
0.24729
0.13262
0.1422
0.13692
0.13378
0.1327
0.23258
0.13403
0.13266
0.13178
0.13207
0.13285
0.23316
0.13317
0.14367
0.13165
0.13002
0.13053
0.23843
0.13376
0.13235
0.13908
0.13239
0.13243
0.23252
0.14378
0.13237
0.13652
0.13168
0.13596
0.23081
0.13302
0.13505
0.13296
0.13624
0.13199
0.23409
0.13258
0.13643
0.13234
0.13612
0.13078
0.2359
0.13244
0.13489
0.13079
0.12806
0.12799
0.24089
0.13566
0.13226
0.13031
0.13012
0.13056
0.22842
0.13034
0.13176
0.13049
0.13175
0.1307
0.24316
0.12958
0.13127
0.1347
0.13012
0.13422
0.23088
0.12938
0.13013
0.13136
0.13501
0.13079
0.231
0.129
0.13021
0.13143
0.13292
0.14572
0.22732
0.13094
0.13062
0.13029
0.13303
0.12961
0.24043
0.13336
0.1468
0.13124
0.135
0.13103
0.23459
0.13786
0.13144
0.13236
0.13312
0.13382
0.23285
0.13828
0.13246
0.13188
0.12993
0.13145
0.23109
0.12863
0.12994
0.13138
0.13283
0.12987
0.2286
0.12642
0.13166
0.12839
0.12998
0.12901
0.22483
0.12789
0.12808
0.12811
0.13418
0.12771
0.2294
0.12653
0.12893
0.12893
0.1348
0.1286
0.23115
0.13023
0.12826
0.12865
0.12938
0.13076
0.23055
0.12987
0.13396
0.13069
0.13068
0.12973
0.23428
0.12956
0.12873
0.12857
0.13179
0.13156
0.23356
0.13218
0.12865
0.12985
0.13038
0.12804
0.23092
0.13096
0.12786
0.13807
0.12951
0.12927
0.23858
0.13053
0.12667
0.12862
0.12788
0.13917
0.23004
0.13163
0.12906
0.12931
0.12875
0.12772
0.24211
0.12772
0.12888
0.12737
0.13161
0.12749
0.22611
0.13638
0.12687
0.13151
0.12936
0.12949
0.22601
0.13165
0.12678
0.13278
0.12975
0.13258
0.23962
0.12944
0.13003
0.13664
0.12957
0.13047
0.22974
0.13062
0.13088
0.13094
0.13273
0.12795
0.22918
0.1292
0.14139
0.12815
0.1352
0.1281
0.22975
0.1288
0.13011
0.12706
0.12779
0.12868
0.26032
0.12787
0.12856
0.13922
0.14551
0.12909
0.22986
0.12749
0.12919
0.12768
0.12773
0.13518
0.22897
0.12988
0.13284
0.13794
0.13
0.13016
0.228
0.12908
0.13753
0.12951
0.12864
0.12995
0.23365
0.12724
0.13085
0.13458
0.13079
0.12992
0.25305
0.13962
0.13544
0.13833
0.12885
0.13133
0.22767
0.12707
0.12701
0.13026
0.12816
0.13127
0.22681
0.12576
0.12719
0.12586
0.12877
0.12806
0.22668
0.12605
0.12558
0.12636
0.12757
0.12738
0.22603
0.12743
0.13004
0.13104
0.12699
0.12626
0.22843
0.12672
0.13047
0.1277
0.12845
0.12729
0.22972
0.12656
0.12818
0.14014
0.1265
0.12882
0.22876
0.12836
0.12722
0.1279
0.13733
0.1273
0.22898
0.12784
0.12761
0.12647
0.12827
0.13099
0.22966
0.12565
0.1289
0.1407
0.12681
0.12662
0.22749
0.12845
0.12703
0.12749
0.12712
0.12703
0.22645
0.12561
0.12686
0.12751
0.12607
0.12636
0.22563
0.12753
0.12976
0.15459
0.12813
0.1281
0.23669
0.12707
0.13024
0.12741
0.12827
0.13261
0.22819
0.12763
0.12836
0.12699
0.12789
0.12805
0.23993
0.12673
0.12802
0.12897
0.1311
0.12648
0.24124
0.12618
0.12604
0.12776
0.12638
0.12757
0.22943
0.12575
0.12785
0.12581
0.1281
0.1272
0.22595
0.13157
0.12727
0.12612
0.12801
0.1267
0.23157
0.12688
0.12548
0.12571
0.12804
0.12669
0.22272
0.12688
0.12958
0.12619
0.12618
0.1387
0.22656
0.12614
0.13107
0.12673
0.13011
0.12729
0.22643
0.13446
0.12776
0.13001
0.12757
0.12611
0.23113
0.12689
0.12638
0.1272
0.13237
0.12894
0.23738
0.127
0.12763
0.12708
0.12702
0.13165
0.22895
0.12852
0.1279
0.1274
0.12644
0.12665
0.22877
0.12964
0.13341
0.12815
0.12532
0.12595
0.23846
0.12513
0.12585
0.12664
0.14371
0.12681
0.23334
0.12651
0.12701
0.127
0.12769
0.12672
0.2285
0.1278
0.1267
0.12918
0.12501
0.1266
0.22442
0.12666
0.12561
0.12563
0.12425
0.12487
0.22746
0.13455
0.12501
0.12791
0.1254
0.13148
0.22713
0.12916
0.128
0.12569
0.12461
0.12902
0.22455
0.12586
0.12593
0.12525
0.12619
0.12594
0.22673
0.12881
0.12607
0.12673
0.126
0.12875
0.22894
0.12459
0.12744
0.12578
0.1267
0.12549
0.22591
0.12647
0.13109
0.12868
0.12715
0.12682
0.22533
0.12646
0.12596
0.13191
0.12708
0.12681
0.2374
0.12585
0.12743
0.12804
0.1279
0.12816
0.23578
0.12865
0.12846
0.12784
0.12744
0.1304
0.22722
0.12774
0.12734
0.12802
0.12739
0.12601
0.22684
0.12763
0.14037
0.12839
0.12767
0.12633
0.22514
0.12709
0.12668
0.12644
0.1268
0.12902
0.22697
0.12709
0.12794
0.12828
0.12765
0.12689
0.22877
0.12717
0.12829
0.13045
0.12753
0.1265
0.22799
0.12669
0.12624
0.13142
0.13449
0.12742
0.22404
0.12577
0.12607
0.12595
0.13146
0.13313
0.22742
0.12636
0.12651
0.12582
0.12862
0.12573
0.23474
0.13002
0.12664
0.12591
0.12666
0.12756
0.22483
0.12859
0.12571
0.1307
0.12579
0.12624
0.22603
0.12998
0.12608
0.13572
0.13241
0.12876
0.22778
0.12666
0.129
0.12926
0.12539
0.1278
0.22989
0.12519
0.12663
0.12995
0.12658
0.12807
0.22557
0.1262
0.14822
0.13856
0.14031
0.14337
0.25781
0.13792
0.1269
0.12818
0.12655
0.12809
0.23947
0.12676
0.12798
0.13684
0.12775
0.13069
0.22789
0.12836
0.1341
0.12676
0.12611
0.12506
0.22473
0.13305
0.12639
0.1267
0.13151
0.12726
0.2284
0.12807
0.12852
0.12784
0.12691
0.12813
0.23367
0.14123
0.12854
0.12561
0.14189
0.12628
0.23558
0.12605
0.12873
0.12966
0.12574
0.12811
0.2252
0.12449
0.12602
0.12576
0.13506
0.12591
0.22736
0.12504
0.12511
0.12567
0.12723
0.12907
0.22849
0.12487
0.12601
0.12448
0.12787
0.12504
0.2391
0.12684
0.13588
0.12534
0.12631
0.1252
0.22677
0.12632
0.12654
0.12491
0.12531
0.12729
0.22248
0.12784
0.12659
0.12582
0.12968
0.12739
0.2288
0.12824
0.12776
0.1276
0.12796
0.1282
0.22952
0.12772
0.1263
0.12862
0.12825
0.12757
0.2287
0.12799
0.1299
0.12956
0.12865
0.12717
0.23327
0.12813
0.13963
0.1284
0.12808
0.13138
0.22878
0.13354
0.12866
0.12836
0.12824
0.12854
0.22886
0.13384
0.12879
0.12836
0.1395
0.12713
0.22841
0.12935
0.13038
0.13192
0.13059
0.13455
0.2273
0.12846
0.13335
0.12958
0.12929
0.13128
0.23148
0.12871
0.13305
0.13119
0.13178
0.13021
0.23083
0.13183
0.13979
0.13339
0.13849
0.13076
0.23324
0.12834
0.12858
0.12937
0.13132
0.13131
0.22838
0.13515
0.12926
0.13092
0.14582
0.13613
0.23868
0.13011
0.12933
0.13446
0.14647
0.1324
0.2313
0.13179
0.13004
0.13178
0.13008
0.13026
0.2316
0.13273
0.12924
0.12943
0.13674
0.12994
0.23087
0.13071
