227.333333,281.100000,218.333333,51.300000
225.600555,280.711029,218.000000,51.000000
225.767471,280.349304,213.725494,50.000000
222.270554,279.327667,213.725494,50.000000
218.891922,277.845703,213.725494,50.000000
220.884644,276.912140,205.426270,48.058437
218.383453,274.090027,205.426270,48.058437
211.901154,267.658875,209.534790,49.019608
213.601807,266.781464,201.398300,47.116116
205.882324,265.090271,205.426270,48.058437
199.440277,261.978394,209.534790,49.019608
198.042877,259.705414,205.426270,48.058437
192.424683,252.450150,205.426270,48.058437
187.050110,245.219498,205.426270,48.058437
184.179382,239.931931,201.398300,47.116116
181.259750,235.002502,197.449310,46.192272
176.852646,228.177292,197.449310,46.192272
170.011978,221.679794,197.449310,46.192272
168.308319,216.235657,193.577759,45.286541
160.302505,209.951019,197.449310,46.192272
154.881683,202.599869,197.449310,46.192272
153.474808,198.615646,193.577759,45.286541
148.439774,192.361984,193.577759,45.286541
147.685623,188.995453,193.577759,45.286541
144.207611,185.183517,197.449310,46.192272
140.757675,179.619522,197.449310,46.192272
141.335052,175.402283,193.577759,45.286541
141.502197,170.394714,189.782120,44.398571
143.855453,167.684738,186.060898,43.528008
144.079880,163.392197,186.060898,43.528008
144.231918,159.631256,186.060898,43.528008
145.292450,155.932236,186.060898,43.528008
148.830215,153.316284,182.412643,42.674519
150.845978,150.922852,182.412643,42.674519
152.851746,146.846008,182.412643,42.674519
156.344818,144.987457,182.412643,42.674519
159.050964,143.993683,182.412643,42.674519
161.125717,143.632385,182.412643,42.674519
165.301880,143.655762,182.412643,42.674519
167.385101,143.741043,182.412643,42.674519
170.714874,143.248291,178.835922,41.837765
172.390045,142.944366,178.835922,41.837765
175.494629,143.332703,178.835922,41.837765
177.305878,143.099380,178.835922,41.837765
178.771027,142.820419,178.835922,41.837765
179.551086,143.235367,178.835922,41.837765
181.628204,142.961105,178.835922,41.837765
181.926453,143.311127,178.835922,41.837765
183.241089,143.153625,178.835922,41.837765
184.294861,142.988464,178.835922,41.837765
187.446564,144.197250,175.329346,41.017414
185.724335,143.721603,178.835922,41.837765
188.170807,144.342728,175.329346,41.017414
189.022919,144.624405,175.329346,41.017414
189.509369,144.416534,175.329346,41.017414
189.452148,144.762207,175.329346,41.017414
189.563080,144.670929,175.329346,41.017414
189.606354,144.385178,175.329346,41.017414
189.802368,144.827454,175.329346,41.017414
190.182465,144.427551,175.329346,41.017414
190.637543,144.645432,175.329346,41.017414
190.239899,144.344299,175.329346,41.017414
190.893585,144.483902,175.329346,41.017414
190.396698,144.865601,175.329346,41.017414
189.891052,144.382126,175.329346,41.017414
189.888733,144.779510,175.329346,41.017414
190.314148,144.280807,175.329346,41.017414
190.731903,144.651154,175.329346,41.017414
190.039581,144.203384,175.329346,41.017414
190.156769,144.368134,175.329346,41.017414
190.242157,144.615417,175.329346,41.017414
190.690765,144.059845,175.329346,41.017414
188.223389,143.358154,178.835922,41.837765
188.204102,143.155960,178.835922,41.837765
190.586853,143.700897,175.329346,41.017414
189.912659,143.455048,175.329346,41.017414
190.348633,144.147629,175.329346,41.017414
190.354462,144.029266,175.329346,41.017414
190.485748,144.001877,175.329346,41.017414
190.854736,143.811203,175.329346,41.017414
191.192474,143.614899,175.329346,41.017414
191.527527,143.483032,175.329346,41.017414
191.055267,144.181335,175.329346,41.017414
191.405182,144.256073,175.329346,41.017414
190.977600,143.897064,175.329346,41.017414
191.440338,143.740982,175.329346,41.017414
191.295288,143.455750,175.329346,41.017414
193.491318,143.670624,171.891510,40.213154
193.432175,143.292938,171.891510,40.213154
193.641342,142.674820,171.891510,40.213154
194.172226,142.506042,171.891510,40.213154
194.305923,142.157852,171.891510,40.213154
194.793442,141.689590,171.891510,40.213154
197.355545,142.021530,168.521088,39.424660
197.719620,141.836609,168.521088,39.424660
198.121719,141.867355,168.521088,39.424660
198.023666,142.089798,168.521088,39.424660
198.257614,142.503494,168.521088,39.424660
200.310196,142.063202,165.216751,38.651627
200.982895,141.904053,165.216751,38.651627
203.439377,142.084991,161.977219,37.893753
205.585678,142.548218,158.801193,37.150738
206.545181,142.497086,158.801193,37.150738
207.199936,142.306198,158.801193,37.150738
207.512680,143.046539,158.801193,37.150738
210.112549,143.234604,155.687439,36.422291
210.617981,143.115829,155.687439,36.422291
211.321014,143.147339,155.687439,36.422291
211.712677,143.753937,155.687439,36.422291
212.162964,144.409286,155.687439,36.422291
212.415680,145.380249,155.687439,36.422291
212.678864,145.963150,155.687439,36.422291
213.577850,146.861832,155.687439,36.422291
213.984497,147.542557,155.687439,36.422291
214.420776,148.267471,155.687439,36.422291
214.807465,148.475769,155.687439,36.422291
215.197815,148.853409,155.687439,36.422291
214.762543,149.063171,155.687439,36.422291
215.266937,149.106827,155.687439,36.422291
215.256592,149.076767,155.687439,36.422291
215.495209,149.202698,155.687439,36.422291
215.974091,149.934891,155.687439,36.422291
216.706299,149.927032,155.687439,36.422291
217.201294,150.221710,155.687439,36.422291
217.342957,150.823059,155.687439,36.422291
218.318787,150.557190,155.687439,36.422291
219.398773,151.115723,155.687439,36.422291
220.947632,150.598465,155.687439,36.422291
224.674301,150.688049,152.634750,35.708130
227.350296,150.252579,152.634750,35.708130
227.186996,149.398117,158.801193,37.150738
229.139114,149.823883,158.801193,37.150738
233.418991,150.574066,158.801193,37.150738
233.139694,148.251129,165.216751,38.651627
236.144272,148.310150,165.216751,38.651627
240.318344,149.581482,165.216751,38.651627
242.704025,150.667145,168.521088,39.424660
244.816910,150.246964,171.891510,40.213154
246.066010,148.542435,175.329346,41.017414
249.192444,147.696075,175.329346,41.017414
251.783600,148.005722,175.329346,41.017414
251.928253,147.375427,178.835922,41.837765
256.914551,147.478943,175.329346,41.017414
258.772675,148.591370,175.329346,41.017414
260.960754,148.130905,175.329346,41.017414
262.773560,148.593414,175.329346,41.017414
264.332794,147.913513,175.329346,41.017414
266.283447,147.693802,175.329346,41.017414
265.394928,146.699371,178.835922,41.837765
266.070251,147.105667,178.835922,41.837765
266.547455,146.766083,178.835922,41.837765
269.144836,147.769608,175.329346,41.017414
269.794678,147.259674,175.329346,41.017414
269.957672,147.901291,175.329346,41.017414
270.692841,147.774170,175.329346,41.017414
271.087067,147.584564,175.329346,41.017414
272.753876,146.926010,175.329346,41.017414
273.280975,147.515976,175.329346,41.017414
276.814972,147.185608,171.891510,40.213154
277.948822,147.062851,171.891510,40.213154
279.903107,146.229248,171.891510,40.213154
282.169128,146.499054,171.891510,40.213154
284.039856,146.422012,171.891510,40.213154
290.069580,148.154282,168.521088,39.424660
290.472412,146.811340,171.891510,40.213154
292.667542,146.209366,171.891510,40.213154
297.149506,146.346939,168.521088,39.424660
299.048340,146.236252,168.521088,39.424660
301.762146,146.191513,168.521088,39.424660
303.871277,146.158829,168.521088,39.424660
306.885071,146.154587,168.521088,39.424660
309.083160,146.067169,168.521088,39.424660
312.679657,146.288040,165.216751,38.651627
315.074219,146.008896,165.216751,38.651627
317.947845,145.778885,165.216751,38.651627
319.881958,145.504562,165.216751,38.651627
321.912964,145.594498,165.216751,38.651627
324.190704,145.287933,165.216751,38.651627
326.532318,145.121643,165.216751,38.651627
327.709900,144.563248,165.216751,38.651627
329.241516,144.837296,165.216751,38.651627
331.330963,143.729904,165.216751,38.651627
331.858948,143.091125,168.521088,39.424660
330.561462,143.255554,171.891510,40.213154
332.379150,142.192932,171.891510,40.213154
333.429413,142.235947,171.891510,40.213154
335.321350,142.069519,171.891510,40.213154
336.026611,142.022247,175.329346,41.017414
338.706055,142.210709,175.329346,41.017414
338.560303,142.144547,178.835922,41.837765
342.085144,140.716858,178.835922,41.837765
342.022400,140.970612,182.412643,42.674519
344.417267,140.665955,182.412643,42.674519
348.008423,140.192245,182.412643,42.674519
350.512848,140.815216,182.412643,42.674519
355.559387,143.092056,182.412643,42.674519
359.270355,143.488174,186.060898,43.528008
360.536774,143.076492,193.577759,45.286541
362.791199,142.794998,197.449310,46.192272
366.798035,139.006577,197.449310,46.192272
369.386810,138.689636,197.449310,46.192272
372.757812,138.188324,197.449310,46.192272
403.373108,146.552795,136.511887,31.936268
409.070496,146.788223,133.835190,31.310066
412.348816,146.804184,133.835190,31.310066
412.633759,146.328506,136.511887,31.936268
417.919739,146.756683,133.835190,31.310066
419.120422,145.764374,136.511887,31.936268
421.334625,145.383896,136.511887,31.936268
425.769775,145.207703,133.835190,31.310066
427.509521,144.662628,136.511887,31.936268
429.406311,142.773712,136.511887,31.936268
428.950165,142.276047,139.242126,32.574993
432.819183,142.661240,136.511887,31.936268
434.133575,142.744736,136.511887,31.936268
436.100830,142.335861,136.511887,31.936268
437.252808,141.740402,136.511887,31.936268
438.649292,142.181854,136.511887,31.936268
439.797211,142.019455,136.511887,31.936268
437.802826,141.806778,139.242126,32.574993
438.276886,140.595520,139.242126,32.574993
439.067230,141.312088,139.242126,32.574993
439.085815,140.821991,139.242126,32.574993
439.271454,139.928604,139.242126,32.574993
440.132660,139.671829,139.242126,32.574993
440.268799,139.515366,139.242126,32.574993
440.638550,138.662018,139.242126,32.574993
440.906891,137.889908,137.719345,32.218746
440.784546,136.576233,137.136185,32.082317
440.623199,135.930908,137.043335,32.060596
440.413116,135.874435,136.488876,31.930883
439.119537,135.142578,136.396896,31.909367
439.186859,135.629303,136.442871,31.920122
438.775940,136.260544,136.167511,31.855701
437.955505,136.315872,136.259171,31.877146
437.653168,136.790314,136.213318,31.866421
436.662170,137.195236,136.305054,31.887878
435.533905,137.517319,136.419876,31.914743
434.125549,138.137436,136.396896,31.909367
433.221832,138.731934,136.305054,31.887878
431.931396,139.073914,136.442871,31.920122
431.704407,139.842300,136.534912,31.941652
430.191803,139.569839,136.350967,31.898619
430.262085,139.853729,136.350967,31.898619
429.874268,139.852814,136.167511,31.855701
429.208649,139.937561,136.144608,31.850346
428.725525,140.497803,136.167511,31.855701
428.100128,140.304565,136.190414,31.861059
427.389435,140.243439,136.121719,31.844990
426.873108,140.260757,136.167511,31.855701
426.998474,139.886978,136.167511,31.855701
427.267120,139.589508,136.167511,31.855701
426.932220,139.296600,136.075974,31.834286
426.760834,139.343414,136.075974,31.834286
426.245728,139.108658,135.984543,31.812899
427.095978,139.294678,136.030243,31.823589
426.259979,139.236801,136.030243,31.823589
425.569519,139.723389,135.984543,31.812899
424.827759,139.441086,135.984543,31.812899
423.939972,139.586227,136.030243,31.823589
423.008087,139.889633,135.984543,31.812899
422.220947,139.892960,136.030243,31.823589
421.573090,139.900467,135.984543,31.812899
421.711212,139.848251,136.030243,31.823589
420.904358,140.293228,135.938889,31.802216
419.824188,140.572540,135.984543,31.812899
418.844757,140.454865,135.984543,31.812899
417.364716,140.649307,136.075974,31.834286
415.802185,140.165070,136.121719,31.844990
415.210938,139.818848,136.121719,31.844990
412.678589,140.674637,136.167511,31.855701
413.315399,140.924377,133.497559,31.231079
411.406464,140.775726,133.497559,31.231079
411.941315,141.366196,130.879959,30.618706
411.894897,141.612839,128.313690,30.018339
405.917358,140.594238,137.043335,32.060596
405.295135,140.598419,137.043335,32.060596
405.792542,140.912643,134.356201,31.431957
406.126862,141.898300,131.721771,30.815643
405.937378,142.293823,129.138992,30.211416
405.033752,142.399292,126.606857,29.619036
406.560944,142.840866,121.690559,28.468891
407.643433,143.552658,119.304466,27.910679
406.912201,144.023376,119.304466,27.910679
407.228424,144.483490,116.965164,27.363409
408.410706,144.492233,114.671730,26.826872
408.348938,144.782776,114.671730,26.826872
407.790649,144.293015,114.671730,26.826872
406.993896,144.600449,114.671730,26.826872
407.802582,144.354858,112.423264,26.300856
407.398468,144.750534,112.423264,26.300856
408.274323,145.025818,110.218887,25.785152
408.095978,145.039062,110.218887,25.785152
407.940796,145.036484,110.218887,25.785152
407.591125,145.280762,110.218887,25.785152
408.767792,144.751785,108.057732,25.279560
408.772919,144.584381,108.057732,25.279560
408.709625,144.375488,108.057732,25.279560
408.530701,144.208298,108.057732,25.279560
408.271393,144.861145,108.057732,25.279560
407.806946,144.590561,108.057732,25.279560
409.260010,145.047470,105.938950,24.783884
406.957458,144.578842,108.057732,25.279560
408.569000,144.932114,105.938950,24.783884
390.164307,141.401093,137.275681,32.114956
390.054504,141.572235,137.275681,32.114956
389.863525,141.860458,137.275681,32.114956
389.502686,142.198090,137.275681,32.114956
388.718597,141.822906,137.275681,32.114956
388.230682,142.207352,137.275681,32.114956
390.050446,142.856583,134.584000,31.485249
389.475616,143.224411,134.584000,31.485249
389.470245,143.695862,134.584000,31.485249
387.690765,142.873016,136.167511,31.855701
388.784393,143.629471,133.497559,31.231079
385.958740,142.975891,136.075974,31.834286
389.356445,144.751663,130.791977,30.598122
388.612915,144.302429,130.791977,30.598122
387.816101,144.661560,130.791977,30.598122
384.598846,145.006943,135.938889,31.802216
382.612488,145.019897,138.657669,32.438259
383.127045,145.320084,135.529297,31.706394
382.551025,145.419052,135.711029,31.748911
380.925751,145.554932,135.802078,31.770212
381.243530,145.492706,133.139297,31.147266
377.881866,145.838928,136.259171,31.877146
377.514038,145.793365,135.893250,31.791540
376.935364,147.212982,135.711029,31.748911
375.049805,147.383560,135.893250,31.791540
373.705963,148.533203,135.893250,31.791540
372.240479,149.306396,136.030243,31.823589
371.917175,149.970444,135.893250,31.791540
370.293762,149.472778,136.121719,31.844990
368.657898,150.199875,136.396896,31.909367
367.814972,150.583786,136.627060,31.963213
366.981018,150.319794,136.811768,32.006420
365.415466,149.887512,136.996948,32.049747
365.401581,150.344620,137.275681,32.114956
367.231720,150.788635,137.462143,32.158573
366.414734,150.638306,137.649094,32.202312
366.252930,150.960434,137.836563,32.246170
366.296631,150.928268,138.071625,32.301159
365.828674,151.508163,138.307480,32.356339
366.450165,151.401749,138.402054,32.378460
366.092224,151.151184,138.734070,32.456135
365.993500,150.580475,139.067673,32.534180
365.492432,151.060684,139.643326,32.668850
366.512177,150.489777,140.515793,32.872959
366.501099,151.010986,140.272354,32.816010
367.806610,151.640732,141.498077,33.102760
368.563354,151.690643,141.696182,33.149109
369.693512,151.548630,140.760086,32.930111
369.359497,151.544128,141.054352,32.998955
367.451447,152.631897,141.349854,33.068085
364.589630,153.811050,141.597061,33.125919
359.352692,154.588776,142.193893,33.265541
353.461487,155.355560,142.193893,33.265541
350.181854,157.724030,143.199860,33.500885
345.181824,159.950302,143.912552,33.667614
339.923950,163.855820,144.787552,33.872318
393.734528,94.731911,83.058266,19.431063
344.532837,84.694054,149.492615,34.973042
387.609680,105.669746,83.177727,19.459009
332.283722,89.802612,152.018768,35.564026
376.761810,109.083260,83.745552,19.591850
369.195374,109.435089,83.745552,19.591850
324.848663,95.956581,154.927673,36.244545
337.917816,101.736786,129.585785,30.315941
333.770905,102.009468,129.131104,30.209570
331.377106,100.960724,128.393906,30.037107
326.384888,99.859001,130.961792,30.637850
307.240448,92.120110,127.665092,29.866604
303.269073,91.496140,130.218399,30.463936
303.658875,91.321381,130.218399,30.463936
308.625458,91.476570,129.048767,30.190310
305.181458,87.338402,131.629745,30.794115
301.597351,83.210945,134.262344,31.409998
331.189850,225.212021,166.869751,39.038334
328.822968,229.341354,167.076355,39.086670
328.982300,232.694870,168.117111,39.330151
330.138458,235.579697,169.809570,39.726089
330.604309,239.483078,171.827667,40.198215
229.906998,181.069656,173.298798,40.542381
228.123138,188.275177,175.477249,41.052017
230.070099,192.757874,172.036514,40.247074
228.769562,197.483322,172.036514,40.247074
221.522186,200.887375,182.107956,42.603237
213.960022,206.670654,186.814026,43.704201
210.189941,210.598709,190.416748,44.547035
212.025024,213.114685,185.699997,43.443577
179.506088,205.106491,132.860519,31.082048
267.890503,231.368073,96.181038,22.501070
152.527557,222.704483,128.414276,30.041872
147.436569,203.909149,125.391357,29.334675
138.621597,205.366455,121.678993,28.466187
118.391487,263.569977,124.103615,29.033415
120.127281,273.659943,123.066116,28.790697
139.025528,257.565857,96.964310,22.684311
364.983643,154.254517,228.586105,53.476566
139.291763,257.007812,96.135361,22.490383
374.718262,164.244766,233.733261,54.680717
141.029495,258.039032,92.447136,21.627541
441.623566,158.095413,238.273102,55.742790
146.164719,259.303009,84.550125,19.780075
146.911621,257.877869,82.081505,19.202555
147.123978,258.405518,82.064873,19.198662
