79.000000,69.000000,132.000000,200.000000
80.756000,67.812000,132.000000,200.000000
84.023000,66.823000,132.000000,200.000000
87.920000,68.041000,129.410000,196.080000
91.732000,66.009000,129.410000,196.080000
94.432000,64.631000,129.410000,196.080000
97.662000,65.490000,126.870000,192.230000
100.500000,64.337000,126.870000,192.230000
104.480000,62.850000,126.870000,192.230000
107.800000,61.899000,126.870000,192.230000
111.570000,62.289000,124.390000,188.460000
115.540000,61.553000,124.390000,188.460000
118.600000,60.423000,124.390000,188.460000
121.770000,59.595000,124.390000,188.460000
125.360000,58.348000,124.390000,188.460000
127.920000,57.241000,124.390000,188.460000
131.880000,58.249000,121.950000,184.770000
135.980000,56.879000,121.950000,184.770000
139.380000,56.007000,121.950000,184.770000
143.290000,57.046000,119.560000,181.150000
146.240000,56.306000,119.560000,181.150000
149.720000,55.670000,119.560000,181.150000
153.660000,54.448000,119.560000,181.150000
157.850000,55.149000,117.210000,177.590000
160.730000,54.701000,117.210000,177.590000
164.110000,53.369000,117.210000,177.590000
168.690000,54.499000,114.910000,174.110000
169.860000,51.615000,117.210000,177.590000
172.910000,50.106000,117.210000,177.590000
176.020000,49.136000,117.210000,177.590000
178.400000,47.885000,117.210000,177.590000
181.780000,49.086000,114.910000,174.110000
182.630000,45.702000,117.210000,177.590000
184.680000,44.695000,117.210000,177.590000
186.540000,43.677000,117.210000,177.590000
189.730000,44.908000,114.910000,174.110000
191.120000,44.323000,114.910000,174.110000
192.630000,43.222000,114.910000,174.110000
194.340000,43.889000,112.660000,170.700000
195.260000,41.130000,114.910000,174.110000
197.120000,41.855000,112.660000,170.700000
197.900000,40.814000,112.660000,170.700000
198.890000,40.128000,112.660000,170.700000
199.930000,39.337000,112.660000,170.700000
201.110000,38.582000,112.660000,170.700000
203.150000,40.166000,110.450000,167.350000
203.870000,39.273000,110.450000,167.350000
204.290000,38.585000,110.450000,167.350000
205.020000,37.335000,110.450000,167.350000
205.880000,36.172000,110.450000,167.350000
207.120000,37.611000,108.290000,164.070000
207.790000,36.667000,108.290000,164.070000
208.960000,35.640000,108.290000,164.070000
210.080000,36.587000,106.160000,160.850000
210.280000,35.342000,106.160000,160.850000
210.600000,35.063000,106.160000,160.850000
211.210000,34.210000,106.160000,160.850000
211.250000,33.665000,106.160000,160.850000
211.520000,32.485000,106.160000,160.850000
211.990000,32.126000,106.160000,160.850000
213.150000,33.349000,104.080000,157.700000
213.600000,32.165000,104.080000,157.700000
214.140000,31.237000,104.080000,157.700000
213.820000,30.785000,104.080000,157.700000
215.450000,31.915000,102.040000,154.610000
215.440000,30.899000,102.040000,154.610000
215.500000,30.285000,102.040000,154.610000
215.670000,29.810000,102.040000,154.610000
217.130000,30.449000,100.040000,151.580000
216.940000,29.810000,100.040000,151.580000
217.500000,29.441000,100.040000,151.580000
217.640000,28.576000,100.040000,151.580000
218.180000,29.262000,98.078000,148.600000
217.820000,28.754000,98.078000,148.600000
218.220000,27.679000,98.078000,148.600000
217.960000,27.629000,98.078000,148.600000
218.380000,26.995000,98.078000,148.600000
219.140000,27.523000,96.155000,145.690000
219.090000,26.855000,96.155000,145.690000
220.240000,28.526000,94.269000,142.830000
220.560000,28.354000,94.269000,142.830000
220.890000,27.657000,94.269000,142.830000
221.090000,27.975000,92.421000,140.030000
220.960000,27.604000,92.421000,140.030000
221.000000,26.844000,92.421000,140.030000
220.930000,26.517000,92.421000,140.030000
220.930000,25.868000,92.421000,140.030000
220.970000,25.642000,92.421000,140.030000
221.070000,24.887000,92.421000,140.030000
222.720000,26.110000,90.609000,137.290000
222.960000,25.660000,90.609000,137.290000
223.400000,24.781000,90.609000,137.290000
224.560000,25.222000,88.832000,134.590000
225.000000,24.752000,88.832000,134.590000
226.120000,25.695000,87.090000,131.960000
226.750000,25.649000,87.090000,131.960000
226.950000,25.239000,87.090000,131.960000
227.710000,24.478000,87.090000,131.960000
228.870000,25.391000,85.383000,129.370000
229.770000,24.692000,85.383000,129.370000
230.470000,24.355000,85.383000,129.370000
231.960000,25.017000,83.709000,126.830000
233.320000,24.806000,83.709000,126.830000
233.720000,24.423000,83.709000,126.830000
234.780000,24.208000,83.709000,126.830000
235.870000,23.695000,83.709000,126.830000
237.210000,23.832000,82.067000,124.340000
237.610000,23.189000,82.067000,124.340000
238.910000,22.823000,82.067000,124.340000
239.440000,21.611000,83.709000,126.830000
240.190000,21.745000,82.067000,124.340000
240.390000,21.648000,82.067000,124.340000
241.000000,21.027000,82.067000,124.340000
242.230000,21.626000,80.458000,121.910000
242.990000,21.176000,80.458000,121.910000
243.230000,20.248000,80.458000,121.910000
243.730000,19.637000,80.458000,121.910000
244.270000,19.531000,80.458000,121.910000
244.550000,18.949000,80.458000,121.910000
244.860000,18.740000,80.458000,121.910000
244.990000,18.342000,80.458000,121.910000
245.490000,17.419000,80.458000,121.910000
247.060000,18.291000,78.880000,119.520000
247.200000,17.742000,78.880000,119.520000
247.730000,17.485000,78.880000,119.520000
247.690000,17.049000,78.880000,119.520000
247.830000,17.013000,78.880000,119.520000
248.250000,16.577000,78.880000,119.520000
249.730000,17.069000,77.334000,117.170000
249.640000,16.952000,77.334000,117.170000
249.960000,16.529000,77.334000,117.170000
250.600000,15.885000,77.334000,117.170000
250.220000,15.583000,77.334000,117.170000
251.400000,15.849000,75.817000,114.870000
250.980000,15.523000,75.817000,114.870000
251.470000,15.672000,75.817000,114.870000
251.690000,14.874000,75.817000,114.870000
251.890000,14.362000,75.817000,114.870000
252.140000,14.305000,75.817000,114.870000
252.360000,15.322000,74.331000,112.620000
252.730000,14.824000,74.331000,112.620000
253.330000,14.068000,74.331000,112.620000
253.000000,13.913000,74.331000,112.620000
252.950000,13.387000,74.331000,112.620000
252.650000,13.455000,74.331000,112.620000
254.390000,14.739000,72.873000,110.410000
254.480000,14.742000,72.873000,110.410000
254.630000,14.389000,72.873000,110.410000
254.110000,13.885000,72.873000,110.410000
254.190000,13.162000,72.873000,110.410000
254.360000,13.756000,71.444000,108.250000
253.930000,13.818000,71.444000,108.250000
255.080000,14.980000,70.044000,106.130000
253.820000,12.610000,71.444000,108.250000
254.920000,14.119000,70.044000,106.130000
255.440000,13.435000,70.044000,106.130000
255.160000,13.439000,70.044000,106.130000
254.820000,13.126000,70.044000,106.130000
255.380000,12.509000,70.044000,106.130000
254.850000,12.433000,70.044000,106.130000
255.390000,12.763000,68.670000,104.050000
255.090000,12.809000,68.670000,104.050000
254.760000,12.506000,68.670000,104.050000
254.440000,11.873000,68.670000,104.050000
255.020000,12.881000,67.324000,102.010000
254.880000,12.570000,67.324000,102.010000
254.500000,11.935000,67.324000,102.010000
254.710000,13.370000,66.004000,100.010000
255.140000,12.752000,66.004000,100.010000
254.290000,13.021000,66.004000,100.010000
254.300000,12.045000,66.004000,100.010000
254.020000,11.735000,66.004000,100.010000
253.920000,13.023000,64.709000,98.045000
253.790000,12.291000,64.709000,98.045000
253.320000,12.198000,64.709000,98.045000
253.140000,11.721000,64.709000,98.045000
252.390000,11.831000,64.709000,98.045000
251.940000,11.855000,64.709000,98.045000
251.070000,11.779000,64.709000,98.045000
250.460000,11.439000,64.709000,98.045000
250.120000,11.903000,63.441000,96.122000
249.380000,12.050000,63.441000,96.122000
248.140000,11.165000,63.441000,96.122000
247.730000,10.983000,63.441000,96.122000
246.640000,10.684000,63.441000,96.122000
246.070000,10.805000,63.441000,96.122000
245.560000,10.707000,63.441000,96.122000
244.540000,10.315000,63.441000,96.122000
244.280000,10.786000,62.197000,94.237000
243.740000,11.041000,62.197000,94.237000
243.570000,10.210000,62.197000,94.237000
242.680000,9.935500,62.197000,94.237000
242.030000,9.461200,62.197000,94.237000
241.030000,9.649400,62.197000,94.237000
240.370000,9.614200,62.197000,94.237000
240.840000,10.300000,60.977000,92.390000
240.350000,9.675600,60.977000,92.390000
240.280000,9.624200,60.977000,92.390000
239.990000,9.360400,60.977000,92.390000
239.840000,10.055000,59.782000,90.578000
239.830000,9.799300,59.782000,90.578000
239.440000,9.415700,59.782000,90.578000
238.780000,9.879200,59.782000,90.578000
238.640000,9.619900,59.782000,90.578000
237.990000,10.292000,59.782000,90.578000
238.000000,10.185000,59.782000,90.578000
237.850000,10.042000,59.782000,90.578000
237.340000,9.779700,59.782000,90.578000
236.740000,9.504900,59.782000,90.578000
236.420000,10.026000,59.782000,90.578000
236.140000,9.778300,59.782000,90.578000
235.780000,9.568900,59.782000,90.578000
236.090000,9.832800,59.782000,90.578000
236.190000,9.458700,59.782000,90.578000
236.180000,11.106000,58.609000,88.802000
235.780000,9.982700,59.782000,90.578000
235.760000,9.762400,59.782000,90.578000
235.720000,9.554600,59.782000,90.578000
235.790000,11.098000,58.609000,88.802000
234.970000,9.971200,59.782000,90.578000
235.670000,9.562300,59.782000,90.578000
235.850000,10.974000,58.609000,88.802000
235.600000,10.526000,58.609000,88.802000
237.020000,11.767000,57.460000,87.061000
236.220000,9.597000,58.609000,88.802000
236.780000,10.893000,57.460000,87.061000
237.040000,10.454000,57.460000,87.061000
237.040000,10.702000,57.460000,87.061000
237.100000,10.112000,57.460000,87.061000
236.970000,10.186000,57.460000,87.061000
236.770000,10.259000,57.460000,87.061000
236.380000,10.143000,57.460000,87.061000
235.930000,10.010000,57.460000,87.061000
236.650000,10.599000,56.333000,85.354000
236.940000,10.314000,56.333000,85.354000
235.580000,9.895600,57.460000,87.061000
236.020000,10.353000,56.333000,85.354000
235.830000,10.150000,56.333000,85.354000
236.180000,10.533000,56.333000,85.354000
235.460000,10.136000,56.333000,85.354000
235.500000,10.511000,56.333000,85.354000
235.390000,10.002000,56.333000,85.354000
235.110000,10.777000,55.229000,83.680000
234.960000,10.486000,55.229000,83.680000
234.550000,10.132000,55.229000,83.680000
234.120000,10.572000,55.229000,83.680000
234.260000,9.972600,55.229000,83.680000
234.230000,9.922000,55.229000,83.680000
233.890000,9.907900,55.229000,83.680000
233.250000,9.554300,55.229000,83.680000
233.770000,10.365000,54.146000,82.039000
233.780000,10.118000,54.146000,82.039000
233.370000,9.925500,54.146000,82.039000
233.980000,11.718000,53.084000,80.431000
232.190000,10.113000,54.146000,82.039000
231.970000,9.379400,54.146000,82.039000
231.290000,9.100300,54.146000,82.039000
231.490000,8.928400,54.146000,82.039000
233.010000,10.854000,53.084000,80.431000
232.070000,9.943900,53.084000,80.431000
232.550000,9.644300,53.084000,80.431000
232.140000,9.785200,53.084000,80.431000
234.250000,9.365000,53.084000,80.431000
235.340000,9.408200,53.084000,80.431000
236.050000,9.121000,53.084000,80.431000
235.860000,8.225800,53.084000,80.431000
235.860000,8.609100,53.084000,80.431000
235.230000,9.271900,53.084000,80.431000
233.790000,7.884100,54.146000,82.039000
233.820000,7.976400,54.146000,82.039000
233.690000,7.901200,54.146000,82.039000
233.870000,7.503800,54.146000,82.039000
234.710000,6.897900,54.146000,82.039000
234.670000,7.151800,54.146000,82.039000
235.050000,6.416500,54.146000,82.039000
234.070000,6.876000,54.146000,82.039000
234.170000,7.468400,54.146000,82.039000
233.990000,7.450800,54.146000,82.039000
234.700000,7.057100,54.146000,82.039000
235.570000,6.710000,54.146000,82.039000
235.670000,7.213300,54.146000,82.039000
235.650000,6.751600,54.146000,82.039000
236.270000,6.563000,54.146000,82.039000
236.490000,6.450200,54.146000,82.039000
236.970000,6.676200,54.146000,82.039000
236.990000,6.849500,54.146000,82.039000
237.100000,6.871100,54.146000,82.039000
237.680000,6.914000,54.146000,82.039000
238.130000,7.314600,54.146000,82.039000
237.990000,5.687100,55.229000,83.680000
239.030000,5.568800,55.229000,83.680000
240.350000,5.998400,54.146000,82.039000
240.760000,5.784900,54.146000,82.039000
242.160000,6.376600,54.146000,82.039000
241.960000,6.266400,54.146000,82.039000
242.070000,6.210100,54.146000,82.039000
242.430000,5.592300,54.146000,82.039000
243.900000,6.369600,54.146000,82.039000
244.970000,4.953600,55.229000,83.680000
245.460000,5.848500,54.146000,82.039000
246.460000,6.300000,54.146000,82.039000
247.190000,5.039100,55.229000,83.680000
248.910000,5.427400,55.229000,83.680000
250.250000,4.865600,55.229000,83.680000
251.280000,5.853700,54.146000,82.039000
251.940000,6.275900,54.146000,82.039000
252.880000,5.828400,54.146000,82.039000
254.710000,6.030600,54.146000,82.039000
255.970000,5.768900,54.146000,82.039000
256.520000,6.318700,54.146000,82.039000
257.840000,6.225000,54.146000,82.039000
259.120000,6.522800,54.146000,82.039000
259.380000,7.305200,54.146000,82.039000
261.500000,8.967600,53.084000,80.431000
262.510000,9.687000,52.043000,78.854000
263.630000,9.773600,52.043000,78.854000
264.230000,9.665600,52.043000,78.854000
264.280000,9.646000,52.043000,78.854000
265.070000,9.406500,52.043000,78.854000
265.260000,9.625300,52.043000,78.854000
265.330000,8.424600,53.084000,80.431000
266.130000,8.589500,53.084000,80.431000
264.740000,7.309800,54.146000,82.039000
264.730000,6.519300,54.146000,82.039000
264.780000,6.380800,54.146000,82.039000
264.630000,6.064500,54.146000,82.039000
264.290000,5.674400,54.146000,82.039000
264.030000,5.834900,54.146000,82.039000
263.860000,6.077000,54.146000,82.039000
264.920000,5.293500,54.146000,82.039000
265.510000,5.455000,54.146000,82.039000
264.730000,5.041300,55.229000,83.680000
264.350000,5.770400,55.229000,83.680000
264.730000,5.742300,55.229000,83.680000
264.330000,6.385200,55.229000,83.680000
265.100000,7.604700,54.146000,82.039000
264.310000,8.711300,54.146000,82.039000
265.190000,10.363000,53.084000,80.431000
265.180000,10.639000,53.084000,80.431000
265.080000,10.747000,53.084000,80.431000
264.940000,10.980000,53.084000,80.431000
264.640000,10.510000,53.084000,80.431000
264.320000,10.723000,53.084000,80.431000
264.510000,11.073000,53.084000,80.431000
263.920000,10.698000,53.084000,80.431000
264.170000,11.379000,53.084000,80.431000
264.360000,11.634000,53.084000,80.431000
264.370000,12.056000,53.084000,80.431000
264.470000,12.256000,52.043000,78.854000
264.240000,12.708000,52.043000,78.854000
263.830000,12.456000,52.043000,78.854000
264.580000,13.182000,52.043000,78.854000
264.330000,13.339000,52.043000,78.854000
264.030000,13.487000,52.043000,78.854000
264.030000,13.659000,52.043000,78.854000
263.580000,13.117000,52.043000,78.854000
263.970000,12.986000,53.084000,80.431000
263.880000,13.028000,53.084000,80.431000
263.670000,12.922000,53.084000,80.431000
263.240000,13.107000,53.084000,80.431000
262.580000,12.040000,54.146000,82.039000
262.070000,11.771000,54.146000,82.039000
260.770000,11.753000,55.229000,83.680000
260.540000,12.134000,55.229000,83.680000
259.840000,12.707000,55.229000,83.680000
259.550000,12.696000,55.229000,83.680000
258.790000,12.764000,55.229000,83.680000
258.440000,12.768000,56.333000,85.354000
258.110000,12.889000,56.333000,85.354000
257.180000,13.363000,56.333000,85.354000
256.830000,13.738000,55.229000,83.680000
256.260000,13.671000,56.333000,85.354000
255.740000,14.021000,56.333000,85.354000
255.690000,14.464000,56.333000,85.354000
255.200000,14.359000,56.333000,85.354000
254.060000,14.439000,56.333000,85.354000
253.480000,14.678000,56.333000,85.354000
252.720000,14.263000,57.460000,87.061000
251.820000,14.845000,57.460000,87.061000
251.790000,14.560000,57.460000,87.061000
250.950000,14.528000,57.460000,87.061000
249.370000,13.596000,58.609000,88.802000
248.560000,14.306000,58.609000,88.802000
247.910000,14.681000,58.609000,88.802000
246.720000,14.699000,58.609000,88.802000
245.320000,13.885000,59.782000,90.578000
244.750000,14.131000,59.782000,90.578000
244.800000,14.470000,59.782000,90.578000
244.500000,14.810000,59.782000,90.578000
243.980000,14.793000,59.782000,90.578000
244.200000,14.920000,59.782000,90.578000
243.390000,15.050000,59.782000,90.578000
243.580000,15.380000,59.782000,90.578000
242.490000,15.018000,60.977000,92.390000
242.490000,14.790000,60.977000,92.390000
241.660000,14.592000,62.197000,94.237000
241.470000,14.591000,62.197000,94.237000
241.340000,14.734000,62.197000,94.237000
241.250000,15.178000,62.197000,94.237000
241.220000,15.163000,62.197000,94.237000
241.100000,15.308000,62.197000,94.237000
241.730000,15.907000,62.197000,94.237000
242.500000,15.845000,62.197000,94.237000
242.080000,15.928000,63.441000,96.122000
242.550000,16.612000,63.441000,96.122000
242.220000,16.984000,63.441000,96.122000
243.990000,17.930000,62.197000,94.237000
243.390000,18.231000,62.197000,94.237000
243.710000,17.691000,63.441000,96.122000
244.200000,18.481000,63.441000,96.122000
245.100000,18.786000,63.441000,96.122000
245.460000,19.217000,63.441000,96.122000
245.330000,19.337000,63.441000,96.122000
245.620000,19.555000,63.441000,96.122000
245.860000,19.747000,63.441000,96.122000
246.470000,19.984000,63.441000,96.122000
245.970000,19.467000,63.441000,96.122000
246.560000,19.768000,63.441000,96.122000
246.040000,19.912000,63.441000,96.122000
246.370000,20.378000,63.441000,96.122000
245.590000,20.146000,63.441000,96.122000
245.340000,20.095000,63.441000,96.122000
244.770000,20.189000,63.441000,96.122000
244.910000,20.384000,63.441000,96.122000
244.750000,20.563000,63.441000,96.122000
244.520000,20.645000,63.441000,96.122000
244.310000,20.428000,63.441000,96.122000
244.470000,20.348000,63.441000,96.122000
244.810000,20.300000,63.441000,96.122000
245.310000,19.992000,63.441000,96.122000
245.400000,19.658000,63.441000,96.122000
245.230000,19.273000,64.709000,98.045000
245.720000,19.025000,64.709000,98.045000
245.560000,18.508000,64.709000,98.045000
246.370000,18.601000,64.709000,98.045000
246.350000,18.502000,64.709000,98.045000
246.530000,18.280000,64.709000,98.045000
247.010000,18.221000,64.709000,98.045000
246.860000,18.060000,64.709000,98.045000
246.440000,18.155000,64.709000,98.045000
246.630000,18.444000,64.709000,98.045000
247.090000,18.658000,64.709000,98.045000
247.000000,18.968000,64.709000,98.045000
246.930000,19.158000,64.709000,98.045000
247.090000,18.706000,64.709000,98.045000
247.260000,19.145000,64.709000,98.045000
247.150000,18.746000,64.709000,98.045000
247.120000,18.939000,64.709000,98.045000
247.130000,19.300000,64.709000,98.045000
247.140000,18.847000,64.709000,98.045000
247.260000,19.315000,64.709000,98.045000
247.360000,18.497000,64.709000,98.045000
246.850000,18.316000,64.709000,98.045000
246.410000,18.010000,64.709000,98.045000
246.440000,17.636000,64.709000,98.045000
245.940000,16.814000,66.004000,100.010000
246.180000,16.697000,66.004000,100.010000
245.560000,16.704000,66.004000,100.010000
245.820000,16.669000,66.004000,100.010000
246.040000,16.709000,66.004000,100.010000
245.390000,16.639000,66.004000,100.010000
245.680000,16.700000,66.004000,100.010000
245.840000,16.857000,66.004000,100.010000
245.880000,16.985000,66.004000,100.010000
245.830000,17.033000,66.004000,100.010000
246.170000,17.517000,64.709000,98.045000
245.390000,16.846000,66.004000,100.010000
245.220000,17.178000,66.004000,100.010000
245.830000,17.920000,64.709000,98.045000
245.350000,17.194000,66.004000,100.010000
246.030000,18.063000,64.709000,98.045000
246.390000,18.080000,64.709000,98.045000
246.770000,18.050000,64.709000,98.045000
246.530000,18.015000,64.709000,98.045000
247.140000,18.175000,64.709000,98.045000
247.310000,18.397000,64.709000,98.045000
247.020000,18.863000,64.709000,98.045000
246.990000,19.590000,64.709000,98.045000
246.730000,19.696000,64.709000,98.045000
246.060000,19.884000,64.709000,98.045000
246.250000,20.319000,64.709000,98.045000
246.740000,20.411000,63.441000,96.122000
246.610000,20.412000,63.441000,96.122000
246.310000,20.438000,63.441000,96.122000
245.890000,20.299000,63.441000,96.122000
246.330000,20.156000,63.441000,96.122000
245.710000,20.092000,63.441000,96.122000
245.880000,20.136000,63.441000,96.122000
246.500000,20.579000,63.441000,96.122000
246.280000,20.480000,64.709000,98.045000
247.180000,20.867000,64.709000,98.045000
247.380000,21.602000,64.709000,98.045000
247.870000,21.790000,64.709000,98.045000
248.040000,21.736000,64.709000,98.045000
248.560000,21.609000,64.709000,98.045000
249.380000,21.450000,64.709000,98.045000
249.520000,21.505000,64.709000,98.045000
249.670000,21.661000,64.709000,98.045000
249.080000,21.731000,64.709000,98.045000
249.080000,21.778000,64.709000,98.045000
248.940000,22.067000,64.709000,98.045000
248.850000,22.584000,63.441000,96.122000
248.300000,21.975000,64.709000,98.045000
248.420000,22.569000,64.709000,98.045000
248.370000,22.511000,64.709000,98.045000
248.230000,22.534000,64.709000,98.045000
248.040000,22.615000,64.709000,98.045000
247.790000,22.692000,64.709000,98.045000
247.630000,22.735000,64.709000,98.045000
248.230000,22.721000,64.709000,98.045000
248.230000,22.646000,64.709000,98.045000
248.360000,22.365000,64.709000,98.045000
248.470000,21.973000,64.709000,98.045000
248.950000,22.259000,64.709000,98.045000
248.980000,21.753000,64.709000,98.045000
249.350000,21.932000,64.709000,98.045000
249.950000,21.831000,64.709000,98.045000
249.650000,21.943000,64.709000,98.045000
249.930000,21.914000,64.709000,98.045000
250.570000,22.358000,64.709000,98.045000
251.260000,21.999000,64.709000,98.045000
251.450000,21.958000,64.709000,98.045000
251.280000,21.767000,66.004000,100.010000
251.360000,21.764000,66.004000,100.010000
251.650000,22.007000,66.004000,100.010000
252.900000,21.745000,66.004000,100.010000
253.530000,22.462000,66.004000,100.010000
254.190000,22.647000,66.004000,100.010000
254.670000,22.804000,66.004000,100.010000
256.290000,23.326000,66.004000,100.010000
256.660000,22.959000,66.004000,100.010000
256.780000,22.029000,67.324000,102.010000
257.570000,21.643000,67.324000,102.010000
258.030000,22.265000,67.324000,102.010000
259.590000,22.234000,67.324000,102.010000
260.040000,22.333000,67.324000,102.010000
260.440000,21.398000,68.670000,104.050000
261.270000,21.656000,68.670000,104.050000
262.160000,21.929000,68.670000,104.050000
262.790000,22.161000,68.670000,104.050000
263.140000,21.442000,68.670000,104.050000
264.000000,21.457000,68.670000,104.050000
264.050000,21.447000,68.670000,104.050000
263.820000,21.409000,68.670000,104.050000
262.920000,21.324000,68.670000,104.050000
262.190000,21.162000,68.670000,104.050000
261.290000,21.061000,68.670000,104.050000
260.420000,20.767000,68.670000,104.050000
259.470000,21.003000,68.670000,104.050000
259.540000,21.420000,67.324000,102.010000
258.150000,21.135000,67.324000,102.010000
257.890000,20.645000,67.324000,102.010000
256.850000,20.591000,67.324000,102.010000
256.080000,20.436000,67.324000,102.010000
255.710000,20.028000,67.324000,102.010000
254.660000,19.479000,67.324000,102.010000
253.990000,19.556000,67.324000,102.010000
253.630000,19.596000,67.324000,102.010000
252.930000,19.258000,67.324000,102.010000
252.460000,19.142000,67.324000,102.010000
251.520000,19.118000,67.324000,102.010000
251.170000,18.908000,67.324000,102.010000
251.170000,19.471000,67.324000,102.010000
250.630000,19.526000,67.324000,102.010000
249.950000,19.470000,67.324000,102.010000
249.740000,19.444000,67.324000,102.010000
249.470000,19.465000,67.324000,102.010000
249.010000,19.400000,67.324000,102.010000
249.170000,19.446000,67.324000,102.010000
249.100000,19.568000,67.324000,102.010000
249.020000,19.597000,67.324000,102.010000
248.830000,19.677000,67.324000,102.010000
248.480000,19.690000,67.324000,102.010000
248.060000,19.901000,67.324000,102.010000
248.240000,20.288000,67.324000,102.010000
248.240000,19.800000,67.324000,102.010000
249.290000,21.909000,66.004000,100.010000
247.650000,20.390000,67.324000,102.010000
247.090000,20.084000,67.324000,102.010000
246.980000,19.638000,67.324000,102.010000
246.720000,19.837000,67.324000,102.010000
246.070000,19.981000,67.324000,102.010000
245.620000,19.838000,67.324000,102.010000
245.280000,19.543000,67.324000,102.010000
245.740000,19.359000,67.324000,102.010000
246.070000,19.290000,67.324000,102.010000
246.330000,19.372000,67.324000,102.010000
246.790000,19.484000,67.324000,102.010000
246.190000,18.649000,68.670000,104.050000
246.390000,19.087000,68.670000,104.050000
246.780000,18.825000,68.670000,104.050000
246.700000,19.311000,68.670000,104.050000
246.580000,19.346000,68.670000,104.050000
247.530000,19.478000,68.670000,104.050000
248.000000,19.999000,68.670000,104.050000
247.210000,20.094000,68.670000,104.050000
247.830000,20.396000,68.670000,104.050000
248.210000,22.002000,67.324000,102.010000
248.970000,22.153000,67.324000,102.010000
248.800000,22.056000,67.324000,102.010000
249.800000,22.251000,67.324000,102.010000
250.860000,22.282000,67.324000,102.010000
252.590000,22.108000,67.324000,102.010000
253.560000,21.333000,67.324000,102.010000
255.660000,21.125000,67.324000,102.010000
256.690000,20.802000,67.324000,102.010000
258.030000,21.166000,67.324000,102.010000
259.460000,21.105000,67.324000,102.010000
260.050000,21.342000,67.324000,102.010000
260.640000,21.833000,67.324000,102.010000
261.150000,22.576000,67.324000,102.010000
262.420000,22.442000,67.324000,102.010000
262.470000,21.352000,68.670000,104.050000
263.660000,21.313000,68.670000,104.050000
265.070000,21.603000,68.670000,104.050000
265.940000,22.234000,68.670000,104.050000
266.970000,21.852000,68.670000,104.050000
268.320000,22.423000,68.670000,104.050000
269.850000,22.124000,68.670000,104.050000
270.660000,22.187000,68.670000,104.050000
272.690000,22.169000,68.670000,104.050000
273.130000,22.215000,68.670000,104.050000
274.330000,22.353000,68.670000,104.050000
275.800000,22.461000,68.670000,104.050000
275.490000,22.631000,68.670000,104.050000
278.550000,22.681000,68.670000,104.050000
278.670000,22.688000,68.670000,104.050000
279.090000,22.744000,68.670000,104.050000
280.510000,22.472000,68.670000,104.050000
281.800000,22.209000,68.670000,104.050000
281.060000,22.115000,68.670000,104.050000
281.860000,21.693000,68.670000,104.050000
281.240000,21.942000,68.670000,104.050000
282.770000,22.742000,67.324000,102.010000
283.540000,23.234000,67.324000,102.010000
284.010000,22.726000,67.324000,102.010000
285.010000,22.568000,67.324000,102.010000
285.660000,22.577000,67.324000,102.010000
286.060000,22.348000,67.324000,102.010000
287.600000,22.393000,67.324000,102.010000
287.750000,22.493000,67.324000,102.010000
288.750000,22.166000,67.324000,102.010000
289.280000,22.036000,67.324000,102.010000
291.360000,22.694000,66.004000,100.010000
291.220000,23.628000,66.004000,100.010000
291.900000,23.120000,66.004000,100.010000
293.060000,22.578000,66.004000,100.010000
293.010000,23.118000,66.004000,100.010000
294.070000,22.403000,66.004000,100.010000
295.270000,22.062000,66.004000,100.010000
297.420000,22.634000,64.709000,98.045000
298.700000,23.470000,63.441000,96.122000
299.310000,23.662000,63.441000,96.122000
299.770000,23.752000,63.441000,96.122000
301.720000,24.192000,62.197000,94.237000
302.780000,23.590000,62.197000,94.237000
303.970000,24.332000,60.977000,92.390000
304.310000,24.310000,60.977000,92.390000
304.640000,24.387000,60.977000,92.390000
304.640000,24.526000,60.977000,92.390000
304.920000,24.815000,60.977000,92.390000
305.160000,23.448000,62.197000,94.237000
306.080000,24.395000,60.977000,92.390000
306.900000,24.161000,60.977000,92.390000
307.040000,23.805000,60.977000,92.390000
307.940000,25.316000,59.782000,90.578000
308.190000,24.185000,60.977000,92.390000
309.000000,23.638000,60.977000,92.390000
310.010000,24.620000,59.782000,90.578000
311.230000,25.258000,58.609000,88.802000
311.330000,25.228000,58.609000,88.802000
311.330000,24.953000,58.609000,88.802000
311.730000,24.531000,58.609000,88.802000
313.090000,25.960000,57.460000,87.061000
312.930000,24.382000,58.609000,88.802000
314.830000,25.581000,57.460000,87.061000
314.360000,24.295000,58.609000,88.802000
316.500000,25.744000,57.460000,87.061000
315.720000,24.233000,58.609000,88.802000
316.710000,25.300000,57.460000,87.061000
317.130000,24.916000,57.460000,87.061000
318.310000,25.342000,57.460000,87.061000
317.600000,25.347000,57.460000,87.061000
318.260000,24.332000,57.460000,87.061000
319.800000,25.268000,56.333000,85.354000
318.810000,26.115000,56.333000,85.354000
318.770000,24.627000,57.460000,87.061000
318.370000,23.749000,57.460000,87.061000
319.280000,24.121000,56.333000,85.354000
320.510000,25.841000,54.146000,82.039000
320.660000,25.760000,54.146000,82.039000
321.200000,25.728000,54.146000,82.039000
321.030000,26.361000,54.146000,82.039000
320.500000,25.613000,55.229000,83.680000
320.520000,25.232000,56.333000,85.354000
321.170000,25.840000,56.333000,85.354000
320.560000,24.663000,57.460000,87.061000
320.630000,24.373000,57.460000,87.061000
321.630000,25.833000,56.333000,85.354000
321.440000,24.755000,57.460000,87.061000
320.850000,24.209000,57.460000,87.061000
322.590000,25.603000,56.333000,85.354000
321.760000,24.565000,57.460000,87.061000
321.650000,24.002000,57.460000,87.061000
322.530000,25.015000,56.333000,85.354000
323.200000,25.702000,55.229000,83.680000
323.050000,25.533000,55.229000,83.680000
323.200000,25.537000,55.229000,83.680000
323.400000,25.346000,55.229000,83.680000
322.850000,25.025000,55.229000,83.680000
323.870000,26.159000,54.146000,82.039000
323.760000,25.043000,55.229000,83.680000
323.950000,26.367000,54.146000,82.039000
323.120000,25.146000,55.229000,83.680000
324.200000,26.280000,54.146000,82.039000
323.210000,25.109000,55.229000,83.680000
324.090000,25.983000,54.146000,82.039000
322.860000,24.357000,55.229000,83.680000
323.420000,25.311000,54.146000,82.039000
323.020000,25.527000,54.146000,82.039000
321.610000,25.582000,54.146000,82.039000
320.750000,25.637000,54.146000,82.039000
319.710000,25.886000,54.146000,82.039000
318.040000,26.229000,54.146000,82.039000
315.170000,24.980000,55.229000,83.680000
314.570000,26.490000,54.146000,82.039000
312.120000,25.485000,55.229000,83.680000
310.610000,25.501000,55.229000,83.680000
307.510000,25.486000,55.229000,83.680000
305.670000,25.685000,55.229000,83.680000
303.510000,25.869000,55.229000,83.680000
301.540000,26.339000,55.229000,83.680000
299.800000,25.802000,56.333000,85.354000
298.150000,25.125000,57.460000,87.061000
296.090000,25.558000,57.460000,87.061000
293.990000,24.232000,58.609000,88.802000
292.830000,26.403000,57.460000,87.061000
292.030000,26.552000,57.460000,87.061000
290.310000,24.927000,58.609000,88.802000
289.310000,25.353000,58.609000,88.802000
288.360000,25.732000,58.609000,88.802000
288.230000,24.849000,59.782000,90.578000
287.020000,25.399000,59.782000,90.578000
287.740000,26.242000,59.782000,90.578000
286.210000,25.618000,60.977000,92.390000
285.860000,24.972000,62.197000,94.237000
284.920000,23.553000,63.441000,96.122000
285.400000,24.991000,62.197000,94.237000
284.090000,23.817000,63.441000,96.122000
284.490000,25.473000,62.197000,94.237000
283.730000,24.715000,63.441000,96.122000
283.550000,24.970000,63.441000,96.122000
283.130000,23.969000,64.709000,98.045000
283.390000,24.942000,63.441000,96.122000
282.540000,23.795000,64.709000,98.045000
284.040000,24.978000,63.441000,96.122000
283.910000,23.712000,64.709000,98.045000
284.730000,25.214000,63.441000,96.122000
285.060000,24.857000,64.709000,98.045000
285.870000,25.747000,64.709000,98.045000
285.170000,24.886000,66.004000,100.010000
286.120000,25.046000,66.004000,100.010000
286.200000,22.616000,67.324000,102.010000
288.180000,24.739000,66.004000,100.010000
288.530000,25.217000,66.004000,100.010000
289.330000,23.520000,67.324000,102.010000
291.730000,25.140000,66.004000,100.010000
291.720000,23.656000,67.324000,102.010000
293.980000,25.591000,66.004000,100.010000
295.230000,24.694000,67.324000,102.010000
296.460000,25.725000,67.324000,102.010000
296.660000,24.514000,68.670000,104.050000
298.630000,24.517000,68.670000,104.050000
299.640000,25.026000,68.670000,104.050000
300.580000,24.513000,70.044000,106.130000
300.610000,23.883000,71.444000,108.250000
300.840000,23.388000,72.873000,110.410000
301.770000,24.034000,72.873000,110.410000
301.650000,22.318000,74.331000,112.620000
303.180000,23.975000,72.873000,110.410000
303.080000,22.291000,74.331000,112.620000
304.000000,24.218000,72.873000,110.410000
303.710000,22.687000,74.331000,112.620000
304.820000,24.736000,72.873000,110.410000
303.700000,23.469000,74.331000,112.620000
304.580000,22.877000,74.331000,112.620000
304.920000,22.702000,74.331000,112.620000
304.480000,22.712000,74.331000,112.620000
305.190000,22.187000,74.331000,112.620000
306.030000,24.108000,72.873000,110.410000
305.370000,22.514000,74.331000,112.620000
306.430000,24.618000,72.873000,110.410000
306.000000,23.375000,74.331000,112.620000
305.760000,23.063000,74.331000,112.620000
306.350000,22.848000,74.331000,112.620000
306.220000,22.470000,74.331000,112.620000
306.990000,24.455000,72.873000,110.410000
306.640000,23.000000,74.331000,112.620000
306.930000,22.714000,74.331000,112.620000
306.270000,22.686000,74.331000,112.620000
307.550000,24.500000,72.873000,110.410000
307.330000,22.891000,74.331000,112.620000
307.050000,22.645000,74.331000,112.620000
307.770000,24.530000,72.873000,110.410000
307.100000,22.913000,74.331000,112.620000
307.420000,22.728000,74.331000,112.620000
307.940000,22.350000,74.331000,112.620000
308.700000,24.323000,72.873000,110.410000
308.440000,22.887000,74.331000,112.620000
309.370000,22.510000,74.331000,112.620000
310.700000,24.123000,72.873000,110.410000
310.520000,22.746000,74.331000,112.620000
311.870000,22.311000,74.331000,112.620000
312.720000,24.631000,72.873000,110.410000
312.900000,23.703000,74.331000,112.620000
313.520000,22.464000,75.817000,114.870000
315.450000,24.310000,74.331000,112.620000
317.060000,24.841000,74.331000,112.620000
317.970000,23.703000,75.817000,114.870000
319.770000,24.412000,75.817000,114.870000
321.280000,25.852000,75.817000,114.870000
322.500000,26.374000,75.817000,114.870000
323.930000,27.249000,75.817000,114.870000
325.670000,27.653000,75.817000,114.870000
327.310000,27.764000,75.817000,114.870000
327.710000,28.900000,75.817000,114.870000
328.340000,28.650000,77.334000,117.170000
328.140000,28.442000,78.880000,119.520000
328.970000,27.761000,80.458000,121.910000
329.080000,28.931000,80.458000,121.910000
328.860000,28.463000,82.067000,124.340000
329.720000,29.123000,82.067000,124.340000
329.990000,28.860000,83.709000,126.830000
329.790000,28.181000,85.383000,129.370000
329.830000,29.459000,85.383000,129.370000
329.720000,27.528000,87.090000,131.960000
329.710000,29.538000,85.383000,129.370000
328.190000,28.150000,87.090000,131.960000
325.700000,27.998000,88.832000,134.590000
323.450000,28.579000,90.609000,137.290000
323.700000,29.348000,90.609000,137.290000
321.720000,29.978000,92.421000,140.030000
321.170000,29.404000,94.269000,142.830000
320.480000,30.330000,94.269000,142.830000
320.430000,30.836000,94.269000,142.830000
320.630000,31.361000,94.269000,142.830000
320.060000,32.442000,94.269000,142.830000
319.890000,33.419000,94.269000,142.830000
320.230000,34.170000,94.269000,142.830000
320.630000,35.237000,94.269000,142.830000
321.450000,35.999000,94.269000,142.830000
322.370000,37.506000,92.421000,140.030000
322.240000,38.009000,92.421000,140.030000
322.860000,39.846000,90.609000,137.290000
322.420000,40.576000,90.609000,137.290000
320.570000,39.258000,92.421000,140.030000
318.520000,38.975000,94.269000,142.830000
316.950000,38.032000,96.155000,145.690000
314.250000,37.706000,98.078000,148.600000
314.430000,39.070000,96.155000,145.690000
313.790000,39.882000,96.155000,145.690000
312.300000,38.990000,98.078000,148.600000
311.420000,39.359000,98.078000,148.600000
309.490000,38.797000,100.040000,151.580000
308.980000,39.367000,100.040000,151.580000
308.500000,39.491000,100.040000,151.580000
307.010000,40.536000,100.040000,151.580000
305.900000,41.289000,100.040000,151.580000
305.230000,40.143000,102.040000,154.610000
304.500000,41.065000,102.040000,154.610000
304.290000,41.693000,102.040000,154.610000
303.960000,43.144000,102.040000,154.610000
303.840000,41.639000,104.080000,157.700000
303.750000,42.583000,104.080000,157.700000
303.960000,43.362000,104.080000,157.700000
303.300000,44.183000,104.080000,157.700000
304.030000,44.465000,104.080000,157.700000
303.720000,45.625000,104.080000,157.700000
304.870000,46.651000,104.080000,157.700000
305.080000,47.456000,104.080000,157.700000
304.800000,48.432000,104.080000,157.700000
304.660000,47.091000,106.160000,160.850000
304.500000,48.174000,106.160000,160.850000
303.730000,47.098000,108.290000,164.070000
304.620000,47.810000,108.290000,164.070000
305.310000,49.391000,108.290000,164.070000
305.380000,49.948000,108.290000,164.070000
305.360000,51.101000,108.290000,164.070000
305.420000,51.507000,108.290000,164.070000
305.600000,52.400000,108.290000,164.070000
305.670000,53.229000,108.290000,164.070000
305.160000,52.361000,110.450000,167.350000
305.000000,53.178000,110.450000,167.350000
304.830000,54.422000,110.450000,167.350000
305.990000,54.948000,110.450000,167.350000
306.880000,56.257000,110.450000,167.350000
306.140000,55.778000,112.660000,170.700000
306.420000,55.061000,114.910000,174.110000
307.560000,56.384000,114.910000,174.110000
308.540000,59.685000,112.660000,170.700000
310.650000,58.269000,114.910000,174.110000
310.150000,60.620000,114.910000,174.110000
