288,88,393,199
294,86,389,203
296,87,392,204
297,86,392,204
296,84,395,208
300,88,389,197
303,87,392,199
300,86,392,201
301,85,397,205
296,84,389,208
302,84,396,216
297,86,390,206
301,85,394,212
297,86,386,205
300,87,391,203
298,87,391,203
293,86,389,208
292,88,386,204
292,88,386,206
290,86,382,211
293,88,385,206
289,89,377,202
293,88,379,201
292,85,379,207
292,85,381,203
291,88,377,199
293,86,378,199
294,86,376,201
297,86,376,199
295,86,372,199
296,84,371,201
305,82,372,203
304,84,371,197
305,82,373,202
306,82,370,198
310,81,370,202
313,82,369,195
315,82,368,194
315,83,368,191
318,83,369,197
318,83,367,203
318,80,367,206
321,81,367,203
320,82,366,202
319,81,366,200
322,84,364,199
323,85,364,195
322,86,363,199
323,86,362,195
316,84,362,200
315,82,360,200
310,83,361,204
308,81,360,202
305,82,361,202
302,82,361,204
296,81,364,204
291,83,363,201
290,85,368,200
284,86,367,199
283,86,369,201
282,87,370,198
282,87,372,204
278,85,373,212
283,88,377,207
282,87,375,205
286,87,378,206
282,86,377,207
288,87,384,205
286,87,379,207
293,88,386,205
290,89,380,201
290,87,384,205
286,85,380,207
292,86,385,204
292,85,382,207
291,85,382,205
294,87,384,204
290,87,381,202
293,86,384,206
290,87,385,206
288,86,387,211
291,87,387,205
289,87,382,203
290,87,383,202
285,87,384,208
287,85,382,211
284,87,381,206
288,89,382,204
288,88,377,204
286,89,382,204
286,90,377,203
288,89,379,205
283,89,376,205
288,91,378,203
285,89,376,208
283,91,374,203
285,90,376,202
281,89,375,204
286,92,377,201
284,91,372,201
285,91,377,200
286,90,378,205
285,89,380,205
286,89,382,205
289,91,382,204
292,89,381,204
291,88,383,208
294,88,389,211
291,86,382,214
296,89,387,203
294,86,383,212
294,84,378,216
298,83,376,211
298,82,370,209
300,80,366,204
300,79,358,204
300,80,357,201
300,82,350,192
301,81,348,196
301,82,338,198
NaN,NaN,NaN,NaN
NaN,NaN,NaN,NaN
NaN,NaN,NaN,NaN
NaN,NaN,NaN,NaN
NaN,NaN,NaN,NaN
NaN,NaN,NaN,NaN
NaN,NaN,NaN,NaN
NaN,NaN,NaN,NaN
NaN,NaN,NaN,NaN
NaN,NaN,NaN,NaN
NaN,NaN,NaN,NaN
NaN,NaN,NaN,NaN
NaN,NaN,NaN,NaN
NaN,NaN,NaN,NaN
NaN,NaN,NaN,NaN
296,89,327,199
293,90,326,199
290,93,332,191
290,90,334,193
288,87,336,195
290,87,338,200
288,84,341,206
287,82,342,207
286,83,345,207
285,84,346,207
287,85,348,204
287,86,350,204
283,87,351,207
286,88,355,205
282,88,355,206
286,88,356,204
284,87,358,205
283,90,362,204
281,90,364,205
283,91,366,205
284,91,371,206
280,88,373,212
279,90,373,209
280,89,370,206
280,89,373,206
278,89,372,204
283,90,373,202
279,89,374,206
284,90,376,204
284,89,376,202
286,88,378,205
290,90,382,204
288,89,380,204
292,88,384,206
289,89,381,204
291,86,386,212
293,88,384,208
510,81,597,198
294,86,385,202
296,88,388,203
294,88,386,202
292,85,389,212
293,86,384,206
297,86,389,206
295,84,389,216
291,83,391,217
294,85,388,212
293,85,385,215
295,84,390,218
290,86,385,208
292,85,386,214
293,86,384,213
288,86,381,213
293,85,384,215
289,88,384,209
285,86,378,207
289,86,380,207
287,87,377,200
285,88,378,196
284,87,375,192
285,89,376,191
282,90,374,184
282,90,372,185
280,91,371,180
279,91,371,177
279,93,371,174
278,92,369,172
277,92,369,168
277,88,370,166
273,92,369,179
277,90,368,177
277,88,366,189
276,88,365,204
275,86,364,216
271,84,367,225
273,84,368,222
272,83,370,227
273,83,371,227
271,83,375,228
272,82,375,229
275,83,372,228
276,85,377,228
274,83,379,228
274,85,382,233
277,85,382,234
272,82,384,235
277,81,382,236
278,82,382,237
281,81,379,231
281,83,381,236
274,82,381,243
281,85,380,232
278,83,384,240
281,82,382,239
283,85,382,244
284,74,381,220
282,79,378,192
287,91,379,186
285,87,379,191
287,88,379,190
285,85,375,195
285,85,375,197
283,87,376,202
284,87,374,200
280,88,371,207
283,87,376,206
281,87,373,207
281,87,374,206
281,87,375,206
281,87,372,199
