305.26,233.03,229.24,127.93
305.28,233.12,229.24,127.93
305.28,232.53,229.24,127.93
305.48,232.5,229.24,127.93
304.82,232.16,229.24,127.93
304.77,232.19,229.24,127.93
304.83,232.2,229.24,127.93
304.9,232.16,229.24,127.93
304.95,232.16,229.24,127.93
304.92,232.13,229.24,127.93
304.98,232.23,229.24,127.93
304.99,232.21,229.24,127.93
304.8,232.23,229.24,127.93
304.86,232.31,229.24,127.93
304.8,232.33,229.24,127.93
304.93,232.35,229.24,127.93
304.85,232.29,229.24,127.93
304.8,232.28,229.24,127.93
304.83,232.06,229.24,127.93
304.91,231.86,229.24,127.93
304.79,232.35,229.24,127.93
304.78,232.38,229.24,127.93
304.63,232.23,229.24,127.93
304.63,232.15,229.24,127.93
304.65,232.17,229.24,127.93
304.7,232.18,229.24,127.93
304.68,231.94,229.24,127.93
304.38,232.31,229.24,127.93
305.08,232.39,229.24,127.93
304.96,232.24,229.24,127.93
304.79,232.05,229.24,127.93
304.64,231.94,229.24,127.93
304.4,232.38,229.24,127.93
304.44,232.33,229.24,127.93
304.17,232.29,229.24,127.93
304.66,232.24,229.24,127.93
304.63,232.23,229.24,127.93
304.59,232.24,229.24,127.93
304.31,232.3,229.24,127.93
304.93,232.34,229.24,127.93
304.7,232.3,229.24,127.93
304.48,232.18,229.24,127.93
304.47,232.05,229.24,127.93
304.31,231.98,229.24,127.93
304.88,232.81,229.24,127.93
304.85,232.83,229.24,127.93
304.72,232.63,229.24,127.93
304.41,232.5,229.24,127.93
304.29,232.48,229.24,127.93
304.95,232.45,229.24,127.93
304.73,232.53,229.24,127.93
304.56,232.64,229.24,127.93
304.33,232.54,229.24,127.93
304.9,232.58,229.24,127.93
304.85,232.45,229.24,127.93
304.63,232.4,229.24,127.93
304.43,232.31,229.24,127.93
304.3,232.27,229.24,127.93
304.94,232.47,229.24,127.93
304.75,232.34,229.24,127.93
304.62,232.24,229.24,127.93
304.49,232.11,229.24,127.93
304.28,231.94,229.24,127.93
304.88,232.5,229.24,127.93
304.77,232.56,229.24,127.93
304.73,232.42,229.24,127.93
304.65,232.12,229.24,127.93
304.43,231.95,229.24,127.93
304.02,232.5,229.24,127.93
304.54,232.42,229.24,127.93
304.65,232.35,229.24,127.93
304.69,232.25,229.24,127.93
304.62,232.17,229.24,127.93
304.76,232.09,229.24,127.93
304.76,232.11,229.24,127.93
304.88,232.04,229.24,127.93
304.89,232.01,229.24,127.93
304.88,232.43,229.24,127.93
304.82,232.43,229.24,127.93
304.87,232.36,229.24,127.93
304.77,232.27,229.24,127.93
304.82,232.09,229.24,127.93
304.87,231.94,229.24,127.93
305.01,232.44,229.24,127.93
305.15,232.31,229.24,127.93
305.3,231.94,229.24,127.93
305.66,232.28,229.24,127.93
305.44,232.02,229.24,127.93
304.91,232.21,229.24,127.93
305.5,232.06,229.24,127.93
305.75,231.81,229.24,127.93
306,232.16,229.24,127.93
306.63,231.99,229.24,127.93
306.68,232.31,229.24,127.93
306.87,231.95,229.24,127.93
307.01,232.29,229.24,127.93
307.71,232.14,229.24,127.93
307.45,231.82,229.24,127.93
307.49,231.98,229.24,127.93
308.09,232.2,229.24,127.93
309.06,232,229.24,127.93
309.54,232.41,229.24,127.93
309.63,232.46,229.24,127.93
310.01,232.5,229.24,127.93
310.63,232.66,229.24,127.93
310.66,232.48,229.24,127.93
310.85,232.27,229.24,127.93
311.63,232.05,229.24,127.93
312.42,231.76,229.24,127.93
312.99,232.61,229.24,127.93
313.63,232.63,229.24,127.93
314.34,233.18,229.24,127.93
315.35,233.06,229.24,127.93
315.91,233.25,229.24,127.93
316.18,233.17,229.24,127.93
317.16,233.28,229.24,127.93
317.7,233.01,229.24,127.93
317.61,233.49,229.24,127.93
317.69,233.54,229.24,127.93
318.26,233.77,229.24,127.93
319.22,234.15,229.24,127.93
319.83,233.84,229.24,127.93
319.37,234.12,229.24,127.93
320.26,233.89,229.24,127.93
320.17,234.21,229.24,127.93
320.7,234.07,229.24,127.93
320.35,234.01,229.24,127.93
320.75,234.56,229.24,127.93
320.94,234.43,229.24,127.93
320.99,234.41,229.24,127.93
321.1,234.21,229.24,127.93
321.13,234.08,229.24,127.93
321.18,234.07,229.24,127.93
321.1,234.04,229.24,127.93
321.1,234.08,229.24,127.93
320.85,234.1,229.24,127.93
320.56,233.86,229.24,127.93
320.58,234.23,229.24,127.93
320.37,233.96,229.24,127.93
321.25,234.23,229.24,127.93
321.23,234.05,229.24,127.93
321.32,233.65,229.24,127.93
321.43,234.08,229.24,127.93
321.02,233.93,229.24,127.93
321.73,234.23,229.24,127.93
321.77,234.27,229.24,127.93
321.93,234.25,229.24,127.93
322.08,234.3,229.24,127.93
322.41,234.43,229.24,127.93
322.2,234.45,229.24,127.93
322.93,234.55,229.24,127.93
322.89,234.62,229.24,127.93
322.89,234.69,229.24,127.93
322.89,234.67,229.24,127.93
323.35,234.79,229.24,127.93
323.37,235.07,229.24,127.93
323.83,234.78,229.24,127.93
323.68,235.12,229.24,127.93
323.56,234.95,229.24,127.93
323.58,235.32,229.24,127.93
323.71,235.17,229.24,127.93
323.92,235,229.24,127.93
324.13,235.35,229.24,127.93
324.57,235.07,229.24,127.93
324.25,234.8,229.24,127.93
324.48,234.97,229.24,127.93
324.16,235.35,229.24,127.93
323.98,235.12,229.24,127.93
323.56,235.23,229.24,127.93
323.03,234.95,229.24,127.93
323,235.25,229.24,127.93
322.93,234.96,229.24,127.93
322.34,235.11,229.24,127.93
322.45,235.13,229.24,127.93
321.24,234.93,229.24,127.93
321.2,235.24,229.24,127.93
320.64,234.83,229.24,127.93
319.87,234.98,229.24,127.93
319.12,235,229.24,127.93
319.2,234.83,229.24,127.93
318.74,234.57,229.24,127.93
317.71,234.4,229.24,127.93
316.6,234.1,229.24,127.93
315.81,233.53,229.24,127.93
315.2,233.69,229.24,127.93
315.06,233.67,229.24,127.93
314.18,233.77,229.24,127.93
313.16,233.71,229.24,127.93
311.93,233.64,229.24,127.93
311.44,233.49,229.24,127.93
309.78,232.99,229.24,127.93
308.69,233.22,229.24,127.93
308.19,232.65,229.24,127.93
307.3,232.7,229.24,127.93
306.78,232.71,229.24,127.93
305.38,232.42,229.24,127.93
304.83,232.54,229.24,127.93
303.56,232.44,229.24,127.93
302.3,232.27,229.24,127.93
301.69,232.04,229.24,127.93
300.62,231.61,229.24,127.93
299.22,232.02,229.24,127.93
298.36,232.34,229.24,127.93
297.45,231.63,229.24,127.93
295.89,231.64,229.24,127.93
294.74,231.23,229.24,127.93
293.49,230.92,229.24,127.93
291.98,231.04,229.24,127.93
291.19,230.5,229.24,127.93
295.32,233.35,218.32,121.84
293.55,232.93,218.32,121.84
292.48,232.69,218.32,121.84
291.27,232.5,218.32,121.84
289.88,232.47,218.32,121.84
288.2,232.49,218.32,121.84
287.24,232.52,218.32,121.84
285.75,232.59,218.32,121.84
284.95,232.67,218.32,121.84
283.06,232.7,218.32,121.84
281.83,232.6,218.32,121.84
281.16,232.06,218.32,121.84
279.38,232.13,218.32,121.84
278.21,231.25,218.32,121.84
276.8,231.27,218.32,121.84
275.88,230.59,218.32,121.84
273.82,230.23,218.32,121.84
272.92,230.12,218.32,121.84
271.4,229.84,218.32,121.84
270.43,230.07,218.32,121.84
269.59,230.06,218.32,121.84
268.62,229.75,218.32,121.84
267.66,229.55,218.32,121.84
271.97,232.04,207.93,116.04
270.74,231.47,207.93,116.04
269.47,231.76,207.93,116.04
267.78,231.88,207.93,116.04
266.5,231.59,207.93,116.04
264.7,231.57,207.93,116.04
263.43,230.97,207.93,116.04
261.28,231.31,207.93,116.04
260.39,230.11,207.93,116.04
258.91,229.85,207.93,116.04
257.58,229.99,207.93,116.04
255.75,229.45,207.93,116.04
258.91,231.91,198.03,110.51
257.57,231.23,198.03,110.51
256.19,231.16,198.03,110.51
254.78,231.18,198.03,110.51
254.13,230.87,198.03,110.51
252.46,230.5,198.03,110.51
251.82,230.76,198.03,110.51
251.22,229.81,198.03,110.51
249.64,229.6,198.03,110.51
248.9,229.57,198.03,110.51
248.36,229.18,198.03,110.51
247.13,229.1,198.03,110.51
246.53,228.71,198.03,110.51
245.77,229.17,198.03,110.51
245.44,227.95,198.03,110.51
244.59,227.84,198.03,110.51
243.88,227.51,198.03,110.51
243.71,227.55,198.03,110.51
242.75,227.58,198.03,110.51
242.41,227.33,198.03,110.51
241.3,227.47,198.03,110.51
240.73,227.18,198.03,110.51
240.59,226.7,198.03,110.51
240.11,227.15,198.03,110.51
244.1,228.91,188.6,105.25
243.35,228.99,188.6,105.25
243.16,229.16,188.6,105.25
243.01,229.23,188.6,105.25
242.57,229.44,188.6,105.25
242.73,228.83,188.6,105.25
241.88,229.12,188.6,105.25
241.76,228.85,188.6,105.25
241.26,228.63,188.6,105.25
241.15,228.24,188.6,105.25
240.75,228.51,188.6,105.25
240.51,228.36,188.6,105.25
240.6,228.7,188.6,105.25
240.83,228.3,188.6,105.25
240.21,228.67,188.6,105.25
240.13,228.46,188.6,105.25
240.17,228.19,188.6,105.25
240.04,228.28,188.6,105.25
239.87,228.53,188.6,105.25
239.91,228.29,188.6,105.25
239.86,228.6,188.6,105.25
239.96,228.33,188.6,105.25
239.97,228.7,188.6,105.25
240,228.49,188.6,105.25
240.48,228.39,188.6,105.25
241.04,228.32,188.6,105.25
241.19,229.16,188.6,105.25
241.39,229.36,188.6,105.25
242.35,229.49,188.6,105.25
242.91,229.09,188.6,105.25
243.07,229.37,188.6,105.25
243.63,229.73,188.6,105.25
244.63,229.26,188.6,105.25
245.25,229.72,188.6,105.25
245.5,229.37,188.6,105.25
247,229.82,188.6,105.25
247.27,229.82,188.6,105.25
248.44,230.03,188.6,105.25
249.35,230.36,188.6,105.25
250.25,230.6,188.6,105.25
251.3,230.96,188.6,105.25
252.5,231.31,188.6,105.25
253.85,231.91,188.6,105.25
253.9,231.85,188.6,105.25
254.83,231.94,188.6,105.25
255.62,232.22,188.6,105.25
256.96,232.61,188.6,105.25
257.68,232.4,188.6,105.25
259.09,232.44,188.6,105.25
259.46,232.42,188.6,105.25
260.54,232.61,188.6,105.25
261.61,232.73,188.6,105.25
262.46,232.95,188.6,105.25
263.24,233.07,188.6,105.25
263.52,233.5,188.6,105.25
264.73,233.5,188.6,105.25
264.86,233.64,188.6,105.25
266.02,234.08,188.6,105.25
266.93,234.19,188.6,105.25
267.78,234.46,188.6,105.25
268.53,234.12,188.6,105.25
269.66,234.48,188.6,105.25
270.67,234.48,188.6,105.25
271.62,234.37,188.6,105.25
272.42,235.14,188.6,105.25
273.27,235.41,188.6,105.25
274.02,235.15,188.6,105.25
275,235.7,188.6,105.25
275.87,235.86,188.6,105.25
276.68,236.03,188.6,105.25
278.12,236.27,188.6,105.25
278.88,236.73,188.6,105.25
279.6,236.66,188.6,105.25
281.3,237.08,188.6,105.25
282.11,237.64,188.6,105.25
283.1,237.46,188.6,105.25
284.08,237.65,188.6,105.25
280.25,235.78,198.03,110.51
281.34,236.01,198.03,110.51
282.75,236.1,198.03,110.51
284.4,236.58,198.03,110.51
285.53,237.27,198.03,110.51
286.96,237.04,198.03,110.51
288.79,236.99,198.03,110.51
290.38,237.07,198.03,110.51
291.79,237.2,198.03,110.51
293.87,237.64,198.03,110.51
295.5,238.4,198.03,110.51
296.67,238.55,198.03,110.51
298.51,238.48,198.03,110.51
299.98,238.68,198.03,110.51
301.7,239.06,198.03,110.51
299.06,236.74,207.93,116.04
299.8,236.86,207.93,116.04
301.77,237.28,207.93,116.04
303.33,237.43,207.93,116.04
304.25,237.85,207.93,116.04
305.42,238.18,207.93,116.04
307.61,238.08,207.93,116.04
309.45,237.83,207.93,116.04
310.47,238.53,207.93,116.04
312.31,238.4,207.93,116.04
313.75,238.59,207.93,116.04
315.83,238.52,207.93,116.04
317.42,238.66,207.93,116.04
318.33,238.85,207.93,116.04
319.5,239.12,207.93,116.04
315.19,235.95,218.32,121.84
316.04,236.37,218.32,121.84
316.88,235.69,218.32,121.84
317.5,235.66,218.32,121.84
319.4,235.68,218.32,121.84
320.31,235.53,218.32,121.84
321.51,235.45,218.32,121.84
322.56,235.24,218.32,121.84
323.48,235.11,218.32,121.84
323.83,235.1,218.32,121.84
324.63,235.01,218.32,121.84
325.19,235.4,218.32,121.84
325.68,235.01,218.32,121.84
326.76,235.44,218.32,121.84
327.38,235.22,218.32,121.84
327.28,234.72,218.32,121.84
327.41,235.06,218.32,121.84
327.47,235.1,218.32,121.84
327.55,234.6,218.32,121.84
328.19,234.4,218.32,121.84
328.45,234.85,218.32,121.84
328.58,235.15,218.32,121.84
328.79,234.68,218.32,121.84
329.28,234.52,218.32,121.84
329.01,234.56,218.32,121.84
328.8,234.45,218.32,121.84
329.72,234.07,218.32,121.84
329.09,234,218.32,121.84
329.44,233.89,218.32,121.84
329.76,233.8,218.32,121.84
329.82,233.41,218.32,121.84
330.29,233.13,218.32,121.84
330.09,232.91,218.32,121.84
329.48,233.13,218.32,121.84
330.13,232.09,218.32,121.84
329.72,231.92,218.32,121.84
329.7,232.3,218.32,121.84
329.98,231.91,218.32,121.84
329.46,231.81,218.32,121.84
329.59,231.7,218.32,121.84
330.23,231.49,218.32,121.84
330.14,231,218.32,121.84
329.89,231.42,218.32,121.84
330.53,231.2,218.32,121.84
331.09,230.56,218.32,121.84
330.8,230.51,218.32,121.84
331.46,230.25,218.32,121.84
331.41,229.81,218.32,121.84
331.09,230.26,218.32,121.84
330.91,229.73,218.32,121.84
331.46,230.18,218.32,121.84
332.25,230.07,218.32,121.84
332.74,230.54,218.32,121.84
333.17,230.27,218.32,121.84
333.05,229.91,218.32,121.84
333.82,230.03,218.32,121.84
334.98,229.92,218.32,121.84
335.05,229.94,218.32,121.84
335.67,229.57,218.32,121.84
336.23,229.23,218.32,121.84
337.31,229.17,218.32,121.84
337.83,228.85,218.32,121.84
338.48,229.36,218.32,121.84
338.42,228.8,218.32,121.84
339.31,228.65,218.32,121.84
339.49,227.96,218.32,121.84
340.29,227.87,218.32,121.84
340.06,227.92,218.32,121.84
340.49,227.21,218.32,121.84
341.16,226.7,218.32,121.84
340.72,226.39,218.32,121.84
340.94,226.68,218.32,121.84
340.38,227.17,218.32,121.84
340.78,227.19,218.32,121.84
341.34,227.12,218.32,121.84
340.66,227.25,218.32,121.84
341.42,227.19,218.32,121.84
341.29,227.38,218.32,121.84
340.98,227.59,218.32,121.84
340.67,227.9,218.32,121.84
340.75,228.22,218.32,121.84
340.86,227.89,218.32,121.84
340.49,228.06,218.32,121.84
340.46,228.35,218.32,121.84
340.66,227.87,218.32,121.84
340.63,228.05,218.32,121.84
340.9,228.25,218.32,121.84
340.2,227.75,218.32,121.84
340.38,227.93,218.32,121.84
340.73,228.02,218.32,121.84
340.68,228.16,218.32,121.84
340.45,227.53,218.32,121.84
340.04,227.35,218.32,121.84
339.44,227.48,218.32,121.84
339.5,227.26,218.32,121.84
339.13,227.17,218.32,121.84
338.39,227.04,218.32,121.84
338.07,227.54,218.32,121.84
337.56,227.34,218.32,121.84
337.6,227.17,218.32,121.84
337.34,227.45,218.32,121.84
336.85,227.57,218.32,121.84
335.91,227.97,218.32,121.84
335.65,228.28,218.32,121.84
335.87,227.98,218.32,121.84
334.59,228.38,218.32,121.84
335.12,228.14,218.32,121.84
334.02,227.85,218.32,121.84
333.56,228.43,218.32,121.84
333.28,228.07,218.32,121.84
332.56,228.77,218.32,121.84
332.21,228.42,218.32,121.84
331.48,228.73,218.32,121.84
331.07,228.8,218.32,121.84
330.07,229.01,218.32,121.84
329.51,229.23,218.32,121.84
329.47,229,218.32,121.84
328.37,229.44,218.32,121.84
327.53,229,218.32,121.84
326.6,229.39,218.32,121.84
325.72,228.96,218.32,121.84
324.44,229.24,218.32,121.84
323.04,228.79,218.32,121.84
321.84,229.41,218.32,121.84
320.14,229.04,218.32,121.84
318.83,229.71,218.32,121.84
318.52,229.79,218.32,121.84
317.22,230.2,218.32,121.84
315.38,229.89,218.32,121.84
313.7,230.53,218.32,121.84
312.42,230.61,218.32,121.84
310.77,230.37,218.32,121.84
309.7,230.33,218.32,121.84
308,230.28,218.32,121.84
305.33,229.89,218.32,121.84
303.74,230.4,218.32,121.84
302.73,230.58,218.32,121.84
301.59,230.34,218.32,121.84
300.43,230.19,218.32,121.84
299.28,230.42,218.32,121.84
297.88,230.68,218.32,121.84
296.52,231.36,218.32,121.84
295.67,231.55,218.32,121.84
295.02,232.09,218.32,121.84
292.98,232.43,218.32,121.84
291.59,232.54,218.32,121.84
290.47,232.7,218.32,121.84
289.02,233.08,218.32,121.84
287.5,232.56,218.32,121.84
286.23,232.72,218.32,121.84
285.07,233.5,218.32,121.84
283.57,233.55,218.32,121.84
282.97,233.84,218.32,121.84
280.95,233.74,218.32,121.84
280.16,234.1,218.32,121.84
279.38,233.75,218.32,121.84
277.88,234.03,218.32,121.84
276.16,234.57,218.32,121.84
274.87,234.59,218.32,121.84
273.25,234,218.32,121.84
272.2,234.85,218.32,121.84
270.9,234.91,218.32,121.84
268.95,234.56,218.32,121.84
267.08,234.35,218.32,121.84
265.52,234.49,218.32,121.84
264.9,234.25,218.32,121.84
263.33,234.03,218.32,121.84
262.56,234.48,218.32,121.84
261.64,234.3,218.32,121.84
260.3,233.83,218.32,121.84
258.71,233.67,218.32,121.84
257.77,233.43,218.32,121.84
256.72,233.12,218.32,121.84
255.69,232.31,218.32,121.84
254.86,232.25,218.32,121.84
253.08,231.93,218.32,121.84
252.23,232.04,218.32,121.84
251.26,232.4,218.32,121.84
250.63,231.3,218.32,121.84
249.59,231.33,218.32,121.84
249.09,230.97,218.32,121.84
247.78,231.45,218.32,121.84
247.62,230.37,218.32,121.84
246.95,230.3,218.32,121.84
246.25,230.45,218.32,121.84
245.47,230.64,218.32,121.84
245.27,230.55,218.32,121.84
244.94,230.5,218.32,121.84
244.47,230.3,218.32,121.84
244.56,230.31,218.32,121.84
244.72,229.91,218.32,121.84
244.44,230.12,218.32,121.84
243.63,229.66,218.32,121.84
243.78,229.62,218.32,121.84
244.17,229.29,218.32,121.84
244.12,229.31,218.32,121.84
243.71,228.9,218.32,121.84
244.14,228.71,218.32,121.84
243.61,228.36,218.32,121.84
243.86,228.11,218.32,121.84
243.11,227.64,218.32,121.84
242.9,227.85,218.32,121.84
242.72,227.87,218.32,121.84
243.22,227.94,218.32,121.84
242.79,227.99,218.32,121.84
242.92,228.27,218.32,121.84
242.21,227.56,218.32,121.84
242.6,228.08,218.32,121.84
242.91,228.42,218.32,121.84
242.3,227.76,218.32,121.84
242.4,227.5,218.32,121.84
242.51,227.54,218.32,121.84
242.52,227.52,218.32,121.84
242.26,227.15,218.32,121.84
241.69,226.8,218.32,121.84
241.74,227.4,218.32,121.84
241.95,226.9,218.32,121.84
241.42,226.69,218.32,121.84
241.84,226.81,218.32,121.84
240.96,226.49,218.32,121.84
241.22,226.34,218.32,121.84
241.15,226.04,218.32,121.84
241.39,226.45,218.32,121.84
241.43,226.26,218.32,121.84
241.26,225.92,218.32,121.84
240.92,226.12,218.32,121.84
240.88,225.56,218.32,121.84
240.95,225.7,218.32,121.84
240.8,225.88,218.32,121.84
241.48,225.9,218.32,121.84
241.79,225.87,218.32,121.84
242.22,225.75,218.32,121.84
241.61,225.26,218.32,121.84
241.77,224.5,218.32,121.84
242.01,223.94,218.32,121.84
242.43,225.03,218.32,121.84
242.67,225.12,218.32,121.84
242.43,224.58,218.32,121.84
242.24,224.29,218.32,121.84
242.28,224.61,218.32,121.84
242.35,224.51,218.32,121.84
241.96,224.41,218.32,121.84
241.82,224.13,218.32,121.84
242.44,224.36,218.32,121.84
243.04,224.16,218.32,121.84
242.15,223.8,218.32,121.84
242.33,223.99,218.32,121.84
242.67,224.1,218.32,121.84
242.55,223.98,218.32,121.84
242.72,224.34,218.32,121.84
242.43,224.05,218.32,121.84
241.99,224.29,218.32,121.84
241.65,223.9,218.32,121.84
241.51,224.31,218.32,121.84
241.53,223.93,218.32,121.84
241.4,224.29,218.32,121.84
240.87,223.7,218.32,121.84
240.39,223.71,218.32,121.84
240.32,223.83,218.32,121.84
240.34,224,218.32,121.84
240,224.07,218.32,121.84
239.55,224.33,218.32,121.84
239.67,223.94,218.32,121.84
239.99,223.82,218.32,121.84
239.53,223.93,218.32,121.84
239.83,223.86,218.32,121.84
239.89,224.15,218.32,121.84
239.41,223.53,218.32,121.84
239.29,223.44,218.32,121.84
239.06,223.31,218.32,121.84
239.13,223,218.32,121.84
238.67,223.05,218.32,121.84
238.87,223.13,218.32,121.84
238.25,223.04,218.32,121.84
238.55,223.16,218.32,121.84
238.5,222.74,218.32,121.84
238.42,223.16,218.32,121.84
238.36,222.76,218.32,121.84
238.25,222.96,218.32,121.84
238.05,223.29,218.32,121.84
237.87,223.18,218.32,121.84
237.52,223.05,218.32,121.84
237.62,223.52,218.32,121.84
237.95,223.36,218.32,121.84
237.71,222.92,218.32,121.84
237.69,223.04,218.32,121.84
237.31,223.44,218.32,121.84
237.43,223.05,218.32,121.84
236.96,223.51,218.32,121.84
236.09,223.14,218.32,121.84
235.79,222.79,218.32,121.84
235.55,222.96,218.32,121.84
235.2,223.28,218.32,121.84
234.66,222.62,218.32,121.84
234.89,222.65,218.32,121.84
233.47,222.87,218.32,121.84
234.01,222.87,218.32,121.84
233.69,223.18,218.32,121.84
233.65,223.11,218.32,121.84
233.44,222.71,218.32,121.84
232.62,222.9,218.32,121.84
232.29,223.38,218.32,121.84
231.52,223.02,218.32,121.84
231.34,223.71,218.32,121.84
231.19,223.61,218.32,121.84
230.97,223.72,218.32,121.84
230.88,223.83,218.32,121.84
230.61,223.83,218.32,121.84
230.85,224.11,218.32,121.84
229.9,223.51,218.32,121.84
229.44,223.26,218.32,121.84
230.58,223.33,218.32,121.84
230.25,223.3,218.32,121.84
230.16,223.09,218.32,121.84
230.15,222.78,218.32,121.84
230.26,223.49,218.32,121.84
230.57,223.31,218.32,121.84
230.42,222.86,218.32,121.84
230.91,223.1,218.32,121.84
230.67,222.83,218.32,121.84
231.06,222.75,218.32,121.84
230.87,222.8,218.32,121.84
230.76,222.68,218.32,121.84
231.21,222.49,218.32,121.84
231.12,221.89,218.32,121.84
231.29,221.91,218.32,121.84
231.56,221.93,218.32,121.84
231.7,221.92,218.32,121.84
231.52,222.11,218.32,121.84
231.61,221.75,218.32,121.84
231.04,221.67,218.32,121.84
230.67,221.41,218.32,121.84
230.4,221.26,218.32,121.84
229.96,221.14,218.32,121.84
229.49,221.09,218.32,121.84
230.04,221.12,218.32,121.84
229.52,221.09,218.32,121.84
229.96,220.92,218.32,121.84
229.36,220.74,218.32,121.84
229.47,221.02,218.32,121.84
229.91,221.07,218.32,121.84
229.58,221.03,218.32,121.84
229.61,220.81,218.32,121.84
229.55,220.53,218.32,121.84
229.66,220.4,218.32,121.84
229.28,220.26,218.32,121.84
228.72,219.88,218.32,121.84
229.15,220.01,218.32,121.84
229.15,220.06,218.32,121.84
228.88,220.34,218.32,121.84
228.76,220.19,218.32,121.84
229.2,220.05,218.32,121.84
229.44,220.34,218.32,121.84
228.75,219.75,218.32,121.84
229.38,220.09,218.32,121.84
229.14,219.91,218.32,121.84
228.81,220.41,218.32,121.84
229.01,220.25,218.32,121.84
228.64,220.39,218.32,121.84
229.16,220.47,218.32,121.84
228.79,220.68,218.32,121.84
229.05,220.58,218.32,121.84
228.78,220.55,218.32,121.84
229.34,220.4,218.32,121.84
229.47,220.35,218.32,121.84
229.87,220.17,218.32,121.84
229.63,220.06,218.32,121.84
230.42,220.14,218.32,121.84
230.42,219.97,218.32,121.84
230.86,220.14,218.32,121.84
230.73,220,218.32,121.84
231.34,220.11,218.32,121.84
231.29,220.11,218.32,121.84
231.25,220.09,218.32,121.84
231.69,220.32,218.32,121.84
232.28,220.42,218.32,121.84
231.84,220.57,218.32,121.84
232.05,221.39,218.32,121.84
231.46,221.24,218.32,121.84
232.18,220.63,218.32,121.84
232.74,220.69,218.32,121.84
233.09,220.27,218.32,121.84
232.72,220.22,218.32,121.84
233.34,219.68,218.32,121.84
233.59,219.92,218.32,121.84
233.5,220.07,218.32,121.84
232.92,220.1,218.32,121.84
233.12,218.86,218.32,121.84
234.27,219.42,218.32,121.84
235.23,218.81,218.32,121.84
236.02,218.78,218.32,121.84
236.48,219.16,218.32,121.84
238.21,218.92,218.32,121.84
238.81,219.3,218.32,121.84
240.59,220.02,218.32,121.84
240.34,221.3,218.32,121.84
239.29,221.78,218.32,121.84
232.92,220.2,229.24,127.93
234.5,221.2,229.24,127.93
234.39,220.78,229.24,127.93
235.01,221.46,229.24,127.93
236.98,221.28,229.24,127.93
237.79,221.37,229.24,127.93
239.38,221.49,229.24,127.93
239.52,221.18,229.24,127.93
240.06,219.93,229.24,127.93
240.74,220.72,229.24,127.93
240.93,220.99,229.24,127.93
240.98,221.24,229.24,127.93
240.94,220.49,229.24,127.93
241.11,220.22,229.24,127.93
241.03,219.67,229.24,127.93
240.21,219.16,229.24,127.93
239.62,217.88,229.24,127.93
238.84,217.15,229.24,127.93
238.41,215.98,229.24,127.93
238.32,216.77,229.24,127.93
240.22,216.1,229.24,127.93
241.79,215.78,229.24,127.93
242.24,216.42,229.24,127.93
242.95,216.9,229.24,127.93
243.04,217.62,229.24,127.93
243.28,217.51,229.24,127.93
243.92,217.51,229.24,127.93
243.32,217.99,229.24,127.93
244.59,218.43,229.24,127.93
243.94,219.24,229.24,127.93
244.4,219.34,229.24,127.93
244.45,219.72,229.24,127.93
243.99,219.82,229.24,127.93
245.02,219.58,229.24,127.93
245.36,219.37,229.24,127.93
246.42,219.42,229.24,127.93
246.59,219.48,229.24,127.93
247.17,219.46,229.24,127.93
248.07,219.45,229.24,127.93
247.75,219.81,229.24,127.93
247.12,219.76,229.24,127.93
248.27,219.16,229.24,127.93
249.05,218.95,229.24,127.93
249.13,219.9,229.24,127.93
249.76,219.86,229.24,127.93
250.33,220.08,229.24,127.93
252.01,219.6,229.24,127.93
251.98,219.87,229.24,127.93
252.82,220.17,229.24,127.93
252.59,220.2,229.24,127.93
252.7,220.05,229.24,127.93
253.09,219.97,229.24,127.93
253.77,219.94,229.24,127.93
253.64,220.32,229.24,127.93
254.36,220.04,229.24,127.93
255.28,220.13,229.24,127.93
255.76,219.96,229.24,127.93
255.97,220.19,229.24,127.93
256.59,220.07,229.24,127.93
256.7,219.83,229.24,127.93
256.48,220.04,229.24,127.93
256.1,219.87,229.24,127.93
251.95,218.2,240.7,134.33
252.1,218.54,240.7,134.33
252.56,218.65,240.7,134.33
252.66,219.07,240.7,134.33
252.63,218.8,240.7,134.33
252.92,219.38,240.7,134.33
252.84,219.12,240.7,134.33
252.36,219.09,240.7,134.33
252.98,218.99,240.7,134.33
252.45,219.02,240.7,134.33
252.9,219.13,240.7,134.33
252.14,219.47,240.7,134.33
252.35,219.64,240.7,134.33
252.45,220,240.7,134.33
252.5,219.79,240.7,134.33
252.78,220.21,240.7,134.33
252.09,220.04,240.7,134.33
251.8,219.86,240.7,134.33
252.05,219.77,240.7,134.33
251.69,220.44,240.7,134.33
251.28,220.68,240.7,134.33
250.99,220.74,240.7,134.33
250.81,220.45,240.7,134.33
250.82,220.18,240.7,134.33
250.69,219.81,240.7,134.33
250.77,220.2,240.7,134.33
250.39,220.18,240.7,134.33
250.43,219.71,240.7,134.33
250.97,220.34,240.7,134.33
250.07,220.5,240.7,134.33
250.19,220.36,240.7,134.33
249.77,220.35,240.7,134.33
249.25,220.57,240.7,134.33
249.1,220.67,240.7,134.33
248.86,220.79,240.7,134.33
248.55,220.83,240.7,134.33
249.07,220.76,240.7,134.33
248.41,220.48,240.7,134.33
248.58,220.51,240.7,134.33
248.68,220.65,240.7,134.33
247.71,220.84,240.7,134.33
247.54,220.34,240.7,134.33
248.11,220.62,240.7,134.33
248.08,220.93,240.7,134.33
247.86,220.47,240.7,134.33
247.33,220.5,240.7,134.33
247.31,220.65,240.7,134.33
247.51,220.92,240.7,134.33
247.36,220.38,240.7,134.33
247.29,220.64,240.7,134.33
247.52,220.8,240.7,134.33
247.83,220.77,240.7,134.33
246.97,220.82,240.7,134.33
247.09,220.99,240.7,134.33
247.04,220.41,240.7,134.33
247.12,220.83,240.7,134.33
247.18,221.15,240.7,134.33
247.55,221.04,240.7,134.33
247.6,220.96,240.7,134.33
247.67,221.17,240.7,134.33
247.03,221.48,240.7,134.33
247.4,221.82,240.7,134.33
247.6,222.4,240.7,134.33
247.42,221.91,240.7,134.33
246.92,221.75,240.7,134.33
246.21,222.21,240.7,134.33
246.29,221.99,240.7,134.33
246.06,221.54,240.7,134.33
245.68,222,240.7,134.33
245.32,221.73,240.7,134.33
246.02,221.85,240.7,134.33
245.55,221.27,240.7,134.33
245.63,221.25,240.7,134.33
245.52,220.85,240.7,134.33
245.38,220.44,240.7,134.33
245.26,220.79,240.7,134.33
245.32,221.06,240.7,134.33
245.15,220.92,240.7,134.33
244.86,220.86,240.7,134.33
244.2,220.88,240.7,134.33
244.38,220.98,240.7,134.33
244.34,220.76,240.7,134.33
244.18,221.22,240.7,134.33
243.88,221.15,240.7,134.33
243.28,221.03,240.7,134.33
243.17,221.02,240.7,134.33
242.93,220.73,240.7,134.33
242.47,221.05,240.7,134.33
242.51,220.9,240.7,134.33
242.45,220.87,240.7,134.33
241.97,220.54,240.7,134.33
240.95,220.79,240.7,134.33
240.64,221.2,240.7,134.33
240.89,221.29,240.7,134.33
240.04,221.2,240.7,134.33
239.62,221.16,240.7,134.33
240.09,220.91,240.7,134.33
239.99,220.5,240.7,134.33
239.53,220.85,240.7,134.33
239.77,220.51,240.7,134.33
239.53,220.76,240.7,134.33
239.9,221.52,240.7,134.33
239.75,221.04,240.7,134.33
239.29,220.81,240.7,134.33
239.66,221.13,240.7,134.33
239.11,220.88,240.7,134.33
239.36,220.4,240.7,134.33
239.6,220.41,240.7,134.33
239.88,220.71,240.7,134.33
239.02,220.79,240.7,134.33
239.27,220.8,240.7,134.33
239.44,220.57,240.7,134.33
239.45,220.38,240.7,134.33
239.48,220.08,240.7,134.33
239.5,219.72,240.7,134.33
239.46,220.1,240.7,134.33
239.15,219.6,240.7,134.33
239.13,219.73,240.7,134.33
239.2,219.94,240.7,134.33
239.22,219.37,240.7,134.33
239.39,219.43,240.7,134.33
239.41,219.6,240.7,134.33
239.65,219.77,240.7,134.33
239.88,219.86,240.7,134.33
239.64,219.43,240.7,134.33
240.1,219.61,240.7,134.33
240.13,219.8,240.7,134.33
240.32,220.07,240.7,134.33
240.39,219.91,240.7,134.33
240.3,219.7,240.7,134.33
240.65,219.82,240.7,134.33
240.13,219.86,240.7,134.33
240.84,219.48,240.7,134.33
240.59,219.71,240.7,134.33
241.52,219.87,240.7,134.33
241.77,219.38,240.7,134.33
241.29,219.09,240.7,134.33
241.39,219.06,240.7,134.33
241.72,218.81,240.7,134.33
241.49,219.24,240.7,134.33
241.84,218.72,240.7,134.33
241.58,218.95,240.7,134.33
242.05,218.32,240.7,134.33
242.2,218.26,240.7,134.33
242.84,217.88,240.7,134.33
242.41,217.49,240.7,134.33
242.79,217.84,240.7,134.33
242.54,217.35,240.7,134.33
243.2,217.56,240.7,134.33
243.06,217.6,240.7,134.33
242.97,217.69,240.7,134.33
243.08,217.85,240.7,134.33
242.98,217.55,240.7,134.33
242.75,217.56,240.7,134.33
242.29,217.51,240.7,134.33
242.86,217.57,240.7,134.33
242.77,217.65,240.7,134.33
242.72,217.65,240.7,134.33
242.63,217.52,240.7,134.33
243.44,217.39,240.7,134.33
243.47,217.64,240.7,134.33
243.64,217.52,240.7,134.33
243.67,217.29,240.7,134.33
242.68,217.2,240.7,134.33
242.88,216.87,240.7,134.33
243.17,216.44,240.7,134.33
243.23,216.78,240.7,134.33
243.45,216.94,240.7,134.33
243.81,216.39,240.7,134.33
243.32,216.82,240.7,134.33
243.83,217.27,240.7,134.33
243.32,217.03,240.7,134.33
243.58,216.57,240.7,134.33
243.94,216.88,240.7,134.33
243.64,216.46,240.7,134.33
244.17,216.82,240.7,134.33
244.15,217.2,240.7,134.33
244.4,217.06,240.7,134.33
244.91,216.88,240.7,134.33
245.02,216.96,240.7,134.33
245.06,216.78,240.7,134.33
245.29,217.35,240.7,134.33
245.64,217.42,240.7,134.33
246.25,217.64,240.7,134.33
246.4,217.89,240.7,134.33
246.74,217.23,240.7,134.33
246.55,217.55,240.7,134.33
246.91,217.68,240.7,134.33
246.75,217.8,240.7,134.33
246.77,217.69,240.7,134.33
246.82,217.95,240.7,134.33
247.37,217.63,240.7,134.33
247.68,217.79,240.7,134.33
247.55,218.12,240.7,134.33
248.4,217.82,240.7,134.33
248.35,218.03,240.7,134.33
248.15,217.96,240.7,134.33
248.24,217.46,240.7,134.33
248.5,217.53,240.7,134.33
248.95,217.63,240.7,134.33
248.77,218.41,240.7,134.33
248.64,218.12,240.7,134.33
248.99,217.83,240.7,134.33
248.86,218.33,240.7,134.33
249.01,218.16,240.7,134.33
248.99,218.28,240.7,134.33
248.93,218.23,240.7,134.33
249,218.16,240.7,134.33
248.98,218.36,240.7,134.33
249.15,218.2,240.7,134.33
249.33,218.34,240.7,134.33
249.63,218.6,240.7,134.33
250.05,218.71,240.7,134.33
249.35,219.07,240.7,134.33
249.02,218.67,240.7,134.33
249.25,218.94,240.7,134.33
249.33,218.56,240.7,134.33
249.27,218.7,240.7,134.33
248.9,218.76,240.7,134.33
248.48,219.16,240.7,134.33
248.63,218.65,240.7,134.33
248.68,218.8,240.7,134.33
248.2,218.92,240.7,134.33
248.44,218.25,240.7,134.33
248.48,218.4,240.7,134.33
248.55,218.25,240.7,134.33
248.59,218.36,240.7,134.33
248.73,218.61,240.7,134.33
248.02,218.79,240.7,134.33
248.23,219.05,240.7,134.33
248.44,218.64,240.7,134.33
248.37,218.68,240.7,134.33
248.23,218.85,240.7,134.33
248.1,218.32,240.7,134.33
247.73,218.28,240.7,134.33
247.5,218.53,240.7,134.33
247.86,218.65,240.7,134.33
247.63,218.76,240.7,134.33
248.04,218.72,240.7,134.33
247.72,218.96,240.7,134.33
247.65,218.85,240.7,134.33
247.43,218.25,240.7,134.33
247.81,218.25,240.7,134.33
247.55,218.43,240.7,134.33
247.72,218.4,240.7,134.33
247.36,218.4,240.7,134.33
247.83,218.45,240.7,134.33
247.41,218.4,240.7,134.33
247.77,218.32,240.7,134.33
247.41,218.27,240.7,134.33
248.02,218.21,240.7,134.33
247.69,218.18,240.7,134.33
247.47,218.06,240.7,134.33
248.18,217.94,240.7,134.33
248.28,218.03,240.7,134.33
248.56,217.94,240.7,134.33
248.76,217.91,240.7,134.33
248.49,217.86,240.7,134.33
249.18,217.91,240.7,134.33
248.9,217.88,240.7,134.33
248.89,217.99,240.7,134.33
248.99,218.13,240.7,134.33
248.96,218.41,240.7,134.33
249.19,218.64,240.7,134.33
249.46,218.85,240.7,134.33
249.47,218.55,240.7,134.33
249.88,218.9,240.7,134.33
249.74,218.55,240.7,134.33
249.59,218.93,240.7,134.33
250.39,218.58,240.7,134.33
250.45,219,240.7,134.33
250.69,218.99,240.7,134.33
250.79,218.91,240.7,134.33
251.33,218.96,240.7,134.33
252.34,219.34,240.7,134.33
252.92,219.58,240.7,134.33
252.41,219.65,240.7,134.33
252.85,220.13,240.7,134.33
253.2,219.92,240.7,134.33
253.22,219.33,240.7,134.33
253.21,219.35,240.7,134.33
253.86,219.41,240.7,134.33
253.38,219.1,240.7,134.33
254.26,218.79,240.7,134.33
253.82,219.34,240.7,134.33
253.77,219.4,240.7,134.33
253.74,219.57,240.7,134.33
253.74,219.54,240.7,134.33
253.9,220.17,240.7,134.33
254.68,220.05,240.7,134.33
255.38,220.31,240.7,134.33
256.42,220.77,240.7,134.33
256.94,221.15,240.7,134.33
256.67,220.9,240.7,134.33
257.02,220.72,240.7,134.33
257.24,221.03,240.7,134.33
257.83,220.73,240.7,134.33
258.03,221.33,240.7,134.33
257.94,221.33,240.7,134.33
258.24,221.44,240.7,134.33
258.57,221.32,240.7,134.33
258.65,221.31,240.7,134.33
258.58,221.32,240.7,134.33
253.75,218.59,252.74,141.04
253.94,218.52,252.74,141.04
254.18,218.57,252.74,141.04
254.42,218.25,252.74,141.04
255.12,218.84,252.74,141.04
254.83,218.84,252.74,141.04
254.44,219.25,252.74,141.04
255.05,219.61,252.74,141.04
255.11,219.12,252.74,141.04
255.06,219.5,252.74,141.04
255.56,219.17,252.74,141.04
256.31,219.29,252.74,141.04
256.65,219.57,252.74,141.04
256.26,218.97,252.74,141.04
256.21,219.34,252.74,141.04
255.9,219.46,252.74,141.04
255.65,219.4,252.74,141.04
255.61,219.36,252.74,141.04
256.02,219.07,252.74,141.04
256.19,219.03,252.74,141.04
256.44,219.41,252.74,141.04
256.53,219.34,252.74,141.04
256.43,219.21,252.74,141.04
255.96,219.65,252.74,141.04
255.6,219.02,252.74,141.04
256.08,218.99,252.74,141.04
255.76,219.28,252.74,141.04
255.4,219.15,252.74,141.04
255.57,219.18,252.74,141.04
255.41,219.33,252.74,141.04
255.36,219.35,252.74,141.04
255.34,219.48,252.74,141.04
255.73,218.86,252.74,141.04
254.93,219.43,252.74,141.04
254.88,219.41,252.74,141.04
254.76,219.61,252.74,141.04
254.81,219.07,252.74,141.04
254.68,219.2,252.74,141.04
254.56,219.53,252.74,141.04
254.95,219.12,252.74,141.04
254.33,219.27,252.74,141.04
254.24,219.34,252.74,141.04
254.36,219.48,252.74,141.04
254.3,218.84,252.74,141.04
254.23,219.19,252.74,141.04
254.4,219.42,252.74,141.04
254.55,219.81,252.74,141.04
254.55,219.56,252.74,141.04
254.38,219.21,252.74,141.04
254.6,219.64,252.74,141.04
254.78,219.33,252.74,141.04
254.36,219.88,252.74,141.04
254.71,219.63,252.74,141.04
254.68,219.54,252.74,141.04
254.36,219.78,252.74,141.04
255.56,219.94,252.74,141.04
256.15,220.61,252.74,141.04
256.39,220.48,252.74,141.04
256.68,220.77,252.74,141.04
256.52,220.95,252.74,141.04
257.39,221.55,252.74,141.04
257.69,221.6,252.74,141.04
257.45,221.37,252.74,141.04
257.84,221.66,252.74,141.04
257.45,221.14,252.74,141.04
257.06,221.19,252.74,141.04
256.78,221.28,252.74,141.04
256.35,221.61,252.74,141.04
256.76,221,252.74,141.04
255.94,221.25,252.74,141.04
256,221.32,252.74,141.04
255.82,221.7,252.74,141.04
256.13,221.29,252.74,141.04
256.23,221.56,252.74,141.04
256.49,221.27,252.74,141.04
256.98,221.54,252.74,141.04
257.14,221.57,252.74,141.04
257.36,221.24,252.74,141.04
257.46,222.07,252.74,141.04
257.51,222.16,252.74,141.04
257.76,222.26,252.74,141.04
258.1,222.43,252.74,141.04
258.49,222.2,252.74,141.04
258.95,222.3,252.74,141.04
258.61,222.4,252.74,141.04
259.02,222.13,252.74,141.04
258.99,222.13,252.74,141.04
258.79,221.97,252.74,141.04
259,221.84,252.74,141.04
259.68,221.56,252.74,141.04
259.23,221.36,252.74,141.04
259.39,221.74,252.74,141.04
260.1,221.33,252.74,141.04
259.76,221.61,252.74,141.04
259.84,221.34,252.74,141.04
259.99,221.73,252.74,141.04
260.27,221.19,252.74,141.04
260.65,221.34,252.74,141.04
260.45,221.19,252.74,141.04
261.05,221.41,252.74,141.04
260.71,221.23,252.74,141.04
260.12,221.09,252.74,141.04
260.75,220.92,252.74,141.04
260.79,220.5,252.74,141.04
260.8,220.39,252.74,141.04
260.56,220.61,252.74,141.04
261.26,220.22,252.74,141.04
260.65,220.54,252.74,141.04
260.44,220.3,252.74,141.04
260.48,220.31,252.74,141.04
260.13,220.54,252.74,141.04
260.32,220.08,252.74,141.04
260.08,219.96,252.74,141.04
259.6,219.68,252.74,141.04
260,219.71,252.74,141.04
259.46,219.52,252.74,141.04
259.61,219.29,252.74,141.04
260.09,219.97,252.74,141.04
259.14,220.2,252.74,141.04
259.14,220.55,252.74,141.04
258.98,220.23,252.74,141.04
258.56,219.87,252.74,141.04
258.51,220.12,252.74,141.04
258.5,220.1,252.74,141.04
257.89,219.97,252.74,141.04
256.94,219.88,252.74,141.04
256.64,220.09,252.74,141.04
255.95,219.81,252.74,141.04
255.28,219.51,252.74,141.04
255.11,219.17,252.74,141.04
254.5,219.34,252.74,141.04
254.66,219.79,252.74,141.04
254,219.29,252.74,141.04
253.63,219.65,252.74,141.04
253.75,219.43,252.74,141.04
253.54,219.89,252.74,141.04
253.34,220.1,252.74,141.04
253.34,220.34,252.74,141.04
252.91,220.4,252.74,141.04
252.15,220.28,252.74,141.04
251.88,220.08,252.74,141.04
251.76,220.3,252.74,141.04
251.1,220.65,252.74,141.04
251.48,220.18,252.74,141.04
251.19,220.31,252.74,141.04
250.52,220.5,252.74,141.04
250.62,220.07,252.74,141.04
249.89,220.65,252.74,141.04
249.45,220.37,252.74,141.04
249.48,220.46,252.74,141.04
249.42,220.53,252.74,141.04
249.74,219.97,252.74,141.04
248.4,220.12,252.74,141.04
248.36,220.13,252.74,141.04
247.91,220.09,252.74,141.04
247.68,220.14,252.74,141.04
247.19,220.53,252.74,141.04
247.89,220.15,252.74,141.04
247.71,220.76,252.74,141.04
247.14,220.63,252.74,141.04
247.54,220.67,252.74,141.04
247.91,220.74,252.74,141.04
247.78,220.71,252.74,141.04
247.49,220.68,252.74,141.04
247.69,220.57,252.74,141.04
247.66,220.67,252.74,141.04
247.4,220.55,252.74,141.04
247.64,220.64,252.74,141.04
247.65,220.32,252.74,141.04
247.47,220.84,252.74,141.04
248.1,221.06,252.74,141.04
248.19,220.98,252.74,141.04
248.27,221.02,252.74,141.04
248.75,221.22,252.74,141.04
248.57,221.17,252.74,141.04
249.23,221.31,252.74,141.04
249.17,221.21,252.74,141.04
249.3,221.4,252.74,141.04
249.27,221.2,252.74,141.04
249.7,221.17,252.74,141.04
249.21,221.29,252.74,141.04
250.03,221.32,252.74,141.04
250.29,221.32,252.74,141.04
250.7,221.34,252.74,141.04
250.48,221.58,252.74,141.04
251.04,220.97,252.74,141.04
251.9,221.01,252.74,141.04
251.86,221.13,252.74,141.04
252.29,221.26,252.74,141.04
252.87,221.35,252.74,141.04
252.99,221.54,252.74,141.04
253.7,221.04,252.74,141.04
254.1,221.27,252.74,141.04
254.69,221.32,252.74,141.04
254.84,221.55,252.74,141.04
255.36,221.05,252.74,141.04
255.84,221.12,252.74,141.04
256.1,221.1,252.74,141.04
256.22,220.97,252.74,141.04
256.81,221.18,252.74,141.04
257.13,221.26,252.74,141.04
257.4,221.51,252.74,141.04
258.04,221.01,252.74,141.04
257.81,221.25,252.74,141.04
258.06,221.51,252.74,141.04
258.69,221.03,252.74,141.04
258.64,221.23,252.74,141.04
258.84,221.35,252.74,141.04
259.02,221.5,252.74,141.04
259.55,221.12,252.74,141.04
260.01,220.91,252.74,141.04
259.72,220.81,252.74,141.04
259.84,220.69,252.74,141.04
259.94,220.76,252.74,141.04
260.42,220.93,252.74,141.04
261.07,221.22,252.74,141.04
261.21,221.35,252.74,141.04
261.37,221.71,252.74,141.04
261.65,221.75,252.74,141.04
261.32,221.8,252.74,141.04
261.37,222,252.74,141.04
261.83,222.23,252.74,141.04
261.78,222.23,252.74,141.04
262.36,222.52,252.74,141.04
263.28,221.98,252.74,141.04
263.65,222.41,252.74,141.04
263.7,222.71,252.74,141.04
264.02,222.38,252.74,141.04
264.82,222.89,252.74,141.04
264.75,222.95,252.74,141.04
265.01,223.15,252.74,141.04
265.39,223.27,252.74,141.04
266.05,223.4,252.74,141.04
266.25,224.01,252.74,141.04
260.9,221.07,265.37,148.09
261.57,221.02,265.37,148.09
