362,114.75,109.5,71.1
359.94,115.4,109.5,71.1
356.07,116.6,109.5,71.1
350.69,116.99,109.5,71.1
344.67,117.18,109.5,71.1
339.8,117.13,109.5,71.1
337.06,116.88,109.5,71.1
333.99,116.47,109.5,71.1
331.94,116.45,109.5,71.1
330.41,116.99,109.5,71.1
328.98,117.88,109.5,71.1
328.71,118.56,109.5,71.1
328.22,118.79,109.5,71.1
328.51,119.01,109.5,71.1
328.16,119.1,109.5,71.1
325.92,117.41,114.98,74.655
325.76,117.23,114.98,74.655
325.82,117.18,114.98,74.655
326.33,117.44,114.98,74.655
327.72,117.96,114.98,74.655
328.24,117.73,114.98,74.655
329.98,117.44,114.98,74.655
330.64,117.77,114.98,74.655
331.37,117.23,114.98,74.655
332.82,117.59,114.98,74.655
334.27,117.73,114.98,74.655
336.04,116.8,114.98,74.655
337.99,116.61,114.98,74.655
338.96,116.89,114.98,74.655
340.28,117.01,114.98,74.655
342.75,117.4,114.98,74.655
343.95,117.73,114.98,74.655
344.53,117.05,114.98,74.655
345.31,116.96,114.98,74.655
347.2,116.97,114.98,74.655
348.91,116.94,114.98,74.655
349.5,116.96,114.98,74.655
351.72,117.02,114.98,74.655
352.65,117.28,114.98,74.655
354.35,117.36,114.98,74.655
356.8,117.57,114.98,74.655
358.67,117.84,114.98,74.655
360.08,117.45,114.98,74.655
362.04,117.84,114.98,74.655
363.42,117.64,114.98,74.655
365.06,117.72,114.98,74.655
366.14,117.1,114.98,74.655
367.02,117,114.98,74.655
367.83,116.61,114.98,74.655
368.27,117.01,114.98,74.655
369.49,116.81,114.98,74.655
371.01,116.77,114.98,74.655
371.88,116.71,114.98,74.655
373.13,116.63,114.98,74.655
374.71,117.23,114.98,74.655
375.81,117.27,114.98,74.655
377.03,117.44,114.98,74.655
378.65,117.6,114.98,74.655
379.65,117.65,114.98,74.655
380.91,117.64,114.98,74.655
382.64,117.43,114.98,74.655
384.25,117.07,114.98,74.655
386.26,116.43,114.98,74.655
388.66,116.46,114.98,74.655
390.23,116.44,114.98,74.655
392.24,116.19,114.98,74.655
394.39,115.94,114.98,74.655
396.03,115.48,114.98,74.655
397.88,115.78,114.98,74.655
399.44,115.4,114.98,74.655
402.15,115.44,114.98,74.655
404.27,115.41,114.98,74.655
406.44,115.51,114.98,74.655
408.27,115.55,114.98,74.655
410.19,115.54,114.98,74.655
411.37,115.55,114.98,74.655
413.14,115.61,114.98,74.655
414.45,115.61,114.98,74.655
416.11,115.82,114.98,74.655
417.56,115.63,114.98,74.655
418.73,116.35,114.98,74.655
420.53,116.69,114.98,74.655
422.08,116.85,114.98,74.655
423.93,117.51,114.98,74.655
425.32,118.55,114.98,74.655
427.45,119.24,114.98,74.655
428.87,119.39,114.98,74.655
430.1,119.55,114.98,74.655
431.7,120,114.98,74.655
432.6,119.76,114.98,74.655
430.81,117.57,120.72,78.388
431.74,118.19,120.72,78.388
432.33,118.16,120.72,78.388
433.55,118.4,120.72,78.388
434.62,118.73,120.72,78.388
435.03,119.14,120.72,78.388
434.73,119.14,120.72,78.388
434.62,119.29,120.72,78.388
435.34,119.4,120.72,78.388
435.16,120.13,120.72,78.388
435.21,120.4,120.72,78.388
435.35,120.56,120.72,78.388
435.71,120.35,120.72,78.388
435.13,120.35,120.72,78.388
435.5,120.11,120.72,78.388
435.88,119.72,120.72,78.388
435.14,120.25,120.72,78.388
435.02,119.77,120.72,78.388
434.61,119.63,120.72,78.388
434.79,119.41,120.72,78.388
434.24,118.74,120.72,78.388
434.28,118.63,120.72,78.388
434.29,118.8,120.72,78.388
434.52,119.14,120.72,78.388
434.85,119.24,120.72,78.388
434.8,119.41,120.72,78.388
434.6,119.49,120.72,78.388
435.28,119.33,120.72,78.388
434.97,119.04,120.72,78.388
434.41,118.86,120.72,78.388
434.42,118.78,120.72,78.388
433.82,119.54,120.72,78.388
433.92,120.16,120.72,78.388
435.25,119.8,120.72,78.388
435.84,120.8,120.72,78.388
434.05,121.15,120.72,78.388
432.54,120.88,120.72,78.388
431.57,120.17,120.72,78.388
431.43,119.77,120.72,78.388
430.63,120.03,120.72,78.388
430.71,119.43,120.72,78.388
428.96,119.15,120.72,78.388
428.63,119.16,120.72,78.388
429.16,119.22,120.72,78.388
428.29,119.29,120.72,78.388
428.45,118.91,120.72,78.388
429.2,118.49,120.72,78.388
429.24,118.08,120.72,78.388
430.06,117.54,120.72,78.388
430.33,118.25,120.72,78.388
430.96,118.37,120.72,78.388
430.87,118.82,120.72,78.388
430.82,118.7,120.72,78.388
430.49,119.22,120.72,78.388
431.16,118.88,120.72,78.388
431.13,118.5,120.72,78.388
430.64,118.36,120.72,78.388
430.03,118.04,120.72,78.388
430.01,117.38,120.72,78.388
429.57,116.85,120.72,78.388
429.13,115.73,120.72,78.388
428.17,115.57,120.72,78.388
427.95,114.83,120.72,78.388
427.46,113.62,120.72,78.388
427.11,113.33,120.72,78.388
426.74,113.07,120.72,78.388
426.62,112.57,120.72,78.388
427.15,112.04,120.72,78.388
427.2,111.9,120.72,78.388
427.45,111.8,120.72,78.388
426.95,112.46,120.72,78.388
426.73,112.5,120.72,78.388
426.52,112.31,120.72,78.388
426.59,111.96,120.72,78.388
426.83,111.87,120.72,78.388
426.66,111.66,120.72,78.388
426.38,112.32,120.72,78.388
426.93,111.83,120.72,78.388
426.87,111.64,120.72,78.388
426.97,111.97,120.72,78.388
427.36,111.47,120.72,78.388
427.61,111.75,120.72,78.388
428.07,111.86,120.72,78.388
427.64,111.22,120.72,78.388
427.28,111.45,120.72,78.388
427.54,111.58,120.72,78.388
427.91,111.33,120.72,78.388
427.5,111.43,120.72,78.388
427.92,111.13,120.72,78.388
427.21,110.99,120.72,78.388
427.05,110.62,120.72,78.388
427.01,111.14,120.72,78.388
426.83,111.08,120.72,78.388
426.5,110.86,120.72,78.388
426.91,110.36,120.72,78.388
426.57,110.85,120.72,78.388
427.29,110.65,120.72,78.388
427.23,111.05,120.72,78.388
427.08,111,120.72,78.388
427.13,111.12,120.72,78.388
427.45,111.25,120.72,78.388
427.73,111.61,120.72,78.388
427.47,112.41,120.72,78.388
427.84,112.35,120.72,78.388
427.4,112.26,120.72,78.388
427.52,112.48,120.72,78.388
427.61,112.95,120.72,78.388
427.54,112.21,120.72,78.388
427.62,112.87,120.72,78.388
427.58,112.88,120.72,78.388
427.34,113.13,120.72,78.388
427.09,113.4,120.72,78.388
426.94,113.79,120.72,78.388
426.61,114.51,120.72,78.388
426.9,114.67,120.72,78.388
426.82,114.74,120.72,78.388
427.09,114.68,120.72,78.388
427.49,114.7,120.72,78.388
428.11,113.8,120.72,78.388
428.38,113.53,120.72,78.388
428.73,112.84,120.72,78.388
428.2,111.67,120.72,78.388
428.44,112.2,120.72,78.388
428.14,111.98,120.72,78.388
427.24,111.37,120.72,78.388
426.7,111.58,120.72,78.388
425.62,112.07,120.72,78.388
425.95,111.67,120.72,78.388
425.39,111.69,120.72,78.388
426.08,111.9,120.72,78.388
426.68,111.76,120.72,78.388
426.84,111.73,120.72,78.388
426.74,111.64,120.72,78.388
426.99,110.66,120.72,78.388
427.14,110.35,120.72,78.388
427.32,110.13,120.72,78.388
427.61,110.32,120.72,78.388
428.19,111.52,120.72,78.388
428.34,111.93,120.72,78.388
428.61,111.63,120.72,78.388
429.47,112.54,120.72,78.388
430.18,112.29,120.72,78.388
430.25,112.21,120.72,78.388
431.12,112.38,120.72,78.388
431.42,112.59,120.72,78.388
431.87,112.12,120.72,78.388
431.65,111.56,120.72,78.388
431.08,111.34,120.72,78.388
431.17,110.77,120.72,78.388
431.15,110.82,120.72,78.388
430.74,109.72,120.72,78.388
430.09,109.87,120.72,78.388
429.49,108.75,120.72,78.388
429.23,108.14,120.72,78.388
429.55,107.52,120.72,78.388
430.52,106.86,120.72,78.388
431.35,104.28,120.72,78.388
429.2,101.34,126.76,82.307
429.88,99.483,126.76,82.307
430.98,97.388,126.76,82.307
432.08,96.004,126.76,82.307
432.72,94.948,126.76,82.307
432.63,94.614,126.76,82.307
432.02,95.66,126.76,82.307
432.2,96.492,126.76,82.307
433.71,97.187,126.76,82.307
434.19,97.96,126.76,82.307
435.87,98.746,126.76,82.307
435.91,99.23,126.76,82.307
435.76,99.72,126.76,82.307
435.79,99.686,126.76,82.307
435.27,100.49,126.76,82.307
435.55,101.11,126.76,82.307
435.98,101.45,126.76,82.307
436.07,101.02,126.76,82.307
436.75,100.68,126.76,82.307
436.45,100.54,126.76,82.307
437.05,100.64,126.76,82.307
436.86,99.059,126.76,82.307
435.09,96.112,133.1,86.422
436.09,94.702,133.1,86.422
436.17,94.092,133.1,86.422
436.9,93.453,133.1,86.422
435.5,91.37,133.1,86.422
435.81,91.219,133.1,86.422
435.58,90.594,133.1,86.422
435.6,90.149,133.1,86.422
435.5,88.596,133.1,86.422
436.36,88.261,133.1,86.422
437.11,87.675,133.1,86.422
438.24,87.474,133.1,86.422
438.54,86.434,133.1,86.422
438.1,84.832,133.1,86.422
438.62,83.838,133.1,86.422
436.31,80.524,139.75,90.744
436.77,79.82,139.75,90.744
437.85,78.169,139.75,90.744
438.96,77.687,139.75,90.744
439.72,76.771,139.75,90.744
440.1,76.867,139.75,90.744
441.15,76.033,139.75,90.744
441.94,75.164,139.75,90.744
443.49,74.759,139.75,90.744
443.8,73.895,139.75,90.744
444.98,73.664,139.75,90.744
445.97,73.449,139.75,90.744
446.77,73.975,139.75,90.744
447.83,73.95,139.75,90.744
448.5,73.817,139.75,90.744
449.07,73.635,139.75,90.744
450.13,74.08,139.75,90.744
450.4,75.069,139.75,90.744
450.26,75.703,139.75,90.744
450.08,76.24,139.75,90.744
451.21,77.171,139.75,90.744
451.08,77.874,139.75,90.744
452.14,78.71,139.75,90.744
452.11,79.703,139.75,90.744
453.52,81.083,139.75,90.744
454.06,82.603,139.75,90.744
455.08,84.645,139.75,90.744
455.94,85.569,139.75,90.744
457,87.091,139.75,90.744
457.9,87.791,139.75,90.744
458.21,88.477,139.75,90.744
459.29,90.298,139.75,90.744
460.18,91.336,139.75,90.744
461.81,92.525,139.75,90.744
464.35,93.783,139.75,90.744
465.66,95.293,139.75,90.744
467.27,98.426,139.75,90.744
468.96,101.31,139.75,90.744
470.53,103.33,139.75,90.744
471.1,104.85,139.75,90.744
471.89,105.26,139.75,90.744
471.73,105.51,139.75,90.744
471.62,105.98,139.75,90.744
471.17,105.77,139.75,90.744
470.89,104.87,139.75,90.744
470.69,103.97,139.75,90.744
470.38,103.54,139.75,90.744
470.05,103.42,139.75,90.744
470.2,102.18,139.75,90.744
470.14,101.24,139.75,90.744
470.13,100.72,139.75,90.744
470.14,100.12,139.75,90.744
469.87,100.7,139.75,90.744
470.02,101.06,139.75,90.744
470.13,101.82,139.75,90.744
469.1,101.89,139.75,90.744
469.19,102.72,139.75,90.744
468.69,102.88,139.75,90.744
468.84,102.67,139.75,90.744
469.57,102.29,139.75,90.744
470.18,102.78,139.75,90.744
470.22,102.58,139.75,90.744
470.11,103.08,139.75,90.744
470.72,103.28,139.75,90.744
470.92,103.48,139.75,90.744
470.6,104,139.75,90.744
470.04,103.96,139.75,90.744
469.74,104.31,139.75,90.744
469.52,105.16,139.75,90.744
469.82,105.86,139.75,90.744
470.58,106.19,139.75,90.744
471.17,106.73,139.75,90.744
471.9,106.1,139.75,90.744
474.07,105.66,139.75,90.744
475.77,104.93,139.75,90.744
476.43,104.76,139.75,90.744
478.07,104.17,139.75,90.744
480.69,104.15,139.75,90.744
482.01,103.88,139.75,90.744
484.42,103.51,139.75,90.744
485.79,103.81,139.75,90.744
488.11,103.42,139.75,90.744
490.67,103.77,139.75,90.744
491.61,103.47,139.75,90.744
493.17,103.64,139.75,90.744
493.83,103.23,139.75,90.744
495.94,103.17,139.75,90.744
497.19,103.16,139.75,90.744
497.79,102.52,139.75,90.744
499.22,102.47,139.75,90.744
499.83,101.88,139.75,90.744
501.35,100.92,139.75,90.744
501.76,100.69,139.75,90.744
503.01,100.23,139.75,90.744
504.19,100.63,139.75,90.744
504.54,100.84,139.75,90.744
505.23,101.38,139.75,90.744
504.52,102.63,139.75,90.744
503.53,103.55,139.75,90.744
502.09,103.92,139.75,90.744
501.01,103.09,139.75,90.744
499.93,102.99,139.75,90.744
498.44,103.11,139.75,90.744
496.41,103.48,139.75,90.744
494.38,103.5,139.75,90.744
492.17,103.53,139.75,90.744
489.15,103.47,139.75,90.744
486.73,103.12,139.75,90.744
484.96,102.59,139.75,90.744
482.42,102.85,139.75,90.744
479.91,102.48,139.75,90.744
478.24,102.65,139.75,90.744
475.91,102.16,139.75,90.744
474.58,102.29,139.75,90.744
473.09,102.38,139.75,90.744
471.58,102.5,139.75,90.744
469.85,102.39,139.75,90.744
468.46,102.22,139.75,90.744
465.94,101.88,139.75,90.744
464.12,101.69,139.75,90.744
460.28,101.58,139.75,90.744
458.7,102.53,139.75,90.744
455.94,102.97,139.75,90.744
453.42,103.12,139.75,90.744
450.72,103.2,139.75,90.744
448.48,103.76,139.75,90.744
446.84,103.38,139.75,90.744
444.25,103.79,139.75,90.744
441.76,103.84,139.75,90.744
440.41,103.98,139.75,90.744
438.1,104.12,139.75,90.744
437.01,104.56,139.75,90.744
435.18,105.15,139.75,90.744
433.31,105.02,139.75,90.744
431.1,105.15,139.75,90.744
430.75,105.73,139.75,90.744
429.1,105.7,139.75,90.744
428.47,105.84,139.75,90.744
426.97,106.25,139.75,90.744
425.42,107.07,139.75,90.744
423.92,107.02,139.75,90.744
423.71,107.14,139.75,90.744
422.61,107.31,139.75,90.744
421.79,107.75,139.75,90.744
421.09,107.56,139.75,90.744
421.05,108.11,139.75,90.744
420.03,108.09,139.75,90.744
419.65,108.2,139.75,90.744
418.59,108.74,139.75,90.744
417.68,108.67,139.75,90.744
417.48,108.55,139.75,90.744
416.82,109.3,139.75,90.744
416.15,109.24,139.75,90.744
415.39,109.43,139.75,90.744
415.29,109.33,139.75,90.744
414.54,109.32,139.75,90.744
414.03,109.33,139.75,90.744
414,109.83,139.75,90.744
413.46,110.06,139.75,90.744
412.28,110.9,139.75,90.744
410.92,111.29,139.75,90.744
411.08,112.03,139.75,90.744
409.78,112.12,139.75,90.744
408.96,112.36,139.75,90.744
408.37,113.2,139.75,90.744
406.51,113.35,139.75,90.744
405.69,113.91,139.75,90.744
405.05,113.72,139.75,90.744
405.24,113.45,139.75,90.744
404.32,113.21,139.75,90.744
403.78,113.06,139.75,90.744
403.46,113.09,139.75,90.744
402.73,112.58,139.75,90.744
403.11,112.29,139.75,90.744
403.62,110.89,139.75,90.744
403.18,109.45,139.75,90.744
402.56,108.19,139.75,90.744
402.68,106.66,139.75,90.744
402.63,104.31,139.75,90.744
403.11,103.19,139.75,90.744
403.69,101.83,139.75,90.744
403.65,99.984,139.75,90.744
403.35,98.946,139.75,90.744
402.92,97.242,139.75,90.744
402.88,96.325,139.75,90.744
402.72,95.244,139.75,90.744
402.66,93.95,139.75,90.744
402.69,92.779,139.75,90.744
402.6,90.794,139.75,90.744
402.15,88.359,139.75,90.744
401.33,87.258,139.75,90.744
400.72,84.919,139.75,90.744
400.47,82.77,139.75,90.744
399.93,81.159,139.75,90.744
400.1,80.015,139.75,90.744
399.81,78.362,139.75,90.744
399.46,77.053,139.75,90.744
398.39,74.793,139.75,90.744
397.75,73.193,139.75,90.744
396.83,71.741,139.75,90.744
396.2,69.58,139.75,90.744
394.69,68.995,139.75,90.744
394.57,66.804,139.75,90.744
393.57,65.759,139.75,90.744
392.66,63.938,139.75,90.744
392.39,62.911,139.75,90.744
391.63,61.232,139.75,90.744
391.48,60.226,139.75,90.744
391.02,58.27,139.75,90.744
390.86,57.06,139.75,90.744
390.64,54.655,139.75,90.744
390.15,52.613,139.75,90.744
389.58,51.654,139.75,90.744
389.64,48.306,139.75,90.744
389.64,46.794,139.75,90.744
389.24,43.921,139.75,90.744
388.22,40.95,139.75,90.744
388.11,37.818,139.75,90.744
388.63,34.927,139.75,90.744
387.43,32.96,139.75,90.744
386.34,31.046,139.75,90.744
385.23,29.214,139.75,90.744
384.16,28.098,139.75,90.744
382.78,26.199,139.75,90.744
380.97,24.909,139.75,90.744
379.07,23.345,139.75,90.744
376.62,22.536,139.75,90.744
373.75,21.791,139.75,90.744
371.13,20.987,139.75,90.744
367.61,20.956,139.75,90.744
363.72,20.679,139.75,90.744
361.26,20.566,139.75,90.744
357.83,21.031,139.75,90.744
355.78,21.283,139.75,90.744
353.38,21.396,139.75,90.744
349.56,22.167,139.75,90.744
347.22,22.895,139.75,90.744
344.2,23.832,139.75,90.744
340.9,24.14,139.75,90.744
338.83,25.036,139.75,90.744
336.24,25.906,139.75,90.744
333.43,26.248,139.75,90.744
331.11,26.813,139.75,90.744
329.28,27.424,139.75,90.744
326.44,28.908,139.75,90.744
323.66,29.196,139.75,90.744
321.24,30.211,139.75,90.744
318.5,30.858,139.75,90.744
315.95,31.513,139.75,90.744
313.45,32.361,139.75,90.744
309.81,33.668,139.75,90.744
306.5,35.223,139.75,90.744
307.41,40.73,133.1,86.422
303.47,43.788,133.1,86.422
298.24,47.305,133.1,86.422
295.64,51.116,133.1,86.422
291.99,54.863,133.1,86.422
290.03,58.764,133.1,86.422
287.79,62.853,133.1,86.422
286.27,64.496,133.1,86.422
285.88,68.38,133.1,86.422
284.98,70.091,133.1,86.422
284.82,72.139,133.1,86.422
284.13,73.736,133.1,86.422
284.68,76.124,133.1,86.422
284.02,76.957,133.1,86.422
284.92,79.31,133.1,86.422
284.83,82.129,133.1,86.422
284.69,83.958,133.1,86.422
284.12,85.879,133.1,86.422
284.49,88.121,133.1,86.422
283.42,90.243,133.1,86.422
284.08,92.677,133.1,86.422
284.12,94.605,133.1,86.422
284.47,96.87,133.1,86.422
284.24,98.196,133.1,86.422
284.68,100.36,133.1,86.422
284.57,102.73,133.1,86.422
284.33,105.27,133.1,86.422
284.96,106.89,133.1,86.422
284.52,108.74,133.1,86.422
284.03,111.18,133.1,86.422
283.58,112.59,133.1,86.422
283.1,114.49,133.1,86.422
283.62,115.76,133.1,86.422
283.17,116.92,133.1,86.422
284.01,118.45,133.1,86.422
284.07,119.84,133.1,86.422
284.39,120.93,133.1,86.422
285.06,122.79,133.1,86.422
285.17,123.91,133.1,86.422
285.41,126.07,133.1,86.422
285.55,127.76,133.1,86.422
285.23,130.89,133.1,86.422
285.49,132.42,133.1,86.422
285.23,135.08,133.1,86.422
284.77,136.81,133.1,86.422
283.94,138.24,133.1,86.422
283.85,140.22,133.1,86.422
283.48,142.23,133.1,86.422
283.02,143.95,133.1,86.422
282.89,145.23,133.1,86.422
282.82,147.61,133.1,86.422
282.76,149.02,133.1,86.422
283.27,150.17,133.1,86.422
284.5,151.67,133.1,86.422
284.36,153.46,133.1,86.422
285.92,154.67,133.1,86.422
286.42,156.67,133.1,86.422
287.31,158.33,133.1,86.422
288.73,160.38,133.1,86.422
289.62,163.04,133.1,86.422
290.42,165.7,133.1,86.422
292.65,168.69,133.1,86.422
293.99,171.34,133.1,86.422
296.61,173.64,133.1,86.422
298.61,175.86,133.1,86.422
300.46,177.67,133.1,86.422
302.18,179.72,133.1,86.422
305.67,181.58,133.1,86.422
307.67,183.06,133.1,86.422
309.74,184.69,133.1,86.422
311.43,186.64,133.1,86.422
314.02,188.18,133.1,86.422
315.3,189.21,133.1,86.422
317.64,190.14,133.1,86.422
319.73,190.8,133.1,86.422
321.98,190.94,133.1,86.422
324.3,191.02,133.1,86.422
326.77,191,133.1,86.422
328.26,190.67,133.1,86.422
330.65,190.79,133.1,86.422
331.81,189.92,133.1,86.422
333.65,190.22,133.1,86.422
335.11,190.27,133.1,86.422
336.97,190.58,133.1,86.422
338.49,190.59,133.1,86.422
339.83,190.62,133.1,86.422
341.57,190.98,133.1,86.422
342.83,190.39,133.1,86.422
344.24,190.43,133.1,86.422
345.65,190.33,133.1,86.422
346.23,189.91,133.1,86.422
347.12,189.57,133.1,86.422
347.91,189.25,133.1,86.422
348.98,188.74,133.1,86.422
349.51,188.42,133.1,86.422
350.12,187.72,133.1,86.422
351.37,187.19,133.1,86.422
351.74,185.96,133.1,86.422
352.25,185.23,133.1,86.422
352.82,185.07,133.1,86.422
352.98,184.72,133.1,86.422
353.53,184.58,133.1,86.422
353.69,184.06,133.1,86.422
353.87,182.97,133.1,86.422
354.19,182.4,133.1,86.422
354.48,182.2,133.1,86.422
353.35,181.65,133.1,86.422
353.57,181.7,133.1,86.422
353.16,181.21,133.1,86.422
352.95,180.57,133.1,86.422
352.76,180.37,133.1,86.422
352.27,180.43,133.1,86.422
352.41,180.23,133.1,86.422
352.26,179.91,133.1,86.422
351.77,179.88,133.1,86.422
351.15,179.92,133.1,86.422
350.84,180.11,133.1,86.422
350.45,180.29,133.1,86.422
350.72,180.56,133.1,86.422
349.59,180.79,133.1,86.422
349.28,180.72,133.1,86.422
350.25,180.66,133.1,86.422
349.85,180.78,133.1,86.422
349.56,180.6,133.1,86.422
349.38,180.36,133.1,86.422
350.02,179.85,133.1,86.422
349.79,179.46,133.1,86.422
349.05,179.89,133.1,86.422
349.27,179.29,133.1,86.422
349.63,179.33,133.1,86.422
348.82,178.68,133.1,86.422
348.55,178.59,133.1,86.422
348.07,178.53,133.1,86.422
348.63,177.87,133.1,86.422
348.21,178.12,133.1,86.422
348.84,178.27,133.1,86.422
348.05,178.53,133.1,86.422
348.51,179.26,133.1,86.422
347.77,179.48,133.1,86.422
347.68,179.93,133.1,86.422
347.2,179.63,133.1,86.422
347.8,180.22,133.1,86.422
347.32,180.14,133.1,86.422
347.74,180.92,133.1,86.422
346.56,181.05,133.1,86.422
346.63,181.71,133.1,86.422
346.18,182.91,133.1,86.422
346.76,182.57,133.1,86.422
346.88,183.5,133.1,86.422
346.86,184.1,133.1,86.422
346.56,184.52,133.1,86.422
346.18,185.41,133.1,86.422
346.81,185.02,133.1,86.422
346.72,184.78,133.1,86.422
346.99,185.33,133.1,86.422
347.38,185.51,133.1,86.422
347.98,185.88,133.1,86.422
348.06,185.87,133.1,86.422
347.77,186.15,133.1,86.422
347.13,187.07,133.1,86.422
347.77,187.09,133.1,86.422
347.37,187.73,133.1,86.422
347.71,188.35,133.1,86.422
347.23,187.95,133.1,86.422
348.08,187.5,133.1,86.422
348.13,188.02,133.1,86.422
347.92,187.77,133.1,86.422
347.59,188.39,133.1,86.422
347.2,188.54,133.1,86.422
347.68,188.55,133.1,86.422
347.4,188.64,133.1,86.422
347.34,188.33,133.1,86.422
347.52,187.78,133.1,86.422
346.7,188.38,133.1,86.422
346.54,188.13,133.1,86.422
346.3,188.02,133.1,86.422
346.9,188.23,133.1,86.422
346.72,188.15,133.1,86.422
346.26,188.35,133.1,86.422
346.81,188.89,133.1,86.422
346.06,188.36,133.1,86.422
346.04,188.73,133.1,86.422
345.95,189.17,133.1,86.422
345.98,188.85,133.1,86.422
346.31,188.57,133.1,86.422
346.42,189.37,133.1,86.422
346.25,189.47,133.1,86.422
345.8,189.65,133.1,86.422
345.16,189.99,133.1,86.422
345.28,189.6,133.1,86.422
345.06,190.06,133.1,86.422
344.74,190.15,133.1,86.422
344.32,190.33,133.1,86.422
344.45,190.99,133.1,86.422
344.53,190.73,133.1,86.422
343.69,191.1,133.1,86.422
343.43,191.08,133.1,86.422
344.21,190.32,133.1,86.422
344.49,191.19,133.1,86.422
343.85,191.61,133.1,86.422
343.93,192.42,133.1,86.422
344.1,192.69,133.1,86.422
344.24,193.23,133.1,86.422
343.74,193.7,133.1,86.422
343.15,194.53,133.1,86.422
343.51,195.61,133.1,86.422
343.04,196.7,133.1,86.422
342.88,197.07,133.1,86.422
342.47,196.84,133.1,86.422
342.05,196.81,133.1,86.422
342.26,197.07,133.1,86.422
342.55,197.2,133.1,86.422
342.16,197.02,133.1,86.422
342.52,196.99,133.1,86.422
342.05,196.58,133.1,86.422
342.43,196.4,133.1,86.422
342.82,196.18,133.1,86.422
342.93,196.22,133.1,86.422
342.71,196.45,133.1,86.422
342.41,196.55,133.1,86.422
342.58,196.72,133.1,86.422
342.12,197.07,133.1,86.422
342.61,196.42,133.1,86.422
342.35,196.46,133.1,86.422
342.86,196.01,133.1,86.422
342.76,195.51,133.1,86.422
342.78,195.34,133.1,86.422
342.78,195.3,133.1,86.422
342.64,195.22,133.1,86.422
342.67,195.09,133.1,86.422
342.65,194.88,133.1,86.422
342.46,195.23,133.1,86.422
342.5,195.25,133.1,86.422
342.51,194.75,133.1,86.422
342.34,194.9,133.1,86.422
342.87,194.44,133.1,86.422
342.5,195.53,133.1,86.422
342.32,195.52,133.1,86.422
342.76,195.51,133.1,86.422
342.5,195.59,133.1,86.422
342.24,195.67,133.1,86.422
342.63,195.94,133.1,86.422
342.38,195.59,133.1,86.422
342.67,196.09,133.1,86.422
342.14,195.87,133.1,86.422
342.09,195.82,133.1,86.422
342.33,195.93,133.1,86.422
342.62,196.05,133.1,86.422
342.12,196.39,133.1,86.422
342.1,196.75,133.1,86.422
342.32,196.87,133.1,86.422
342.58,196.39,133.1,86.422
342.05,196.57,133.1,86.422
342.21,197,133.1,86.422
342.37,196.57,133.1,86.422
342.48,196.85,133.1,86.422
342.02,196.15,133.1,86.422
342.28,196.41,133.1,86.422
342.7,196.66,133.1,86.422
342.14,196.99,133.1,86.422
342.71,196.53,133.1,86.422
342.25,196.63,133.1,86.422
342.41,196.94,133.1,86.422
342.9,196.28,133.1,86.422
342.88,196.34,133.1,86.422
342.92,196.35,133.1,86.422
343.05,196.3,133.1,86.422
343.33,196.36,133.1,86.422
343.91,196.16,133.1,86.422
343.79,195.91,133.1,86.422
343.98,195.66,133.1,86.422
344.37,196.14,133.1,86.422
344.93,195.38,133.1,86.422
344.74,195.28,133.1,86.422
344.69,195.18,133.1,86.422
344.64,194.79,133.1,86.422
344.58,194.29,133.1,86.422
344.52,194.43,133.1,86.422
344.24,194.67,133.1,86.422
344.73,194.92,133.1,86.422
344.25,194.41,133.1,86.422
344.48,194.69,133.1,86.422
343.75,195.03,133.1,86.422
344.12,194.23,133.1,86.422
344.48,194.12,133.1,86.422
344.09,193.72,133.1,86.422
344.65,193.74,133.1,86.422
344.42,193.35,133.1,86.422
345.06,192.68,133.1,86.422
344.95,192.48,133.1,86.422
344.82,192.2,133.1,86.422
344.73,191.78,133.1,86.422
344.77,191.7,133.1,86.422
345.15,191.56,133.1,86.422
345.45,191.01,133.1,86.422
345.26,190.05,133.1,86.422
345.66,189.98,133.1,86.422
345.59,189.41,133.1,86.422
345.49,189.63,133.1,86.422
345.09,189.74,133.1,86.422
345.18,189.61,133.1,86.422
345.26,189.26,133.1,86.422
345.19,188.71,133.1,86.422
344.92,188.28,133.1,86.422
344.53,188.02,133.1,86.422
344.12,187.77,133.1,86.422
344.5,187.48,133.1,86.422
344,187.3,133.1,86.422
344.28,187.04,133.1,86.422
344.42,186.6,133.1,86.422
344.59,186.65,133.1,86.422
343.9,186.63,133.1,86.422
344.07,186.23,133.1,86.422
344.31,185.7,133.1,86.422
344.44,185.87,133.1,86.422
344.4,185.7,133.1,86.422
344.27,186.28,133.1,86.422
343.97,185.67,133.1,86.422
343.57,186.12,133.1,86.422
343.08,185.87,133.1,86.422
343.23,185.7,133.1,86.422
343.46,186.15,133.1,86.422
342.62,186.09,133.1,86.422
342.71,185.84,133.1,86.422
342.79,185.67,133.1,86.422
343.07,186.41,133.1,86.422
343.25,186.33,133.1,86.422
343.42,186.3,133.1,86.422
343.83,186.33,133.1,86.422
343.6,186.24,133.1,86.422
343.12,185.99,133.1,86.422
343.41,185.86,133.1,86.422
343.56,185.91,133.1,86.422
342.86,185.74,133.1,86.422
342.77,186.35,133.1,86.422
342.55,186.3,133.1,86.422
342.18,186.16,133.1,86.422
342.62,186.01,133.1,86.422
342.32,185.82,133.1,86.422
342.68,185.6,133.1,86.422
342.08,185.98,133.1,86.422
342.24,185.46,133.1,86.422
342.09,185.57,133.1,86.422
342.04,185.47,133.1,86.422
342.04,185.51,133.1,86.422
341.93,185.4,133.1,86.422
341.66,185.44,133.1,86.422
341.56,185.51,133.1,86.422
341.56,185.61,133.1,86.422
341.49,185.45,133.1,86.422
341.57,185.08,133.1,86.422
341.7,184.7,133.1,86.422
341.79,184.97,133.1,86.422
342.15,184.42,133.1,86.422
342.78,184.13,133.1,86.422
342.61,184.1,133.1,86.422
342.67,183.95,133.1,86.422
342.91,183.82,133.1,86.422
342.73,183.25,133.1,86.422
342.8,183.36,133.1,86.422
343.29,183.53,133.1,86.422
343.63,183.76,133.1,86.422
343.29,184.18,133.1,86.422
343.94,184.44,133.1,86.422
344.11,184.95,133.1,86.422
344.28,184.86,133.1,86.422
344.58,185.11,133.1,86.422
344.1,185.46,133.1,86.422
344.55,185.39,133.1,86.422
344.38,185.44,133.1,86.422
344.87,185.5,133.1,86.422
344.48,185.67,133.1,86.422
344.34,186,133.1,86.422
344.8,185.83,133.1,86.422
344.79,185.61,133.1,86.422
344.63,186.05,133.1,86.422
344.42,186,133.1,86.422
345.03,185.79,133.1,86.422
344.67,186.23,133.1,86.422
344.4,186.01,133.1,86.422
344.88,185.61,133.1,86.422
344.52,186.01,133.1,86.422
344.29,185.77,133.1,86.422
344.72,186.25,133.1,86.422
344.64,186.02,133.1,86.422
344.49,185.83,133.1,86.422
344.34,185.56,133.1,86.422
344.87,186,133.1,86.422
344.83,185.8,133.1,86.422
344.83,185.48,133.1,86.422
344.89,185.68,133.1,86.422
345.14,185.95,133.1,86.422
345.62,185.51,133.1,86.422
345.35,185.79,133.1,86.422
345.55,186.21,133.1,86.422
345.39,186.05,133.1,86.422
345.83,185.64,133.1,86.422
345.88,185.9,133.1,86.422
345.94,185.55,133.1,86.422
346.18,185.65,133.1,86.422
346.3,186.13,133.1,86.422
346.35,186.21,133.1,86.422
346.52,186.04,133.1,86.422
345.86,185.78,133.1,86.422
346.47,186.63,133.1,86.422
346.33,186.75,133.1,86.422
347.23,186.9,133.1,86.422
347.82,186.4,133.1,86.422
347.59,186.54,133.1,86.422
347.84,186.6,133.1,86.422
348.23,186.77,133.1,86.422
348.96,186.99,133.1,86.422
349.15,186.49,133.1,86.422
349.45,186.73,133.1,86.422
349.17,186.86,133.1,86.422
349.03,186.47,133.1,86.422
348.9,186.87,133.1,86.422
348.22,186.57,133.1,86.422
348.22,187.16,133.1,86.422
348.08,187.04,133.1,86.422
347.68,186.98,133.1,86.422
347.16,186.9,133.1,86.422
347.35,186.86,133.1,86.422
347.34,186.86,133.1,86.422
347.44,186.92,133.1,86.422
347.42,186.79,133.1,86.422
347.36,186.81,133.1,86.422
347.3,186.78,133.1,86.422
347.25,187.2,133.1,86.422
347.32,187.14,133.1,86.422
347.2,187.21,133.1,86.422
347.33,187.18,133.1,86.422
347.46,187.12,133.1,86.422
346.92,187.08,133.1,86.422
347.18,186.97,133.1,86.422
347.29,186.9,133.1,86.422
347.35,186.8,133.1,86.422
347.51,186.75,133.1,86.422
346.95,187.39,133.1,86.422
347.18,187.34,133.1,86.422
347.28,187.29,133.1,86.422
347.42,187.07,133.1,86.422
347.64,187.02,133.1,86.422
347.14,186.97,133.1,86.422
347.38,186.84,133.1,86.422
347.55,186.82,133.1,86.422
347.11,186.82,133.1,86.422
347.15,186.7,133.1,86.422
347.04,187.1,133.1,86.422
347.16,186.9,133.1,86.422
347.14,186.84,133.1,86.422
347.1,186.63,133.1,86.422
346.88,186.98,133.1,86.422
346.79,186.93,133.1,86.422
346.72,186.78,133.1,86.422
346.56,187.15,133.1,86.422
346.46,186.96,133.1,86.422
346.17,186.72,133.1,86.422
346.66,187.09,133.1,86.422
346.58,186.92,133.1,86.422
346.48,186.62,133.1,86.422
346.28,186.98,133.1,86.422
347.07,186.82,133.1,86.422
347.22,186.72,133.1,86.422
347.17,187.22,133.1,86.422
347.27,187.15,133.1,86.422
347.48,187.09,133.1,86.422
347.1,187.01,133.1,86.422
347.32,186.93,133.1,86.422
347.68,186.87,133.1,86.422
347.36,186.98,133.1,86.422
347.68,186.97,133.1,86.422
347.49,187.02,133.1,86.422
347.23,187.02,133.1,86.422
347.64,187.02,133.1,86.422
347.43,187.05,133.1,86.422
347.8,187.03,133.1,86.422
347.46,186.99,133.1,86.422
347.19,186.88,133.1,86.422
347.33,186.74,133.1,86.422
347.46,187.24,133.1,86.422
347.04,187.12,133.1,86.422
347.28,186.87,133.1,86.422
347.53,186.68,133.1,86.422
346.97,187.19,133.1,86.422
347.08,187.1,133.1,86.422
347.33,186.86,133.1,86.422
347.48,186.67,133.1,86.422
347,187.15,133.1,86.422
347.28,186.98,133.1,86.422
347.45,186.75,133.1,86.422
347.53,187.15,133.1,86.422
347.13,187.04,133.1,86.422
347.38,186.92,133.1,86.422
347.65,186.83,133.1,86.422
347.21,186.64,133.1,86.422
347.38,187.1,133.1,86.422
347.54,186.92,133.1,86.422
347.14,186.77,133.1,86.422
347.16,187.23,133.1,86.422
347.45,187.06,133.1,86.422
347.04,186.87,133.1,86.422
347.32,186.63,133.1,86.422
347.5,187.09,133.1,86.422
347.03,187,133.1,86.422
347.23,186.84,133.1,86.422
347.55,186.72,133.1,86.422
347.01,187.31,133.1,86.422
347.31,187.19,133.1,86.422
347.46,187.03,133.1,86.422
347.06,186.94,133.1,86.422
347.28,186.77,133.1,86.422
347.39,187.2,133.1,86.422
347.54,187.06,133.1,86.422
347.21,186.99,133.1,86.422
347.36,186.88,133.1,86.422
347.48,186.88,133.1,86.422
347.06,186.76,133.1,86.422
347.09,187.17,133.1,86.422
347.27,187.06,133.1,86.422
347.56,186.99,133.1,86.422
347.17,186.84,133.1,86.422
347.38,186.69,133.1,86.422
347.51,187.12,133.1,86.422
347.08,187.05,133.1,86.422
347.34,187.01,133.1,86.422
347.6,186.9,133.1,86.422
347.18,186.79,133.1,86.422
347.22,187.28,133.1,86.422
347.45,187.18,133.1,86.422
347.67,187.05,133.1,86.422
347.37,187,133.1,86.422
347.49,186.81,133.1,86.422
347.24,186.65,133.1,86.422
347.34,187.02,133.1,86.422
347.56,186.89,133.1,86.422
347.25,186.75,133.1,86.422
347.4,187.12,133.1,86.422
347.54,187,133.1,86.422
347.15,186.9,133.1,86.422
347.3,186.82,133.1,86.422
347.52,186.72,133.1,86.422
346.88,187.22,133.1,86.422
347.12,187.06,133.1,86.422
347.48,186.88,133.1,86.422
347.15,186.81,133.1,86.422
347.34,186.72,133.1,86.422
347.43,187.2,133.1,86.422
347.64,187.09,133.1,86.422
347.25,187.01,133.1,86.422
347.43,186.82,133.1,86.422
347.59,186.72,133.1,86.422
347.12,187.27,133.1,86.422
347.3,187.01,133.1,86.422
347.45,186.91,133.1,86.422
347.65,186.9,133.1,86.422
347.25,186.78,133.1,86.422
347.37,187.18,133.1,86.422
347.54,187.04,133.1,86.422
347.03,186.95,133.1,86.422
347.3,186.85,133.1,86.422
347.44,186.75,133.1,86.422
347.67,187.15,133.1,86.422
347.32,187,133.1,86.422
347.6,186.81,133.1,86.422
347.28,186.71,133.1,86.422
347.47,187.09,133.1,86.422
347.18,186.95,133.1,86.422
347.34,186.91,133.1,86.422
347.48,186.82,133.1,86.422
347.16,186.69,133.1,86.422
347.22,187.08,133.1,86.422
347.41,186.94,133.1,86.422
347.51,186.8,133.1,86.422
347.16,186.72,133.1,86.422
347.32,187.26,133.1,86.422
347.41,187.24,133.1,86.422
347.73,187.08,133.1,86.422
347.22,186.93,133.1,86.422
347.42,186.74,133.1,86.422
347.47,187.24,133.1,86.422
347.14,187.07,133.1,86.422
347.34,186.94,133.1,86.422
347.5,186.8,133.1,86.422
347.23,186.69,133.1,86.422
347.27,187.13,133.1,86.422
347.38,187.04,133.1,86.422
347.58,186.96,133.1,86.422
347.19,186.87,133.1,86.422
347.33,186.72,133.1,86.422
347.42,187.17,133.1,86.422
347.57,187.03,133.1,86.422
347.29,186.89,133.1,86.422
347.48,186.69,133.1,86.422
346.98,187.26,133.1,86.422
347.16,187.09,133.1,86.422
347.34,187.04,133.1,86.422
347.55,186.92,133.1,86.422
347.15,186.9,133.1,86.422
347.2,186.83,133.1,86.422
347.39,186.79,133.1,86.422
347.44,187.33,133.1,86.422
347.56,187.25,133.1,86.422
347.13,187.15,133.1,86.422
347.35,187.05,133.1,86.422
347.65,186.91,133.1,86.422
347.32,186.86,133.1,86.422
347.51,186.62,133.1,86.422
346.85,187.16,133.1,86.422
347.01,186.89,133.1,86.422
347.21,186.69,133.1,86.422
347.28,187.07,133.1,86.422
347.54,187.01,133.1,86.422
347.11,186.93,133.1,86.422
347.34,186.77,133.1,86.422
347.36,187.24,133.1,86.422
347.59,187.1,133.1,86.422
347.24,186.97,133.1,86.422
347.52,186.84,133.1,86.422
347,186.78,133.1,86.422
347.12,187.15,133.1,86.422
347.24,187.07,133.1,86.422
347.5,186.91,133.1,86.422
347.17,186.78,133.1,86.422
347.25,187.2,133.1,86.422
347.47,187.18,133.1,86.422
347.12,187.11,133.1,86.422
347.25,187.03,133.1,86.422
347.45,186.91,133.1,86.422
347.62,186.76,133.1,86.422
347.06,187.3,133.1,86.422
347.25,187.22,133.1,86.422
347.48,187.03,133.1,86.422
347.06,187,133.1,86.422
347.18,186.93,133.1,86.422
347.43,186.89,133.1,86.422
347.48,186.77,133.1,86.422
346.85,187.26,133.1,86.422
346.97,187.09,133.1,86.422
347.1,187.04,133.1,86.422
347.2,186.94,133.1,86.422
347.47,186.93,133.1,86.422
346.94,186.88,133.1,86.422
346.99,186.79,133.1,86.422
347.08,186.63,133.1,86.422
347.19,187.19,133.1,86.422
347.27,187.12,133.1,86.422
347.23,186.95,133.1,86.422
347.27,186.76,133.1,86.422
347.07,187.19,133.1,86.422
347.1,187.04,133.1,86.422
347.02,186.89,133.1,86.422
347.08,186.66,133.1,86.422
346.82,187,133.1,86.422
346.76,186.85,133.1,86.422
346.61,186.7,133.1,86.422
346.34,187.14,133.1,86.422
347.06,186.98,133.1,86.422
346.97,186.82,133.1,86.422
346.86,186.71,133.1,86.422
346.63,187.09,133.1,86.422
346.52,186.93,133.1,86.422
346.39,186.64,133.1,86.422
346.82,186.97,133.1,86.422
346.73,186.68,133.1,86.422
346.55,187.14,133.1,86.422
346.44,186.91,133.1,86.422
347.04,186.74,133.1,86.422
346.54,187.26,133.1,86.422
346.15,187.27,133.1,86.422
346.49,187.28,133.1,86.422
346.11,187.3,133.1,86.422
346.4,187.35,133.1,86.422
346.54,187.35,133.1,86.422
346.04,187.55,133.1,86.422
346.2,187.6,133.1,86.422
346.4,187.66,133.1,86.422
346.47,187.69,133.1,86.422
345.71,187.87,133.1,86.422
345.27,187.35,133.1,86.422
345.96,187.38,133.1,86.422
345.83,187.49,133.1,86.422
345.52,187.35,133.1,86.422
345.26,187.45,133.1,86.422
345.26,187.5,133.1,86.422
345.44,187.44,133.1,86.422
345.34,187.39,133.1,86.422
345.22,187.15,133.1,86.422
344.83,187,133.1,86.422
344.35,186.76,133.1,86.422
344.47,187.24,133.1,86.422
343.87,187.21,133.1,86.422
344.24,187.17,133.1,86.422
344.46,187.02,133.1,86.422
343.85,186.85,133.1,86.422
343.66,186.58,133.1,86.422
343.52,187.08,133.1,86.422
343.67,186.89,133.1,86.422
343.74,186.73,133.1,86.422
343.81,187.41,133.1,86.422
343.79,187.2,133.1,86.422
344.03,186.85,133.1,86.422
344.48,186.68,133.1,86.422
343.93,187.07,133.1,86.422
344.44,186.95,133.1,86.422
345.28,186.96,133.1,86.422
345.72,186.98,133.1,86.422
345.65,187.01,133.1,86.422
345.87,187.04,133.1,86.422
346.62,187.04,133.1,86.422
346.75,187.14,133.1,86.422
347.06,187.01,133.1,86.422
347.45,186.83,133.1,86.422
347.07,186.67,133.1,86.422
347.19,187.06,133.1,86.422
347.07,186.99,133.1,86.422
347.12,186.89,133.1,86.422
346.94,186.72,133.1,86.422
346.87,187.15,133.1,86.422
346.83,187.03,133.1,86.422
346.87,186.84,133.1,86.422
346.8,186.82,133.1,86.422
346.71,186.76,133.1,86.422
346.64,187.29,133.1,86.422
346.66,187.3,133.1,86.422
346.64,187.27,133.1,86.422
346.62,187.08,133.1,86.422
346.72,187.01,133.1,86.422
346.71,187.06,133.1,86.422
346.59,186.98,133.1,86.422
346.46,186.91,133.1,86.422
346.44,186.87,133.1,86.422
347.23,186.72,133.1,86.422
347.17,187.22,133.1,86.422
347.31,187.19,133.1,86.422
347.31,187.12,133.1,86.422
347.25,187.09,133.1,86.422
347.25,187.05,133.1,86.422
347.27,187.03,133.1,86.422
347.16,186.91,133.1,86.422
347.29,186.78,133.1,86.422
347.27,187.29,133.1,86.422
347.16,187.24,133.1,86.422
347.18,187.14,133.1,86.422
347.05,187.11,133.1,86.422
347,187.05,133.1,86.422
346.99,186.95,133.1,86.422
346.95,186.95,133.1,86.422
346.94,186.89,133.1,86.422
346.91,186.87,133.1,86.422
346.94,186.83,133.1,86.422
346.83,186.84,133.1,86.422
346.7,186.75,133.1,86.422
346.65,187.3,133.1,86.422
346.55,187.27,133.1,86.422
346.57,187.25,133.1,86.422
346.54,187.21,133.1,86.422
346.59,187.18,133.1,86.422
346.62,187.13,133.1,86.422
