-100
0.7482
0.71302
0.71206
0.66516
0.61401
0.58712
0.52026
0.53608
0.52365
0.48249
0.48342
0.46356
0.42449
0.40291
0.37336
0.35632
0.36441
0.36474
0.3926
0.39246
0.4131
0.4413
0.4339
0.43463
0.42654
0.4496
0.43674
0.44871
0.46402
0.43938
0.44111
0.43343
0.40835
0.40806
0.40522
0.41381
0.38662
0.36272
0.37623
0.38653
0.37165
0.3885
0.3689
0.36781
0.36759
0.37321
0.38527
0.36287
0.37036
0.38477
0.37317
0.37482
0.38019
0.38504
0.3897
0.37051
0.38997
0.38831
0.39193
0.39931
0.41397
0.39061
0.41608
0.41005
0.41909
0.40336
0.41349
0.40783
0.41087
0.41133
0.39368
0.42515
0.40788
0.41966
0.40304
0.40832
0.39645
0.39281
0.41524
0.42759
0.42433
0.4341
0.44341
0.45204
0.44977
0.44999
0.4489
0.43648
0.38781
0.38308
0.36411
0.35614
0.35107
0.33738
0.3268
0.30379
0.28547
0.29452
0.29701
0.2769
0.27973
0.27847
0.27899
0.26093
0.21649
0.21634
0.18799
0.16314
0.158
0.17598
0.18611
0.19112
0.19656
0.19884
0.20262
0.22308
0.21846
0.19429
0.21184
0.20927
0.2076
0.19956
0.19356
0.20149
0.18776
0.19467
0.21504
0.22717
0.23671
0.23427
0.23306
0.21933
0.22906
0.23582
0.21012
0.22235
0.23338
0.21838
0.21623
0.22488
0.24741
0.23349
0.21616
0.20558
0.20159
0.19494
0.19586
0.19919
0.19844
0.21688
0.21314
0.21079
0.23566
0.23875
0.22552
0.22335
0.23431
0.24266
0.229
0.24563
0.23492
0.24594
0.22821
0.23569
0.2238
0.25242
0.2697
0.24185
0.2365
0.24016
0.26388
0.24495
0.24178
0.23058
0.23351
0.24458
0.25476
0.23477
0.18815
0.21139
0.20165
0.19055
0.18833
0.21616
0.22604
0.23282
0.23735
0.24947
0.23065
0.24611
0.2096
0.22055
0.22851
0.24266
0.2268
0.20079
0.19512
0.18689
0.17471
0.18939
0.19481
0.19358
0.19098
0.21027
0.20749
0.19928
0.20544
0.20969
0.21823
0.22503
0.21782
0.24371
0.23572
0.23262
0.23897
0.24153
0.25844
0.26122
0.26167
0.26945
0.28539
0.28569
0.28159
0.28396
0.27518
0.27141
0.27316
0.27776
0.25834
0.23959
0.21367
0.22064
0.22234
0.23353
0.25934
0.25325
0.24143
0.24548
0.23909
0.23788
0.24626
0.23655
0.26106
0.25347
0.27448
0.26885
0.24903
0.19362
0.17407
0.17514
0.16815
0.16951
0.17617
0.17888
0.19168
0.18708
0.19315
0.19534
0.19884
0.19598
0.1965
0.18764
0.20092
0.19561
0.20885
0.18539
0.18718
0.19271
0.19336
0.19774
0.18474
0.17528
0.18331
0.17965
0.18477
0.19635
0.20495
0.21431
0.20996
0.20307
0.20594
0.21724
0.21766
0.211
0.21725
0.21859
0.22758
0.22992
0.22228
0.22636
0.22822
0.23049
0.23546
0.24835
0.24601
0.2456
0.25719
0.25934
0.25233
0.24879
0.25024
0.26201
0.26387
0.26579
0.28243
0.2891
0.27606
0.27652
0.28487
0.28851
0.28256
0.29706
0.29605
0.29288
0.2792
0.26471
0.258
0.23672
0.24093
0.23901
0.25374
0.25208
0.26449
0.25848
0.28004
0.28808
0.28494
0.2723
0.28061
0.2829
0.27704
0.27587
0.26933
0.27742
0.28566
0.3047
0.29553
0.3066
0.3213
0.30899
0.30264
0.30338
0.29628
0.29498
0.28643
0.28943
0.295
0.28376
0.29925
0.30441
0.31589
0.31827
0.32976
0.33308
0.3349
0.3335
0.33825
0.33013
0.30373
0.29561
0.31378
0.30858
0.32588
0.34414
0.32932
0.3283
0.31353
0.31846
0.30312
0.31387
0.31284
0.31447
0.32975
0.33959
0.34758
0.34498
0.34181
0.35774
0.36778
0.37116
0.36144
0.35391
0.33387
0.338
0.34727
0.34224
0.34065
0.33661
0.30541
0.30915
0.28856
0.29376
0.30118
0.30897
0.31764
0.32565
0.34588
0.33833
0.34799
0.34494
0.33859
0.33686
0.34405
0.33647
0.33557
0.33489
0.33969
0.33445
0.33911
0.34568
0.34038
0.36967
0.35739
0.36286
0.37184
0.35231
0.35693
0.3703
0.36045
0.36663
0.36182
0.35072
0.33941
0.3326
0.27989
0.23878
0.2273
0.21348
0.17937
0.19839
0.19544
0.20007
0.1972
0.19088
0.20371
0.20137
0.19552
0.18202
0.14746
0.1552
0.19
0.18368
0.18233
0.18106
0.16913
0.15722
0.16332
0.16315
0.14224
0.14699
0.13497
0.15247
0.13338
0.13286
0.1426
0.14858
0.16021
0.14957
0.17297
0.18117
0.17645
0.16347
0.16359
0.16554
0.17609
0.15615
0.16623
0.17236
0.17792
0.18519
0.18687
0.19173
0.19296
0.21247
0.20484
0.21437
0.22205
0.21671
0.22264
0.22143
0.23955
0.22187
0.22924
0.22656
0.2445
0.24673
0.24239
0.24621
0.24323
0.25972
0.24812
0.26852
0.25686
0.26837
0.25639
0.27716
0.28129
0.29143
0.27391
0.29217
0.29254
0.28969
0.29358
0.29584
0.29619
0.30108
0.3028
0.30448
0.30376
0.32344
0.3078
0.31688
0.31714
0.32672
0.30783
0.32276
0.33124
0.32887
0.33806
0.33177
0.34468
0.35295
0.35209
0.35193
0.3464
0.34946
0.33468
0.362
0.36446
0.37149
0.36079
0.36037
0.37535
0.3744
0.37854
0.38055
0.37828
0.36002
0.3952
0.37869
0.38418
0.38784
0.38666
0.39592
0.40397
0.40219
0.4027
0.3938
0.40306
0.39496
0.40889
0.41781
0.41656
0.40469
0.40432
0.4151
0.41117
0.41355
0.41854
0.4061
0.42347
0.43521
0.42693
0.42926
0.4325
0.42294
0.4287
0.42104
0.4498
0.44122
0.43374
0.42784
0.43251
0.41292
0.44213
0.46227
0.4502
0.45079
0.45262
0.45438
0.4592
0.41029
0.43543
0.43905
0.4523
0.45753
0.44765
0.45454
0.45007
0.45185
0.45265
0.44541
0.45276
0.47013
0.45612
0.47252
0.45985
0.40636
0.47128
0.46778
0.46297
0.46586
0.47575
0.48897
0.45602
0.44701
0.46373
0.47052
0.4722
0.48686
0.48508
0.49137
0.47141
0.48385
0.48513
0.47605
0.49753
0.50125
0.47861
0.49057
0.49201
0.49157
0.52864
0.49714
0.50039
0.47649
0.50438
0.479
0.5123
0.48716
0.49954
0.49841
0.49852
0.50694
0.46197
0.50541
0.52244
0.51676
0.50994
0.52244
0.53951
0.50636
0.5259
0.50935
0.50671
0.52647
0.50817
0.51926
0.49986
0.53309
0.52273
0.54498
0.53615
0.5263
0.52225
0.52716
0.49351
0.52253
0.53341
0.53897
0.53888
0.51184
0.56604
0.53067
0.53038
0.53964
0.54496
0.54293
0.5502
0.51162
0.54525
0.53597
0.53854
0.55298
0.5493
0.55598
0.56809
0.54721
0.54836
0.55129
0.54424
0.5438
0.54029
0.51712
0.5401
0.55132
0.5435
0.54359
0.54492
0.54798
0.54789
0.57066
0.57401
0.55469
0.53527
0.56473
0.56938
0.56431
0.58147
0.5523
0.55773
0.58437
0.56276
0.57236
0.53927
0.56286
0.57498
0.57269
0.58188
0.57812
0.56562
0.53797
0.57164
0.58213
0.58292
0.56354
0.58386
0.57209
0.58532
0.57419
0.57794
0.56478
0.57127
0.53684
0.56781
0.58601
0.57955
0.56757
0.57278
0.55365
0.59691
0.56416
0.58404
0.58877
0.58097
0.58057
0.59288
0.58084
0.58494
0.58871
0.552
0.56361
0.57657
0.58249
0.56969
0.58092
0.59579
0.59231
0.5724
0.57569
0.60096
0.58357
0.53863
0.58484
0.58032
0.57978
0.58853
0.56908
0.58548
0.58411
0.60496
0.61262
0.60787
0.56246
0.57164
0.59796
0.60222
0.58601
0.57458
0.58055
0.57623
0.59664
0.59278
0.56938
0.59345
0.59869
0.59796
0.60272
0.59426
0.59812
0.6175
0.60769
0.61302
0.59682
0.57026
0.59866
0.60004
0.60826
0.6032
0.56379
0.56232
0.61501
0.60819
0.60116
0.59057
0.57576
0.59299
0.58999
0.57162
0.55526
0.57953
0.55265
0.51868
0.52966
0.56045
0.53218
0.52808
0.48778
0.47014
0.45999
0.48506
0.44287
0.44472
0.38516
0.39259
0.3622
0.29547
0.30392
0.2271
0.17441
0.14526
0.15827
0.18898
0.21026
0.22329
0.22254
0.20453
0.17476
0.16023
0.1426
0.18261
0.22508
0.21498
0.23093
0.23997
0.26907
0.29701
0.26496
0.25207
0.23176
0.26368
0.28741
0.25046
0.25594
0.28079
0.31541
0.3229
0.3135
0.32854
0.34931
0.38502
0.39326
0.3906
0.39261
0.41167
0.3988
0.40402
0.41934
0.4122
0.42622
0.41588
0.42293
0.43604
0.43981
0.41629
0.42264
0.42418
0.41878
0.41523
0.38567
0.38509
0.37948
0.38031
0.35366
0.35344
0.33269
0.33162
0.28774
0.26843
0.22837
0.18192
0.1238
0.10708
0.11859
0.11562
0.1343
0.1583
0.16973
0.17154
0.15393
0.14384
0.1172
0.12029
0.12663
0.1266
0.13304
0.13693
0.14643
0.13983
0.13332
0.12463
0.11881
0.11404
0.10565
0.12778
0.11674
0.12917
0.10289
0.1047
0.10207
0.10958
0.1128
0.12423
0.10987
0.12263
0.13701
0.13934
0.13731
0.12584
0.11473
0.11098
0.12293
0.1129
0.11569
0.12522
0.10631
0.11115
0.089162
0.082618
0.080876
0.087717
0.095865
0.09112
0.11834
0.11207
0.12325
0.12413
0.13521
0.14323
0.13844
0.14456
0.15124
0.15655
0.15582
0.16638
0.1761
0.1641
0.17492
0.19246
0.18945
0.19873
0.19852
0.20792
0.20549
0.21244
0.22112
0.22816
0.23152
0.23661
0.23555
0.24242
0.24035
0.2459
0.25906
0.26118
0.26623
0.2599
0.2634
0.2672
0.27829
0.28155
0.29587
0.30095
0.2995
0.31027
0.29932
0.31237
0.31389
0.31017
0.32238
0.32265
0.32757
0.33828
0.34499
0.3443
0.34849
0.36024
0.3416
0.36251
0.35631
0.35879
0.37329
0.3606
0.37812
0.36665
0.3806
0.37388
0.38952
0.38676
0.37929
0.40498
0.39427
0.40085
0.3966
0.39957
0.3835
0.40766
0.40262
0.42337
0.41138
0.4066
0.40312
0.43346
0.43154
0.43757
0.43958
0.44477
0.43663
0.44388
0.43886
0.45453
0.44946
0.46778
0.4713
0.45122
0.47452
0.44572
0.47141
0.45073
0.46476
0.47379
0.48859
0.47325
0.49372
0.47873
0.47813
0.49645
0.5044
0.50192
0.48675
0.50253
0.50222
0.51104
0.50809
0.50468
0.50348
0.51505
0.522
0.5181
0.51346
0.53166
0.51403
0.50238
0.53349
