-100
0.66508
0.64218
0.6062
0.60216
0.54089
0.45468
0.44221
0.40267
0.40197
0.38747
0.40728
0.38935
0.43699
0.45389
0.41393
0.34533
0.31403
0.35098
0.38984
0.38237
0.38191
0.35986
0.38886
0.41741
0.40407
0.41605
0.40312
0.40108
0.42115
0.39373
0.36099
0.3217
0.32214
0.31841
0.30877
0.34845
0.33948
0.34216
0.32511
0.32967
0.33875
0.32454
0.33605
0.33846
0.32945
0.3296
0.35154
0.34405
0.34621
0.35694
0.3266
0.34763
0.34282
0.33579
0.32898
0.31127
0.33218
0.31712
0.30371
0.27701
0.25449
0.25393
0.25616
0.26983
0.25413
0.28128
0.27603
0.27617
0.27323
0.29504
0.27876
0.28967
0.28217
0.30169
0.31726
0.33256
0.29625
0.30487
0.3001
0.29143
0.29098
0.30088
0.26437
0.24407
0.26228
0.25354
0.28297
0.28659
0.29317
0.28936
0.29592
0.30422
0.29738
0.29352
0.29701
0.29082
0.27365
0.31081
0.31028
0.30035
0.29549
0.27768
0.27919
0.28248
0.29562
0.29704
0.30151
0.29318
0.32755
0.31917
0.34111
0.32166
0.28511
0.29413
0.29121
0.25642
0.22033
0.2654
0.25865
0.30363
0.31161
0.28647
0.28855
0.28144
0.27805
0.26358
0.3024
0.31153
0.28807
0.27431
0.28842
0.29703
0.30078
0.29775
0.30104
0.29029
0.28657
0.27544
0.29096
0.28782
0.28359
0.30561
0.31507
0.32869
0.32885
0.32458
0.32034
0.3129
0.27291
0.24366
0.20725
0.19897
0.20883
0.19061
0.18475
0.18809
0.18616
0.18945
0.15526
0.16451
0.17135
0.18035
0.18703
0.17271
0.19501
0.18788
0.20966
0.21109
0.226
0.22193
0.22393
0.24
0.22816
0.22642
0.20658
0.21951
0.22382
0.22287
0.22995
0.23478
0.22986
0.23611
0.24111
0.25023
0.25179
0.26638
0.26986
0.26768
0.27168
0.28287
0.28139
0.28891
0.2986
0.29548
0.30562
0.29984
0.30738
0.31508
0.31069
0.3096
0.31465
0.31018
0.30912
0.30548
0.30038
0.29423
0.28966
0.28689
0.28772
0.29438
0.31137
0.32636
0.32853
0.34129
0.34144
0.33818
0.32602
0.28791
0.25086
0.24897
0.23762
0.2563
0.22803
0.19543
0.19357
0.18897
0.2037
0.2096
0.18933
0.18591
0.18345
0.17612
0.20639
0.19645
0.21573
0.20169
0.21377
0.21733
0.20541
0.18617
0.141
0.1296
0.14158
0.14497
0.14962
0.14927
0.15769
0.11768
0.08976
0.097488
0.095765
0.1074
0.11432
0.12587
0.13702
0.14473
0.13023
0.13016
0.14519
0.16004
0.16804
0.17174
0.17634
0.18941
0.2083
0.21729
0.20009
0.19301
0.19755
0.2184
0.21871
0.20439
0.16108
0.13964
0.17025
0.16956
0.17246
0.17181
0.17221
0.17314
0.18288
0.18853
0.20272
0.19086
0.16849
0.20639
0.18431
0.15899
0.17175
0.17966
0.16494
0.17972
0.164
0.17053
0.17398
0.17224
0.18434
0.18231
0.19151
0.19472
0.19654
0.2083
0.21605
0.21807
0.22555
0.22353
0.23348
0.23829
0.2413
0.23601
0.24027
0.2356
0.23964
0.25215
0.23947
0.25186
0.24686
0.26397
0.26592
0.2723
0.27633
0.27785
0.2908
0.28462
0.29178
0.28701
0.29009
0.29999
0.29288
0.2965
0.30282
0.28091
0.3026
0.29908
0.30221
0.30022
0.31021
0.30003
0.30768
0.30807
0.30755
0.33201
0.32157
0.3118
0.31076
0.33513
0.3285
0.33162
0.34124
0.33535
0.34637
0.35959
0.34634
0.34944
0.35066
0.35614
0.36278
0.35696
0.35522
0.37952
0.35895
0.38055
0.37546
0.37836
0.39135
0.3796
0.38194
0.39279
0.38618
0.3869
0.40736
0.40159
0.4082
0.40624
0.40894
0.41729
0.41813
0.41373
0.4274
0.43123
0.42762
0.44209
0.42261
0.42954
0.43746
0.45144
0.43414
0.43968
0.4448
0.42384
0.40955
0.4063
0.41112
0.38589
0.37332
0.359
0.35134
0.34399
0.35953
0.3787
0.37899
0.40158
0.40674
0.39818
0.41291
0.42536
0.44223
0.43681
0.44304
0.43738
0.42334
0.42426
0.44107
0.42861
0.42643
0.43654
0.4223
0.4378
0.43266
0.42447
0.42448
0.4188
0.43186
0.39978
0.42742
0.42344
0.43099
0.43906
0.42661
0.44018
0.43957
0.44179
0.46695
0.451
0.45513
0.46305
0.44913
0.44532
0.44432
0.4309
0.44346
0.43074
0.44514
0.44773
0.47508
0.46364
0.49388
0.50664
0.44813
0.449
0.43651
0.4654
0.45544
0.42252
0.45862
0.46846
0.44071
0.45356
0.44325
0.43974
0.45082
0.44833
0.45615
0.46808
0.44802
0.46116
0.46093
0.47163
0.46712
0.4634
0.46171
0.47725
0.45727
0.45022
0.45242
0.4572
0.46013
0.47241
0.48273
0.50347
0.49013
0.48706
0.51007
0.5261
0.52256
0.52262
0.51508
0.50067
0.50667
0.48089
0.47741
0.47207
0.46755
0.48063
0.50131
0.49668
0.50248
0.48936
0.48421
0.45893
0.48548
0.43634
0.4292
0.40626
0.38029
0.33293
0.29711
0.31021
0.27812
0.25403
0.25559
0.26094
0.24896
0.25905
0.27597
0.28463
0.27283
0.26729
0.24009
0.23515
0.24445
0.25454
0.26664
0.28203
0.28409
0.29142
0.28529
0.28614
0.28922
0.33485
0.368
0.39927
0.4102
0.42229
0.39505
0.42423
0.43378
0.43255
0.43104
0.43276
0.43159
0.43468
0.45168
0.44343
0.45104
0.43496
0.44186
0.45232
0.4504
0.47074
0.45275
0.46136
0.45268
0.45581
0.45994
0.47094
0.46744
0.48151
0.44076
0.47603
0.47799
0.4681
0.48262
0.44613
0.45079
0.46888
0.47373
0.4737
0.46052
0.45167
0.4415
0.41253
0.44843
0.46061
0.46029
0.48083
0.47841
0.47583
0.49058
0.47843
0.50687
0.48656
0.49892
0.48879
0.49866
0.48792
0.51347
0.51482
0.51337
0.50354
0.51808
0.49988
0.51943
0.51737
0.52238
0.48484
0.50968
0.52346
0.51173
0.50649
0.51043
0.48865
0.50119
0.51938
0.54644
0.52796
0.51235
0.5539
0.52753
0.55508
0.52214
0.5342
0.53197
0.55792
0.5324
0.56417
0.53047
0.53811
0.52442
0.51944
0.50658
0.51602
0.51108
0.51063
0.51846
0.53722
0.53416
0.51295
0.52932
0.50676
0.52009
0.52233
0.53181
0.52118
0.53556
0.52822
0.53917
0.53228
0.52202
0.49843
0.52401
0.53327
0.54105
0.53418
0.55191
0.5672
0.55313
0.55725
0.54213
0.5467
0.57537
0.54482
0.56904
0.56155
0.56185
0.56143
0.54783
0.54615
0.53811
0.55449
0.56861
0.5353
0.54029
0.5351
0.54471
0.55158
0.53592
0.55592
0.57159
0.52963
0.56445
0.58518
0.5718
0.56685
0.59944
0.58105
0.568
0.56719
0.56711
0.55493
0.5617
0.54983
0.54427
0.53784
0.551
0.52584
0.5365
0.5181
0.50663
0.50128
0.51018
0.50878
0.5128
0.49607
0.48961
0.51412
0.51622
0.48598
0.52484
0.51455
0.49632
0.47901
0.43759
0.42786
0.40614
0.33978
0.31513
0.32257
0.25802
0.23695
0.25918
0.26853
0.26305
0.26072
0.28524
0.38828
0.48266
0.47791
0.44564
0.43193
0.45754
0.42484
0.40722
0.43429
0.42871
0.44916
0.44923
0.4438
0.45545
0.41911
0.42204
0.40514
0.37266
0.34891
0.32976
0.31581
0.31891
0.31781
0.32917
0.32932
0.32395
0.32532
0.34687
0.35553
0.35038
0.35685
0.36181
0.35472
0.35359
0.36193
0.35046
0.32182
0.28515
0.23783
0.20633
0.18364
0.18738
0.16102
0.22318
0.25153
0.20305
0.19796
0.2202
0.22878
0.23394
0.23754
0.23165
0.24902
0.24316
0.25696
0.26915
0.26167
0.27461
0.28377
0.27953
0.28926
0.29519
0.29707
0.29445
0.30403
0.31861
0.31254
0.32957
0.33314
0.32572
0.32869
0.33648
0.34361
0.345
0.34583
0.34279
0.33512
0.34698
0.34502
0.36084
0.36333
0.36769
0.3598
0.37012
0.38012
0.3782
0.35427
0.34551
0.33923
0.32643
0.30222
0.27362
0.25616
0.24062
0.23403
0.22135
0.22415
0.22297
0.23489
0.22137
0.24677
0.23926
0.25121
0.23763
0.23103
0.22718
0.22837
0.23388
0.23538
0.23287
0.24048
0.22711
0.23162
0.22216
0.16733
0.16622
0.1826
0.1397
0.13486
0.19079
0.20758
0.19851
0.19639
0.20212
0.19308
0.18789
0.1916
0.1867
0.18712
0.17993
0.17522
0.16534
0.16349
0.15988
0.15828
0.1656
0.16726
0.17254
0.17542
0.18462
0.19066
0.20202
0.20697
0.21336
0.22044
0.2293
0.23513
0.24233
0.2477
0.25698
0.26157
0.26673
0.27216
0.27833
0.28843
0.29438
0.30004
0.30199
