464,141.5,43,44.5
463.93,142.09,43,44.5
462.03,142.94,43,44.5
459.26,144.63,43,44.5
459.75,146.65,43,44.5
460.1,146.82,43,44.5
463.32,146.49,43,44.5
464.86,147.43,43,44.5
465.63,147.88,43,44.5
466.41,148.48,43,44.5
465.88,149.9,43,44.5
458.86,150.38,43,44.5
451.46,151.38,43,44.5
443.26,151.32,43,44.5
435.19,152.11,43,44.5
430.8,154.4,43,44.5
427.94,157.65,43,44.5
426.9,161.11,43,44.5
425.58,164.72,43,44.5
425.36,171.21,43,44.5
425.82,175.47,43,44.5
425.64,176.33,43,44.5
428.13,173.86,43,44.5
431.82,167.46,45.15,46.725
437.77,159.22,45.15,46.725
445.65,149.06,45.15,46.725
454.54,138.62,45.15,46.725
463.38,129.21,45.15,46.725
473.16,119.48,45.15,46.725
481.83,110.12,45.15,46.725
487.89,100.89,45.15,46.725
494.32,93.302,45.15,46.725
499.44,86.989,45.15,46.725
504.91,80.345,45.15,46.725
511.04,77.71,45.15,46.725
515.41,74.385,45.15,46.725
518.25,73.034,45.15,46.725
519.96,72.162,45.15,46.725
520.91,70.711,45.15,46.725
521.85,69.306,45.15,46.725
523.07,68.248,45.15,46.725
523.76,67.052,45.15,46.725
523.72,65.692,45.15,46.725
524.11,64.453,45.15,46.725
524.87,64.67,45.15,46.725
524.23,63.704,45.15,46.725
523.98,63.695,45.15,46.725
522.96,63.835,45.15,46.725
518.92,66.737,45.15,46.725
516.28,68.395,45.15,46.725
511.8,71.939,45.15,46.725
505.98,74.703,45.15,46.725
500.99,79.315,45.15,46.725
496.92,86.867,45.15,46.725
493.07,92.593,45.15,46.725
488.33,98.621,45.15,46.725
483.04,104.64,45.15,46.725
473.56,114.01,45.15,46.725
465.77,120.82,45.15,46.725
458.03,126.59,45.15,46.725
450.12,134.29,45.15,46.725
442.81,138.95,47.408,49.061
435.07,146.06,45.15,46.725
428.68,151.44,45.15,46.725
423.55,157.25,45.15,46.725
421,161.92,45.15,46.725
421.03,164.98,45.15,46.725
421.47,167.86,45.15,46.725
422.87,169.71,45.15,46.725
426.54,171.09,45.15,46.725
431.37,173.53,45.15,46.725
440.38,175.43,45.15,46.725
448.57,177.05,45.15,46.725
456.03,177.63,45.15,46.725
463.21,178.4,45.15,46.725
470.24,178.34,45.15,46.725
476.85,178.62,45.15,46.725
483.8,179.48,45.15,46.725
490.56,181.12,45.15,46.725
496.97,183.51,45.15,46.725
509.12,190.75,45.15,46.725
516.64,195.85,45.15,46.725
521.78,200.54,45.15,46.725
525.62,204.45,45.15,46.725
526.96,207.77,45.15,46.725
526.76,209.59,45.15,46.725
525.38,212.04,45.15,46.725
522.83,213.18,45.15,46.725
518.98,214.12,45.15,46.725
514.6,214.25,45.15,46.725
508.97,213.57,45.15,46.725
501.23,207.3,47.408,49.061
491.93,196.72,47.408,49.061
479.38,178.4,49.778,51.514
469.17,158.86,49.778,51.514
461.87,138.06,49.778,51.514
456.26,118.46,49.778,51.514
452.12,101.59,49.778,51.514
452.32,89.335,49.778,51.514
453.49,82.585,49.778,51.514
454.73,80.534,49.778,51.514
454.98,82.057,49.778,51.514
453.81,86.948,49.778,51.514
450.23,93.786,47.408,49.061
443.77,99.062,47.408,49.061
432.54,105.37,47.408,49.061
420.75,113.11,45.15,46.725
408.7,121.82,45.15,46.725
397.27,130.99,45.15,46.725
387.09,140.92,45.15,46.725
379.18,149.36,45.15,46.725
371.81,157.82,45.15,46.725
367.67,165.93,45.15,46.725
363.66,174.51,45.15,46.725
362.33,183.92,45.15,46.725
362.78,193.35,45.15,46.725
362.71,207.95,45.15,46.725
365.79,222.78,45.15,46.725
369.87,235.54,45.15,46.725
373.5,244.06,45.15,46.725
379.72,246.88,45.15,46.725
389.24,247.06,45.15,46.725
400.55,246.36,45.15,46.725
413.68,245.27,45.15,46.725
428.29,243.62,47.408,49.061
443.48,240.5,49.778,51.514
460.28,237.04,49.778,51.514
475.89,233.52,49.778,51.514
490.65,228.1,49.778,51.514
504.82,224.89,49.778,51.514
517.74,221.99,49.778,51.514
528.46,219.12,49.778,51.514
538.17,216.74,52.267,54.09
547.46,214.05,52.267,54.09
554.93,208.89,52.267,54.09
560.4,205.28,52.267,54.09
565.67,202.72,49.778,51.514
565.12,202.74,47.408,49.061
572.02,201.41,47.408,49.061
571.3,199.75,47.408,49.061
566.76,201.63,47.408,49.061
563.05,206.32,47.408,49.061
563.9,206.8,47.408,49.061
563.47,209.73,47.408,49.061
563.41,205.64,47.408,49.061
564.12,204.19,47.408,49.061
564.52,203.2,47.408,49.061
564.37,202.97,47.408,49.061
538.42,219.1,47.408,49.061
535.34,218.22,47.408,49.061
534.03,221.14,47.408,49.061
532.6,224.39,47.408,49.061
530.14,227.22,45.15,46.725
529.73,230.15,45.15,46.725
526.15,231.11,45.15,46.725
525.4,232.89,45.15,46.725
525.29,230.9,45.15,46.725
522.95,222.37,45.15,46.725
519.26,208.01,45.15,46.725
518.09,189.32,45.15,46.725
516.29,169.01,47.408,49.061
518.43,150.27,47.408,49.061
518.27,132.49,47.408,49.061
521.36,113.07,47.408,49.061
521.62,97.651,47.408,49.061
523.44,82.8,47.408,49.061
525.5,70.991,47.408,49.061
526.96,61.644,47.408,49.061
529.94,54.314,47.408,49.061
531.81,50.173,47.408,49.061
532.64,46.299,47.408,49.061
533.35,44.905,47.408,49.061
535.34,43.84,47.408,49.061
537.91,42.111,47.408,49.061
540.46,41.035,49.778,51.514
543.11,41.424,49.778,51.514
542.89,42.944,52.267,54.09
544.53,47.224,52.267,54.09
547.39,47.685,52.267,54.09
552.57,55.598,52.267,54.09
553.02,64.718,54.88,56.795
555.89,73.402,54.88,56.795
560.72,85.963,54.88,56.795
561.02,100.65,57.624,59.634
565.17,113.91,57.624,59.634
565.79,131.54,57.624,59.634
564.33,141.58,57.624,59.634
562.8,148.37,57.624,59.634
560.03,152.16,57.624,59.634
556.81,156.87,57.624,59.634
552.13,158.77,57.624,59.634
547.56,160.27,57.624,59.634
542.66,160.66,57.624,59.634
540.94,162.1,57.624,59.634
539.72,165.7,57.624,59.634
539.7,170.73,57.624,59.634
541.7,178.07,57.624,59.634
544.58,186.88,57.624,59.634
546.15,193.7,57.624,59.634
548,198.43,57.624,59.634
549.07,199.3,57.624,59.634
547.75,196.41,57.624,59.634
544.14,190.46,57.624,59.634
538.52,180.95,57.624,59.634
534.81,172.26,54.88,56.795
530.9,160.11,54.88,56.795
528.2,147.28,54.88,56.795
526.93,136.43,54.88,56.795
526.76,128.51,52.267,54.09
526.56,118.91,52.267,54.09
525.78,111.28,52.267,54.09
527,105.77,52.267,54.09
528.4,102.19,52.267,54.09
530.71,98.468,52.267,54.09
533.4,94.165,52.267,54.09
534.48,90.432,52.267,54.09
535.5,86.773,52.267,54.09
536.27,83.426,52.267,54.09
536.34,79.399,52.267,54.09
536.92,75.612,52.267,54.09
537.18,72.263,52.267,54.09
537.95,68.332,52.267,54.09
538.39,64.463,52.267,54.09
538.95,60.914,52.267,54.09
538.65,58.627,52.267,54.09
538.84,57.615,52.267,54.09
539.27,58.331,52.267,54.09
538.97,59.367,52.267,54.09
538.69,61.461,52.267,54.09
537.56,63.237,54.88,56.795
537.34,63.364,57.624,59.634
536.76,63.515,60.505,62.616
538.56,67.492,60.505,62.616
543.82,72.816,60.505,62.616
547.38,80.529,60.505,62.616
550.97,93.777,60.505,62.616
551.47,111.16,60.505,62.616
551.8,129.79,60.505,62.616
547.94,147.58,60.505,62.616
543.79,162.05,60.505,62.616
537.94,173.3,60.505,62.616
532.9,182.7,60.505,62.616
529.98,189.03,60.505,62.616
529.94,197.65,60.505,62.616
530.52,204.36,60.505,62.616
531.86,207.64,60.505,62.616
534.4,209.1,60.505,62.616
536.62,207.47,60.505,62.616
538.22,205.94,60.505,62.616
539.19,205.02,60.505,62.616
540.24,205.19,60.505,62.616
541.22,205.81,60.505,62.616
542.12,205.25,60.505,62.616
542.11,204.28,60.505,62.616
541.23,203.42,60.505,62.616
539.86,202.95,60.505,62.616
538.1,203.15,60.505,62.616
536.24,203.41,60.505,62.616
534.76,203.45,60.505,62.616
532.21,202.46,60.505,62.616
531.39,199.7,60.505,62.616
531.28,195.03,60.505,62.616
532.91,191.88,57.624,59.634
532.43,187.18,57.624,59.634
531.52,182.1,57.624,59.634
531.01,176.46,57.624,59.634
532.85,172.36,54.88,56.795
534.58,169.08,54.88,56.795
537.39,164.24,54.88,56.795
541.47,159.24,57.624,59.634
542.47,156.36,57.624,59.634
544.14,155.32,57.624,59.634
545.84,154.56,57.624,59.634
546.4,155.24,57.624,59.634
546.7,156.35,57.624,59.634
547.89,156.61,57.624,59.634
548.54,157.14,57.624,59.634
548.12,156.5,57.624,59.634
546.44,154.45,57.624,59.634
543.4,143.07,57.624,59.634
542.6,120.95,60.505,62.616
539.91,88.995,63.531,65.747
539.11,64.372,63.531,65.747
537.83,43.611,63.531,65.747
536.51,29.194,63.531,65.747
536.9,19.75,60.505,62.616
535.96,14.106,60.505,62.616
536.38,13.127,60.505,62.616
537.27,11.567,60.505,62.616
536.49,9.8075,60.505,62.616
537.5,7.305,57.624,59.634
536.32,6.6837,57.624,59.634
535.9,7.3524,57.624,59.634
535.8,12.117,57.624,59.634
536.94,20.237,57.624,59.634
538.62,27.931,57.624,59.634
538.93,37.636,57.624,59.634
540.29,49.034,57.624,59.634
541.27,64.043,57.624,59.634
542.28,79.723,57.624,59.634
543.04,95.26,57.624,59.634
547.5,111.21,57.624,59.634
547.71,124.99,57.624,59.634
543.45,134.98,57.624,59.634
543.31,141.64,57.624,59.634
544.25,146.89,57.624,59.634
544.06,147.9,57.624,59.634
544.14,147.9,57.624,59.634
543.64,147.98,57.624,59.634
541.92,148.62,57.624,59.634
541.13,148.35,57.624,59.634
541.76,149.55,54.88,56.795
541.71,152.96,54.88,56.795
541.72,158.61,54.88,56.795
540.94,164.98,54.88,56.795
538.87,171.19,54.88,56.795
535.76,177.56,52.267,54.09
533.75,184.34,49.778,51.514
530.5,190.55,47.408,49.061
527.48,197.9,45.15,46.725
524.62,206.48,43,44.5
526.23,207,43,44.5
522.68,204.93,43,44.5
513.06,200.93,43,44.5
500.09,196.56,43,44.5
486.14,192.7,43,44.5
470.46,187,45.15,46.725
455.04,181.55,47.408,49.061
441.14,178.91,47.408,49.061
427.97,178.04,47.408,49.061
418.24,177.36,47.408,49.061
409.77,177.19,47.408,49.061
401.81,176.31,47.408,49.061
395.71,175.7,47.408,49.061
390.74,174.65,47.408,49.061
388.64,175.14,47.408,49.061
387.01,175.74,47.408,49.061
385.84,177.09,47.408,49.061
384.26,180.14,47.408,49.061
384.38,185.38,47.408,49.061
386.86,191.32,47.408,49.061
396.4,199.68,49.778,51.514
407.33,208.3,52.267,54.09
421.34,212.09,52.267,54.09
434.62,207.22,52.267,54.09
450.44,193.05,52.267,54.09
461.94,178.19,52.267,54.09
471.35,166.62,52.267,54.09
480.87,159.97,52.267,54.09
488.35,156.78,52.267,54.09
493.95,156.6,52.267,54.09
495.41,156.07,52.267,54.09
494.81,156.05,52.267,54.09
492.98,158.5,52.267,54.09
488.35,162.98,52.267,54.09
484.57,168,52.267,54.09
479.88,174.54,52.267,54.09
475.21,184.72,52.267,54.09
475.5,196.98,52.267,54.09
477.33,207.48,52.267,54.09
477.71,211.85,52.267,54.09
469.97,207.27,52.267,54.09
460.71,200.98,52.267,54.09
453.95,202.4,52.267,54.09
449.59,222.04,52.267,54.09
453.81,211.15,52.267,54.09
461.9,204.75,54.88,56.795
462.26,203.65,54.88,56.795
461.27,201.9,57.624,59.634
460.07,202.39,57.624,59.634
460.46,203.5,57.624,59.634
459.54,204.09,57.624,59.634
459.08,204.17,57.624,59.634
459.04,203.74,57.624,59.634
458.56,202.94,57.624,59.634
457.22,203.71,57.624,59.634
456.1,205.27,57.624,59.634
456.28,206.48,57.624,59.634
455.54,208.55,57.624,59.634
455.84,209.04,57.624,59.634
456.64,209.78,57.624,59.634
441.18,214.3,57.624,59.634
439.6,191.69,57.624,59.634
437.28,199.38,57.624,59.634
436.48,237.09,57.624,59.634
432.96,242.54,54.88,56.795
433.49,243.55,52.267,54.09
432.85,244,52.267,54.09
433.04,243.5,52.267,54.09
432.07,244.45,52.267,54.09
432.32,244.59,52.267,54.09
432.33,244.48,52.267,54.09
433.8,242.03,52.267,54.09
434.43,242.12,52.267,54.09
433.84,242.81,52.267,54.09
433.95,243.74,52.267,54.09
433.47,244.09,52.267,54.09
433.67,242.77,52.267,54.09
434.02,241.95,52.267,54.09
433.43,241.82,52.267,54.09
433.52,241.9,52.267,54.09
433.07,242.65,52.267,54.09
432.9,243.09,52.267,54.09
433.42,242.42,52.267,54.09
433.95,242.34,52.267,54.09
434.35,236.48,52.267,54.09
436.26,239.22,52.267,54.09
441.15,243.24,52.267,54.09
436.85,239.53,49.778,51.514
436.93,240,49.778,51.514
437.41,242.15,49.778,51.514
449.9,238.03,52.267,54.09
435.59,240.92,52.267,54.09
435.64,241.66,52.267,54.09
435.31,241.42,52.267,54.09
434.69,241.01,52.267,54.09
434.72,240.83,52.267,54.09
434.37,241.56,52.267,54.09
433.98,242.15,52.267,54.09
433.47,241.42,52.267,54.09
440.9,242.2,52.267,54.09
435.59,233.14,52.267,54.09
435.48,241.07,52.267,54.09
431.1,240.41,52.267,54.09
435.48,241.33,49.778,51.514
436.92,239.26,49.778,51.514
436.58,240.91,49.778,51.514
435.88,241.21,49.778,51.514
435.51,241.63,49.778,51.514
434.93,241.81,49.778,51.514
435.2,242.08,49.778,51.514
434.91,242.73,49.778,51.514
434.68,240.64,49.778,51.514
437.89,222.35,52.267,54.09
436.01,221.49,52.267,54.09
437.46,236.67,52.267,54.09
437.56,244.95,52.267,54.09
434.13,240.47,52.267,54.09
434.39,239.74,52.267,54.09
432.71,241.23,52.267,54.09
433.11,240.76,52.267,54.09
432.23,241.25,52.267,54.09
431.59,240.68,52.267,54.09
431.54,241.72,52.267,54.09
431.25,242.26,52.267,54.09
431.69,241.69,52.267,54.09
432.61,241.57,52.267,54.09
403.03,243.24,54.88,56.795
399.51,243.03,54.88,56.795
397.73,238.49,54.88,56.795
397.23,241.51,54.88,56.795
399.09,236.67,54.88,56.795
400.71,241.97,54.88,56.795
401.86,242.59,54.88,56.795
402.86,242.99,54.88,56.795
402.41,242.4,54.88,56.795
401.92,242.86,54.88,56.795
401.12,243.18,54.88,56.795
400.83,243.56,54.88,56.795
400.28,244.25,54.88,56.795
399.69,244.99,54.88,56.795
399.19,245.39,54.88,56.795
399.12,243.39,54.88,56.795
396.37,244.47,54.88,56.795
393.83,245.71,54.88,56.795
394.59,246.6,54.88,56.795
395.36,242.74,54.88,56.795
395.02,242.79,54.88,56.795
397.74,244.59,54.88,56.795
396.83,245.68,54.88,56.795
396.49,245.97,54.88,56.795
397.04,246.45,54.88,56.795
397.03,247.25,54.88,56.795
397.19,247.48,54.88,56.795
397.56,247.68,54.88,56.795
397.08,246.44,54.88,56.795
397.36,246.86,54.88,56.795
397.4,246.17,54.88,56.795
397.06,245.6,54.88,56.795
396.59,244.63,54.88,56.795
395.45,244.12,54.88,56.795
397.38,245.82,54.88,56.795
397.52,246.29,54.88,56.795
397.36,246.85,54.88,56.795
397.17,246.4,54.88,56.795
397.22,247.03,54.88,56.795
397.26,246.45,54.88,56.795
397.19,245.28,54.88,56.795
405.24,243.91,54.88,56.795
393.12,245.93,54.88,56.795
391.9,245.38,54.88,56.795
396.58,244.43,54.88,56.795
396.74,245.39,54.88,56.795
397.23,246.03,54.88,56.795
397.52,245.36,54.88,56.795
397.43,244.81,54.88,56.795
393.74,245.82,52.267,54.09
401.26,247.54,52.267,54.09
400.58,245.91,52.267,54.09
400.64,246.53,52.267,54.09
400.48,245.98,52.267,54.09
400.13,245.57,52.267,54.09
399.68,246.18,52.267,54.09
399.58,246.39,52.267,54.09
399.39,246.64,52.267,54.09
399.32,247.08,52.267,54.09
399.43,246.83,52.267,54.09
399.71,247.31,52.267,54.09
399.69,246.93,52.267,54.09
399.59,246.84,52.267,54.09
399.43,246.64,52.267,54.09
399.19,246.64,52.267,54.09
398.92,247.19,52.267,54.09
398.08,247.12,52.267,54.09
397.91,246.92,52.267,54.09
397.93,247.39,52.267,54.09
397.72,246.87,52.267,54.09
398.51,246.59,52.267,54.09
398.76,246.06,52.267,54.09
399.47,245.54,52.267,54.09
399.67,245.96,52.267,54.09
400.17,245.65,52.267,54.09
399.74,245.99,52.267,54.09
400.35,245.66,52.267,54.09
399.7,244.31,52.267,54.09
399.53,243.22,52.267,54.09
399.65,243.51,52.267,54.09
400.21,243.6,52.267,54.09
399.77,243.12,52.267,54.09
400.81,243.39,52.267,54.09
398.33,245.47,52.267,54.09
397.88,245.8,52.267,54.09
397.58,247.08,52.267,54.09
397.78,247.1,52.267,54.09
398.34,247.62,52.267,54.09
397.46,247.86,52.267,54.09
397.14,248.11,52.267,54.09
397,246.68,52.267,54.09
397.28,246.06,52.267,54.09
397.69,244.9,52.267,54.09
398.01,245.68,52.267,54.09
398.12,245.89,52.267,54.09
398.63,246.3,52.267,54.09
399.18,245.64,52.267,54.09
400.07,245.32,52.267,54.09
400.74,244.51,52.267,54.09
402.33,244.65,52.267,54.09
402.5,243.98,52.267,54.09
401.93,241.74,54.88,56.795
401.88,241.4,54.88,56.795
400.93,242.2,54.88,56.795
400.25,243.43,54.88,56.795
399.52,244.96,54.88,56.795
399.22,245.28,54.88,56.795
398.58,245.59,54.88,56.795
397.81,245.69,54.88,56.795
397.85,244.38,54.88,56.795
398.25,244.06,54.88,56.795
398.78,243,54.88,56.795
398.94,241.89,54.88,56.795
399.65,241.51,54.88,56.795
400.14,242.12,54.88,56.795
400.83,242.42,54.88,56.795
401.06,242.7,54.88,56.795
401.36,242.21,54.88,56.795
401.7,242.86,54.88,56.795
400.87,242.96,54.88,56.795
399.75,243.31,54.88,56.795
398.75,243.71,54.88,56.795
397.97,243.65,54.88,56.795
397.61,244.08,54.88,56.795
397.05,244.54,54.88,56.795
396.83,245.14,54.88,56.795
396.8,244.95,54.88,56.795
396.91,244.07,54.88,56.795
397.26,243.32,54.88,56.795
398.2,243.17,54.88,56.795
398.97,242.5,54.88,56.795
399.88,241.8,54.88,56.795
400.34,241.33,54.88,56.795
401.21,241.86,54.88,56.795
401.4,241.56,54.88,56.795
401.46,242.02,54.88,56.795
401.49,241.91,54.88,56.795
400.88,242.11,54.88,56.795
399.5,242.76,54.88,56.795
399.09,243.51,54.88,56.795
398.25,244.6,54.88,56.795
397.93,244.75,54.88,56.795
397.42,245.15,54.88,56.795
397.74,245.67,54.88,56.795
396.89,245.15,54.88,56.795
396.85,245.01,54.88,56.795
396.83,244.71,54.88,56.795
396.8,244.86,54.88,56.795
397.55,244.99,54.88,56.795
397.8,245.18,54.88,56.795
397.04,244.86,54.88,56.795
396.54,244.3,54.88,56.795
397.24,244.59,54.88,56.795
397.36,245.04,54.88,56.795
397.24,244.98,54.88,56.795
396.85,245.3,54.88,56.795
396.55,245.91,54.88,56.795
396.63,246.17,54.88,56.795
395.77,246.38,54.88,56.795
395.59,246.36,54.88,56.795
395.7,246.01,54.88,56.795
395.97,245.16,54.88,56.795
396.73,244.65,54.88,56.795
396.87,244.01,54.88,56.795
397.88,243.97,54.88,56.795
398.88,243.78,54.88,56.795
399.09,243.87,54.88,56.795
399.2,244.36,54.88,56.795
399.03,244.93,54.88,56.795
398.18,244.52,54.88,56.795
397.5,244.87,54.88,56.795
396.73,244.34,54.88,56.795
395.94,244.64,54.88,56.795
395.74,244.88,54.88,56.795
395.94,245.47,54.88,56.795
396.15,246.2,54.88,56.795
395.96,246.31,54.88,56.795
395.58,246.26,54.88,56.795
395.17,245.77,54.88,56.795
395.75,244.98,54.88,56.795
395.9,244.64,54.88,56.795
397,244.1,54.88,56.795
398.26,244.01,54.88,56.795
399.43,243.39,54.88,56.795
399.8,243.39,54.88,56.795
399.46,243.07,54.88,56.795
399.48,242.86,54.88,56.795
398.92,243.02,54.88,56.795
398.07,243.65,54.88,56.795
397.66,244.03,54.88,56.795
397.26,244.63,54.88,56.795
397.47,244.64,54.88,56.795
397.86,244.13,54.88,56.795
397.81,243.93,54.88,56.795
398.05,243.62,54.88,56.795
399.13,243,54.88,56.795
399.59,242.94,54.88,56.795
399.39,242.83,54.88,56.795
399.91,243.2,54.88,56.795
399.59,243.82,54.88,56.795
398.8,243.88,54.88,56.795
398.24,244.18,54.88,56.795
398.05,244.99,54.88,56.795
397.41,245.22,54.88,56.795
397.2,245.54,54.88,56.795
396.81,245.88,54.88,56.795
396.03,245.53,54.88,56.795
396.1,245.93,54.88,56.795
396.18,245.91,54.88,56.795
396.07,245.99,54.88,56.795
395.52,245.9,54.88,56.795
396.1,245.92,54.88,56.795
395.97,245.1,54.88,56.795
388.62,243.93,54.88,56.795
394.35,242.62,54.88,56.795
396.17,240.98,57.624,59.634
394.88,244.94,57.624,59.634
396.09,243.27,57.624,59.634
396.92,241.8,57.624,59.634
396.93,242.36,57.624,59.634
396.18,242.76,57.624,59.634
396.13,243.52,57.624,59.634
396.27,243.7,57.624,59.634
396.3,243.65,57.624,59.634
397.1,243.12,57.624,59.634
399.18,242.71,57.624,59.634
400.6,241.14,57.624,59.634
400.16,237.77,60.505,62.616
403.54,229.37,60.505,62.616
406.93,223.15,60.505,62.616
409.4,218.47,60.505,62.616
413.6,211.55,60.505,62.616
418.5,204.54,60.505,62.616
423.55,198.17,60.505,62.616
426.18,200.08,60.505,62.616
427.26,198.31,60.505,62.616
431.86,191.63,60.505,62.616
432.61,191.28,60.505,62.616
437.61,185.01,57.624,59.634
418.06,195.27,54.88,56.795
425.42,195.34,54.88,56.795
419.91,188.27,54.88,56.795
413.64,181.9,54.88,56.795
419.58,162.03,54.88,56.795
419.14,156.35,54.88,56.795
416.06,153.24,57.624,59.634
415.35,151.85,57.624,59.634
413.75,150.41,57.624,59.634
412.44,148.64,57.624,59.634
412.51,149.35,57.624,59.634
413.5,150.15,57.624,59.634
414.47,151.63,57.624,59.634
414.32,150.92,57.624,59.634
414.52,151.03,57.624,59.634
414.83,150.86,57.624,59.634
415.21,150.73,57.624,59.634
415.05,150.29,57.624,59.634
415.78,150.62,57.624,59.634
415.95,150.53,57.624,59.634
416.05,150.38,57.624,59.634
415.89,150.16,57.624,59.634
415.65,150.69,57.624,59.634
415.3,150.23,57.624,59.634
415.07,149.91,57.624,59.634
415.58,150.6,57.624,59.634
415.05,150.23,57.624,59.634
415.1,150.18,57.624,59.634
415.15,150.29,57.624,59.634
415.19,150.53,57.624,59.634
414.71,150.34,57.624,59.634
415.34,150.04,57.624,59.634
415,148.18,60.505,62.616
417.33,144.27,63.531,65.747
422.69,142.86,66.707,69.034
430.46,143.25,66.707,69.034
