0.35505
0.067771
0.041438
0.053222
0.055108
0.047282
0.038791
0.041053
0.045106
0.047891
0.047015
0.047225
0.044527
0.043273
0.048438
0.03652
0.048785
0.034055
0.040757
0.044132
0.05431
0.052634
0.046577
0.034736
0.0464
0.046574
0.039755
0.046706
0.038477
0.048042
0.033763
0.040428
0.055738
0.053711
0.055048
0.045553
0.041818
0.038116
0.045576
0.03858
0.040135
0.043148
0.044257
0.05588
0.065367
0.041156
0.042901
0.042596
0.039246
0.041605
0.034917
0.037597
0.067112
0.053833
0.044665
0.052997
0.047974
0.038041
0.034728
0.035415
0.031666
0.044295
0.043645
0.042319
0.039982
0.044104
0.037037
0.055652
0.039268
0.039913
0.049349
0.048884
0.046833
0.042657
0.044542
0.042567
0.037782
0.052745
0.038027
0.051453
0.044358
0.043347
0.03362
0.032353
0.034513
0.05517
0.057481
0.049371
0.051787
0.044142
0.044134
0.048147
0.04474
0.049849
0.050492
0.039891
0.042622
0.049254
0.043344
0.036833
0.034013
0.041474
0.039877
0.034721
0.03496
0.039104
0.03628
0.045852
0.044519
0.035842
0.034056
0.038385
0.036012
0.039075
0.04225
0.036579
0.035554
0.041952
0.037011
0.034274
0.028777
0.038339
0.040394
0.034879
0.034259
0.034691
0.032561
0.038121
0.036623
0.040472
0.037429
0.04344
0.043909
0.031941
0.042186
0.031866
0.037595
0.0334
0.042028
0.038108
0.032767
0.036031
0.0401
0.041042
0.034827
0.039078
0.036683
0.038912
0.043208
0.032894
0.04375
0.057625
0.03289
0.035959
0.034593
0.037963
0.042624
0.032116
0.041639
0.031636
0.035789
0.034212
0.041048
0.032056
0.038229
0.037731
0.0399
0.032469
0.034004
0.040479
0.039822
0.037356
0.047012
0.041815
0.033457
0.049757
0.044858
0.028136
0.050565
0.051054
0.032217
0.041028
0.029372
0.036773
0.027692
0.034853
0.045327
0.050917
0.040483
0.050318
0.050973
0.042939
0.050304
0.044854
0.032302
0.039823
0.052673
0.050238
0.046689
0.042484
0.049631
0.036343
0.052208
0.049314
0.047151
0.040739
0.041103
0.048534
0.044063
0.043743
0.036838
0.033749
0.045973
0.03911
0.032892
0.036444
0.041925
0.031502
0.032558
0.042761
0.031409
0.033502
0.032666
0.045931
0.04964
0.04336
0.042074
0.041445
0.037743
0.032599
0.037225
0.042626
0.034778
0.040569
0.032812
0.04421
0.040547
0.051837
0.046106
0.042884
0.03978
0.036815
0.035318
0.034936
0.046618
0.046048
0.045357
0.04723
0.040181
0.030994
0.041996
0.042124
0.041052
0.039776
0.046389
0.034321
0.046981
0.04353
0.041951
0.035595
0.041214
0.028041
0.039292
0.035834
0.036767
0.039763
0.041989
0.031307
0.04015
0.039562
0.041173
0.039999
0.042517
0.036421
0.03518
0.031408
0.041882
0.035545
0.035747
0.045143
0.03616
0.03219
0.057487
0.041365
0.028284
0.039678
0.03932
0.030286
0.038446
0.032046
0.037353
0.046294
0.050494
0.028374
0.035403
0.055227
0.05046
0.033114
0.037975
0.041247
0.038172
0.036685
0.042745
0.032743
0.035483
0.040247
0.038016
0.050996
0.045144
0.041298
0.036768
0.039786
0.033334
0.038524
0.039549
0.032919
0.03525
0.032799
0.041913
0.034719
0.033561
0.04149
0.059147
0.041878
0.051997
0.043357
0.041123
0.039432
0.035015
0.043686
0.02731
0.040172
0.035119
0.042979
0.032231
0.035553
0.042825
0.036947
0.032638
0.037956
0.043387
0.039992
0.042907
0.033167
0.034252
0.047794
0.06537
0.047237
0.034629
0.038631
0.060035
0.035994
0.030291
0.039127
0.034175
0.037078
0.027829
0.031209
0.038929
0.037795
0.032946
0.042241
0.042711
0.050419
0.033879
0.043317
0.040854
0.030566
0.039424
0.038026
0.045444
0.042373
0.032291
0.034241
0.035293
0.041372
0.041629
0.035806
0.028581
0.034333
0.042734
0.037603
0.042699
0.036641
0.042579
0.047128
0.03967
0.047786
0.053439
0.049462
0.045271
0.041933
0.048453
0.041674
0.036246
0.037693
0.040178
0.034455
0.032968
0.034153
0.030909
0.036042
0.04368
0.044643
0.040795
0.036552
0.03256
0.03327
0.032549
0.039383
0.031267
0.036205
0.039093
0.033629
0.036227
0.048188
0.039934
0.039743
0.03981
0.038097
0.038913
0.036099
0.03621
0.044582
0.046462
0.039971
0.046265
0.050861
0.035704
0.037408
0.031965
0.034334
0.033886
0.034872
0.032346
0.034351
0.033215
0.037652
0.04882
0.039203
0.048249
0.031551
0.041377
0.043792
0.040654
0.032718
0.042233
0.041828
0.037609
0.036787
0.040208
0.032958
0.049061
0.034043
0.037266
0.037595
0.039464
0.041459
0.030895
0.035928
0.035177
0.032773
0.045459
0.032967
0.035618
0.035201
0.028065
0.036026
0.030996
0.040675
0.030458
0.032696
0.033589
0.031218
0.044597
0.061142
0.061382
0.070041
0.044738
0.033062
0.035402
0.034095
0.041432
0.035572
0.043133
0.052054
0.040098
0.038258
0.033692
0.03147
0.048086
0.048154
0.037024
0.034237
0.03309
0.041211
0.033658
0.032398
0.038789
0.03198
0.0326
0.043596
0.02803
0.048075
0.040922
0.034111
0.038304
0.037733
0.034387
0.035457
0.033285
0.038506
0.037455
0.030689
0.045128
0.055959
0.04047
0.039522
0.034738
0.039405
0.031099
0.032739
0.040393
0.038538
0.040146
0.037083
0.029646
0.037968
0.036353
0.042303
0.034084
0.050712
0.037552
0.039938
0.035314
0.040552
0.036973
0.035667
0.036038
0.051357
0.043703
0.035449
0.032325
0.041392
0.033313
0.042579
0.038228
0.035514
0.034848
0.037501
0.03799
0.037164
0.036438
0.032642
0.040892
0.04053
0.030644
0.032596
0.031594
0.039752
0.035368
0.029641
0.034269
0.039212
0.040361
0.03806
0.040617
0.034672
0.041101
0.03271
0.039679
0.03044
0.033471
0.031036
0.044211
0.034691
0.04941
0.045665
0.036187
0.033075
0.035723
0.038014
0.032422
0.042591
0.034236
0.032953
0.033907
0.037733
0.03935
0.034942
0.036249
0.037319
0.039557
0.034044
0.038648
0.035212
0.045709
0.044315
0.039363
0.031815
0.03885
0.04048
0.044832
0.036546
0.037779
0.02786
0.039961
0.039357
0.040834
0.035076
0.039313
0.039102
0.038185
0.046732
0.054563
0.048907
0.032685
0.041212
0.02773
0.03499
0.036146
0.037295
0.038877
0.034347
0.04753
0.04516
0.038109
0.042482
0.04378
0.034377
0.0435
0.039487
0.038623
0.049847
0.043257
0.034382
0.031011
0.037769
0.037807
0.036133
0.047984
0.048309
0.040108
0.041637
0.034482
0.032501
0.031923
0.037637
0.041136
0.035665
0.040733
0.039443
0.036944
0.036485
0.045623
0.027477
0.052079
0.037955
0.032581
0.032514
0.037828
0.030906
0.039575
0.035159
0.033431
0.034993
0.034401
0.033466
0.038377
0.035062
0.041806
0.031169
0.032849
0.033116
0.041245
0.040701
0.033713
0.034467
0.034735
0.031822
0.043348
0.058044
0.042129
0.040585
0.034676
0.036773
0.032821
0.045024
0.052266
0.044401
0.032138
0.033028
0.038291
0.034505
0.042108
0.032238
0.030848
0.035112
0.039847
0.035412
0.048701
0.041587
0.04009
0.041451
0.04345
0.049358
0.042604
0.047017
0.037722
0.040219
0.046177
0.027944
0.052463
0.033686
0.037589
0.041816
0.043404
0.049523
0.037639
0.034699
0.038816
0.040374
0.051715
0.063682
0.037771
0.04177
0.031357
0.041035
0.04245
0.042595
0.042026
0.030259
0.035887
0.034881
0.0357
0.031205
0.035818
0.032115
0.031667
0.048507
0.045133
0.038191
0.031318
0.041678
0.033531
0.027495
0.039532
0.038703
0.038386
0.04635
0.035237
0.048491
0.035791
0.036188
0.040657
0.039703
0.030424
0.03609
0.032156
0.041546
0.051238
0.048692
0.038305
0.034417
0.034661
0.031411
0.034227
0.036281
0.040069
0.0398
0.030855
0.034014
0.0424
0.032912
0.048077
0.035826
0.043564
0.04016
0.034394
0.03604
0.03209
0.040183
0.037938
0.043279
0.05759
0.040139
0.05387
0.035584
0.0311
0.030389
0.038514
0.032961
0.039232
0.033428
0.036789
0.041271
0.041992
0.045752
0.04116
0.041397
0.034083
0.041971
0.031367
0.033433
0.04286
0.036498
0.031895
0.040254
0.042508
0.042432
0.037664
0.033162
0.040779
0.030316
0.033798
0.037474
0.035844
0.03828
0.038633
0.040937
0.043882
0.039091
0.050832
0.043612
0.040727
0.044203
0.045305
0.043496
0.041277
0.047367
0.042201
0.030435
0.034482
0.044366
0.049358
0.036812
0.036057
0.041092
0.037554
0.039835
0.036905
0.037901
0.043004
0.050559
0.045066
0.042094
0.038937
0.046365
0.042987
0.041257
0.039214
0.039893
0.036728
0.039162
0.050897
0.053813
0.041932
0.042202
0.038243
0.038935
0.041703
0.041756
0.033469
0.03823
0.043987
0.034084
0.043963
0.047436
0.041891
0.03441
0.038113
0.033143
0.038396
0.039534
0.034849
0.039179
0.036102
0.039283
0.035047
0.039214
0.033477
0.04222
0.02785
0.037152
0.040849
0.04455
0.032096
0.031875
0.043328
0.043187
0.039341
0.032502
0.037407
0.03919
0.03659
0.047797
0.043613
0.041079
0.040892
0.040887
0.032794
0.034852
