0.022889
0.058469
0.058971
0.059459
0.079903
0.059736
0.061127
0.060649
0.061249
0.059977
0.056041
0.061718
0.061908
0.060611
0.058533
0.056709
0.065116
0.057238
0.091422
0.0602
0.072338
0.061536
0.06823
0.061616
0.057201
0.060484
0.056412
0.062105
0.070701
0.057881
0.060431
0.058767
0.057304
0.075464
0.058202
0.078571
0.068679
0.067548
0.057289
0.067748
0.062396
0.061784
0.059118
0.077738
0.07571
0.058776
0.061831
0.057848
0.059557
0.060919
0.060947
0.060431
0.058238
0.068129
0.057961
0.057303
0.071544
0.057476
0.061412
0.06135
0.061988
0.061591
0.061132
0.068258
0.06228
0.09742
0.059344
0.062043
0.059902
0.058141
0.060489
0.068584
0.061963
0.077622
0.077195
0.06206
0.060906
0.074598
0.063741
0.058503
0.061298
0.088143
0.081957
0.080891
0.062339
0.06172
0.082482
0.061747
0.056899
0.086137
0.062594
0.061019
0.060827
0.058068
0.061413
0.060916
0.060559
0.060953
0.062724
0.058514
0.061499
0.056884
0.062097
0.070319
0.065063
0.061694
0.061578
0.061421
0.072936
0.057442
0.062713
0.062132
0.061715
0.061846
0.061424
0.057819
0.057589
0.056813
0.058224
0.062968
0.062477
0.057728
0.071552
0.087624
0.060368
0.061512
0.057123
0.06279
0.057876
0.058297
0.058088
0.06164
0.060895
0.062042
0.062363
0.060907
0.057759
0.062075
0.060287
0.061549
0.060816
0.057521
0.057483
0.062484
0.062806
0.061897
0.061828
0.059978
0.060504
0.058855
0.05774
0.061891
0.080381
0.05825
0.077092
0.057531
0.060762
0.071398
0.063336
0.056672
0.071013
0.063483
0.062059
0.061192
0.060668
0.058782
0.060878
0.058203
0.060373
0.060892
0.058837
0.063443
0.062735
0.062234
0.060063
0.060107
0.057287
0.0888
0.057627
0.06162
0.058106
0.061632
0.060423
0.058177
0.061177
0.057479
0.08253
0.060144
0.058308
0.059096
0.061853
0.061956
0.056977
0.061146
0.062194
0.058462
0.059034
0.059554
0.058614
0.058493
0.05895
0.06209
0.059653
0.090792
0.075255
0.058439
0.061692
0.061047
0.074996
0.057533
0.061839
0.059217
0.062148
0.061074
0.057734
0.062163
0.060413
0.061364
0.057509
0.061682
0.06116
0.058856
0.061063
0.058085
0.070408
0.057433
0.057439
0.059428
0.060614
0.061334
0.061591
0.05895
0.062307
0.061599
0.057111
0.057818
0.061147
0.058608
0.057865
0.061268
0.10064
0.061694
0.068383
0.06066
0.061506
0.059936
0.060815
0.062432
0.059084
0.05885
0.061295
0.058286
0.061184
0.061511
0.060398
0.059601
0.058196
0.057648
0.058236
0.058652
0.067732
0.057528
0.063382
0.061174
0.057496
0.061507
0.061121
0.061324
0.060945
0.05832
0.080775
0.065358
0.062173
0.062352
0.059231
0.061998
0.067735
0.058098
0.062233
0.058683
0.061357
0.08882
0.058044
0.061389
0.059594
0.061382
0.059495
0.060443
0.06254
0.075661
0.061857
0.058542
0.064517
0.059626
0.058495
0.057958
0.058773
0.058738
0.05729
0.057285
0.076908
0.059785
0.062973
0.060878
0.060906
0.057406
0.060369
0.061999
0.057661
0.061308
0.061726
0.061365
0.060423
0.057647
0.06154
0.058526
0.058251
0.06073
0.05962
0.060359
0.067763
0.058179
0.06134
0.061678
0.058628
0.061368
0.062005
0.059071
0.061948
0.058539
0.057942
0.064821
0.058192
0.058258
0.058022
0.060883
0.08442
0.058004
0.058686
0.060318
0.061413
0.057995
0.05703
0.061168
0.058938
0.057724
0.061953
0.061083
0.060624
0.061764
0.058777
0.064829
0.057476
0.062215
0.063461
0.057708
0.05799
0.059471
0.058627
0.061043
0.074214
0.078766
0.061995
0.059466
0.062407
0.061468
0.05706
0.060666
0.05835
0.058351
0.061572
0.062384
0.058009
0.061714
0.058521
0.061493
0.057558
0.058845
0.060549
0.058129
0.058781
0.058152
0.057253
0.058031
0.059538
0.058091
0.079287
0.072105
0.057944
0.060819
0.058994
0.059776
0.060395
0.058592
0.062595
0.059597
0.061324
0.058479
0.058258
0.058984
0.058024
0.058659
0.060669
0.058192
0.068505
0.059212
0.060931
0.058916
0.060764
0.075256
0.059092
0.065553
0.0616
0.0667
0.057112
0.059691
0.058078
0.06048
0.058492
0.058153
0.059715
0.060988
0.061962
0.06117
0.062569
0.057701
0.058527
0.058719
0.058284
0.06145
0.060495
0.060571
0.06104
0.061463
0.058843
0.058627
0.057834
0.056964
0.060968
0.059103
0.062469
0.06206
0.057528
0.057958
0.058066
0.057938
0.061481
0.058695
0.069071
0.065815
0.058343
0.058973
0.058527
0.057371
0.058021
0.058127
0.058197
0.058158
0.057903
0.058635
0.057164
0.061612
0.096921
0.068296
0.058364
0.060343
0.061559
0.060417
0.057834
0.057403
0.071481
0.058972
0.066177
0.057825
0.057897
0.058006
0.058663
0.057368
0.059901
0.059456
0.059704
0.061495
0.057728
0.060752
0.057411
0.061299
0.060822
0.059171
0.061118
0.058488
0.061502
0.058272
0.057405
0.05844
0.058231
0.058072
0.058894
0.092397
0.062651
0.061151
0.058302
0.057835
0.058121
0.060798
0.057498
0.057597
0.073153
0.061085
0.057462
0.061152
0.057629
0.061139
0.061912
0.058304
0.059561
0.060983
0.059268
0.058223
0.057743
0.059291
0.05872
0.061382
0.058378
0.058007
0.058244
0.057599
0.059089
0.093866
0.080829
0.058173
0.059543
0.058045
0.056975
0.05819
0.058987
0.061992
0.059354
0.058491
0.058016
0.058167
0.057832
0.058574
0.061654
0.061982
0.057444
0.057818
0.058939
0.061826
0.058402
0.057827
0.058265
0.06214
0.058411
0.061528
0.058342
0.059431
0.060012
0.058166
0.058959
0.060038
0.062937
0.060736
0.06066
0.059445
0.058076
0.058311
0.06174
0.058541
0.057489
0.058963
0.058929
0.062281
0.061734
0.061483
0.058127
0.058322
0.058581
0.072911
0.058754
0.060888
0.060502
0.058258
0.059223
0.057848
0.057589
0.071595
0.058457
0.05836
0.061546
0.061725
0.058162
0.058545
0.057857
0.058901
0.057986
0.057842
0.060226
0.058719
0.058759
0.058022
0.058302
0.058483
0.058036
0.059268
0.058169
0.057849
0.058534
0.057762
0.057748
0.058188
0.061137
0.059539
0.05777
0.058281
0.058226
0.05828
0.095396
0.083079
0.05861
0.058342
0.085816
0.062213
0.058278
0.059452
0.05987
0.057542
0.059651
0.061743
0.06028
0.057608
0.057866
0.05697
0.057644
0.060297
0.058396
0.058544
0.060078
0.060803
0.061048
0.060468
0.06249
0.060975
0.057779
0.064071
0.061644
0.06043
0.057966
0.058383
0.058803
0.060305
0.058749
0.05812
0.058677
0.058399
0.060715
0.057841
0.05785
0.058308
0.062735
0.063127
0.058387
0.057057
0.058936
0.059032
0.057731
0.057974
0.058103
0.058324
0.058647
0.060397
0.058732
0.057956
0.057304
0.06338
0.058898
0.058219
0.05776
0.057961
0.058221
0.06063
0.058574
0.05732
0.057951
0.060489
0.057841
0.071111
0.058481
0.057866
0.058927
0.06008
0.061188
0.057698
0.05775
0.057787
0.05794
0.056162
0.057283
0.057748
0.057947
0.058274
0.057565
0.057368
0.058238
0.057646
0.058245
0.058763
0.058146
0.058226
0.05775
0.057096
0.059332
0.062082
0.057936
0.058453
0.059224
0.057224
0.061212
0.05809
0.059511
0.057777
0.057484
0.057055
0.059243
0.060789
0.057087
0.058346
0.0589
0.056893
0.059963
0.057529
0.061206
0.060824
0.057775
0.063705
0.062465
0.060756
0.058152
0.059747
0.057823
0.057511
0.061564
0.058126
0.088528
0.058322
0.058633
0.058492
0.058858
0.058053
0.057231
0.057584
0.061016
0.058519
0.068974
0.057866
0.058777
0.058944
0.057407
0.073785
0.0584
0.057942
0.05798
0.058431
0.058132
0.056887
0.057805
0.058862
0.057642
0.058522
0.073072
0.080766
0.057552
0.058582
0.072268
0.058148
0.058829
0.059529
0.058627
0.058434
0.059812
0.06027
0.059004
0.059274
0.057916
0.062055
0.058805
0.058593
0.058452
0.057613
0.058273
0.057262
0.057234
0.058073
0.070289
0.059894
0.060661
0.057319
0.059182
0.0661
0.057376
0.057476
0.058554
0.058398
0.057946
0.059861
0.061843
0.058061
0.058695
0.057322
0.057608
0.06012
0.060124
0.057875
0.058641
0.057671
0.057831
0.057899
0.067809
0.059651
0.059494
0.05869
0.058095
0.058338
0.058983
0.059929
0.061085
0.060904
0.058884
0.063021
0.058103
0.061721
0.059158
0.057437
0.058823
0.058419
0.059397
0.057522
0.057599
0.058856
0.062528
0.059086
0.058296
0.06185
0.058871
0.0578
0.058071
0.058345
0.058276
0.058379
0.058809
0.058356
0.068572
0.05897
0.056531
0.057927
0.057789
0.062674
0.058244
0.058811
0.058095
0.057652
0.061968
0.060042
0.058
0.057649
0.058754
0.057677
0.061222
0.058825
0.060822
0.060829
0.061078
0.060822
0.062313
0.058727
0.061507
0.058699
0.060959
0.058928
0.057561
0.058719
0.059472
0.057386
0.059385
0.057558
0.059981
0.059414
0.057822
0.058462
0.05847
0.057949
0.058334
0.057555
0.057517
0.057671
0.058077
0.05793
0.081223
0.056904
0.066987
0.058663
0.068449
0.058011
0.082261
0.057679
0.057377
0.05912
0.059045
0.058366
0.058089
0.059414
0.05796
0.058181
0.058001
0.05744
0.057857
0.058433
0.060024
0.058699
0.058134
0.060487
0.059247
0.058011
0.061995
0.062233
0.058048
0.061386
0.057879
0.05877
0.05779
0.057395
0.061696
0.058445
0.057793
0.057656
0.057019
0.059788
0.061618
0.069471
0.058839
0.058085
0.061709
0.058505
0.058464
0.058288
0.058429
0.058063
0.058579
0.057693
0.058446
0.058402
0.059464
0.061179
0.059899
0.074984
0.061975
0.058654
0.057908
0.062652
0.060872
0.062597
0.058235
0.058659
0.059154
0.057299
0.059042
0.058827
0.058596
0.060715
0.059621
0.058003
0.058049
0.058374
0.058363
0.060199
0.057527
0.05984
0.058359
0.059759
0.058957
0.058974
0.060882
0.057832
0.061779
0.058629
0.060218
0.059567
0.057365
0.058882
0.059581
0.058147
0.059377
0.058303
0.057785
0.058406
0.058786
0.060778
0.058868
0.059145
0.058062
0.05792
0.05784
0.058361
0.059283
0.058964
0.05869
0.06238
0.057173
0.057769
0.059672
0.05793
0.057333
0.058144
0.058163
0.058344
0.057543
0.058559
0.058063
0.058015
0.061774
0.057801
0.05839
0.058018
0.058161
0.058157
0.058199
0.058249
0.072264
0.058405
0.058202
0.059143
0.058488
0.057715
0.059319
0.058232
0.058742
0.059975
0.059134
0.058968
0.05922
0.074372
0.059396
0.062657
0.059052
0.071899
0.058457
0.060491
0.061801
0.059223
0.059804
0.058636
0.059583
0.061717
0.059183
0.060864
0.058058
0.058565
0.061369
0.060529
0.058833
0.057947
0.058335
0.059175
0.058559
0.058858
0.058928
0.058385
0.057872
0.059036
0.060327
0.05837
0.058139
0.059097
0.058696
0.058173
0.058355
0.059097
0.058242
0.059936
0.06169
0.059222
0.059825
0.059722
0.058763
0.058646
0.059508
0.058199
0.059772
0.059421
0.058067
0.059461
0.059296
0.058715
0.0586
0.057734
0.058242
0.058384
0.057847
0.059241
0.059318
0.059324
0.057887
0.057488
0.058672
0.059582
0.059858
0.063004
0.058698
0.062832
0.058448
0.061893
0.058339
0.059333
0.058228
0.060865
0.058164
0.05983
0.059134
0.06214
0.062304
0.060054
0.062036
0.058791
0.058839
0.059241
0.060249
0.059285
0.058533
0.059671
0.059522
0.061986
0.058729
0.058258
0.058723
0.059965
0.05776
0.059527
0.058726
0.058619
0.058167
0.058192
0.05878
0.059241
0.058774
0.060503
0.05906
0.058351
0.058997
0.057789
0.0597
0.05854
0.059548
0.06036
0.061384
0.061148
0.058818
0.058984
0.06127
0.059318
0.061856
0.060103
0.058582
0.058306
0.059377
0.058845
0.058476
0.058835
0.059353
0.059641
0.05866
0.058322
0.058558
0.058525
0.058296
0.057927
0.058972
0.058486
0.057075
0.059082
0.058795
0.058864
0.059259
0.061168
0.068618
0.058433
0.057613
0.058921
0.058739
0.0582
0.058483
0.058475
0.059068
0.063253
0.062389
0.061237
0.059083
0.059627
0.058919
0.058909
0.059123
0.059057
0.058468
0.05867
0.058702
0.05803
0.058471
0.058037
0.057782
0.058521
0.059413
0.058097
0.058537
0.058126
0.058555
0.060813
0.058905
0.059312
0.057918
0.058049
0.057662
0.058543
0.057394
0.058362
0.061536
0.059371
0.06015
0.060304
0.060602
0.059274
0.060703
0.059619
0.058367
0.0584
0.06013
0.05893
0.059549
0.05777
0.058795
0.058503
0.058262
0.057921
0.058677
0.057793
0.058713
0.059183
0.061032
0.058589
0.058796
0.058277
0.057647
0.058851
0.058783
0.058821
0.058753
0.058474
0.059168
0.058066
0.059319
0.058818
0.062396
0.058869
0.058275
0.06
0.060122
0.057967
0.058205
0.05819
0.058065
0.062875
0.062003
0.060572
0.058311
0.059182
0.058611
0.059847
0.061196
0.061239
0.062063
0.061453
0.058726
0.05893
0.058972
0.058913
0.059119
0.057856
0.059515
0.071717
0.062122
0.063427
0.059462
0.058136
0.058669
0.062346
0.059059
0.058504
0.058866
0.059132
0.089897
0.060151
0.058563
0.057533
0.058818
0.05804
0.069017
0.059273
0.059068
0.058938
0.057753
0.058121
0.058375
0.058892
0.067234
0.058349
0.057903
0.058621
0.059239
0.060562
0.061778
0.060702
0.06066
0.058378
0.060749
0.059942
0.060639
0.060698
0.062177
0.058387
0.058887
0.058228
0.058855
0.058798
0.059352
0.059312
0.060267
0.059082
0.060632
0.058335
0.05877
0.059596
0.057228
0.061926
0.060309
0.058111
0.059347
0.059674
0.058217
0.059253
0.058347
0.058452
0.057463
0.058068
0.059939
0.061768
0.059275
0.06337
0.059472
0.060986
0.058579
0.061961
0.061898
0.06237
0.058361
0.057854
0.058383
0.059707
0.059161
0.058178
0.072083
0.057894
0.060593
0.061671
0.0583
0.05862
0.072674
0.058321
0.059713
0.057624
0.058342
0.058161
0.059093
0.05823
0.058031
0.059115
0.059922
0.060778
0.058076
0.059607
0.059076
0.058646
0.060571
0.060108
0.060195
0.060131
0.059144
0.060572
0.058846
0.060806
0.060518
0.059377
0.059852
0.06258
0.058103
0.059409
0.058013
0.057785
0.060157
0.05793
0.057876
0.058801
0.057511
0.057754
0.060314
0.059832
0.057758
0.05851
0.057897
0.05897
0.060095
0.061025
0.062506
0.058251
0.060753
0.057913
0.059801
0.05808
0.059164
0.05889
0.060855
0.057446
0.058497
0.059126
