100
0.8237
0.81693
0.78179
0.76952
0.76926
0.75374
0.75182
0.72606
0.7137
0.68481
0.6779
0.66028
0.62001
0.60376
0.57902
0.55535
0.5512
0.50458
0.49897
0.52772
0.51517
0.52023
0.53882
0.51947
0.53443
0.51934
0.53474
0.51951
0.51921
0.52712
0.52871
0.53403
0.54629
0.53262
0.53398
0.5344
0.55475
0.54456
0.54665
0.53123
0.54058
0.53713
0.56506
0.56693
0.58249
0.57615
0.58244
0.57485
0.58232
0.58617
0.58178
0.57396
0.57654
0.5652
0.57626
0.57493
0.59142
0.57208
0.57328
0.56786
0.54534
0.54077
0.54476
0.52989
0.52749
0.50615
0.509
0.49104
0.49768
0.4831
0.47404
0.47325
0.4619
0.44425
0.42234
0.41573
0.40803
0.39311
0.38746
0.38915
0.37313
0.36673
0.3662
0.3606
0.34506
0.36106
0.35243
0.35036
0.35075
0.34872
0.34582
0.35227
0.34879
0.34865
0.33997
0.3402
0.3339
0.33066
0.33526
0.31931
0.31314
0.30528
0.29722
0.29459
0.27803
0.26962
0.25998
0.24983
0.23274
0.22224
0.21306
0.21374
0.22135
0.22465
0.23018
0.23123
0.24857
0.26626
0.27709
0.28664
0.29111
0.30932
0.31705
0.31656
0.33232
0.33882
0.33515
0.33885
0.34186
0.35547
0.3571
0.36002
0.35621
0.36726
0.37466
0.37258
0.38022
0.37572
0.37881
0.37699
0.39023
0.38813
0.38811
0.39128
0.39183
0.39472
0.39515
0.40003
0.40697
0.40793
0.41242
0.41771
0.42174
0.42276
0.43037
0.42941
0.43883
0.44405
0.44399
0.43916
0.44327
0.44793
0.45623
0.45148
0.45332
0.45458
0.45324
0.4525
0.45818
0.45581
0.45487
0.45318
0.45615
0.44424
0.43398
0.42294
0.42188
0.41163
0.39773
0.40326
0.38756
0.39202
0.39516
0.3894
0.38533
0.36419
0.36347
0.36489
0.34886
0.34986
0.33287
0.3266
0.34679
0.32825
0.33561
0.33866
0.34337
0.33986
0.34137
0.32751
0.33564
0.32994
0.34109
0.33478
0.32379
0.31484
0.32599
0.33316
0.33179
0.3275
0.33269
0.33475
0.34208
0.3516
0.34606
0.34488
0.34271
0.34207
0.33863
0.33289
0.33679
0.33854
0.34316
0.34164
0.33897
0.34479
0.34819
0.33882
0.34473
0.34917
0.3513
0.35828
0.3517
0.35983
0.3515
0.35074
0.33565
0.35198
0.35493
0.36175
0.36162
0.37364
0.36178
0.36658
0.36129
0.35953
0.3742
0.3721
0.36933
0.37449
0.38275
0.38051
0.39025
0.38657
0.3934
0.39823
0.39184
0.38914
0.38405
0.37184
0.37553
0.37399
0.37075
0.37397
0.37285
0.36628
0.37037
0.37102
0.37401
0.36634
0.36399
0.36142
0.35933
0.35297
0.34948
0.34626
0.34814
0.34657
0.34166
0.34366
0.33303
0.32881
0.32636
0.32984
0.33041
0.33073
0.32104
0.32965
0.32653
0.32504
0.33087
0.33101
0.33201
0.33173
0.33431
0.33816
0.34066
0.32698
0.33675
0.35155
0.35316
0.34362
0.3569
0.35622
0.35075
0.36233
0.37004
0.36627
0.36906
0.3709
0.37329
0.36954
0.37769
0.3751
0.37417
0.38208
0.39434
0.38888
0.39094
0.38507
0.3921
0.39667
0.40505
0.39327
0.40201
0.3951
0.39261
0.39427
0.39192
0.39448
0.39287
0.39497
0.39494
0.39846
0.39769
0.39172
0.39598
0.39326
0.39757
0.39461
0.397
0.38741
0.39298
0.3891
0.37631
0.37884
0.37614
0.378
0.38281
0.38262
0.39006
0.39981
0.38567
0.38851
0.38925
0.39127
0.39538
0.39274
0.40361
0.38838
0.39708
0.3955
0.38341
0.37997
0.37227
0.37221
0.36863
0.37752
0.37485
0.38006
0.387
0.38046
0.38085
0.38282
0.38177
0.37482
0.37625
0.37537
0.38068
0.38364
0.38366
0.38209
0.37843
0.39034
0.38444
0.38278
0.37575
0.37732
0.3826
0.37789
0.37829
0.36619
0.3652
0.35315
0.3723
0.36021
0.36489
0.35188
0.3432
0.33447
0.35412
0.34073
0.34361
0.32791
0.32956
0.31258
0.31149
0.31364
0.32242
0.31369
0.31086
0.31152
0.30527
0.30147
0.29954
0.29421
0.29142
0.29346
0.29092
0.28929
0.29458
0.3012
0.3028
0.30422
0.31018
0.30981
0.31653
0.3162
0.31973
0.31984
0.32447
0.33022
0.33866
0.3368
0.34598
0.34782
0.35196
0.35464
0.36316
0.3614
0.37213
0.37225
0.3776
0.37573
0.3788
0.37986
0.38267
0.38934
0.38628
0.39155
0.39942
0.40087
0.40431
0.40403
0.40433
0.40229
0.41509
0.41162
0.41549
0.41594
0.42063
0.42464
0.42993
0.4262
0.43406
0.43445
0.43994
0.44264
0.44545
0.44493
0.4468
0.44477
0.44999
0.44866
0.44715
0.44621
0.44323
0.4429
0.44879
0.45251
0.45045
0.45146
0.45095
0.45393
0.45751
0.45785
0.46073
0.4624
0.47193
0.47073
0.47098
0.47744
0.48059
0.48022
0.48579
0.48818
0.48504
0.49325
0.49303
0.49696
0.49415
0.50047
0.50328
0.50404
0.50446
0.51076
0.51029
0.51776
0.51806
0.51514
0.52056
0.52543
0.52226
0.52972
0.53021
0.52967
0.52795
0.53375
0.53532
0.54472
0.53966
0.54699
0.5486
0.54715
0.55007
0.55676
0.56351
0.56359
0.56443
0.57027
0.5698
0.5731
0.57221
0.57902
0.58243
0.57992
0.58268
0.59066
0.58949
0.59544
0.59192
0.59844
0.5963
0.60848
0.61058
0.61502
0.6198
0.61835
0.62383
0.62824
0.6256
0.6193
0.62521
0.62775
0.62831
0.62591
0.63263
0.62963
0.62823
0.63024
0.63015
0.62333
0.62573
0.62369
0.62109
0.62105
0.62306
0.61756
0.62151
0.62423
0.61989
0.61979
0.61388
0.62146
0.61818
0.62326
0.62808
0.62411
0.62355
0.61926
0.61607
0.62602
0.61916
0.63083
0.62591
0.62862
0.62477
0.62509
0.61943
0.62281
0.61465
0.61068
0.60937
0.6053
0.59642
0.59585
0.59078
0.6
0.59529
0.58953
0.59089
0.58187
0.57641
0.57718
0.55811
0.54796
0.53191
0.5237
0.51448
0.50334
0.49716
0.49446
0.48448
0.4903
0.47357
0.46511
0.48775
0.47789
0.48062
0.46692
0.4672
0.46114
0.45397
0.45203
0.44477
0.41891
0.40284
0.38506
0.37285
0.36371
0.3495
0.33858
0.33607
0.32085
0.31487
0.31316
0.31218
0.30328
0.30511
0.30409
0.30538
0.2964
0.30898
0.29951
0.31775
0.30861
0.31457
0.31573
0.31618
0.32247
0.31392
0.31455
0.31279
0.32676
0.32444
0.32659
0.324
0.31164
0.32423
0.32116
0.31766
0.32077
0.32426
0.33855
0.32446
0.32365
0.30909
0.31156
0.3144
0.3107
0.31889
0.3195
0.3111
0.32117
0.315
0.32455
0.31505
0.32308
0.32395
0.32435
0.3308
0.32697
0.33242
0.33177
0.34227
0.34512
0.34414
0.3521
0.34938
0.35394
0.35065
0.35916
0.36113
0.36034
0.35611
0.36773
0.35863
0.36426
0.35967
0.3787
0.37068
0.37961
0.38003
0.3857
0.38338
0.39151
0.3919
0.39219
0.39567
0.40664
0.4008
0.40319
0.40811
0.41178
0.41388
0.42055
0.41849
0.41771
0.42226
0.41795
0.4157
0.42339
0.42742
0.43306
0.43371
0.43531
0.43283
0.44015
0.43815
0.4396
0.44191
0.44373
0.44445
0.44959
0.44583
0.44996
0.45812
0.46261
0.46194
0.46355
0.4618
0.45645
0.4585
0.46476
0.46292
0.4727
0.47212
0.47572
0.48021
0.47935
0.48021
0.47827
0.47909
0.48052
0.49007
0.48768
0.4904
0.48678
0.49391
0.4956
0.49512
0.49416
0.499
0.49059
0.49545
0.49253
0.49607
0.48823
0.48982
0.4853
0.4796
0.48751
0.48738
0.48406
0.48731
0.48877
0.48464
0.48199
0.49324
0.48801
0.48656
0.49085
0.48738
0.48716
0.4936
0.49175
0.49295
0.48761
0.49168
0.49488
0.49504
0.4924
0.48966
0.49355
0.49162
0.4985
0.50053
0.49931
0.50496
0.50507
0.51634
0.52034
0.52627
0.52869
0.53671
0.53971
0.54984
0.55705
0.5645
0.55904
0.5663
0.56898
0.56909
0.56819
0.57047
0.5772
0.56969
0.57076
0.56569
0.56672
0.55705
0.55669
0.55826
0.56202
0.55846
0.54934
0.54651
0.5391
0.53795
0.51786
0.51892
0.52546
0.52038
0.51135
0.50683
0.5076
0.49325
0.49523
0.49803
0.49404
0.50145
0.50182
0.50324
0.51368
0.50608
0.51523
0.51531
0.52205
0.52313
0.52502
0.52962
0.53196
0.52862
0.53029
0.53256
0.54515
0.54224
0.54926
0.55466
0.55568
0.5485
0.56192
0.55363
0.558
0.56017
0.56126
0.57156
0.57078
0.56942
0.56788
0.56735
0.57035
0.5741
0.56688
0.57052
0.56893
0.57029
0.56539
0.56761
0.56463
0.56364
0.56813
0.56432
0.55525
0.5638
0.55753
0.55163
0.55587
0.5626
0.55612
0.55646
0.56549
0.56274
0.56845
0.57137
0.57437
0.57565
0.5655
0.57539
0.56874
0.57738
0.58579
0.58536
0.58861
0.5876
0.58655
0.59451
0.59446
0.59162
0.59377
0.59508
0.59204
0.59861
0.59596
0.60441
0.60439
0.5991
0.60902
0.60863
0.61823
0.61436
0.61493
0.62143
0.61268
0.61434
0.6172
0.61592
0.61214
0.62006
0.61254
0.61161
0.6175
0.61437
0.61023
0.61386
0.62187
0.613
0.61852
0.61779
0.6107
0.60887
0.61756
0.62256
0.62451
0.62824
0.6268
0.62502
0.62967
0.63587
0.63177
0.62345
0.63224
0.62802
0.62197
0.62263
0.62846
0.62083
0.61863
0.61819
0.61566
0.61753
0.61133
0.60506
0.59469
0.59554
0.58712
0.59317
0.58011
0.57905
0.57126
0.56339
0.54952
0.54951
0.54373
0.53694
0.53746
0.52905
0.5185
0.50581
0.51156
0.49455
0.48568
0.48188
0.47699
0.47211
0.46471
0.46497
0.45889
0.45494
0.45633
0.45849
0.45528
0.4649
0.45853
0.46562
0.44589
0.46133
0.46117
0.4644
0.46261
0.45656
0.46596
0.46196
0.45948
0.46102
0.46412
0.46471
0.46588
0.45679
0.45951
0.46409
0.46871
0.46384
0.46974
0.46005
0.45769
0.46192
0.46621
0.46541
0.45178
0.44688
0.45353
0.45315
0.44555
0.45568
0.44825
0.4414
0.44007
0.43953
0.43198
0.43643
0.43019
0.43845
0.4343
0.44564
0.44051
0.44612
0.44529
0.45214
0.45042
0.45633
0.45575
0.44804
0.45077
0.4543
0.45533
0.44711
0.44934
0.44377
0.44601
0.43942
0.45412
0.44848
0.45314
0.4493
0.45939
0.45565
0.46438
0.46168
0.46956
0.47741
0.48269
0.48687
0.48264
0.48063
0.48476
0.4879
0.48476
0.49616
0.49447
0.50269
0.49606
0.49633
0.49347
0.50596
0.49774
0.49371
0.49435
0.49272
0.47885
0.49077
0.47714
0.47846
0.48118
0.4821
0.46944
0.47086
0.46681
0.47976
0.47285
0.4766
0.48656
0.48922
0.48647
0.49025
0.4921
0.49373
0.49481
0.49832
0.499
0.49984
0.50243
0.50606
0.50637
0.51644
0.51829
0.52329
0.52762
0.53468
0.53544
0.52993
0.53497
0.53737
0.54008
0.5445
0.53364
0.54531
0.54236
0.54819
0.54973
0.54717
0.54748
0.54725
0.55401
0.54509
0.55579
0.55505
0.56564
0.55871
0.56271
0.57225
0.57206
0.5752
0.5749
0.57338
0.56372
0.57421
0.58236
0.58609
0.59146
0.58748
0.59483
0.58834
0.59234
0.59557
0.60623
0.60087
0.59588
0.5932
0.59108
0.59255
0.59857
0.59161
0.59078
0.59277
0.59507
0.58405
0.59087
0.58759
0.59003
0.58224
0.59774
0.59281
0.59174
0.58705
0.58411
0.58894
0.59143
0.59899
0.60314
0.58986
0.60114
0.59574
0.59803
0.59294
0.59463
0.5993
0.59639
0.59179
0.58976
0.59058
0.59588
0.58562
0.59153
0.59066
0.58228
0.58036
0.58349
0.57883
0.58525
0.57543
0.58009
0.58839
0.58668
0.59639
0.58826
0.60203
0.6017
0.59704
0.60779
0.59622
0.60157
0.59014
0.60342
0.59393
0.6056
0.60453
0.60671
0.59671
0.60355
0.59683
0.60239
0.60267
0.60882
0.61083
0.61728
0.61069
0.6145
0.61648
0.62198
0.6217
0.61715
0.60934
0.61157
0.61149
0.60987
0.60245
0.5993
0.59252
0.5894
0.58616
0.58116
0.59575
0.57982
0.58231
0.56271
0.55972
0.54659
0.54376
0.53663
0.52268
0.51263
0.51647
0.51192
0.51399
0.5081
0.49871
0.49599
0.48804
0.47868
0.47011
0.46918
0.46688
0.46655
0.4522
0.46162
0.45466
0.45492
0.45939
0.4605
0.46925
0.46746
0.46525
0.47282
0.46559
0.46529
0.45082
0.46511
0.46334
0.47358
0.46816
0.47193
0.46261
0.4635
0.45877
0.46585
0.4511
0.44267
0.44125
0.43173
0.42156
0.40108
0.39489
0.38808
0.36623
0.37427
0.3586
0.34395
0.34082
0.34278
0.32789
0.32285
0.31245
0.32404
0.31671
0.31012
0.31536
0.31707
0.32909
0.33357
0.33072
0.32137
0.31761
0.32034
0.32337
0.32788
0.31887
0.33357
0.33009
0.33392
0.32998
0.32738
0.32064
0.32345
0.3169
0.33218
0.32419
0.31373
0.32139
0.31058
0.31176
0.32524
0.32152
0.31926
0.31834
0.31359
0.31614
0.30669
0.30803
0.31503
0.31027
0.31146
0.30367
0.29872
0.29395
0.28964
0.29011
0.29373
0.28209
0.30226
0.285
0.29467
0.27972
0.28513
0.26436
0.28334
0.27126
0.27458
0.2579
0.27284
0.25685
0.27022
