0.278037
0.041031
0.046908
0.046994
0.039870
0.040102
0.047688
0.051773
0.050665
0.048769
0.037819
0.037803
0.037738
0.037958
0.037677
0.038206
0.038120
0.043465
0.038206
0.044373
0.051111
0.038058
0.038235
0.038190
0.042838
0.040319
0.040277
0.040458
0.046573
0.047240
0.046426
0.047439
0.047032
0.053352
0.054147
0.041251
0.049820
0.047159
0.047918
0.047286
0.068104
0.050849
0.049080
0.047679
0.047509
0.046940
0.053615
0.048331
0.047587
0.047911
0.048466
0.050236
0.055811
0.050135
0.042149
0.041979
0.041258
0.043298
0.047326
0.046848
0.070296
0.047163
0.046629
0.046583
0.048292
0.051117
0.047863
0.047327
0.050453
0.048669
0.049005
0.047102
0.054593
0.048804
0.048176
0.048497
0.049069
0.048779
0.050760
0.050801
0.066970
0.041744
0.047466
0.044405
0.047822
0.049353
0.048017
0.050089
0.050387
0.049029
0.049972
0.047268
0.044867
0.038123
0.046151
0.046470
0.046097
0.047044
0.046965
0.047214
0.065834
0.038813
0.047948
0.048495
0.045505
0.046448
0.044422
0.049037
0.047268
0.045095
0.046715
0.046700
0.048420
0.046977
0.048648
0.048171
0.046907
0.048742
0.046689
0.038551
0.058846
0.050788
0.040580
0.038005
0.040470
0.041257
0.041989
0.046797
0.046197
0.046292
0.041471
0.041785
0.041443
0.041107
0.041313
0.043012
0.048200
0.048168
0.046840
0.051947
0.063474
0.047761
0.041431
0.041966
0.041729
0.051399
0.052397
0.048485
0.048131
0.053059
0.047873
0.039424
0.048369
0.047836
0.055135
0.050096
0.047109
0.048718
0.048733
0.051680
0.072384
0.051399
0.051193
0.049566
0.052742
0.049955
0.056294
0.049374
0.051194
0.042915
0.043093
0.053572
0.052741
0.052636
0.050136
0.047742
0.048777
0.047398
0.050766
0.038759
0.059249
0.039006
0.039404
0.039525
0.040048
0.039891
0.040257
0.039896
0.039968
0.039963
0.040321
0.039835
0.040036
0.040374
0.039986
0.039965
0.040256
0.040111
0.040207
0.040054
0.060606
0.039215
0.039075
0.038362
0.038596
0.037913
0.037774
0.037737
0.037539
0.037342
0.037341
0.037075
0.037221
0.037207
0.037068
0.036780
0.036906
0.036916
0.036833
0.036821
0.056902
0.034189
0.036767
0.036958
0.036854
0.036836
0.036346
0.036459
0.036273
0.036248
0.035963
0.036061
0.036099
0.036233
0.036062
0.036150
0.036163
0.036604
0.036392
0.036153
0.056192
0.036169
0.036215
0.036182
0.036272
0.036268
0.036138
0.036232
0.036141
0.036127
0.036303
0.036247
0.036150
0.036168
0.036080
0.036260
0.036330
0.036054
0.036762
0.036877
0.057974
0.037713
0.037573
0.037966
0.037743
0.038147
0.038508
0.039085
0.039361
0.039504
0.039685
0.040346
0.040058
0.039304
0.037930
0.036696
0.036672
0.037193
0.037766
0.049075
0.038041
0.038286
0.048347
0.036865
0.036784
0.036802
0.047496
0.036651
0.037076
0.036958
0.036851
0.036572
0.036555
0.036564
0.036784
0.036587
0.036674
0.036411
0.036652
0.036838
0.056842
0.036536
0.036643
0.036480
0.036519
0.036582
0.036678
0.036281
0.036322
0.036230
0.036293
0.036441
0.036402
0.036456
0.036643
0.036395
0.036867
0.036314
0.036722
0.036806
0.067552
0.036330
0.036266
0.038420
0.045505
0.036440
0.035883
0.036052
0.044668
0.044162
0.045957
0.044572
0.037703
0.046766
0.044320
0.042442
0.053047
0.044106
0.038337
0.037780
0.057993
0.037750
0.037779
0.037994
0.037746
0.037373
0.038697
0.046646
0.049374
0.052840
0.045664
0.043049
0.041640
0.040550
0.047449
0.043257
0.045876
0.043221
0.045316
0.043129
0.063289
0.050030
0.043510
0.037696
0.037689
0.044206
0.041268
0.036721
0.035558
0.044940
0.044614
0.046213
0.048979
0.045087
0.044454
0.045789
0.045519
0.043517
0.044335
0.045086
0.063990
0.046887
0.044528
0.047129
0.044409
0.044792
0.045155
0.047016
0.044700
0.046499
0.045056
0.044816
0.047503
0.044047
0.036445
0.036699
0.036937
0.036896
0.036937
0.037064
0.056934
0.048894
0.044451
0.045767
0.047275
0.044990
0.045040
0.044450
0.040547
0.046150
0.044982
0.038430
0.037506
0.043839
0.047854
0.045184
0.046621
0.044166
0.044558
0.043650
0.066588
0.040261
0.043782
0.043314
0.036560
0.036117
0.036432
0.036633
0.036674
0.036505
0.036586
0.036406
0.035882
0.036027
0.046587
0.055214
0.035848
0.036579
0.036144
0.036284
0.056076
0.036858
0.036893
0.036665
0.036159
0.036249
0.036379
0.036654
0.038886
0.045702
0.043070
0.047113
0.049250
0.049141
0.049062
0.042480
0.048981
0.047593
0.047221
0.038684
0.071585
0.053857
0.042305
0.036039
0.045367
0.051637
0.046805
0.045995
0.043486
0.036318
0.035904
0.035476
0.051287
0.062804
0.064544
0.060854
0.061885
0.060554
0.050794
0.050478
0.067096
0.052561
0.041407
0.045814
0.050601
0.049706
0.040008
0.037337
0.036862
0.038933
0.041473
0.040431
0.049659
0.050829
0.043968
0.046981
0.053298
0.044564
0.041766
0.041063
0.061630
0.041631
0.041267
0.041126
0.040888
0.041445
0.043841
0.044509
0.044288
0.043490
0.037815
0.036788
0.036467
0.044533
0.037739
0.038132
0.038223
0.037643
0.037956
0.037967
0.057174
0.037263
0.037423
0.037039
0.037213
0.038828
0.039716
0.052081
0.041157
0.041081
0.040346
0.038968
0.039104
0.038342
0.039137
0.039226
0.039396
0.038832
0.039225
0.038962
0.060693
0.038840
0.039431
0.038877
0.038784
0.038500
0.038541
0.038369
0.038585
0.038408
0.038728
0.038671
0.038815
0.038544
0.039326
0.039594
0.043151
0.052481
0.050918
0.039441
0.061538
0.038858
0.039302
0.038874
0.039560
0.039598
0.039611
0.038970
0.039421
0.038893
0.039146
0.038527
0.038819
0.038470
0.038554
0.037760
0.037634
0.037384
0.037115
0.037357
0.060059
0.049454
0.049447
0.058985
0.036696
0.036871
0.043041
0.038586
0.045984
0.050696
0.055271
0.038049
0.046633
0.050637
0.050528
0.051691
0.050875
0.049817
0.047873
0.041057
0.064029
0.041900
0.041775
0.042081
0.041981
0.054324
0.041609
0.040935
0.041085
0.041040
0.038642
0.041022
0.041191
0.053123
0.047256
0.045427
0.048222
0.048515
0.047633
0.048710
0.072289
0.050069
0.048876
0.048826
0.048300
0.043452
0.042896
0.043083
0.043560
0.044398
0.041982
0.050473
0.048522
0.047724
0.050405
0.047636
0.047683
0.048117
0.046374
0.045107
0.073526
0.047868
0.049983
0.046090
0.047991
0.045600
0.050217
0.049029
0.050403
0.048749
0.038622
0.038635
0.039521
0.039792
0.039807
0.050243
0.048670
0.048832
0.049118
0.048776
0.074797
0.055598
0.041798
0.038547
0.043058
0.038591
0.038671
0.038361
0.038853
0.038575
0.038874
0.051073
0.047585
0.049023
0.038798
0.038153
0.038122
0.038152
0.046360
0.048688
0.069890
0.047137
0.047186
0.047040
0.047413
0.050505
0.042548
0.050545
0.047855
0.048681
0.049866
0.050047
0.048610
0.047830
0.050509
0.047177
0.041966
0.047456
0.040757
0.040061
0.061934
0.041291
0.040365
0.039167
0.039698
0.039019
0.039284
0.048203
0.049508
0.049456
0.050460
0.051109
0.049507
0.050145
0.052255
0.046056
0.051877
0.046601
0.042543
0.046828
0.068789
0.046737
0.047545
0.044053
0.036291
0.047447
0.036583
0.035825
0.036469
0.047995
0.046699
0.045714
0.045583
0.047012
0.044146
0.043882
0.046868
0.045523
0.044553
0.046547
0.068145
0.042144
0.045863
0.044542
0.044605
0.043527
0.044073
0.045358
0.043273
0.036322
0.036996
0.036191
0.037663
0.036032
0.036169
0.036102
0.036238
0.036432
0.036461
0.036246
0.058278
0.035995
0.036140
0.036561
0.036489
0.035960
0.035625
0.036020
0.043393
0.039465
0.036508
0.035958
0.035788
0.036080
0.036050
0.041482
0.036216
0.044829
0.045466
0.044466
0.063890
0.047264
0.045377
0.043683
0.045447
0.046776
0.049037
0.043928
0.038830
0.045152
0.048411
0.045196
0.045443
0.044735
0.043514
0.045619
0.044867
0.041492
0.044689
0.045687
0.067471
0.045016
0.044792
0.041255
0.046879
0.045217
0.045002
0.044930
0.045006
0.040792
0.036697
0.044439
0.044694
0.043975
0.048326
0.053066
0.038860
0.036179
0.036227
0.036308
0.058293
0.045408
0.049827
0.040328
0.036397
0.036021
0.036153
0.036148
0.035924
0.035742
0.036036
0.048002
0.038077
0.035476
0.035686
0.035885
0.046445
0.044440
0.051120
0.039750
0.059485
0.039386
0.045894
0.045990
0.044598
0.045681
0.043566
0.041276
0.044043
0.045720
0.043224
0.043710
0.043952
0.043653
0.045321
0.041817
0.043432
0.041231
0.046457
0.044317
0.067277
0.048666
0.044132
0.035877
0.035571
0.035573
0.035751
0.035843
0.036091
0.046512
0.037374
0.043783
0.043627
0.044080
0.036978
0.044144
0.044748
0.042273
0.045210
0.043348
0.060511
0.035648
0.035709
0.035726
0.035516
0.035498
0.035653
0.035692
0.035821
0.035980
0.035563
0.035559
0.035664
0.035622
0.035909
0.035988
0.035965
0.035969
0.036022
0.041555
0.068058
0.048422
0.043762
0.035949
0.035979
0.035722
0.035888
0.035779
0.044569
0.043820
0.044533
0.044282
0.043511
0.045077
0.044658
0.044249
0.039584
0.037242
0.036592
0.046632
0.067643
0.037301
0.044644
0.043442
0.046398
0.046381
0.039420
0.035927
0.036581
0.036782
0.036851
0.035940
0.035699
0.036286
