437	225	45	74
442	232	38	77
440	236	37	75
442	236	40	80
442	233	46	85
437	236	49	84
426	238	56	85
414	245	57	82
410	253	57	74
400	257	54	66
380	258	54	67
371	254	51	73
383	260	46	68
382	247	52	78
385	228	50	90
389	227	48	93
400	224	56	95
415	227	57	107
417	237	60	106
422	241	55	106
422	245	58	99
419	258	50	88
401	265	50	82
388	264	52	84
377	262	53	88
370	257	52	93
364	252	47	99
353	254	45	98
354	253	46	100
356	256	49	100
366	256	50	104
380	250	57	101
391	245	56	101
404	240	49	103
414	241	51	98
423	242	53	99
435	247	53	102
434	255	59	92
435	265	52	81
444	257	54	88
451	258	50	93
456	265	50	93
459	267	48	95
460	266	43	98
460	266	50	101
460	267	59	95
461	267	55	93
457	270	52	87
448	267	52	89
442	262	54	90
427	261	57	88
417	262	58	85
407	254	59	89
397	250	57	91
391	245	56	98
390	242	56	98
390	249	55	93
383	249	52	87
374	245	53	87
372	236	54	90
370	235	54	93
364	227	55	94
366	232	47	89
364	221	56	103
363	225	77	101
367	226	81	101
372	228	81	98
369	221	87	109
374	220	86	111
374	224	89	110
378	222	88	112
360	217	85	115
362	218	87	114
351	222	72	98
359	222	56	99
359	222	54	100
354	222	55	99
349	225	52	99
343	223	54	105
335	227	57	98
329	219	52	104
320	217	51	103
311	211	56	107
310	215	62	105
305	218	72	105
298	221	57	102
288	227	56	94
278	231	56	90
264	243	60	80
249	248	68	82
240	252	70	75
239	245	67	75
234	250	60	68
231	248	54	69
229	228	65	78
221	223	67	88
206	221	82	94
188	212	88	99
161	209	108	95
195	210	112	106
206	232	113	102
217	268	81	105
228	305	67	111
233	299	49	113
234	300	60	102
236	300	54	101
223	306	57	96
217	299	50	102
209	302	50	101
206	298	50	105
201	300	52	104
196	297	52	108
192	294	50	111
187	294	50	110
181	296	50	109
175	293	51	113
168	293	53	113
168	293	53	112
161	297	54	111
164	296	54	115
162	293	55	111
163	293	51	110
163	290	52	113
159	287	54	114
162	288	51	113
165	289	57	111
171	288	53	107
175	286	53	111
177	285	52	111
179	282	55	113
175	284	54	108
172	282	56	113
173	282	52	117
168	277	53	112
165	279	52	113
163	279	55	111
162	276	55	111
166	276	49	114
166	274	51	114
172	275	52	112
177	277	51	109
179	274	52	112
187	273	51	111
189	271	51	110
191	268	51	113
195	267	53	111
197	265	54	111
201	263	53	110
203	260	51	110
205	255	51	111
213	256	50	108
219	256	51	110
224	256	51	109
231	256	49	112
244	254	51	110
252	255	53	109
264	261	54	111
277	263	49	109
286	259	50	111
294	258	51	107
297	254	51	105
301	246	51	105
301	238	51	106
299	227	53	109
298	224	52	106
302	218	53	108
300	210	54	110
302	207	51	108
301	194	51	111
300	188	50	110
295	182	53	111
292	181	51	109
284	177	52	111
270	175	56	106
266	171	52	109
250	170	52	112
233	166	56	111
223	162	51	113
207	163	57	108
201	162	55	111
194	158	53	115
186	160	55	116
171	162	55	108
162	161	54	112
150	158	56	113
136	154	52	116
126	151	58	116
111	148	60	115
105	143	56	116
103	130	58	122
104	122	60	119
102	118	58	117
103	109	56	121
100	104	62	123
95	100	63	123
93	99	61	123
94	99	62	123
94	99	59	126
92	99	62	128
89	101	65	129
84	102	65	130
75	102	67	128
77	100	66	126
82	70	68	122
89	53	60	122
97	38	54	118
90	16	65	120
85	14	66	122
83	10	67	108
82	5	76	111
81	29	72	99
86	31	66	105
103	34	62	112
113	37	57	110
106	52	56	102
105	57	57	103
104	55	66	114
110	71	77	114
100	84	84	106
101	88	85	105
110	87	85	107
116	82	89	118
125	87	89	115
138	91	83	105
146	94	83	100
172	98	81	99
193	106	79	98
215	116	70	86
236	116	62	78
243	104	67	86
247	101	64	82
241	99	66	76
254	99	65	72
254	93	64	80
253	99	66	91
246	103	76	91
240	105	83	84
221	97	85	87
200	91	91	92
198	95	90	84
209	102	83	78
214	102	84	72
243	104	77	68
290	106	69	69
313	106	70	64
302	70	58	59
308	69	66	72
315	64	64	79
319	54	54	92
323	58	53	94
331	60	54	94
344	69	56	91
359	76	55	87
367	88	47	77
376	98	53	74
381	101	61	75
396	118	55	70
417	122	45	76
430	130	47	73
439	140	50	68
437	149	53	69
443	151	50	66
458	151	44	68
463	148	47	71
471	150	44	70
472	158	40	66
472	165	39	63
472	171	40	63
470	174	40	64
463	176	40	68
457	180	40	61
450	180	46	67
451	176	51	68
464	173	48	74
476	166	49	72
479	167	52	70
491	169	49	69
500	169	50	68
501	167	50	70
495	168	51	68
490	169	50	69
481	171	52	71
466	177	52	68
463	174	47	72
452	175	47	71
440	177	47	70
432	180	49	69
424	183	44	68
413	184	44	68
406	184	44	66
402	181	44	69
396	180	44	70
389	179	47	70
