1.00
0.59
0.91
0.97
0.47
1.14
0.26
1.14
1.12
1.13
0.78
0.92
0.28
0.41
0.25
0.83
1.06
0.28
0.87
0.57
1.13
1.04
0.50
1.15
0.80
1.13
1.13
0.41
1.14
0.87
1.14
1.13
1.09
1.16
1.14
1.14
0.62
1.11
0.31
0.99
0.50
0.24
1.13
1.12
0.38
0.34
0.80
1.09
1.15
1.12
0.31
0.66
1.13
0.95
0.94
0.30
1.04
1.13
1.13
0.26
1.14
0.73
0.73
0.40
1.11
0.92
1.11
1.03
0.46
0.95
1.13
0.59
0.74
0.60
0.78
1.06
0.33
0.44
0.42
0.87
0.69
0.40
1.07
0.42
1.08
1.08
0.27
0.34
0.56
1.10
1.07
1.08
1.07
1.08
1.07
1.08
1.06
0.23
0.92
0.31
0.33
0.28
0.89
0.41
0.68
0.89
1.06
0.77
1.07
0.51
0.38
0.66
1.06
1.09
0.96
0.75
0.86
0.38
0.88
0.85
0.42
1.07
1.02
0.90
0.92
1.05
1.07
1.06
1.05
1.05
1.08
1.05
0.29
1.04
0.39
1.05
1.05
1.06
0.85
1.07
1.03
1.09
0.95
1.07
0.38
1.07
1.07
1.08
0.79
0.36
0.99
1.04
1.07
0.96
0.68
1.06
0.28
0.84
1.05
0.43
1.06
1.08
0.52
1.08
1.08
1.08
0.44
1.03
1.08
1.01
1.09
1.10
0.39
0.18
1.08
0.37
1.06
1.10
1.13
0.43
0.87
1.16
0.99
1.17
0.36
1.14
0.73
1.00
0.95
1.21
1.18
0.65
0.49
1.20
0.71
1.20
0.59
1.20
0.98
0.55
0.30
0.92
1.15
0.70
1.16
0.22
1.16
0.43
1.05
1.14
1.15
1.17
1.15
1.15
0.36
0.68
1.18
1.16
0.58
0.24
0.27
1.14
0.97
0.95
0.54
0.74
1.04
0.95
0.98
0.46
0.44
0.28
0.99
0.94
0.48
0.71
0.76
1.01
1.13
0.94
1.03
0.60
0.70
1.16
0.20
1.15
1.03
1.03
1.13
0.35
1.12
0.25
0.31
1.13
0.23
1.14
0.70
1.09
1.10
0.89
1.06
0.89
0.58
0.39
1.02
1.02
0.36
1.10
0.77
0.63
1.01
1.00
1.13
0.40
0.39
1.12
0.98
0.77
1.11
1.06
1.12
1.10
1.12
1.05
0.20
0.33
1.05
1.09
1.08
1.09
0.29
0.97
0.40
0.99
1.09
0.27
0.97
1.00
0.38
0.77
1.00
0.99
0.97
0.83
0.37
0.74
0.26
0.38
0.93
0.94
0.24
0.95
0.40
0.96
0.54
0.96
0.52
0.98
0.59
0.39
0.55
0.18
1.03
1.00
1.00
0.79
0.71
0.83
0.97
0.83
0.43
0.74
0.29
0.61
0.34
0.29
0.47
0.87
0.84
0.12
0.74
0.86
0.86
0.84
0.80
0.77
0.75
0.74
0.77
0.75
0.75
0.75
0.75
0.76
0.72
0.75
0.72
0.78
0.76
0.76
0.75
0.93
0.90
0.91
0.89
0.92
0.89
0.86
0.93
0.89
0.90
0.91
0.90
0.89
0.91
0.88
0.87
0.84
0.87
0.88
0.86
0.98
1.02
0.99
1.02
1.01
0.96
0.99
0.90
0.98
0.98
0.98
1.00
1.01
0.98
1.03
1.02
1.02
1.03
1.05
1.03
1.09
1.12
1.11
1.10
1.08
1.12
1.07
1.11
1.12
1.12
1.14
1.12
1.12
1.13
1.13
0.95
1.08
1.08
1.11
1.09
0.54
0.94
1.09
1.09
1.06
1.07
1.06
1.09
0.89
1.08
1.10
1.10
1.09
0.82
1.08
1.08
0.97
0.49
0.55
0.37
0.73
1.08
0.95
0.43
0.84
0.57
1.10
1.07
1.02
1.08
0.93
0.29
0.82
0.97
1.11
0.28
0.33
1.04
0.79
1.08
1.09
0.33
1.06
0.89
0.25
1.09
0.83
0.47
1.09
1.10
0.48
0.89
0.38
0.92
0.22
0.86
0.50
0.84
1.11
1.09
1.09
0.56
0.88
1.11
1.03
1.08
0.89
0.46
1.05
0.60
1.07
0.96
0.28
0.54
1.03
0.95
1.03
1.02
1.01
0.35
0.85
0.44
1.08
1.08
1.05
0.55
0.92
0.32
1.04
0.83
1.05
0.46
0.93
1.04
0.88
0.49
1.01
1.00
0.71
0.62
0.98
0.73
0.83
0.27
0.28
0.41
0.93
0.45
0.84
0.87
0.20
0.79
0.82
0.79
0.33
0.78
0.79
0.86
0.33
0.86
0.99
0.98
0.96
0.39
0.93
0.72
0.46
0.97
0.92
0.77
1.00
0.98
0.84
0.32
0.96
0.93
0.67
0.89
0.91
0.88
0.43
1.02
0.43
1.01
0.56
0.97
0.96
0.99
0.90
0.98
0.93
0.70
0.92
0.69
0.93
0.94
0.92
0.88
0.90
0.90
0.93
0.92
0.90
0.43
0.93
0.91
0.91
0.88
0.86
0.79
0.68
0.83
0.80
0.83
0.80
0.80
0.78
0.79
0.79
0.82
0.95
0.94
0.98
0.98
1.00
1.00
1.01
1.06
1.05
1.05
0.42
1.02
1.04
1.03
1.08
1.07
1.04
1.04
0.41
1.01
1.07
1.10
1.12
1.11
1.10
1.12
0.96
1.17
1.15
1.17
1.19
1.18
1.20
1.11
1.19
1.24
1.19
1.22
1.19
1.22
1.13
1.15
1.12
1.18
1.13
1.15
1.09
1.17
1.19
1.09
1.20
1.21
0.95
1.20
1.22
1.22
0.43
1.20
1.23
1.21
1.11
1.18
1.18
1.17
1.15
0.73
1.20
1.15
0.96
1.16
1.18
1.15
1.17
1.14
1.10
1.08
1.10
1.08
0.46
1.06
1.04
1.03
1.02
1.02
1.03
0.84
0.82
1.03
0.84
1.04
1.03
1.05
0.99
1.01
0.99
0.99
0.97
0.72
0.84
1.00
0.33
0.26
0.96
0.68
0.93
0.73
0.97
0.55
0.20
0.94
0.88
0.62
0.89
0.90
0.92
0.65
0.89
0.29
0.91
0.71
0.57
0.73
0.51
0.31
0.94
0.92
0.81
0.67
0.32
0.35
0.93
0.93
0.87
0.30
0.58
0.74
0.20
0.25
0.37
0.88
0.86
0.69
0.89
0.55
0.28
0.36
0.28
0.90
0.91
0.92
0.61
0.92
0.43
0.96
0.77
0.69
0.72
0.97
0.62
0.77
0.67
0.87
0.47
1.05
0.98
1.07
0.30
0.98
1.05
0.48
1.04
0.79
1.06
0.41
1.03
0.97
0.53
0.96
0.57
0.42
0.38
0.93
0.95
0.63
0.74
0.37
0.71
0.67
0.96
0.95
0.65
0.40
1.01
0.95
0.87
1.06
0.92
0.24
1.04
0.23
1.09
0.97
0.70
0.65
1.07
0.63
0.84
1.13
1.09
0.32
0.47
0.27
0.80
1.01
0.66
0.80
0.29
0.20
0.55
1.12
1.03
1.04
0.85
0.95
0.97
0.13
0.79
0.94
0.68
1.01
0.33
0.57
0.36
0.80
0.36
0.95
0.51
0.39
0.25
0.67
1.12
0.36
0.48
0.64
0.84
0.99
0.44
0.46
0.73
0.75
1.01
0.25
1.01
0.34
0.95
0.95
1.01
1.02
0.96
0.42
0.94
0.34
0.30
0.87
0.93
0.90
0.32
0.77
0.34
0.81
0.69
0.79
0.37
0.64
0.31
0.60
0.55
0.62
0.64
0.57
0.62
0.56
0.53
0.59
0.50
0.56
0.58
0.39
0.51
0.57
0.60
0.55
0.63
0.57
0.56
0.67
0.63
0.43
0.58
0.52
0.80
0.85
0.74
0.66
0.65
0.71
0.67
0.71
0.68
0.66
0.57
0.15
0.65
0.61
0.58
0.52
0.47
0.46
0.45
0.43
0.62
0.53
0.46
0.47
0.34
0.31
0.20
0.11
0.03
0.12
0.14
0.12
0.10
0.12
0.13
0.13
0.16
0.14
0.10
0.08
0.31
0.37
0.38
0.36
0.34
0.34
0.33
0.39
0.38
0.32
0.27
0.25
0.38
0.40
0.36
0.38
0.52
0.51
0.50
0.52
0.70
0.74
0.67
0.74
0.72
0.70
0.74
0.62
0.67
0.72
0.74
0.77
0.75
0.73
0.74
0.79
0.72
0.76
0.73
0.73
0.80
0.83
0.84
0.80
0.80
0.81
0.80
0.82
0.88
0.88
0.86
0.83
0.83
0.83
0.85
0.83
0.83
0.83
0.79
0.88
0.92
0.92
0.91
0.94
0.93
0.98
0.94
0.93
0.95
0.95
0.96
0.95
0.96
0.95
0.90
0.88
0.92
0.87
0.87
0.86
1.00
1.02
1.02
1.04
1.04
1.02
1.00
0.99
0.97
0.98
1.00
0.99
0.99
0.99
1.03
1.10
0.99
0.96
0.98
0.97
1.01
0.98
1.06
1.02
1.01
1.04
1.07
1.02
1.06
1.06
1.03
1.03
1.04
1.05
1.10
1.06
1.08
1.04
0.99
1.09
1.10
1.03
1.13
1.10
1.06
1.12
1.08
1.12
1.12
1.08
1.10
1.07
1.07
1.06
1.05
1.09
1.05
1.08
1.10
1.07
1.04
1.07
1.05
1.11
1.02
1.06
1.05
1.04
1.02
1.02
1.05
0.99
0.92
0.97
1.03
1.06
1.01
1.04
1.06
1.07
1.10
1.11
1.13
1.07
1.06
1.11
1.07
1.07
1.07
1.04
1.08
1.13
1.10
1.09
1.08
1.10
1.12
1.06
1.09
1.10
1.08
1.12
1.09
1.12
1.09
1.07
1.09
1.08
1.11
1.03
1.07
1.11
1.07
1.09
1.05
1.02
1.03
1.05
0.56
0.35
0.95
1.11
1.09
1.12
1.12
1.09
1.09
1.10
1.08
1.11
1.11
1.12
1.09
1.06
1.04
1.11
1.12
1.09
1.18
1.14
1.11
1.11
1.11
1.06
1.12
1.13
1.09
1.15
1.08
1.12
1.15
1.11
1.12
1.14
1.11
1.13
1.20
1.11
1.13
1.11
1.07
1.10
1.14
1.10
1.12
1.10
1.14
1.09
1.10
1.08
1.13
1.13
1.05
1.11
1.07
1.12
1.13
1.12
1.12
1.07
1.07
1.01
0.63
0.27
0.97
1.10
1.13
1.11
1.09
1.09
1.13
1.14
1.10
1.12
1.13
1.12
1.09
1.04
1.12
1.13
1.11
1.12
1.12
1.12
1.07
1.14
1.11
1.15
1.06
1.11
1.14
1.12
1.12
1.11
1.12
1.13
1.12
1.15
1.11
1.12
1.16
1.09
1.13
1.12
1.12
1.15
1.14
1.17
1.16
1.15
1.09
1.07
1.11
1.10
1.06
1.13
1.13
1.16
1.16
1.11
1.13
1.15
1.15
1.15
1.09
1.10
1.09
1.12
1.14
1.16
1.11
1.19
1.08
1.17
1.16
1.15
1.16
1.13
1.14
1.14
1.16
1.08
1.14
1.13
1.09
1.15
1.09
1.13
1.11
1.14
1.12
1.11
1.10
1.11
1.11
1.13
1.16
1.12
1.14
1.11
1.10
1.10
1.11
1.12
1.10
1.14
1.09
1.11
1.15
1.12
1.13
1.18
1.06
1.14
1.09
1.14
1.12
1.15
1.08
1.16
1.16
1.12
1.14
1.07
1.05
1.14
1.11
1.12
1.14
1.09
1.09
1.14
1.12
1.15
1.15
1.10
1.14
1.10
1.04
1.09
1.07
1.14
1.07
1.08
1.12
1.13
1.14
1.12
1.13
1.12
1.13
1.10
1.14
1.09
1.14
1.09
1.14
1.13
1.14
1.10
1.10
1.13
1.12
1.14
1.11
1.12
1.13
1.08
1.16
1.05
1.13
1.03
1.13
1.12
1.11
1.07
1.15
1.14
1.12
1.11
1.09
1.05
1.11
1.10
1.09
1.12
1.11
1.10
1.14
1.04
1.08
1.13
1.08
1.04
1.13
1.11
1.10
1.11
1.10
1.13
1.09
1.12
1.15
1.12
1.10
1.12
1.11
1.15
1.11
1.15
1.12
1.14
1.13
1.06
1.13
1.10
1.14
1.13
1.13
1.12
1.11
1.14
1.12
1.13
1.08
1.12
1.13
1.08
1.13
1.12
1.12
1.13
1.12
1.09
1.18
1.13
1.13
1.15
1.11
1.11
1.11
1.13
1.12
1.12
1.20
1.09
1.15
1.13
1.16
1.12
1.12
1.09
1.12
1.16
1.14
1.13
1.10
1.14
1.11
1.09
1.14
1.09
1.14
1.10
1.09
1.16
1.12
1.12
1.11
1.10
1.14
1.12
1.11
1.14
1.10
1.06
1.08
1.11
1.09
1.05
1.10
1.11
1.11
1.10
1.10
1.15
1.10
1.13
1.11
1.08
1.09
1.09
1.08
1.13
1.10
1.08
1.09
1.14
1.13
1.09
1.11
1.03
0.95
0.92
0.33
0.77
0.93
0.37
1.01
1.11
1.10
1.05
1.13
1.13
1.12
1.11
1.11
1.11
1.15
1.14
1.10
1.11
1.12
1.13
1.11
1.14
1.04
1.15
1.13
1.10
1.09
1.00
1.07
0.71
0.72
0.44
1.02
1.12
1.14
1.12
1.17
1.14
1.14
1.11
1.10
1.15
1.16
1.13
1.12
1.16
1.16
1.15
1.18
1.12
1.11
1.10
1.11
1.13
1.11
1.11
1.10
1.15
1.09
1.12
1.06
1.08
1.11
0.99
1.12
1.17
1.08
1.08
1.09
1.12
1.14
1.18
1.16
1.18
1.11
1.11
1.06
0.55
0.24
0.99
1.10
1.11
1.13
1.11
1.09
1.12
1.10
1.11
1.05
1.14
1.08
1.08
1.14
1.17
1.12
1.12
1.12
1.09
1.13
1.12
