241	195	191	105
239	196	194	102
242	195	191	105
237	195	197	104
240	194	196	111
241	190	191	109
238	192	196	113
239	197	192	105
235	194	200	104
241	199	192	103
240	194	196	104
239	195	193	108
238	198	196	102
236	194	202	110
238	195	192	106
240	194	194	105
238	199	195	102
238	190	198	111
240	192	192	110
242	193	189	108
239	191	192	106
239	193	193	114
242	189	191	113
238	193	194	109
239	195	194	107
243	194	188	107
239	197	195	106
240	188	192	108
243	198	188	106
243	194	188	106
238	193	196	104
243	193	189	112
241	189	191	108
240	190	193	105
241	194	191	108
243	190	187	108
239	197	195	110
240	200	196	98
237	191	200	109
240	197	192	106
238	189	199	112
236	194	200	108
242	194	193	109
242	195	192	106
239	198	195	103
238	214	200	100
238	205	201	93
239	194	201	106
242	197	193	100
242	194	195	106
243	194	194	106
242	192	195	104
245	195	193	111
246	191	190	105
243	200	199	98
238	215	211	88
243	201	201	94
245	200	199	99
247	200	199	100
246	198	198	103
247	200	201	100
245	200	203	98
248	193	200	106
253	197	195	106
252	195	196	104
254	197	198	104
252	200	199	100
256	201	197	98
256	197	198	105
255	196	200	103
258	200	197	100
261	195	197	110
259	204	198	97
258	199	205	103
258	199	206	101
259	201	206	98
257	201	214	95
258	194	212	112
268	192	196	122
266	197	197	111
266	202	202	100
264	201	204	102
271	202	200	98
267	191	206	108
269	205	202	96
270	198	203	103
269	201	208	94
274	187	199	117
274	202	197	100
273	200	207	100
273	196	201	101
271	201	208	98
276	207	204	95
276	205	207	97
273	200	209	104
277	199	202	100
275	207	208	96
276	198	207	104
276	199	206	102
275	196	210	112
282	199	202	104
280	203	202	100
283	200	203	95
279	202	213	100
283	205	209	95
285	206	204	96
286	207	206	95
287	203	203	96
288	205	205	97
290	203	204	97
290	193	204	107
290	205	206	99
292	206	204	97
291	201	206	101
291	205	210	96
294	207	207	96
294	198	208	100
291	198	220	109
292	199	211	104
293	202	215	99
290	202	218	102
294	197	216	106
298	196	208	109
303	200	202	102
301	202	208	99
302	195	204	107
305	199	203	105
306	201	205	101
307	197	203	106
308	198	201	108
306	193	207	111
306	199	208	105
306	199	213	110
310	194	206	105
311	195	206	101
309	197	208	111
310	198	207	103
310	196	206	107
315	192	199	107
310	190	206	120
316	193	201	108
313	191	206	115
317	190	199	110
317	192	201	112
311	201	213	110
311	198	209	107
322	193	195	108
315	194	201	108
313	197	204	112
309	201	220	127
315	193	207	113
315	198	202	102
315	198	204	104
314	196	202	106
312	194	208	113
308	194	210	111
312	185	202	123
314	198	201	105
316	194	195	109
315	191	200	123
310	191	204	114
316	197	198	108
307	191	206	113
313	189	198	118
312	196	198	108
310	198	203	106
308	186	203	119
313	191	198	111
311	194	195	114
312	191	195	110
307	193	201	113
309	195	197	108
305	193	201	115
307	190	198	116
309	193	198	110
298	190	216	127
302	191	208	117
302	189	202	111
301	196	198	113
299	186	206	122
302	191	202	111
298	195	202	108
296	198	205	107
295	198	205	107
294	189	209	126
298	199	198	107
292	195	204	106
293	196	206	109
291	195	205	106
291	195	198	108
293	191	196	111
286	198	204	103
287	200	201	105
283	197	206	106
286	196	204	110
283	197	203	104
280	194	204	109
282	199	203	106
280	198	204	107
278	196	206	104
279	197	203	108
283	195	197	104
279	194	199	111
282	193	196	110
278	197	199	107
285	187	188	116
275	194	199	114
283	194	190	108
272	198	202	112
278	197	198	107
274	195	200	105
273	200	201	104
269	200	202	105
271	198	204	107
273	187	198	113
268	198	203	107
272	199	198	103
268	198	199	108
270	196	198	108
268	198	198	108
265	198	202	107
267	199	198	105
264	198	200	111
268	196	196	106
262	193	201	114
266	196	192	109
258	200	205	105
255	199	210	102
259	196	201	108
262	196	194	112
259	198	195	108
261	181	195	127
258	191	193	122
255	193	203	110
257	193	194	112
257	192	196	111
257	196	192	109
256	198	195	107
255	194	195	108
251	200	201	108
252	192	196	117
258	193	188	112
250	190	195	121
252	199	193	104
244	199	205	105
251	194	192	107
249	199	191	106
255	193	187	109
246	199	193	105
252	207	191	101
245	195	193	107
248	196	188	110
234	196	206	106
243	198	193	106
244	193	191	111
243	197	187	107
245	197	189	107
239	193	192	115
243	193	187	109
244	193	182	111
243	191	185	112
243	196	180	111
241	196	185	104
246	195	183	105
244	194	180	106
246	195	178	107
240	198	190	107
243	192	184	108
245	195	177	109
247	194	175	103
247	197	177	104
246	195	175	108
248	192	178	107
249	193	172	107
248	191	174	111
250	198	174	103
248	196	173	106
250	192	173	108
251	190	169	111
251	196	171	104
255	197	167	103
255	195	164	104
256	194	163	106
256	193	163	109
257	192	160	108
256	198	159	100
261	196	162	103
260	190	162	111
260	194	161	105
262	194	158	107
262	186	158	118
261	192	160	110
262	199	161	101
265	193	155	106
263	193	156	108
265	194	156	106
264	193	157	106
267	195	149	109
266	191	149	109
266	195	150	106
265	198	152	101
266	197	150	103
270	197	144	105
270	193	144	107
271	194	142	108
271	198	142	101
270	199	141	99
270	194	138	107
269	194	140	105
268	194	140	103
270	197	134	102
269	198	133	102
270	196	129	103
270	193	127	107
272	185	123	112
270	194	126	104
270	194	121	96
270	192	123	102
269	195	119	96
267	194	126	90
268	197	122	91
270	194	115	89
269	194	120	98
271	193	112	95
269	195	119	102
271	193	113	103
272	192	112	105
271	193	113	105
272	196	111	99
272	195	110	101
274	188	106	109
274	192	107	104
275	197	105	98
277	195	100	101
278	184	98	114
279	185	95	113
280	189	93	107
281	192	90	105
283	190	87	107
286	204	82	92
286	190	79	102
288	190	77	106
286	189	77	107
287	194	75	102
290	195	70	101
289	195	70	99
290	193	67	102
288	190	68	105
292	192	62	103
291	190	62	105
293	189	60	105
290	190	63	103
291	187	61	106
292	188	60	105
291	189	60	104
288	192	63	100
287	187	65	105
289	187	62	103
289	186	62	105
288	190	64	101
287	186	65	104
288	189	64	102
289	187	63	103
289	185	62	105
288	184	65	107
288	187	65	101
290	188	62	99
289	184	65	105
288	186	64	102
289	187	65	100
287	186	66	101
289	186	65	102
285	188	69	99
288	186	67	99
289	185	65	101
289	187	65	99
288	186	66	101
288	186	66	102
289	186	66	98
290	186	63	100
290	185	63	101
289	186	64	101
289	186	65	100
289	185	65	101
289	186	66	100
291	186	63	100
290	186	65	99
292	185	62	101
292	186	63	99
290	186	65	100
292	185	65	100
289	189	66	95
290	186	66	101
294	184	60	103
291	186	65	102
291	185	65	103
291	186	65	101
291	187	66	100
291	186	65	102
292	185	64	104
291	186	66	103
292	186	66	104
292	186	65	103
292	186	65	100
292	188	64	102
292	189	66	97
291	189	67	105
292	187	66	106
292	189	66	105
294	187	64	109
294	188	63	107
291	188	68	110
292	187	65	108
292	190	69	103
293	188	65	110
292	189	66	109
292	190	66	108
293	191	66	108
288	188	71	112
293	190	67	110
294	190	66	111
296	183	61	103
295	185	64	103
293	188	66	111
294	188	65	117
295	188	64	117
294	194	65	112
294	190	66	117
296	191	64	114
297	187	66	120
298	186	67	121
294	193	73	118
298	196	70	114
295	191	77	120
296	194	79	119
296	195	81	117
296	195	83	116
297	198	85	116
294	199	90	114
294	193	93	125
293	184	100	132
301	194	93	122
294	197	103	119
294	198	107	117
295	196	109	121
295	199	115	117
296	200	115	118
297	201	118	117
298	201	118	117
296	200	121	117
296	197	124	123
296	196	127	124
299	194	124	126
299	190	125	132
295	194	132	127
298	197	131	125
293	199	145	118
297	190	141	137
299	194	141	127
297	197	148	124
297	196	148	125
300	198	150	122
302	189	147	136
303	196	151	125
301	203	159	120
300	195	163	132
302	196	160	127
301	196	166	125
303	200	165	120
302	195	167	128
302	196	171	127
304	195	171	128
305	192	176	133
305	187	178	139
304	195	180	125
305	192	181	131
306	198	186	119
301	198	194	122
307	196	190	121
306	195	188	120
309	194	190	119
308	197	190	120
302	190	194	123
307	196	190	114
311	197	189	113
307	195	192	115
308	196	190	113
309	197	188	109
309	197	197	116
306	196	200	112
298	207	214	104
302	197	203	116
306	197	201	111
302	199	204	112
306	196	201	114
303	200	204	111
305	199	202	112
303	202	204	111
307	196	197	116
306	201	202	111
305	205	213	114
306	195	203	120
307	189	204	129
311	198	197	114
312	199	192	117
317	202	188	115
320	195	189	123
317	201	187	122
319	206	186	109
323	204	180	119
325	202	180	117
328	202	175	121
330	189	173	140
336	198	164	125
342	201	157	122
342	202	156	125
348	197	152	134
351	196	146	135
354	201	145	130
358	197	137	133
359	204	139	127
363	199	135	133
367	197	128	134
370	194	128	141
370	187	125	149
372	177	122	165
372	192	117	144
375	200	116	138
379	190	104	147
380	197	97	140
381	200	104	135
383	196	106	138
385	203	96	129
388	204	93	129
390	202	90	132
392	210	89	122
390	208	89	123
389	207	92	123
390	203	89	127
391	209	85	119
388	202	92	126
390	201	85	126
390	202	88	125
389	202	85	125
391	209	84	117
387	202	90	124
386	200	90	126
386	189	88	131
385	197	90	127
385	198	92	124
382	199	95	122
381	201	94	120
381	202	95	117
379	201	97	119
380	202	95	113
382	203	93	115
380	200	94	118
378	200	95	118
378	201	94	115
379	205	94	110
378	202	93	113
378	202	90	115
376	202	94	115
377	184	90	133
375	197	89	118
375	204	91	108
377	203	88	109
377	201	86	111
373	206	92	105
375	201	87	109
374	201	88	108
375	206	87	104
375	203	85	105
376	203	84	107
375	204	85	103
376	202	82	106
374	202	83	106
374	205	84	101
376	199	80	107
374	202	83	102
376	202	80	103
375	203	81	100
374	203	81	98
373	202	83	98
369	197	85	104
368	196	87	101
370	198	85	98
369	200	85	96
369	200	85	94
368	198	84	97
369	200	82	95
368	199	83	94
365	200	86	93
368	199	83	92
367	198	82	95
365	196	84	98
365	197	86	94
365	198	84	93
366	197	83	95
368	198	80	93
366	199	83	93
365	195	83	96
367	199	81	91
367	198	82	90
365	196	84	92
363	199	85	87
363	195	84	90
367	196	79	89
365	195	81	89
365	193	81	91
366	193	79	90
365	190	79	93
367	192	76	88
364	193	80	88
364	195	79	84
365	195	77	82
363	194	79	84
363	191	79	86
360	191	81	86
358	195	83	81
357	191	84	83
358	193	83	81
356	193	84	80
353	193	88	80
355	190	84	83
353	194	86	77
352	192	87	80
353	190	83	83
352	192	85	78
355	190	80	82
348	190	88	82
353	192	82	78
354	193	80	76
351	192	81	77
350	193	82	75
350	194	81	73
350	189	79	79
350	193	78	73
348	189	79	76
349	192	77	76
351	195	75	70
348	194	77	71
347	191	78	71
345	193	77	72
346	190	78	72
345	193	78	69
348	193	75	67
344	192	77	68
344	194	77	66
347	195	73	65
340	194	78	67
337	193	82	66
337	189	81	68
334	191	82	67
334	191	81	67
331	191	83	70
330	187	83	72
328	181	84	80
326	191	85	70
323	186	86	74
322	189	87	70
321	190	89	67
318	192	89	66
318	193	88	64
315	193	92	64
313	191	93	64
310	189	95	67
309	190	94	64
308	190	93	63
307	189	94	66
303	188	97	65
302	188	96	65
299	190	99	62
297	190	98	61
297	190	97	60
295	189	96	62
292	186	99	65
291	187	100	64
286	186	105	65
285	187	103	62
281	186	106	65
281	185	104	65
279	186	103	65
277	185	106	66
275	187	105	64
273	189	106	61
270	186	108	64
268	188	108	62
267	185	108	66
266	186	108	64
262	187	111	65
260	187	112	64
257	189	114	62
259	186	108	65
258	188	108	65
256	187	109	64
251	188	113	63
251	186	113	62
247	189	114	63
245	187	116	64
242	189	116	64
244	187	112	69
242	187	111	64
240	186	111	69
236	184	115	64
237	191	114	65
236	190	112	62
233	188	114	60
230	190	118	63
239	186	105	65
229	190	113	61
229	192	114	58
225	191	116	60
225	190	113	63
222	188	114	66
219	190	117	69
219	188	113	65
216	190	115	69
213	188	120	76
210	185	119	75
212	189	116	75
208	187	119	71
210	192	114	69
207	189	115	70
205	191	118	72
204	186	116	75
201	183	118	80
192	188	128	77
190	187	128	76
186	189	129	76
190	181	122	90
189	188	123	78
189	188	120	78
189	189	120	80
188	189	120	76
189	189	120	79
187	189	117	79
201	196	116	86
188	184	115	86
196	182	111	88
186	190	118	79
184	186	119	83
184	190	119	82
183	187	118	85
185	190	115	83
181	187	118	88
183	189	118	85
182	191	118	84
184	190	115	86
182	190	118	86
183	191	115	84
182	189	115	89
180	188	120	92
180	195	118	83
181	191	116	90
182	190	112	93
180	191	116	94
182	189	112	95
181	192	116	95
181	185	114	102
182	189	113	101
182	188	113	100
183	191	111	98
183	191	111	98
181	190	113	101
181	188	115	105
182	192	115	103
182	192	116	103
182	192	117	105
182	188	116	110
184	185	113	116
184	185	113	118
186	188	111	116
186	189	113	114
184	184	116	124
186	187	111	122
185	189	114	120
186	188	112	122
188	186	110	125
186	184	111	128
187	186	109	129
184	182	116	134
183	183	115	136
181	181	119	138
181	179	117	144
179	184	121	137
176	182	127	142
176	186	129	138
180	186	118	136
180	186	117	139
180	183	118	145
178	183	120	143
186	188	128	142
180	182	124	145
181	187	121	144
194	189	124	138
183	182	122	146
181	182	124	150
201	187	122	149
183	179	128	157
210	181	118	152
179	184	136	152
230	196	96	143
233	198	86	140
234	193	93	146
234	196	96	144
234	190	97	151
230	191	106	150
228	194	110	150
223	194	119	150
211	190	135	156
230	190	124	155
215	196	137	146
189	184	160	162
186	183	169	163
180	181	180	167
182	176	182	174
205	191	188	153
180	183	183	174
212	181	154	174
204	190	163	161
187	191	187	161
181	190	201	160
177	188	214	166
178	187	219	163
178	188	224	163
176	183	226	166
185	193	219	153
182	193	231	151
182	192	235	150
180	196	237	149
199	200	225	142
211	196	211	152
191	195	237	152
201	202	234	140
190	187	246	160
222	197	221	148
240	214	204	127
236	230	220	112
252	238	213	114
238	215	217	128
257	210	204	137
261	198	202	150
261	211	203	134
267	222	203	127
271	209	190	136
271	215	204	130
270	211	198	134
275	220	225	131
276	215	224	134
278	223	231	127
278	212	229	140
281	219	237	133
280	221	249	128
275	236	272	114
282	226	260	124
281	229	261	120
281	220	263	132
290	226	255	129
287	226	265	128
288	232	273	119
290	225	268	128
290	238	286	114
297	219	277	143
303	222	251	132
299	225	271	133
304	216	265	143
306	234	265	120
309	221	257	132
311	229	265	127
312	224	274	128
314	225	274	125
315	218	288	134
323	224	279	127
324	221	285	131
326	231	278	124
330	232	296	124
332	220	298	139
315	222	297	138
335	231	309	128
306	227	323	130
337	214	311	146
336	226	312	133
313	224	314	133
344	221	297	138
310	220	275	131
347	233	220	122
356	237	200	122
343	227	181	130
364	232	195	128
367	234	193	128
369	237	193	119
370	242	197	116
376	236	184	123
378	236	180	122
381	243	199	118
384	247	209	110
384	245	221	117
388	245	237	114
383	250	217	107
396	246	210	113
397	247	199	109
403	248	173	109
406	254	170	106
408	257	168	106
412	257	172	104
415	257	176	101
419	260	198	98
425	269	180	91
427	274	180	86
431	274	190	85
433	279	201	81
436	285	202	81
446	286	187	74
452	286	186	73
458	293	177	68
465	295	177	66
467	298	174	63
475	300	169	62
482	301	156	61
489	303	152	55
494	307	143	54
499	310	140	52
504	312	134	53
513	313	127	52
523	315	117	48
541	321	98	42
558	324	83	37
460	274	84	50
470	273	84	56
529	292	82	64
528	289	89	68
531	293	77	65
531	290	72	67
529	292	74	64
531	290	71	64
464	270	78	74
528	289	79	69
530	294	74	62
527	295	61	57
471	276	71	62
529	287	75	69
528	291	80	64
530	295	76	61
531	294	75	61
534	291	68	64
528	284	80	75
530	291	75	67
531	288	72	69
534	292	56	62
535	291	51	63
538	291	46	62
491	266	48	58
538	295	49	57
539	295	44	57
539	293	44	60
540	294	44	58
540	294	43	58
541	294	44	56
539	294	46	57
539	294	46	58
538	293	46	60
539	294	44	58
540	294	45	57
540	293	44	60
541	294	43	57
540	293	45	58
543	294	40	56
540	293	42	60
538	293	47	59
537	293	48	59
537	293	48	60
536	292	49	60
539	292	45	61
537	292	47	61
540	293	46	60
539	293	45	60
537	292	48	61
541	293	43	59
539	293	45	59
539	295	47	57
538	295	48	56
537	293	48	60
538	294	47	57
539	293	46	58
538	292	47	60
538	294	46	58
536	293	50	58
535	292	51	61
534	292	53	60
532	289	55	65
538	292	45	62
537	293	48	60
539	293	46	61
538	293	48	59
537	294	49	58
538	293	47	59
539	294	49	58
537	292	46	61
536	292	51	61
537	289	45	65
536	291	51	62
536	293	49	60
535	293	51	59
535	293	52	58
534	291	52	62
534	290	53	63
535	291	48	62
535	291	51	62
536	291	50	61
534	290	52	64
534	292	51	60
535	293	52	59
537	293	50	59
537	293	49	57
537	294	49	58
537	293	48	61
536	294	49	57
540	295	47	56
540	295	46	56
537	293	48	59
537	294	49	58
536	294	51	58
536	292	50	60
536	292	49	60
537	293	49	59
537	294	48	57
539	294	45	59
539	294	47	58
539	293	45	59
537	295	50	56
539	293	45	58
539	294	46	58
538	293	47	59
537	292	50	60
536	293	50	60
537	294	47	58
541	294	44	57
540	294	45	57
538	294	47	58
540	294	46	58
539	293	45	59
537	292	48	62
536	294	49	57
540	293	46	58
536	294	49	58
539	293	46	60
539	292	45	62
537	292	48	62
536	292	50	60
536	294	49	58
537	293	49	59
538	293	49	60
536	291	48	63
535	293	53	59
534	293	53	57
534	290	55	62
534	289	50	66
532	290	54	65
535	291	50	62
534	291	53	62
532	291	54	63
535	292	52	61
534	292	50	62
535	293	50	60
534	291	52	62
534	290	50	64
534	291	52	63
535	289	51	65
535	292	50	60
537	291	52	61
537	292	47	61
537	292	48	60
537	292	49	60
540	293	46	58
537	292	48	61
535	292	51	60
536	293	49	59
536	293	51	59
537	292	47	61
537	292	48	60
538	292	48	61
535	294	52	59
534	291	55	61
533	291	51	64
535	292	50	61
539	293	47	59
541	294	44	59
540	292	43	60
539	293	45	58
538	293	47	59
541	295	43	55
542	295	43	55
541	293	41	59
539	294	44	58
538	294	49	57
541	294	43	58
538	293	48	58
537	293	48	58
537	295	51	56
536	293	52	59
537	293	47	60
536	293	51	60
537	294	48	57
541	295	45	56
537	293	47	58
539	294	47	57
537	294	48	57
537	295	50	57
538	293	46	58
539	293	45	60
536	291	51	61
533	289	55	64
535	293	51	60
536	290	49	63
537	291	48	62
537	294	49	56
538	294	46	58
539	294	47	57
538	294	48	59
537	293	49	60
535	291	51	61
536	292	49	60
539	292	46	60
536	292	48	61
537	293	49	58
537	294	49	58
538	293	47	58
539	295	47	56
540	294	43	57
541	293	45	58
537	294	47	57
538	293	46	58
538	294	49	58
539	294	45	58
540	295	44	56
540	295	45	56
539	294	45	58
545	295	38	56
550	295	31	56
537	290	41	60
539	292	44	61
539	295	46	57
536	293	50	59
538	291	45	62
539	294	45	59
541	293	43	59
538	292	47	60
537	293	47	59
536	294	51	58
535	293	53	58
536	292	48	60
539	294	47	58
540	294	44	59
542	294	42	57
539	293	47	59
538	292	47	62
536	290	48	64
535	291	51	62
536	290	47	65
535	291	51	62
534	291	51	63
532	291	56	63
532	292	52	63
534	292	53	62
538	292	47	60
540	294	46	59
539	294	45	58
541	295	45	55
537	293	49	59
538	292	49	61
538	292	45	61
538	292	48	60
538	293	47	60
537	293	47	59
536	291	49	61
536	291	50	61
534	293	52	59
538	293	48	59
538	294	46	58
542	295	43	56
540	294	44	57
538	293	47	59
539	294	47	58
539	294	45	59
539	294	46	57
538	293	46	58
538	294	48	57
538	294	48	57
540	293	42	59
539	292	45	60
542	294	43	58
542	295	41	57
540	294	44	58
542	295	43	56
538	294	47	57
537	293	47	60
538	292	47	61
538	294	48	57
538	295	48	57
539	294	45	58
545	294	38	58
545	294	38	57
550	295	34	56
538	292	39	60
539	292	45	60
540	294	46	58
538	294	46	58
539	294	45	58
541	295	44	56
538	294	48	57
536	292	50	61
535	291	50	63
537	290	47	64
535	289	50	64
537	292	49	61
539	293	44	61
542	293	40	59
541	295	44	57
537	293	48	58
538	294	46	57
537	294	48	59
537	291	46	63
539	291	46	63
537	292	48	61
538	293	48	59
539	293	48	60
537	293	47	59
538	292	47	60
539	294	45	57
539	294	46	58
539	295	47	57
540	293	43	59
539	295	47	55
542	294	43	57
538	295	48	56
537	293	48	60
537	292	47	61
538	292	47	61
539	295	47	56
540	294	45	58
537	294	48	58
537	292	48	61
539	294	45	57
540	294	44	57
539	294	47	57
537	293	48	58
535	293	51	58
534	292	52	60
536	292	51	60
534	292	51	61
533	290	55	64
534	290	52	65
534	290	50	64
534	291	52	63
536	292	48	62
536	291	50	61
537	291	49	62
535	292	50	62
534	290	50	63
540	292	42	61
539	291	45	63
538	292	48	61
536	292	50	61
532	291	56	62
534	289	51	66
534	292	51	62
536	292	51	61
537	292	48	60
537	292	49	59
536	292	47	61
535	292	51	60
535	292	50	62
538	292	48	60
535	293	53	58
534	292	53	60
535	292	52	61
535	291	51	63
536	291	50	63
534	290	52	63
537	291	48	62
539	294	45	58
537	293	48	59
537	293	50	59
536	293	47	59
536	291	50	61
533	291	53	62
535	291	50	63
536	293	50	59
537	291	47	63
535	291	52	62
538	293	47	60
539	294	46	57
540	294	43	58
539	294	47	58
538	294	46	59
540	294	45	57
539	295	47	56
537	294	48	58
537	292	49	60
539	292	46	61
539	293	47	60
536	293	48	59
540	293	44	60
539	294	46	58
541	293	44	59
539	294	45	58
539	295	46	57
539	293	46	58
538	293	47	59
537	293	49	60
536	291	50	63
533	290	53	63
535	292	53	61
534	291	51	62
536	291	50	63
535	291	52	62
536	289	49	66
538	292	45	61
538	291	47	62
538	293	47	59
540	294	45	58
535	292	51	60
534	292	52	62
531	291	56	62
535	291	52	64
538	292	46	61
537	292	48	61
537	291	49	62
540	292	43	61
537	293	49	59
537	292	49	60
537	293	49	59
537	294	48	58
535	293	52	58
537	293	48	60
536	293	50	59
539	294	45	57
539	293	45	59
539	294	47	58
540	294	44	59
540	294	45	58
540	293	43	59
538	292	46	61
537	293	47	60
537	294	50	58
536	293	49	60
534	290	51	64
538	291	48	62
537	291	46	63
541	293	45	59
538	293	47	60
537	295	47	57
540	295	44	55
538	292	46	61
541	293	41	61
536	295	50	56
536	295	51	56
538	294	48	58
539	293	45	59
539	293	47	59
536	291	50	63
536	293	48	59
539	293	46	60
539	294	46	57
536	292	49	60
536	292	49	60
538	293	47	59
537	293	50	60
541	295	42	57
539	293	46	59
542	295	41	56
540	293	43	59
536	293	48	59
538	294	48	57
540	294	44	58
538	292	47	62
538	294	47	57
538	294	47	58
538	294	46	58
541	294	44	57
540	295	43	56
538	292	46	60
538	294	47	57
539	295	47	56
538	293	46	59
538	293	48	58
536	292	49	61
536	290	49	64
534	292	53	61
535	291	48	64
536	293	50	60
535	290	50	63
533	290	53	65
538	292	47	60
537	292	47	61
539	294	47	57
541	294	43	58
539	293	46	59
539	293	44	58
538	293	48	59
536	294	51	57
537	293	48	58
539	293	47	59
539	293	44	60
539	293	44	60
538	292	48	61
536	294	51	57
539	294	45	59
539	293	45	60
537	293	48	59
537	294	50	59
536	295	49	57
537	294	47	58
539	292	46	61
536	292	48	61
537	292	49	60
536	293	49	59
535	291	49	61
537	292	47	60
537	293	48	60
541	292	43	60
539	293	46	59
536	294	49	57
534	291	53	61
538	292	46	61
537	293	46	60
536	295	48	56
539	292	45	60
537	294	49	58
538	293	48	58
537	293	48	58
539	294	46	59
539	294	45	58
537	293	48	60
538	293	47	59
536	290	48	63
536	293	51	58
538	293	47	59
538	293	47	58
540	294	45	58
541	292	42	62
542	292	42	61
538	292	46	60
537	292	49	61
535	291	51	61
536	292	49	60
537	292	48	61
539	294	48	57
538	295	46	56
541	293	43	59
540	295	45	57
539	293	45	59
536	293	50	59
536	292	48	61
539	293	46	59
541	293	42	59
539	294	47	57
538	294	47	57
540	294	43	57
539	292	45	60
540	294	44	59
539	294	46	58
537	293	48	59
534	293	52	58
536	292	49	61
535	291	49	62
538	292	47	61
539	293	46	58
539	293	46	59
538	293	47	59
538	293	47	59
539	293	46	60
538	292	46	59
537	292	49	60
537	293	48	59
539	293	45	60
539	293	46	59
539	293	46	59
539	294	45	58
541	293	43	59
539	292	44	60
542	292	40	60
541	293	44	59
538	293	47	59
536	292	50	62
536	291	47	62
539	291	47	61
540	292	44	60
539	294	46	58
538	293	47	59
537	293	49	60
537	293	47	58
540	294	46	58
540	294	45	58
540	294	44	59
538	293	46	60
537	292	49	60
537	293	48	59
539	290	46	63
540	294	44	59
543	294	40	56
545	295	39	56
547	294	38	57
550	294	33	57
547	291	36	56
544	293	37	57
550	296	34	55
535	289	42	63
539	291	43	62
544	293	39	59
544	293	39	59
540	293	44	59
540	294	45	57
540	294	44	57
539	293	45	58
540	294	44	58
539	293	46	59
541	294	44	58
538	292	46	61
539	293	48	59
538	293	46	59
538	293	47	60
537	291	50	62
535	291	48	62
539	293	47	59
543	294	40	58
539	293	47	60
540	292	43	61
538	294	47	58
542	294	42	58
544	294	38	58
544	294	41	58
545	295	38	57
547	295	38	56
549	294	35	58
539	294	41	56
537	293	49	59
535	292	52	59
536	293	50	59
538	293	47	58
539	293	45	59
542	294	43	58
538	291	45	62
538	292	47	61
538	294	47	58
538	294	48	57
540	294	43	58
537	294	48	57
539	293	46	58
540	294	44	58
537	292	47	60
537	293	47	60
536	293	48	60
538	293	47	59
539	293	47	60
541	292	41	61
538	291	45	62
538	292	46	60
538	293	48	59
539	293	44	58
542	292	42	61
544	293	39	59
542	293	41	59
543	294	40	57
540	293	42	59
543	292	41	61
545	294	38	57
542	294	43	59
538	294	48	58
542	296	41	55
543	294	42	57
539	292	45	61
538	293	49	60
536	293	49	58
539	293	46	60
539	294	45	57
540	293	44	59
539	292	44	61
544	293	42	58
542	293	39	59
546	294	37	57
551	295	31	57
539	289	38	60
541	293	41	58
539	292	45	61
539	293	46	58
539	294	47	58
539	294	45	59
538	293	45	59
537	291	48	62
535	292	52	61
534	290	50	64
538	292	48	61
539	294	44	58
540	294	44	58
540	293	44	59
540	292	45	60
540	293	43	60
538	291	46	62
537	293	49	60
537	293	48	59
540	293	45	59
540	293	45	60
542	294	40	59
