1.00
1.02
1.04
0.96
0.97
1.01
0.98
0.97
0.92
0.97
0.95
0.90
0.90
0.88
0.83
0.82
0.78
0.75
0.73
0.71
0.73
0.67
0.52
0.73
0.79
0.88
0.90
0.87
0.70
0.81
0.74
0.70
0.66
0.65
0.69
0.76
0.70
0.77
0.74
0.74
0.72
0.80
0.76
0.76
0.75
0.76
0.72
0.76
0.72
0.75
0.68
0.69
0.69
0.71
0.65
0.73
0.84
0.84
0.86
0.82
0.82
0.85
0.84
0.83
0.82
0.81
0.80
0.73
0.73
0.69
0.42
0.52
0.80
0.80
0.82
0.79
0.70
0.72
0.75
0.74
0.76
0.83
0.82
0.83
0.80
0.81
0.79
0.66
0.43
0.64
0.69
0.73
0.73
0.75
0.74
0.73
0.71
0.70
0.69
0.46
0.47
0.78
0.65
0.79
0.68
0.80
0.77
0.78
0.74
0.75
0.70
0.76
0.73
0.79
0.77
0.78
0.80
0.79
0.81
0.79
0.71
0.84
0.85
0.62
0.90
0.75
0.79
0.63
0.76
0.77
0.76
0.71
0.80
0.76
0.81
0.78
0.90
0.89
0.81
0.78
0.84
0.77
0.81
0.81
0.77
0.72
0.60
0.72
0.51
0.67
0.54
0.64
0.60
0.61
0.59
0.58
0.58
0.54
0.53
0.54
0.51
0.63
0.59
0.53
0.43
0.43
0.39
0.36
0.36
0.37
0.35
0.32
0.30
0.28
0.34
0.37
0.39
0.37
0.39
0.34
0.34
0.57
0.56
0.55
0.55
0.58
0.57
0.54
0.56
0.61
0.61
0.65
0.65
0.65
0.51
0.66
0.72
0.71
0.75
0.71
0.71
0.79
0.81
0.83
0.79
0.81
0.83
0.83
0.86
0.87
0.84
0.85
0.86
0.90
0.89
0.90
0.90
0.93
0.91
0.90
0.90
0.99
0.96
0.95
0.94
0.95
0.93
0.92
0.92
0.95
0.91
0.97
0.97
0.99
0.97
0.96
0.95
0.96
0.98
0.97
0.93
0.94
0.95
1.01
1.02
0.97
1.01
1.01
0.99
0.99
1.03
1.03
1.00
0.96
0.98
0.97
0.99
1.00
1.01
1.00
1.00
0.98
0.97
0.97
0.98
0.97
0.96
0.93
1.00
0.98
0.97
0.98
0.86
0.99
0.96
0.99
0.87
0.96
0.97
0.91
0.95
0.92
0.95
0.94
0.93
0.83
0.89
0.90
0.87
0.89
0.84
0.84
0.88
0.89
0.91
0.89
0.91
0.85
0.83
0.81
0.83
0.80
0.77
0.74
0.79
0.76
0.65
0.61
0.59
0.55
0.55
0.58
0.59
0.61
0.64
0.66
0.67
0.66
0.65
0.70
0.61
0.70
0.70
0.68
0.65
0.68
0.68
0.67
0.64
0.61
0.62
0.57
0.56
0.56
0.56
0.54
0.50
0.52
0.50
0.45
0.40
0.55
0.53
0.52
0.48
0.49
0.49
0.52
0.57
0.53
0.55
0.57
0.58
0.57
0.57
0.60
0.62
0.60
0.62
0.64
0.64
0.90
0.91
0.92
0.94
0.91
0.93
0.95
0.97
0.95
0.94
0.97
0.96
0.97
0.96
0.97
0.98
0.94
0.93
0.92
0.95
0.92
0.91
0.92
0.91
0.98
0.96
0.98
0.99
0.92
0.96
0.93
0.93
0.92
0.90
0.92
0.93
0.92
0.91
0.87
0.90
0.86
0.81
0.80
0.80
0.81
0.79
0.77
0.76
0.78
0.94
0.95
0.94
0.90
0.90
0.63
0.82
0.89
0.90
0.85
0.89
0.87
0.88
0.82
0.80
0.75
0.73
0.73
0.73
0.72
0.74
0.76
0.68
0.72
0.70
0.69
0.72
0.73
0.68
0.64
0.64
0.74
0.77
0.79
0.79
0.75
0.69
0.66
0.72
0.66
0.51
0.62
0.61
0.65
0.62
0.59
0.60
0.54
0.57
0.50
0.54
0.76
0.72
0.76
0.76
0.78
0.77
0.77
0.74
0.68
0.71
0.74
0.74
0.73
0.73
0.64
0.62
0.71
0.68
0.66
0.64
0.75
0.72
0.71
0.70
0.74
0.62
0.62
0.63
0.67
0.64
0.63
0.51
0.49
0.47
0.45
0.45
0.51
0.51
0.51
0.44
0.53
0.61
0.54
0.57
0.55
0.61
0.52
0.53
0.51
0.56
0.59
0.52
0.48
0.53
0.57
0.64
0.65
0.64
0.66
0.65
0.90
0.84
0.88
0.84
0.88
0.84
0.85
0.81
0.82
0.68
0.73
0.74
0.61
0.67
0.51
0.46
0.48
0.51
0.52
0.55
0.62
0.65
0.73
0.74
0.74
0.71
0.71
0.68
0.65
0.62
0.60
0.56
0.59
0.60
0.57
0.49
0.48
0.54
0.45
0.35
0.45
0.39
0.48
0.42
0.47
0.47
0.37
0.39
0.46
0.45
0.44
0.45
0.33
0.28
0.31
0.30
0.32
0.29
0.31
0.30
0.30
0.37
0.40
0.43
0.43
0.47
0.45
0.43
0.44
0.44
0.45
0.46
0.46
0.44
0.45
0.46
0.46
0.44
0.52
0.49
0.61
0.56
0.53
0.57
0.59
0.59
0.65
0.69
0.66
0.65
0.70
0.67
0.67
0.68
0.63
0.61
0.62
0.64
0.61
0.63
0.67
0.67
0.67
0.67
0.67
0.69
0.64
0.63
0.63
0.64
0.65
0.64
0.63
0.65
0.62
0.58
0.56
0.52
0.55
0.54
0.62
0.64
0.69
0.75
0.74
0.77
0.77
0.79
0.81
0.80
0.80
0.82
0.75
0.81
0.78
0.79
0.81
0.83
0.90
0.88
1.01
1.01
0.98
1.02
1.00
1.00
0.97
0.95
0.94
0.95
0.94
0.95
0.92
0.92
0.96
0.99
0.94
0.94
0.98
0.97
1.03
0.95
1.03
1.01
1.00
0.97
0.97
0.98
1.01
0.97
0.95
0.95
0.93
0.92
0.94
0.95
0.98
0.97
0.96
0.96
1.00
1.00
1.01
0.94
0.98
0.99
0.99
0.98
0.97
0.95
0.92
0.99
0.92
0.90
0.82
0.86
0.87
0.93
0.83
0.90
0.85
0.91
0.94
0.93
0.94
0.96
0.90
1.06
0.94
1.03
1.00
0.98
0.86
1.02
1.01
0.95
0.96
0.89
0.88
0.86
0.89
0.94
0.89
0.88
0.85
0.85
0.77
0.75
0.85
0.82
0.79
0.79
0.82
0.79
0.80
0.80
0.77
0.76
0.73
0.75
0.81
0.78
0.83
0.77
0.79
0.76
0.77
0.76
0.77
0.76
0.75
0.74
0.74
0.73
0.75
0.76
0.78
0.71
0.48
0.54
0.83
0.80
0.77
0.74
0.68
0.67
0.63
0.61
0.68
0.69
0.72
0.67
0.68
0.67
0.71
0.61
0.59
0.60
0.70
0.68
0.77
0.66
0.60
0.66
0.67
0.68
0.67
0.65
0.64
0.63
0.63
0.43
0.57
0.59
0.60
0.57
0.62
0.64
0.61
0.57
0.71
0.70
0.68
0.65
0.59
0.58
0.56
0.63
0.59
0.60
0.61
0.57
0.58
0.54
0.54
0.57
0.52
0.55
0.60
0.54
0.74
0.75
0.71
0.69
0.74
0.72
0.72
0.70
0.68
0.69
0.70
0.69
0.62
0.68
0.67
0.63
0.61
0.63
0.65
0.61
0.73
0.69
0.72
0.72
0.69
0.68
0.61
0.65
0.57
0.61
0.59
0.58
0.57
0.43
0.47
0.49
0.52
0.51
0.46
0.55
0.50
0.71
0.69
0.68
0.71
0.67
0.59
0.61
0.62
0.61
0.61
0.44
0.64
0.66
0.53
0.62
0.68
0.54
0.57
0.60
0.64
0.62
0.62
0.61
0.62
0.64
0.64
0.62
0.69
0.65
0.72
0.65
0.70
0.67
0.68
0.67
0.59
0.61
0.58
0.58
0.77
0.79
0.77
0.75
0.78
0.76
0.75
0.72
0.84
0.84
0.86
0.86
0.84
0.87
0.83
0.82
0.82
0.83
0.84
0.83
0.91
0.88
0.86
0.77
0.69
0.71
0.69
0.72
0.65
0.82
0.86
0.73
0.67
0.65
0.52
0.54
0.56
0.73
0.70
0.64
0.80
0.89
0.84
0.69
0.66
0.72
0.69
0.84
0.79
0.63
0.66
0.59
0.59
0.60
0.63
0.60
0.61
0.70
0.85
0.79
0.82
0.81
0.79
0.73
0.78
0.83
0.82
0.81
0.81
0.84
0.79
0.77
0.78
0.70
0.69
0.71
0.79
0.87
0.88
0.93
0.96
0.91
0.92
0.87
0.84
0.87
0.82
0.85
0.84
0.82
0.90
0.92
0.89
0.89
0.87
0.88
0.83
0.62
0.64
0.87
0.89
0.90
0.63
0.64
0.63
0.65
0.62
0.65
0.62
0.60
0.63
0.56
0.66
0.63
0.56
0.57
0.59
0.53
0.58
0.55
0.59
0.57
0.60
0.80
0.54
0.77
0.61
0.78
0.70
0.82
0.80
0.76
0.86
0.52
0.89
0.81
0.79
0.75
0.87
0.66
0.87
0.84
0.85
0.90
0.88
0.89
0.63
0.88
0.86
0.84
0.54
0.85
0.67
0.73
0.83
0.72
0.89
0.87
0.83
0.89
0.89
0.93
0.88
0.92
0.89
0.93
0.96
0.94
0.94
0.93
0.93
0.68
0.78
0.68
0.96
0.68
0.75
1.03
1.07
1.08
1.09
1.01
1.06
1.07
0.96
1.00
0.96
0.86
0.85
0.72
0.79
0.72
0.66
0.50
0.53
0.44
0.34
0.33
0.30
0.21
0.18
0.15
0.15
0.13
0.15
0.11
0.17
