0.412961
0.039735
0.038619
0.038425
0.052348
0.044373
0.051396
0.048964
0.045532
0.048975
0.044554
0.036319
0.036348
0.036404
0.036374
0.036135
0.036234
0.036096
0.035855
0.035647
0.049518
0.035332
0.035510
0.035197
0.035536
0.035449
0.035504
0.035597
0.035489
0.040673
0.035365
0.035244
0.040801
0.035271
0.035233
0.040549
0.040977
0.040712
0.040808
0.046910
0.077445
0.046472
0.042589
0.051386
0.053275
0.045477
0.044206
0.043842
0.044212
0.044219
0.044193
0.044088
0.044325
0.044118
0.044137
0.044297
0.044251
0.044250
0.043955
0.043534
0.067283
0.051772
0.051046
0.053042
0.050056
0.056441
0.043990
0.040870
0.040676
0.040612
0.040518
0.040321
0.040480
0.040354
0.040610
0.040309
0.040453
0.040276
0.040957
0.045391
0.072601
0.054031
0.047714
0.043898
0.048298
0.049077
0.049476
0.043171
0.041699
0.044973
0.043716
0.048066
0.040796
0.040211
0.040319
0.040992
0.041723
0.040235
0.040483
0.039614
0.066191
0.040733
0.052827
0.044312
0.045440
0.048616
0.053753
0.043378
0.043059
0.049272
0.056853
0.047272
0.042911
0.041623
0.041612
0.041639
0.041593
0.041604
0.041553
0.041525
0.063591
0.047370
0.050775
0.047591
0.048937
0.047991
0.048607
0.051693
0.043022
0.041293
0.042308
0.042517
0.042392
0.042539
0.042422
0.042537
0.042559
0.042490
0.042378
0.042521
0.064857
0.042714
0.042778
0.042520
0.042538
0.042420
0.042503
0.042605
0.042202
0.042145
0.042307
0.042241
0.042190
0.041945
0.042290
0.042194
0.042268
0.042084
0.042146
0.042398
0.064981
0.042942
0.046907
0.055140
0.042845
0.039191
0.047010
0.047459
0.050615
0.049739
0.047202
0.049748
0.040643
0.040342
0.040676
0.040297
0.040586
0.040553
0.040314
0.040296
0.062967
0.040361
0.040581
0.040343
0.038833
0.038800
0.038765
0.038677
0.038653
0.038516
0.038663
0.038382
0.038597
0.038594
0.038581
0.038476
0.038494
0.038322
0.038434
0.038300
0.060663
0.038396
0.038713
0.038343
0.039673
0.046045
0.043534
0.051041
0.038448
0.038431
0.038374
0.040529
0.039531
0.045418
0.048979
0.045568
0.047766
0.045856
0.045555
0.039155
0.062011
0.040119
0.042111
0.046200
0.037812
0.037707
0.037785
0.038227
0.038111
0.037621
0.037620
0.037604
0.047144
0.049135
0.044465
0.039723
0.047523
0.047975
0.046715
0.045711
0.061645
0.039694
0.039503
0.039186
0.039505
0.039490
0.039526
0.039234
0.039832
0.039629
0.039780
0.039662
0.039588
0.046570
0.047774
0.048034
0.042783
0.039728
0.039951
0.045113
0.068788
0.048959
0.044216
0.049147
0.046942
0.046507
0.047680
0.047188
0.046878
0.045352
0.042179
0.042313
0.046099
0.045253
0.048697
0.045686
0.045478
0.038255
0.048665
0.034786
0.059553
0.037202
0.037166
0.043927
0.045638
0.049876
0.043409
0.037721
0.045420
0.044739
0.038761
0.037491
0.037452
0.037356
0.043858
0.054193
0.041130
0.037636
0.039086
0.037481
0.059160
0.037561
0.037749
0.045674
0.045186
0.045187
0.038450
0.038074
0.039565
0.037977
0.048127
0.054415
0.042229
0.037294
0.037072
0.037174
0.037093
0.037335
0.037179
0.037178
0.058151
0.037133
0.037077
0.037230
0.037077
0.037041
0.037073
0.037157
0.036997
0.037371
0.037056
0.037164
0.037202
0.037277
0.042719
0.043082
0.047864
0.048307
0.037115
0.037111
0.057981
0.037995
0.037030
0.037164
0.037135
0.037267
0.037246
0.037172
0.040604
0.038141
0.037197
0.043767
0.044159
0.044051
0.044365
0.040345
0.046433
0.043934
0.043888
0.044784
0.065770
0.050889
0.042935
0.042106
0.045682
0.049678
0.037570
0.037527
0.037740
0.037601
0.037743
0.037621
0.037736
0.037448
0.037734
0.037129
0.037111
0.037256
0.037421
0.037260
0.057799
0.037138
0.037122
0.037042
0.037273
0.037118
0.037200
0.036990
0.037146
0.036959
0.037231
0.037143
0.037256
0.037213
0.037302
0.037237
0.037269
0.037233
0.037265
0.037400
0.058411
0.037257
0.044003
0.043159
0.037642
0.037591
0.035156
0.037302
0.037814
0.037480
0.037916
0.037789
0.037713
0.043444
0.045371
0.050678
0.050904
0.040595
0.040636
0.040644
0.062017
0.040584
0.040467
0.041024
0.040646
0.040450
0.040792
0.040515
0.040569
0.040601
0.040531
0.040643
0.040700
0.040756
0.040667
0.040571
0.040359
0.040543
0.044845
0.036817
0.058126
0.036520
0.036745
0.036725
0.043725
0.045017
0.046774
0.046698
0.045388
0.045229
0.044772
0.039641
0.045678
0.043004
0.037870
0.037596
0.036947
0.037011
0.036557
0.038155
0.058488
0.037826
0.037937
0.037920
0.038707
0.039884
0.043410
0.045671
0.037691
0.037423
0.037672
0.037443
0.037916
0.037781
0.039212
0.054303
0.045737
0.045682
0.047409
0.046107
0.063551
0.041547
0.041540
0.041474
0.041558
0.041411
0.041883
0.041414
0.041534
0.041524
0.042067
0.048400
0.045972
0.048927
0.046090
0.046861
0.047290
0.047520
0.039339
0.038747
0.066215
0.038957
0.047816
0.046810
0.045840
0.048186
0.046044
0.046154
0.048525
0.047732
0.046261
0.047218
0.046581
0.046618
0.047909
0.046913
0.044102
0.039110
0.039551
0.039367
0.068788
0.046392
0.041477
0.039025
0.040528
0.041974
0.037944
0.045585
0.046161
0.046745
0.046661
0.056113
0.040864
0.038290
0.038738
0.042510
0.038316
0.038291
0.038330
0.038366
0.059317
0.038377
0.038613
0.050112
0.049061
0.048186
0.051372
0.055994
0.043336
0.045358
0.040397
0.045802
0.038276
0.037678
0.037901
0.037978
0.038109
0.038040
0.037539
0.037726
0.057860
0.037722
0.037668
0.037693
0.038736
0.037744
0.037688
0.037368
0.037784
0.037263
0.037915
0.037415
0.038098
0.037469
0.039648
0.049311
0.056371
0.041828
0.041393
0.040942
0.061771
0.040890
0.041308
0.040932
0.041503
0.041041
0.041297
0.041111
0.041593
0.040993
0.041520
0.040961
0.041520
0.041158
0.041305
0.041129
0.041373
0.041030
0.041384
0.040832
0.061996
0.044812
0.045283
0.040782
0.041271
0.041194
0.048121
0.041343
0.041897
0.043500
0.054198
0.044662
0.046798
0.040075
0.039623
0.042924
0.037315
0.036804
0.037521
0.040474
0.068437
0.046043
0.046497
0.041505
0.039512
0.038838
0.041116
0.046352
0.046832
0.045657
0.046792
0.046772
0.040539
0.038625
0.039434
0.039113
0.047672
0.038663
0.039431
0.038986
0.059880
0.048078
0.047035
0.038354
0.038253
0.037722
0.038230
0.037803
0.037978
0.037852
0.038408
0.039608
0.047200
0.047376
0.048333
0.049263
0.048389
0.042674
0.049944
0.041913
0.068271
0.045239
0.039325
0.047662
0.051831
0.049819
0.040044
0.038697
0.038832
0.038853
0.038883
0.039146
0.038879
0.039072
0.038867
0.038819
0.039012
0.039101
0.039502
0.039352
0.060072
0.044753
0.045111
0.038879
0.039026
0.038955
0.038601
0.038166
0.037706
0.036833
0.036678
0.036985
0.037371
0.037198
0.037488
0.037254
0.037734
0.036828
0.036757
0.037246
0.057723
0.037519
0.037690
0.037287
0.037500
0.036752
0.037352
0.037083
0.037411
0.036937
0.037238
0.036783
0.037310
0.037261
0.037264
0.036833
0.037396
0.037425
0.037490
0.037060
0.057903
0.037438
0.037768
0.037270
0.037914
0.037568
0.037952
0.037248
0.037741
0.037545
0.037602
0.037009
0.037233
0.036601
0.036546
0.036344
0.036749
0.036401
0.036607
0.036026
0.056860
0.036035
0.036808
0.036233
0.036174
0.036302
0.036243
0.036227
0.036178
0.036583
0.036324
0.036367
0.036523
0.036980
0.036911
0.037063
0.037230
0.037279
0.036963
0.037489
0.057510
0.037330
0.037220
0.037352
0.036745
0.037004
0.036925
0.036953
0.036744
0.037150
0.036955
0.037179
0.036931
0.037174
0.036963
0.037482
0.036912
0.037575
0.037435
0.037410
0.057042
0.037161
0.036997
0.037313
0.037057
0.037479
0.036861
0.037224
0.037150
0.037431
0.037302
0.038105
0.037689
0.036996
0.036667
0.037930
0.037866
0.037956
0.036791
0.037362
0.057353
0.037397
0.037097
0.037570
0.036984
0.037045
0.036792
0.037209
0.036988
0.037296
0.036919
0.037447
0.036867
0.037491
0.037009
0.037405
0.037052
0.037464
0.037185
0.037289
0.057037
0.037135
0.037181
0.037348
0.036819
0.037179
0.036520
0.037674
0.036775
0.037120
0.037084
0.037120
0.037337
0.037663
0.036901
0.037528
0.037236
0.037496
0.036903
0.037452
0.057930
0.037624
0.037207
0.037263
0.037985
0.037984
0.037822
0.038144
0.038505
0.038190
0.037764
0.038145
0.038280
0.038152
0.037871
0.038021
0.038198
0.038106
0.037732
0.038225
0.058192
0.038117
0.037713
0.038239
0.038202
0.038467
0.037960
0.038360
0.038401
0.038364
0.037945
0.039685
0.038959
0.038877
0.038658
0.038770
0.038798
0.038857
0.038803
0.038587
0.058618
0.038658
0.038671
0.040491
0.039553
0.039845
0.039211
0.039500
0.039461
0.039475
0.039628
0.039772
0.039448
0.039659
0.039634
0.040095
0.039693
0.039810
0.039481
0.039890
0.060340
0.040714
