0.296145
0.039097
0.039298
0.038560
0.039022
0.043881
0.038504
0.038406
0.038427
0.038952
0.039395
0.038103
0.038846
0.039021
0.038924
0.038008
0.036924
0.036410
0.036972
0.036585
0.049750
0.036291
0.037071
0.036622
0.037295
0.036740
0.037403
0.036916
0.037505
0.036821
0.036948
0.036420
0.037123
0.037312
0.044794
0.037150
0.044103
0.048789
0.046574
0.049226
0.066424
0.046435
0.040288
0.050626
0.039733
0.037552
0.038229
0.044877
0.037146
0.036760
0.039816
0.041022
0.037753
0.042462
0.037363
0.036962
0.036446
0.036104
0.036913
0.046232
0.067135
0.048047
0.047385
0.038326
0.038784
0.038417
0.041545
0.045381
0.046204
0.048219
0.042836
0.037912
0.038671
0.038039
0.041757
0.046679
0.047908
0.045868
0.047554
0.046200
0.065656
0.038328
0.038320
0.038142
0.038870
0.039520
0.046964
0.049660
0.048267
0.048799
0.049648
0.047165
0.045056
0.044343
0.037568
0.037477
0.047129
0.047180
0.047164
0.053560
0.063451
0.055834
0.045451
0.038026
0.037852
0.037753
0.037871
0.034397
0.034180
0.034560
0.034528
0.034861
0.034612
0.035739
0.034992
0.034734
0.035371
0.040999
0.035115
0.042464
0.062215
0.043044
0.042459
0.045143
0.044751
0.037430
0.034474
0.037143
0.042182
0.042443
0.043793
0.043118
0.043245
0.046048
0.043258
0.036842
0.034296
0.034596
0.034089
0.034392
0.052795
0.034744
0.034450
0.034469
0.034419
0.034940
0.034265
0.034592
0.034333
0.034741
0.034175
0.034583
0.034325
0.034685
0.033925
0.038914
0.038239
0.038087
0.039009
0.034597
0.057946
0.038529
0.038181
0.037318
0.037482
0.038008
0.037995
0.046746
0.048573
0.047912
0.048315
0.047263
0.046427
0.048802
0.045688
0.047409
0.050424
0.050164
0.039654
0.039454
0.058826
0.035132
0.034430
0.035038
0.034801
0.034940
0.035071
0.035012
0.034541
0.036181
0.040541
0.049142
0.044433
0.041522
0.045666
0.035086
0.038848
0.034941
0.039510
0.039269
0.058480
0.037578
0.041615
0.040503
0.041758
0.040972
0.040693
0.041520
0.040827
0.044245
0.047997
0.050918
0.046307
0.039316
0.041238
0.049008
0.043142
0.045217
0.038112
0.037616
0.056189
0.037682
0.037125
0.037546
0.037215
0.037401
0.036629
0.035360
0.034956
0.035294
0.035009
0.035245
0.034966
0.035401
0.034864
0.036824
0.042559
0.042767
0.043170
0.043136
0.071501
0.041214
0.039818
0.039690
0.039477
0.039958
0.038752
0.038313
0.039023
0.047763
0.041885
0.046599
0.048913
0.046757
0.047101
0.046576
0.037275
0.036696
0.036916
0.036512
0.055611
0.036538
0.036739
0.036277
0.036882
0.036605
0.036958
0.036582
0.037024
0.037082
0.037290
0.037177
0.037613
0.037202
0.037819
0.037879
0.038244
0.037910
0.037816
0.037920
0.057160
0.037914
0.038108
0.038173
0.033760
0.033856
0.034319
0.034087
0.034009
0.038077
0.037037
0.035365
0.046203
0.035990
0.046024
0.034868
0.034661
0.034070
0.043791
0.033787
0.033303
0.034347
0.033876
0.043700
0.034116
0.033255
0.033400
0.033857
0.033344
0.033482
0.033089
0.033521
0.033210
0.033678
0.033241
0.033625
0.033032
0.033683
0.033195
0.033682
0.052088
0.033714
0.033393
0.033530
0.033309
0.033686
0.033157
0.033678
0.033220
0.033682
0.033147
0.033469
0.033145
0.033536
0.033201
0.033721
0.033166
0.033551
0.033158
0.033414
0.051997
0.033655
0.033330
0.033594
0.033130
0.033549
0.033087
0.033514
0.033074
0.033443
0.033122
0.033446
0.033107
0.033552
0.033135
0.033636
0.034461
0.033522
0.033125
0.033406
0.052118
0.033581
0.033201
0.033453
0.033157
0.033579
0.033173
0.033529
0.033133
0.033598
0.033128
0.033385
0.033050
0.033516
0.033111
0.033416
0.033025
0.033425
0.032949
0.033394
0.043473
0.033506
0.033261
0.033687
0.033165
0.033588
0.033159
0.033465
0.033118
0.033658
0.033110
0.033453
0.033212
0.033766
0.033320
0.033491
0.033178
0.033511
0.033211
0.033538
0.052007
0.033720
0.033348
0.033513
0.033052
0.033672
0.033123
0.033381
0.033109
0.033665
0.033159
0.033483
0.033026
0.033528
0.033569
0.033199
0.033590
0.033121
0.033499
0.033058
0.052305
0.033290
0.033713
0.033134
0.033534
0.033281
0.033584
0.033202
0.033562
0.033098
0.033514
0.033105
0.033487
0.033196
0.043509
0.033022
0.032392
0.042659
0.033220
0.032982
0.056450
0.039546
0.040543
0.036713
0.033561
0.043348
0.032928
0.032701
0.034212
0.034045
0.034577
0.034067
0.034790
0.044521
0.035723
0.045861
0.046362
0.047313
0.038649
0.038311
0.053024
0.034180
0.034246
0.034032
0.034019
0.033953
0.034055
0.033920
0.034012
0.034137
0.034179
0.033851
0.033938
0.033942
0.033879
0.033656
0.038867
0.033686
0.033793
0.033690
0.057731
0.038175
0.038586
0.038265
0.038709
0.038301
0.038394
0.038025
0.038792
0.038471
0.038666
0.039214
0.039547
0.039015
0.038855
0.038871
0.038975
0.038917
0.038949
0.039158
0.057847
0.038973
0.039171
0.038843
0.038800
0.038927
0.038852
0.039322
0.039227
0.048799
0.052223
0.040019
0.036260
0.043463
0.042162
0.040993
0.041739
0.042452
0.046611
0.039236
0.058391
0.040451
0.041413
0.052027
0.051185
0.051465
0.047829
0.049666
0.047418
0.038724
0.038591
0.037914
0.044377
0.038065
0.048217
0.049319
0.046515
0.047973
0.048107
0.050752
0.073047
0.043743
0.047845
0.044881
0.039865
0.041368
0.051058
0.041886
0.041600
0.048373
0.047284
0.039000
0.034160
0.034375
0.047040
0.036182
0.034130
0.034090
0.034023
0.033777
0.057805
0.038420
0.039261
0.045450
0.052382
0.050885
0.045393
0.035614
0.035296
0.035562
0.035413
0.037205
0.041759
0.041242
0.050640
0.043921
0.043080
0.042106
0.034655
0.034881
0.053743
0.042317
0.040447
0.035261
0.039392
0.040181
0.042597
0.045067
0.050448
0.037301
0.039823
0.044035
0.037581
0.037384
0.037295
0.038474
0.043046
0.043829
0.049934
0.041829
0.069958
0.051427
0.055600
0.048822
0.043340
0.036797
0.035839
0.036399
0.036988
0.045953
0.048493
0.041234
0.039136
0.037166
0.037348
0.041518
0.041127
0.040699
0.044633
0.036915
0.063798
0.045986
0.044773
0.043220
0.046756
0.043149
0.049701
0.040386
0.037594
0.041320
0.044844
0.034429
0.034087
0.034901
0.041733
0.045706
0.038194
0.041137
0.041116
0.033234
0.052389
0.033387
0.033220
0.033128
0.033305
0.033248
0.033642
0.033278
0.033551
0.033328
0.034603
0.033993
0.034105
0.033738
0.038794
0.038180
0.038182
0.037833
0.037723
0.037571
0.056961
0.037484
0.038207
0.037620
0.037844
0.037488
0.038377
0.037193
0.037532
0.040763
0.039788
0.043327
0.039334
0.039383
0.039773
0.047098
0.046576
0.039534
0.039867
0.041519
0.069633
0.038538
0.045613
0.058414
0.049306
0.040447
0.049698
0.049573
0.046153
0.040010
0.040289
0.048556
0.051767
0.051213
0.040662
0.040966
0.041156
0.036050
0.041252
0.036037
0.054566
0.040751
0.044195
0.049488
0.050197
0.049599
0.048715
0.041469
0.053609
0.039273
0.039085
0.038926
0.039000
0.038396
0.038873
0.038235
0.038543
0.037994
0.038634
0.047647
0.068084
0.056303
0.046495
0.040608
0.039366
0.042696
0.041717
0.041790
0.042300
0.042338
0.037973
0.041366
0.042940
0.041903
0.043527
0.043267
0.047418
0.041860
0.042533
0.041655
0.061445
0.038983
0.033820
0.033683
0.034820
0.034897
0.035284
0.035044
0.039938
0.035025
0.034919
0.034894
0.034760
0.034758
0.034855
0.034959
0.034865
0.034534
0.034587
0.034618
0.061338
0.039628
0.039505
0.038977
0.039228
0.038990
0.039111
0.039273
0.039721
0.045699
0.038946
0.038756
0.039171
0.038727
0.045912
0.049142
0.050613
0.045644
0.041261
0.036484
0.058247
0.036389
0.041003
0.040622
0.041950
0.048290
0.049199
0.049376
0.047733
0.054998
0.046550
0.039927
0.040380
0.042000
0.048768
0.041804
0.039639
0.034611
0.046613
0.047190
0.061485
0.046383
0.040182
0.042432
0.048981
0.049865
0.049897
0.049865
0.055401
0.046210
0.048960
0.053388
0.052754
0.050090
0.048594
0.049443
0.052521
0.049166
0.041592
0.041994
0.067614
0.039205
0.039419
0.039387
0.045891
0.051123
0.043492
0.042502
0.042266
0.038592
0.034987
0.034962
0.035186
0.034679
0.034775
0.034921
0.034683
0.034676
0.039824
0.039380
0.060173
0.039435
0.039061
0.038496
0.038938
0.038848
0.039421
0.039225
0.039511
0.039327
0.038963
0.039176
0.039029
0.038448
0.038769
0.038024
0.038207
0.038340
0.039148
0.038689
0.059066
0.038222
0.038977
0.038523
0.038897
0.039003
0.039756
0.034676
0.034545
0.039672
0.034535
0.034568
0.034662
0.034834
0.035404
0.035350
0.035118
0.035268
0.035434
0.035310
0.056251
0.035400
0.035294
0.034703
0.035033
0.034945
0.035203
0.034811
0.034864
0.035036
0.034824
0.034873
0.034326
0.039072
0.047976
0.048354
0.038563
0.048407
0.049046
0.044342
0.056896
0.037093
0.036937
0.037483
0.037889
0.037668
0.036949
0.036217
0.035322
0.035326
0.034174
0.034942
0.034425
0.034706
0.034129
0.034440
0.034447
0.034853
0.034882
0.045392
0.045090
0.045460
0.035447
0.035463
0.035832
0.035477
0.035157
0.035311
0.035165
0.035132
0.034699
0.034924
0.034989
0.034938
0.035189
0.035045
0.035165
0.035368
0.035115
0.035161
0.054318
0.035174
0.035036
0.035461
0.035023
0.034938
0.035029
0.035068
0.034899
0.034644
