0.353573
0.044458
0.044081
0.045443
0.042765
0.039396
0.042510
0.040522
0.037618
0.044127
0.036315
0.036622
0.042789
0.043792
0.046200
0.045554
0.042678
0.045762
0.042446
0.044484
0.058850
0.044323
0.043059
0.043399
0.035031
0.035911
0.034505
0.035093
0.036793
0.043067
0.045581
0.042798
0.042796
0.043228
0.044050
0.036304
0.035501
0.035492
0.057426
0.041112
0.064918
0.043436
0.043646
0.044523
0.050413
0.051948
0.059569
0.046468
0.043394
0.043039
0.043057
0.042747
0.042678
0.042829
0.043350
0.042767
0.043266
0.042732
0.044818
0.046539
0.074429
0.054213
0.048048
0.039769
0.049876
0.052043
0.051447
0.049290
0.049433
0.038809
0.038905
0.039257
0.039886
0.039735
0.039961
0.039832
0.040202
0.034876
0.040312
0.034993
0.057793
0.035378
0.035922
0.035521
0.035803
0.039542
0.035709
0.035242
0.035287
0.035058
0.035435
0.035065
0.035208
0.035362
0.035871
0.035445
0.035647
0.035252
0.035600
0.035231
0.056371
0.035017
0.035397
0.034635
0.035141
0.034390
0.034755
0.034404
0.034940
0.034543
0.034985
0.034688
0.034920
0.034734
0.039683
0.035522
0.035761
0.035478
0.035061
0.034903
0.054808
0.034787
0.034622
0.034258
0.034755
0.034490
0.034935
0.034745
0.034878
0.034560
0.034945
0.034518
0.034893
0.034796
0.034801
0.034677
0.034593
0.034451
0.035063
0.034500
0.053698
0.034697
0.034927
0.041520
0.035146
0.034475
0.034723
0.034718
0.035038
0.034579
0.034899
0.034506
0.035128
0.035298
0.034881
0.034406
0.034814
0.034460
0.034870
0.034402
0.053854
0.034339
0.034954
0.034434
0.034859
0.034298
0.034633
0.034320
0.034736
0.034245
0.034624
0.034265
0.038262
0.034563
0.034601
0.034539
0.034838
0.034401
0.034822
0.034574
0.054144
0.034722
0.035024
0.034498
0.035094
0.034788
0.035072
0.034384
0.034843
0.034376
0.034986
0.034729
0.035004
0.034568
0.034988
0.034630
0.034951
0.034710
0.035001
0.034660
0.054446
0.039385
0.035095
0.034755
0.035284
0.034976
0.035067
0.034462
0.035205
0.034823
0.034894
0.034910
0.035063
0.034653
0.035062
0.034710
0.034821
0.034548
0.035004
0.035190
0.052263
0.033655
0.034245
0.033935
0.034155
0.033792
0.034133
0.033901
0.034421
0.032838
0.034173
0.034430
0.034376
0.032927
0.034415
0.033805
0.034367
0.034131
0.034413
0.032893
0.053236
0.032962
0.033514
0.032895
0.033482
0.033031
0.033454
0.034072
0.033567
0.032939
0.033518
0.033190
0.033442
0.032989
0.033561
0.033010
0.033545
0.032982
0.033826
0.033188
0.054065
0.033238
0.033630
0.033041
0.033620
0.033008
0.033806
0.044947
0.035203
0.033302
0.033697
0.033068
0.033798
0.033147
0.033665
0.033033
0.033568
0.033292
0.033686
0.033150
0.052716
0.033103
0.033726
0.032939
0.033688
0.033139
0.033662
0.033172
0.033670
0.036136
0.033919
0.032978
0.033706
0.033113
0.033804
0.033216
0.033768
0.033080
0.033675
0.033062
0.052554
0.033160
0.033721
0.033117
0.033737
0.033168
0.033678
0.033115
0.033685
0.033168
0.033773
0.033145
0.033572
0.033047
0.033698
0.033132
0.033537
0.033164
0.033522
0.035095
0.052667
0.033073
0.033597
0.033019
0.033622
0.033040
0.033362
0.032970
0.033589
0.033049
0.033660
0.033106
0.033712
0.032993
0.033536
0.033088
0.033677
0.032984
0.033536
0.032961
0.052412
0.032996
0.033579
0.033131
0.033589
0.033123
0.033556
0.033090
0.033451
0.038482
0.033598
0.033047
0.033633
0.033095
0.033646
0.033088
0.033693
0.033196
0.033478
0.033042
0.052419
0.032958
0.033507
0.032951
0.033653
0.032981
0.033623
0.033343
0.033519
0.033007
0.033460
0.032965
0.033475
0.032972
0.033500
0.033190
0.033472
0.032984
0.033462
0.037453
0.052363
0.032984
0.033549
0.033047
0.033503
0.033124
0.033922
0.032939
0.033425
0.033087
0.033509
0.032874
0.033321
0.032924
0.033771
0.033030
0.033661
0.033025
0.033509
0.032903
0.052630
0.032873
0.033591
0.033011
0.033559
0.033028
0.033547
0.032893
0.033618
0.039994
0.033631
0.033024
0.033606
0.033130
0.033619
0.033085
0.033616
0.032974
0.033410
0.032949
0.052433
0.032921
0.033604
0.032924
0.033624
0.033186
0.033508
0.032871
0.033547
0.032921
0.033537
0.033082
0.033481
0.032863
0.033568
0.032988
0.033578
0.032863
0.033651
0.038984
0.052637
0.033088
0.033476
0.032973
0.033608
0.033027
0.033497
0.032829
0.033521
0.032950
0.033403
0.032998
0.033489
0.033170
0.033543
0.032936
0.033576
0.033149
0.033647
0.033104
0.052511
0.033046
0.033677
0.033036
0.033511
0.033044
0.033658
0.033035
0.038572
0.033140
0.033504
0.033131
0.033764
0.033344
0.033533
0.033151
0.033659
0.033066
0.033615
0.033030
0.052601
0.032941
0.033507
0.032973
0.033520
0.033179
0.033665
0.032961
0.033533
0.032902
0.033469
0.033011
0.033741
0.032984
0.033632
0.033023
0.033655
0.033090
0.038038
0.033244
0.052800
0.033151
0.033762
0.033099
0.033555
0.033087
0.033791
0.032963
0.033503
0.032820
0.033696
0.032994
0.033603
0.032901
0.033594
0.033279
0.033580
0.033084
0.033660
0.032958
0.052830
0.033214
0.033616
0.032959
0.033599
0.033122
0.033679
0.033106
0.040877
0.033315
0.033662
0.033170
0.033608
0.033121
0.033600
0.033162
0.033662
0.033097
0.033661
0.033128
0.052830
0.033216
0.033767
0.032991
0.033575
0.032965
0.033546
0.033108
0.033924
0.033055
0.033622
0.032869
0.033657
0.033014
0.033641
0.033172
0.033792
0.033198
0.041390
0.033024
0.052508
0.033160
0.033621
0.033027
0.034505
0.033457
0.033151
0.033299
0.033188
0.033504
0.033321
0.033283
0.033276
0.033404
0.033322
0.033366
0.033510
0.033297
0.033124
0.033319
0.052576
0.033277
0.033193
0.033279
0.033226
0.033378
0.033399
0.033266
0.033715
0.033396
0.033215
0.033249
0.033133
0.033352
0.033180
0.033474
0.033217
0.033493
0.033412
0.033414
0.052543
0.033543
0.033782
0.033558
0.033406
0.033383
0.033464
0.033522
0.033494
0.033435
0.033615
0.033554
0.033423
0.033459
0.033404
0.033894
0.033961
0.033994
0.033556
0.033422
0.052114
0.033466
0.033216
0.033531
0.033192
0.033407
0.033336
0.033304
0.033594
0.033693
0.033484
0.033695
0.033727
0.033672
0.033545
0.034313
0.033398
0.033424
0.033382
0.033510
0.052093
0.034352
0.033425
0.033717
0.033794
0.033604
0.033600
0.038806
0.032996
0.033971
0.032869
0.033121
0.033715
0.033800
0.032926
0.033728
0.033802
0.033478
0.033695
0.033704
0.052553
0.033543
0.033714
0.033555
0.033251
0.033562
0.033701
0.033570
0.033693
0.033619
0.034164
0.033827
0.033670
0.033669
0.033855
0.033880
0.033655
0.039923
0.033146
0.033313
0.052690
0.033420
0.033498
0.033309
0.033054
0.033346
0.033279
0.033401
0.033269
0.033285
0.033101
0.034012
0.033074
0.033060
0.032840
0.033053
0.034189
0.033169
0.033092
0.033102
0.051893
0.033299
0.033154
0.033111
0.034099
0.033043
0.033071
0.039850
0.033065
0.033325
0.033031
0.033281
0.033161
0.033180
0.032959
0.033002
0.034112
0.034168
0.033964
0.034061
0.052760
0.034180
0.033817
0.033973
0.033934
0.033969
0.033716
0.033988
0.033875
0.034003
0.033698
0.034054
0.033815
0.034014
0.033840
0.033904
0.033727
0.037876
0.033722
0.033919
0.052739
0.033879
0.033715
0.033972
0.033670
0.033813
0.033820
0.033974
0.034135
0.034278
0.034125
0.034351
0.034139
0.034267
0.034091
0.034210
0.034120
0.034201
0.033998
0.034193
0.053142
0.034329
0.033991
0.034277
0.034182
0.034232
0.040893
0.034832
0.034045
0.034187
0.034119
0.034207
0.034164
0.034218
0.034178
0.034218
0.034197
0.034303
0.034184
0.034304
0.053031
0.034324
0.034389
0.034400
0.034218
0.034346
0.033350
0.034388
0.034308
0.033367
0.033386
0.033594
0.033458
0.033661
0.033555
0.033429
0.038624
0.033598
0.033265
0.033595
0.052392
0.033539
0.033712
0.033429
0.033220
0.033549
0.033368
0.033353
0.033345
0.033515
0.033390
0.033511
0.033282
0.033492
0.038940
0.043495
0.034840
0.034447
0.035031
0.034739
0.053751
0.034489
0.035781
0.034465
0.034742
0.034800
0.035209
0.035599
0.041140
0.042769
0.045087
0.043066
0.044531
0.044782
0.040965
0.044960
0.041065
0.043340
0.047833
0.041493
0.062855
0.037117
0.038131
0.034523
0.034358
0.034286
0.034400
0.034470
0.034422
0.043075
0.034802
0.042299
0.042022
0.045102
0.042893
0.039700
0.044402
0.037596
0.035673
0.034722
0.056756
0.034383
0.039989
0.034217
0.043224
0.042609
0.038985
0.042598
0.043640
0.043148
0.042850
0.036474
0.036180
0.036196
0.036181
0.035065
0.035012
0.035219
0.035012
0.035197
0.054031
0.035149
0.035079
0.035331
0.035192
0.034287
0.035008
0.035262
0.035083
0.035417
0.035401
0.035244
0.035370
0.035532
0.036114
0.038899
0.036547
0.037404
0.034183
0.035684
0.059230
0.042989
0.034494
0.034491
0.034683
0.033211
0.034052
0.033084
0.032999
0.033149
0.032913
0.033044
0.033027
0.033018
0.032935
0.033141
0.033238
0.033330
0.033472
0.033378
0.052286
0.033429
0.033476
0.033467
0.033484
0.033518
0.033630
0.033685
0.033585
0.033316
0.033701
0.033690
0.033039
0.033266
0.033523
0.033634
0.033483
0.033716
0.033528
0.033319
0.051548
0.033980
0.033580
0.033419
0.033595
0.033586
0.033550
0.033460
0.033515
0.033474
0.033410
0.033484
0.033539
0.033438
0.033601
0.033497
0.033700
0.033390
0.033504
0.033462
0.052635
0.033427
0.033599
0.033332
0.033525
0.033480
0.033599
0.033540
0.033447
0.033355
0.033284
0.033480
0.033441
0.033422
0.033522
0.033451
0.033646
0.033504
0.033470
0.033466
0.052493
0.033492
0.033549
0.033337
0.033238
0.033437
0.033561
0.033432
0.033345
0.033448
0.033667
0.033594
0.033600
0.033472
0.033642
0.033873
0.033605
0.033488
0.033487
0.033743
0.052735
0.033524
0.033639
0.033695
0.033581
0.033725
0.033709
0.033569
0.033665
0.033564
0.033631
0.033514
0.033649
0.033731
0.034088
0.033691
0.033672
0.033832
0.033754
0.033385
0.052639
0.033630
0.033577
0.033525
0.033650
0.033711
0.033764
0.033805
0.033679
0.033448
0.033627
0.033582
0.033642
0.033720
0.033701
0.033471
0.033523
0.033458
0.033577
0.033746
0.052488
0.033711
0.033646
0.033757
0.033725
0.033479
0.033557
0.033827
0.033712
0.033659
0.033740
0.034020
0.033955
0.034049
0.033681
0.034063
0.033763
0.033961
0.033829
0.033906
0.052794
0.034049
0.033940
0.034140
0.033895
0.033266
0.033177
0.033168
0.033287
0.034151
0.033798
0.033744
0.033526
0.033652
0.033742
0.033776
0.033761
0.033738
0.033664
0.033853
0.052774
0.033752
0.033662
0.033963
0.033797
0.033974
0.033686
0.033553
0.033711
0.033786
0.033686
0.033505
0.033676
0.033741
0.033641
0.033506
0.033653
0.033508
0.033883
0.033820
0.052386
0.033582
0.033595
0.033714
0.033587
0.033457
0.033631
0.033496
0.033606
0.033732
0.033674
0.033802
0.033734
0.033609
0.033719
0.033618
0.033715
0.033610
0.033593
0.033800
0.052620
0.033587
0.033620
0.033511
0.033647
0.033934
0.033754
0.033860
0.033521
0.033685
0.033642
0.033548
0.033725
0.033580
0.033846
0.033973
0.033965
0.033952
0.033752
0.033715
0.052838
0.033794
0.033730
0.033815
0.033729
0.033806
0.033577
0.033528
0.033764
0.033643
0.033812
0.033545
0.033719
0.033592
0.033726
0.033756
0.033562
0.033542
0.033469
0.033414
0.052781
0.033557
0.033582
0.033850
0.033722
0.033788
0.033581
0.033617
0.033682
0.033595
0.033672
0.034027
0.033840
0.034083
0.033809
0.034012
0.033922
0.033881
0.033524
0.033835
0.052241
0.033959
0.033687
0.033582
0.033634
0.033744
0.033975
0.041537
0.041839
0.043107
0.042082
0.035698
0.034695
0.034250
0.034865
0.043614
0.043355
0.046631
0.042078
0.042153
0.062174
0.044958
0.043945
0.034434
0.034381
0.034672
0.034235
0.034409
0.034436
0.034384
0.034497
0.034604
0.034513
0.034480
0.034331
0.034419
0.034534
0.034630
0.034236
0.034432
0.053312
0.034421
0.034378
0.034747
0.034501
0.034513
0.034481
0.034607
0.034498
0.034552
0.034290
0.034634
0.034281
0.034516
0.034436
0.034450
0.034398
0.034522
0.034796
0.034529
0.053609
0.034497
0.034385
0.034710
0.034403
0.034592
0.034412
0.034386
0.034417
0.034414
0.034623
0.034603
0.034521
0.034596
0.034527
0.034399
0.034287
0.034631
0.034446
0.034569
0.053026
0.034670
0.034458
0.034659
0.034379
0.034296
0.034339
0.034532
0.034410
0.034469
0.034376
0.034459
0.034283
0.034717
0.034340
0.034610
0.034538
0.034810
0.034471
0.034427
0.053050
0.034639
0.034504
0.034652
0.034405
0.034565
0.034411
0.034584
0.034277
0.034468
0.034346
0.034599
0.034390
0.034490
0.034365
0.034492
0.034411
0.034565
0.034450
0.034492
0.053200
0.034718
0.033758
0.033861
0.033864
0.033992
0.033986
0.034215
0.034005
0.033918
0.033842
0.033937
0.034039
0.034252
0.033929
0.034299
0.033711
0.034121
0.033906
0.033959
0.052718
0.034070
0.033821
0.033945
0.033838
0.034188
0.033677
0.033879
0.033961
0.043120
0.044397
0.040866
0.043199
0.043353
0.043043
0.041451
0.033907
0.033966
0.034208
0.034052
0.052693
0.034095
0.033980
0.034062
0.033964
0.034070
0.033990
0.033746
0.033809
0.034111
0.033823
0.033934
0.034211
0.039657
0.042787
0.047503
0.039652
0.035408
0.037270
0.042568
0.062381
0.043713
0.044775
0.037485
0.035672
0.035859
0.038665
0.038648
0.044158
0.034197
0.033895
0.034019
0.033990
0.034159
0.034013
0.043230
0.044443
0.038612
0.043011
0.044150
0.058603
0.036372
0.036895
0.035102
0.035568
0.035691
0.044637
0.035461
0.038871
0.037683
0.035445
0.034564
0.034060
0.034245
0.034600
0.041726
0.040465
0.040157
0.042382
0.040602
0.061860
0.041701
0.042463
0.042765
0.042028
0.034745
0.035599
0.034906
0.036271
