182,54,118,170
179,54,119,172
175,56,118,170
171,56,118,170
168,57,119,172
165,58,118,170
164,60,117,169
162,60,117,169
159,61,117,169
157,62,117,169
153,60,120,174
154,63,117,169
151,62,118,170
151,62,118,170
152,64,115,167
150,62,118,170
151,64,115,167
150,64,115,167
150,64,118,170
151,67,115,167
152,68,115,167
152,70,115,167
152,70,117,169
153,71,115,167
152,69,118,170
152,69,118,170
154,70,115,167
156,71,114,165
156,71,114,165
152,68,118,170
155,71,114,165
156,73,112,162
154,72,114,165
155,74,111,161
153,73,113,164
152,72,113,164
151,71,113,164
152,72,111,161
152,72,111,161
153,73,109,157
153,74,108,156
154,74,107,154
153,73,109,157
153,73,109,157
154,74,107,154
154,74,107,154
155,75,105,153
156,77,102,148
157,77,102,148
159,78,101,147
160,78,101,147
161,78,101,147
163,77,103,150
165,77,104,151
168,78,104,151
170,80,103,150
173,81,103,150
176,82,101,147
179,84,100,145
179,83,103,150
182,84,101,147
185,85,100,145
187,87,98,142
188,86,100,145
190,87,99,144
191,88,98,142
191,88,99,144
191,88,100,145
192,89,99,144
192,90,100,145
192,89,102,148
193,90,100,145
194,92,99,144
194,92,99,144
193,90,102,148
194,91,101,147
195,91,100,145
195,91,100,145
193,88,103,150
192,86,103,150
191,84,105,153
191,83,104,151
191,83,103,150
190,82,103,150
189,81,104,151
188,80,105,153
188,80,105,153
186,79,108,156
186,79,108,156
187,81,105,153
187,82,105,153
187,82,105,153
187,81,105,153
185,78,109,157
183,78,109,157
184,79,105,153
182,77,108,156
181,74,110,159
181,74,110,159
180,73,110,159
180,73,110,159
180,73,109,157
179,74,107,154
178,73,109,157
177,73,109,157
175,71,111,161
176,72,108,156
174,70,111,161
173,70,111,161
174,72,109,157
172,70,111,161
173,72,109,157
173,72,109,157
172,71,112,162
173,73,109,157
171,73,110,159
170,72,111,161
170,73,111,161
170,74,111,161
171,76,108,156
172,79,105,153
173,80,105,153
172,79,108,156
172,78,109,157
174,80,108,156
175,82,105,153
175,83,104,151
176,83,105,153
177,85,102,148
178,87,100,145
178,86,101,147
178,85,101,147
178,84,104,151
178,84,105,153
179,85,102,148
179,87,102,148
180,86,101,147
180,87,100,145
181,88,98,142
179,86,101,147
180,87,99,144
179,86,102,148
180,86,101,147
181,87,100,145
180,84,102,148
181,86,100,145
181,86,100,145
180,85,102,148
180,85,101,147
180,85,101,147
179,84,102,148
179,84,102,148
179,84,102,148
179,84,102,148
179,83,102,148
179,84,102,148
178,83,103,150
178,83,102,148
176,81,105,153
175,79,107,154
176,81,104,151
175,80,105,153
176,80,104,151
176,81,104,151
175,80,105,153
175,80,104,151
173,78,108,156
175,80,105,153
174,77,108,156
175,78,105,153
174,76,109,157
175,77,107,154
175,77,108,156
175,77,108,156
176,79,105,153
175,77,109,157
177,79,105,153
177,79,105,153
176,79,107,154
176,79,108,156
176,79,108,156
176,79,109,157
178,81,105,153
179,81,104,151
179,81,105,153
178,82,105,153
179,82,105,153
178,81,107,154
179,82,105,153
179,82,105,153
180,83,104,151
179,83,105,153
179,84,104,151
179,83,104,151
180,84,104,151
180,84,103,150
179,84,104,151
179,83,105,153
180,84,104,151
179,84,105,153
180,85,104,151
181,85,103,150
180,85,105,153
182,86,103,150
182,86,104,151
184,87,101,147
184,87,103,150
185,87,102,148
186,87,103,150
188,89,100,145
189,89,99,144
191,90,99,144
193,91,98,142
195,91,98,142
197,91,98,142
200,91,99,144
204,92,100,145
205,93,98,142
208,93,96,140
211,93,99,144
214,95,97,141
215,94,100,145
216,94,101,147
217,93,101,147
218,93,104,151
219,92,107,154
222,91,107,154
222,92,109,157
224,92,107,154
224,92,107,154
229,95,103,150
231,95,103,150
234,94,104,151
240,95,103,150
246,97,100,145
247,96,100,145
249,96,100,145
249,94,103,150
251,93,104,151
254,93,103,150
256,93,103,150
259,93,100,145
261,93,101,147
263,93,101,147
268,94,98,142
271,95,96,140
274,96,97,141
272,94,99,144
274,95,98,142
276,95,98,142
278,95,100,145
281,96,98,142
282,95,100,145
284,95,99,144
288,97,97,141
292,96,98,142
293,94,101,147
297,95,99,144
302,97,97,141
304,96,98,142
308,97,96,140
313,98,95,138
318,99,95,137
322,99,95,137
325,100,94,136
328,100,95,137
331,100,95,138
334,99,96,140
337,99,97,141
341,100,95,138
344,101,95,137
346,100,95,138
348,99,97,141
349,98,98,142
353,100,96,140
357,101,95,137
357,99,97,141
359,99,97,141
361,99,96,140
362,98,98,142
366,100,95,138
367,99,96,140
369,100,96,140
372,101,95,138
374,101,95,138
376,102,95,137
377,101,95,138
379,101,95,138
382,102,95,137
382,100,97,141
384,101,95,138
385,100,96,140
387,100,97,141
389,101,97,141
391,103,95,137
391,101,97,141
393,103,95,138
393,101,98,142
395,102,97,141
396,102,97,141
396,101,98,142
397,102,97,141
398,102,97,141
399,102,97,141
398,101,100,145
397,101,101,147
398,102,101,147
398,102,102,148
399,103,101,147
401,103,100,145
401,104,98,142
401,104,99,144
400,103,102,148
402,104,99,144
402,104,99,144
403,104,99,144
403,104,100,145
404,104,99,144
404,104,100,145
405,105,98,142
406,105,97,141
406,104,98,142
407,104,97,141
406,102,99,144
408,103,97,141
408,103,98,142
408,103,98,142
407,102,99,144
408,103,97,141
408,103,97,141
407,103,98,142
408,104,97,141
407,104,96,140
406,103,98,142
406,105,96,140
405,104,98,142
405,105,97,141
405,104,98,142
405,105,97,141
405,105,97,141
405,106,95,138
405,106,95,138
403,106,97,141
404,106,95,138
402,104,97,141
402,105,96,140
402,106,95,138
402,106,95,138
402,106,95,137
400,104,97,141
400,104,97,141
401,106,95,137
399,105,96,140
400,106,95,138
399,105,96,140
399,105,96,140
399,105,96,140
400,105,96,140
401,107,94,136
400,106,95,138
400,107,94,136
401,106,94,136
400,106,94,136
400,107,94,136
400,107,94,136
399,107,95,137
400,108,93,134
400,107,93,134
399,108,92,133
399,108,91,132
399,108,92,133
397,107,94,136
399,107,92,133
399,107,92,133
400,108,89,129
400,109,90,130
399,107,92,133
400,108,89,129
401,110,88,128
401,109,89,129
402,109,88,128
403,110,88,128
404,110,86,124
404,110,86,124
404,109,87,126
405,109,86,124
406,109,85,123
406,109,85,123
406,109,86,124
407,109,84,121
407,109,85,123
406,108,85,123
406,109,86,124
407,109,86,124
407,109,85,123
408,112,83,120
409,112,81,117
408,112,83,120
408,111,83,120
408,113,81,118
408,112,83,120
408,113,81,117
408,113,82,119
408,113,81,117
408,114,80,116
408,114,81,117
409,117,78,113
408,117,80,116
407,118,79,114
408,120,77,112
406,120,78,113
405,121,77,112
404,121,78,113
403,122,78,113
402,123,76,110
400,122,78,113
399,122,78,113
398,124,76,110
397,125,75,109
396,124,76,110
394,125,75,109
393,125,75,109
392,125,75,109
391,125,75,109
391,125,74,108
389,125,74,108
388,124,75,109
388,126,74,107
388,126,73,106
386,125,74,107
386,126,73,106
384,126,74,107
383,126,74,107
382,126,73,106
380,125,74,108
380,127,72,105
379,126,74,107
378,127,72,105
377,128,72,104
377,128,72,104
374,127,73,106
373,127,73,106
373,128,72,105
371,128,72,105
371,129,71,103
370,129,71,103
367,128,72,105
367,130,71,103
365,130,71,103
364,129,72,104
363,130,71,103
362,130,71,103
361,131,70,102
359,130,71,103
358,130,71,103
357,131,69,101
355,131,69,101
354,132,69,101
353,132,70,102
352,132,70,102
351,133,69,101
350,133,69,101
349,133,69,101
348,134,69,101
348,136,69,100
347,136,69,101
347,137,69,101
347,139,69,101
347,140,69,100
346,141,69,100
346,141,69,101
346,142,69,101
345,141,72,104
345,141,72,105
345,142,72,104
344,141,73,106
345,141,72,105
345,141,72,105
344,140,74,108
343,139,75,109
344,139,74,107
343,138,75,109
343,138,75,109
342,137,76,110
342,136,77,112
343,137,75,109
342,136,77,111
341,133,79,114
342,134,77,111
341,132,79,114
341,132,79,114
341,131,79,114
342,133,77,111
341,131,79,114
340,129,80,116
340,128,81,118
340,129,81,117
339,128,81,118
339,127,82,119
337,126,84,121
338,126,83,120
338,126,83,120
337,124,84,121
337,125,84,121
338,125,82,119
338,125,82,119
337,124,84,121
337,124,84,121
337,123,85,123
337,123,85,123
337,123,86,124
337,123,85,123
337,123,86,124
337,123,84,121
337,123,85,123
338,125,82,119
338,124,84,121
338,124,84,121
337,123,86,124
337,123,85,123
338,123,85,123
338,122,86,124
337,122,86,125
337,121,87,126
338,122,86,124
338,122,86,124
338,121,86,124
338,121,86,124
338,121,86,124
338,122,86,124
338,121,86,124
338,121,86,124
338,121,86,124
338,121,86,124
338,121,86,124
337,120,88,128
338,121,86,124
336,120,88,128
336,120,88,128
336,120,88,128
336,120,88,128
336,120,86,125
335,119,89,129
335,119,88,128
335,119,88,128
335,119,87,126
335,119,88,128
335,119,88,128
335,118,88,128
335,118,88,128
334,117,89,129
334,117,89,129
334,116,89,129
334,116,90,130
334,116,90,130
335,117,88,128
335,117,88,128
335,117,88,128
335,117,88,128
334,116,89,129
335,117,88,128
335,116,88,128
335,116,88,128
333,115,89,129
334,116,88,128
333,115,90,130
332,115,89,129
332,115,89,129
333,116,88,128
332,115,88,128
331,115,89,129
331,115,89,129
331,115,89,129
331,115,89,129
330,115,89,129
331,116,88,128
330,114,90,130
330,114,90,130
330,114,90,130
330,115,89,129
330,115,89,129
330,114,89,129
331,115,88,128
331,115,88,128
330,114,89,129
329,113,91,132
331,115,88,128
330,114,90,130
329,114,90,130
329,115,90,130
328,113,91,132
329,115,90,130
328,115,90,130
327,113,91,132
327,114,91,132
327,114,91,132
327,114,91,132
328,115,90,130
328,116,90,130
328,116,90,130
328,116,90,130
327,117,90,130
327,117,90,130
327,118,90,130
327,118,90,130
328,119,88,128
328,119,88,128
328,119,88,128
327,118,89,129
327,120,88,128
327,120,88,128
327,120,88,128
326,119,89,129
326,120,89,129
325,120,90,130
326,121,88,128
326,122,88,128
325,122,88,128
325,122,88,128
325,122,88,128
326,124,86,124
324,122,88,128
323,122,88,128
323,122,88,128
321,121,89,129
322,122,88,128
322,123,86,124
320,122,88,128
319,121,89,129
319,122,88,128
318,122,87,126
319,123,86,124
317,122,88,128
317,122,88,128
317,122,86,125
317,123,86,124
317,123,86,124
317,123,86,124
316,122,86,124
316,122,86,124
316,122,86,124
317,122,86,124
317,122,85,123
317,122,85,123
318,122,85,123
318,122,86,124
318,122,86,124
319,122,86,124
320,124,83,120
320,122,85,123
321,123,85,123
322,123,85,123
323,123,85,123
325,124,83,120
325,123,85,123
327,125,82,119
328,125,83,120
329,125,82,119
329,125,83,120
330,125,83,120
330,125,83,120
331,125,82,119
332,125,81,118
331,125,83,120
332,125,81,118
332,125,83,120
332,125,83,120
333,124,83,120
334,125,82,119
333,124,83,120
334,124,82,119
333,123,85,123
333,123,85,123
333,123,84,121
334,124,83,120
334,124,83,120
333,122,86,124
333,122,86,124
334,123,83,120
335,123,83,120
335,123,83,120
334,122,84,121
334,121,86,124
335,123,83,120
335,123,83,120
335,123,83,120
335,123,83,120
335,123,83,120
336,123,83,120
335,121,86,124
335,121,86,124
336,123,83,120
336,121,86,124
336,121,86,124
336,121,86,124
336,122,86,124
336,122,86,124
336,121,86,125
336,122,86,124
337,122,86,124
337,122,86,124
337,122,86,124
337,122,85,123
337,122,86,124
337,121,86,124
337,122,86,124
337,121,86,124
336,121,86,124
336,121,86,124
336,121,86,124
335,120,86,125
335,120,87,126
336,120,86,124
335,120,86,124
334,119,88,128
334,119,88,128
335,120,86,124
334,119,88,128
334,119,88,128
335,120,86,124
335,120,86,124
334,119,86,125
334,119,86,125
334,118,87,126
334,118,87,126
334,117,89,129
334,118,88,128
334,118,87,126
334,117,89,129
334,117,89,129
334,117,89,129
334,117,89,129
334,117,89,129
335,118,87,126
334,118,90,130
334,119,88,128
334,119,88,128
334,119,88,128
334,120,88,128
334,120,88,128
334,120,88,128
334,120,88,128
333,121,87,126
333,121,87,126
334,123,86,124
332,122,87,126
333,123,86,124
332,123,88,128
333,124,86,124
331,124,88,128
331,124,88,128
330,124,88,128
330,124,88,128
331,125,86,124
329,124,88,128
329,124,88,128
329,124,88,128
328,124,88,128
330,125,86,124
330,125,86,124
330,124,86,124
330,124,86,124
329,123,88,128
329,123,88,128
328,122,90,130
329,123,88,128
331,124,86,124
330,123,88,128
330,122,90,130
331,123,88,128
332,123,88,128
332,122,88,128
333,122,88,128
333,121,88,128
334,121,88,128
334,120,88,128
335,119,88,128
334,118,89,129
336,118,88,128
337,117,88,128
336,115,91,132
339,116,88,128
340,116,88,128
341,116,88,128
342,116,88,128
343,116,88,128
342,115,91,132
345,117,88,128
346,117,88,128
347,118,88,128
349,118,88,128
350,119,87,126
350,119,89,129
352,120,87,126
354,122,86,124
354,123,86,124
355,124,86,124
355,125,86,124
354,126,86,124
357,128,83,120
358,129,82,119
358,129,81,118
356,129,83,120
354,128,86,124
353,128,86,124
354,130,83,120
354,131,81,118
353,131,81,118
352,131,81,118
351,132,81,118
350,132,81,118
349,132,81,118
347,132,81,118
346,133,81,118
345,133,81,117
344,134,80,116
343,134,80,116
341,134,80,116
340,134,81,118
338,134,81,118
337,134,81,118
336,134,81,118
333,134,83,120
333,135,81,118
331,135,81,118
330,136,81,118
327,136,83,120
326,136,81,118
325,137,81,118
323,136,81,118
321,136,82,119
319,135,83,120
318,135,81,118
317,135,81,118
314,134,83,120
313,135,82,119
311,134,83,120
310,135,83,120
308,135,83,120
308,135,81,118
306,136,81,118
305,136,81,118
303,135,82,119
302,135,82,119
301,135,82,119
300,135,82,119
299,135,81,118
297,134,83,120
297,134,82,119
296,134,83,120
295,134,83,120
295,135,82,119
294,135,82,119
294,136,82,119
294,137,80,116
293,137,81,117
292,136,82,119
291,137,82,119
291,137,82,119
290,138,81,117
289,138,81,117
288,138,81,117
288,138,80,116
287,138,80,116
285,138,82,119
285,139,80,116
283,139,81,117
282,138,81,117
280,138,81,117
279,138,81,117
279,139,79,114
277,139,79,114
276,139,79,114
274,139,79,114
273,139,79,114
271,140,79,114
269,140,79,114
269,141,77,112
267,141,77,112
266,142,77,111
263,142,77,112
261,142,78,113
260,143,76,110
259,143,76,110
257,143,76,110
255,143,76,110
253,143,76,110
251,144,75,109
249,144,75,109
247,144,75,109
245,144,75,109
243,144,75,109
242,145,74,108
240,146,74,107
237,145,76,110
236,145,75,109
234,145,75,109
232,145,75,109
231,146,74,108
230,146,74,107
227,145,76,110
227,146,75,109
226,146,75,109
226,146,74,108
226,146,75,109
226,147,74,108
226,146,75,109
228,147,74,107
228,147,75,109
230,148,74,107
232,148,73,106
233,148,74,107
236,149,73,106
237,148,74,108
240,148,74,108
242,148,75,109
245,149,74,107
250,150,72,104
253,150,72,104
255,149,73,106
259,150,72,104
261,149,73,106
265,151,71,103
266,149,72,105
268,148,74,107
272,150,72,104
274,150,72,105
276,149,74,107
278,150,73,106
281,150,72,105
285,152,70,102
286,152,71,103
288,152,72,105
289,152,73,106
293,153,71,103
293,153,73,106
295,153,73,106
298,153,73,106
300,153,73,106
303,154,72,105
306,154,72,105
309,155,71,103
311,155,72,104
314,155,72,104
318,155,69,101
321,154,69,101
324,154,70,102
325,152,72,105
329,152,71,103
332,151,72,105
335,150,72,104
339,149,72,104
342,148,71,103
344,146,72,104
348,146,69,101
350,144,71,103
353,142,71,103
357,141,69,100
358,139,69,101
361,137,71,103
364,136,69,100
365,133,71,103
368,132,70,102
370,130,69,100
372,128,69,100
375,127,67,98
377,126,67,98
377,122,69,100
380,122,67,97
381,118,68,99
383,117,67,98
384,114,67,98
385,111,69,100
387,110,67,98
388,108,68,99
391,108,67,98
392,108,67,98
395,109,65,95
397,110,65,95
399,111,65,95
401,112,65,95
403,113,65,95
405,114,65,95
408,115,65,95
410,116,66,96
413,118,65,95
416,118,66,96
419,119,67,97
422,120,65,95
425,120,66,96
428,120,66,96
430,119,68,99
433,120,67,98
437,122,65,95
439,123,66,96
441,122,68,99
444,124,67,98
448,126,66,96
450,127,67,98
453,128,66,96
456,129,67,97
456,128,69,100
459,128,69,100
460,128,70,102
463,129,69,100
464,129,70,102
466,129,69,101
469,130,67,98
469,129,69,101
471,129,69,100
474,130,67,98
476,131,67,97
477,131,67,97
478,130,67,98
480,131,67,97
481,131,67,97
482,130,67,98
483,131,67,97
484,131,67,98
485,131,67,98
486,131,67,98
488,132,67,97
489,133,65,95
489,133,66,96
491,133,65,95
491,132,67,97
490,131,68,99
491,130,69,100
492,130,69,101
493,129,71,103
495,129,69,101
496,129,69,101
496,129,71,103
497,128,72,104
498,129,71,103
498,129,71,103
498,128,72,105
498,129,72,104
497,128,72,105
497,127,74,107
497,127,74,107
498,129,72,104
497,130,71,103
498,131,69,100
499,133,67,97
499,134,66,96
499,133,67,98
498,133,67,98
499,134,66,96
499,134,67,97
498,135,67,97
498,135,67,97
498,135,67,97
498,135,67,97
497,133,69,100
498,135,67,97
497,133,69,100
498,135,67,98
498,135,67,98
498,135,67,98
496,133,69,100
496,134,68,99
496,134,68,99
497,135,67,97
496,135,67,98
496,136,67,97
495,134,68,99
495,136,67,97
495,136,67,97
493,134,69,100
493,135,68,99
493,136,68,99
491,135,69,101
491,135,69,100
491,136,68,99
490,135,69,100
489,135,70,102
488,137,68,99
489,138,66,96
489,140,64,93
489,142,62,90
490,141,62,90
490,141,62,90
489,140,64,93
488,140,64,93
488,140,64,93
489,141,62,90
488,140,64,93
489,141,62,90
489,141,62,90
489,141,62,90
488,141,62,90
488,141,62,90
487,141,62,90
487,141,62,90
486,141,62,90
486,142,61,88
485,142,63,91
485,143,62,90
485,144,62,89
484,144,62,90
483,144,62,90
482,143,63,92
482,143,63,92
482,144,62,90
481,143,64,93
481,144,62,90
480,144,62,90
480,145,62,90
479,145,62,90
479,145,62,90
478,144,64,93
478,146,62,90
477,145,64,93
478,146,62,90
477,146,62,90
476,145,63,92
476,145,64,93
475,144,65,95
474,144,67,97
474,144,65,95
474,143,67,97
474,143,67,97
473,144,67,97
473,144,67,98
473,144,66,96
472,144,66,96
472,144,66,96
472,145,65,94
472,144,67,97
472,145,65,95
472,145,65,95
472,144,67,97
473,144,66,96
473,144,67,97
473,144,67,97
473,144,67,97
474,144,66,96
474,145,65,94
474,144,67,97
474,144,66,96
474,144,67,97
475,144,67,98
476,145,66,96
475,143,68,99
476,144,67,97
476,144,67,98
477,143,68,99
477,143,69,100
478,142,69,101
477,143,68,99
478,145,67,97
476,142,69,100
478,143,68,99
478,143,68,99
479,143,67,97
479,144,65,95
480,144,66,96
480,145,65,94
481,144,65,95
482,144,65,94
482,144,66,96
483,144,66,96
482,142,68,99
484,143,67,98
483,142,68,99
482,141,69,101
484,142,67,98
483,142,68,99
482,141,69,101
483,142,68,99
482,141,69,101
483,142,67,98
483,142,67,97
482,142,67,97
481,142,67,97
480,141,68,99
479,141,69,100
478,141,68,99
477,141,69,100
476,141,68,99
475,141,69,100
476,143,67,97
475,142,67,98
474,142,67,97
473,141,67,98
473,141,67,97
471,140,69,100
472,141,67,97
471,140,68,99
471,140,67,98
471,141,67,97
471,140,67,97
470,139,69,100
470,139,69,101
471,140,68,99
473,141,66,96
472,140,68,99
472,140,69,100
473,140,68,99
473,140,68,99
474,140,68,99
474,140,68,99
475,141,68,99
475,140,68,99
475,140,68,99
475,140,69,100
477,142,67,97
476,141,68,99
477,142,67,98
478,143,67,97
477,142,68,99
478,143,68,99
478,143,68,99
479,144,66,96
480,146,64,93
479,145,66,96
479,145,66,96
479,145,66,96
480,147,64,93
479,145,66,96
478,144,67,98
479,146,66,96
478,144,67,98
478,145,67,97
477,143,67,98
477,143,66,96
477,144,66,96
476,142,67,98
474,141,69,100
474,140,69,101
474,140,70,102
472,139,72,104
472,139,71,103
471,138,72,105
471,138,71,103
471,138,70,102
469,137,72,105
468,136,73,106
468,135,74,107
467,135,74,107
467,135,73,106
467,135,73,106
465,134,74,107
465,134,74,107
464,132,75,109
464,132,77,111
463,132,76,110
463,132,76,110
463,132,76,110
463,132,76,110
463,132,75,109
462,132,76,110
463,132,75,109
461,131,76,110
462,131,76,110
460,130,77,112
460,130,77,112
460,130,77,112
460,130,77,111
460,130,77,111
460,130,77,111
461,130,75,109
460,129,77,111
459,130,77,111
459,130,77,111
459,130,77,111
457,129,78,113
457,129,78,113
456,129,78,113
456,129,77,112
456,129,77,112
455,129,77,112
455,129,78,113
455,129,77,112
453,128,79,114
453,128,79,114
452,128,79,114
453,129,77,112
452,128,79,114
452,128,79,114
452,128,78,113
451,128,79,114
450,128,80,116
450,128,80,116
451,128,79,114
450,127,81,117
450,127,81,117
451,128,80,116
453,129,78,113
454,129,77,112
453,128,79,114
453,128,79,114
453,127,80,116
453,128,80,116
454,129,78,113
452,126,81,117
452,127,80,116
453,127,79,114
452,127,80,116
452,126,81,117
452,127,80,116
453,127,80,116
453,127,80,116
452,126,82,119
453,127,80,116
453,126,81,117
452,126,82,119
453,127,80,116
454,127,79,114
453,126,80,116
454,127,79,114
453,126,81,118
454,127,79,114
454,126,80,116
455,127,78,113
455,128,78,113
455,128,78,113
455,128,78,113
455,128,78,113
454,128,78,113
454,129,78,113
454,130,77,112
454,130,77,112
453,131,77,111
452,130,78,113
452,131,78,113
452,131,78,113
452,132,78,113
451,132,80,116
450,132,81,118
449,133,80,116
450,134,81,118
446,135,84,121
443,136,86,125
438,138,88,128
434,145,86,124
432,151,83,120
429,154,83,120
427,152,85,123
425,155,82,119
422,156,81,118
418,155,84,121
415,156,86,124
412,158,86,124
409,159,83,120
404,159,86,124
400,161,86,124
395,163,83,120
391,165,81,118
387,166,83,120
381,165,86,124
376,165,86,124
371,164,88,128
366,165,86,125
362,165,88,128
356,165,86,125
351,165,88,128
346,167,90,130
340,169,91,132
336,171,93,134
331,176,91,132
326,181,93,134
319,184,95,137
317,195,95,138
303,180,97,141
294,178,100,145
288,180,102,148
284,182,105,153
281,183,108,156
278,184,111,161
282,184,109,157
280,185,105,153
291,186,107,154
295,189,109,157
294,192,109,157
295,198,108,156
299,208,109,157
276,185,111,161
281,184,112,162
284,183,112,162
286,182,114,165
285,179,118,170
