276.666667,64.8,104.666667,183.0
277.633728027,62.5422058105,100.16784668,181.97354126
280.206665039,62.2438659668,96.4432373047,176.8465271
282.368682861,61.0565795898,92.9359436035,176.621612549
281.697692871,60.2485351562,91.3630981445,174.828552246
280.729858398,62.4568481445,91.9414672852,169.984008789
279.585174561,59.8930206299,90.0242004395,166.062911987
277.569091797,60.298324585,90.1507568359,167.042037964
277.233215332,58.3366546631,90.4226074219,168.868972778
275.75604248,55.9512329102,90.7498779297,171.29776001
272.485229492,60.0194091797,93.7459716797,168.772064209
271.586029053,56.0936279297,95.2389221191,170.056549072
269.728027344,55.0995025635,94.3383178711,166.304428101
265.598358154,61.2893218994,97.9889831543,162.93800354
256.094238281,61.4027404785,94.6959533691,168.717651367
255.151657104,56.4806976318,94.9240570068,173.703384399
252.271102905,60.5229492188,94.7035980225,173.480773926
240.362442017,60.5079345703,96.1167449951,176.112213135
240.109848022,61.730682373,90.5558929443,186.292144775
237.639862061,61.916229248,87.9369506836,180.179412842
227.116775513,64.158416748,90.5554656982,176.233123779
226.3646698,69.4469909668,92.7232818604,176.997558594
224.187042236,67.1727294922,92.9914245605,181.158081055
221.175415039,68.4969787598,96.1858520508,191.170532227
220.588699341,64.048614502,93.2758331299,194.893432617
218.209274292,69.0935058594,91.5910797119,186.256011963
216.208236694,64.5659179688,90.5199127197,188.5128479
213.843276978,71.2823486328,90.9331512451,190.710754395
211.676315308,65.2563171387,89.0268096924,188.748260498
212.582901001,74.1074829102,88.4761810303,183.029754639
213.701095581,67.2804870605,85.4420928955,197.170074463
212.158721924,70.5116271973,87.0308837891,189.149963379
212.773208618,68.7223205566,87.7611236572,181.385345459
213.055847168,70.2035522461,86.0003051758,181.600311279
215.167129517,74.0825805664,82.0771331787,183.273071289
216.998123169,70.2365722656,82.1171722412,174.148895264
217.662628174,78.165802002,84.0680847168,178.103851318
218.59979248,71.8852844238,82.4380187988,176.639862061
218.798065186,78.8341369629,79.8319702148,176.768035889
220.179870605,74.0009765625,81.3686523438,171.786712646
219.843933105,78.4110717773,81.3233337402,171.84777832
220.343231201,77.6276550293,81.6960754395,169.622131348
220.298950195,74.9417724609,79.3499755859,172.97265625
221.159210205,83.6852111816,79.6635437012,167.861907959
220.794754028,77.3520507812,78.6747894287,168.352600098
221.55078125,81.058807373,80.182800293,162.731567383
222.425933838,82.5256347656,81.0216674805,159.149414062
223.868041992,81.5157470703,78.0020751953,155.03793335
226.263366699,82.7411346436,76.0376281738,156.589309692
226.413757324,83.0550079346,77.5609741211,148.988815308
228.021881104,81.8005371094,75.0967407227,153.967926025
230.077697754,80.4031677246,74.3882751465,160.240753174
231.020751953,80.1916503906,73.7665405273,155.933746338
232.373855591,78.6406707764,74.4211883545,153.384048462
233.45892334,81.4909667969,75.0834655762,154.118164062
233.079071045,74.5532073975,74.795501709,159.472427368
233.697387695,77.497543335,74.5657348633,157.742019653
233.660003662,76.1180725098,75.653717041,149.81362915
234.081192017,76.0864562988,72.4209442139,154.519805908
235.707199097,75.7605285645,73.9277191162,147.894683838
233.787506104,78.3315124512,73.8578796387,148.320068359
234.196289062,79.6734771729,72.3503417969,150.495071411
235.007354736,78.145980835,69.8330993652,149.400283813
236.47277832,79.2752990723,71.2907409668,149.134246826
236.775878906,78.575302124,68.9831542969,147.263687134
237.828277588,80.6089630127,68.9864807129,147.569046021
239.691650391,80.9167938232,68.2390136719,149.078414917
238.556442261,80.6086578369,69.3323516846,156.13722229
239.3152771,77.0462799072,70.1713562012,161.625228882
239.533782959,75.966217041,71.3653564453,155.239349365
240.852416992,75.8681945801,69.9879150391,160.434875488
238.339279175,78.8640289307,72.4959869385,157.211624146
235.318359375,78.7470703125,76.2551269531,161.494506836
236.445724487,72.64453125,79.4741668701,161.854492188
236.590820312,73.2631378174,87.3913879395,158.803573608
236.854293823,70.2958374023,93.6267547607,162.03717041
234.575836182,69.1321563721,103.805877686,164.5365448
246.420593262,69.9871826172,120.685760498,162.308166504
238.30770874,71.0551757812,135.484863281,160.004486084
235.465911865,68.739151001,137.373962402,170.033493042
229.971679688,68.9491577148,144.640838623,179.216918945
228.12940979,68.1906433105,146.298721313,182.533721924
228.469497681,67.1101074219,145.893814087,187.820159912
228.98727417,61.719909668,144.062591553,194.340454102
226.534988403,61.621307373,143.042892456,194.825805664
225.957763672,61.4452209473,141.697021484,200.332366943
226.578460693,62.3955078125,144.868682861,202.807098389
225.523284912,63.8751525879,144.889068604,200.097595215
225.122268677,64.7291564941,145.805648804,203.281524658
226.487335205,65.8383178711,144.70223999,214.349365234
222.581680298,67.0098571777,148.763076782,212.843475342
221.698883057,60.9113769531,152.600402832,226.392028809
219.183227539,61.4709472656,153.724395752,232.607177734
217.226135254,64.0710449219,154.569854736,230.336730957
215.311828613,62.4438781738,158.212921143,231.546417236
214.047988892,61.4887084961,158.16166687,238.72644043
213.424942017,58.6890869141,162.478317261,248.610473633
210.779647827,57.1830444336,168.308517456,255.875366211
224.0887146,35.7764129639,168.262329102,255.805130005
221.195098877,28.6047172546,165.986328125,252.344955444
223.427093506,26.1774406433,164.737030029,250.445663452
224.259246826,25.3361816406,163.628936768,248.761077881
230.536331177,29.6662197113,160.78086853,244.431259155
228.454269409,32.0766677856,161.071914673,244.873748779
230.038131714,39.391494751,161.991012573,246.27104187
263.435058594,69.7768554688,106.805541992,174.191711426
258.431793213,70.0247497559,110.099639893,169.658538818
254.884765625,73.7822570801,112.291687012,167.758880615
252.422195435,75.1974487305,119.296615601,167.183959961
239.826583862,78.3974075317,120.390762329,168.717346191
240.789779663,77.3942108154,127.724594116,171.844406128
237.779037476,78.2547912598,132.357925415,173.673187256
235.24269104,73.9633331299,136.76210022,181.258621216
232.475692749,70.3358154297,143.550704956,182.923736572
229.530319214,71.7433776855,143.904037476,183.219299316
229.609375,72.6669311523,146.536865234,188.815368652
233.446487427,70.1909484863,142.468948364,189.521484375
235.441940308,69.4530029297,140.978744507,189.972045898
236.40184021,68.3631896973,139.379867554,191.668487549
237.20501709,67.0879211426,140.588684082,194.999694824
250.434814453,59.448600769,139.23828125,193.126647949
254.025512695,58.5140686035,137.647338867,190.919967651
254.744842529,49.9152832031,138.753082275,192.453674316
267.860534668,60.7563476562,101.99017334,185.333435059
274.441833496,53.0263671875,103.102539062,187.354797363
277.708007812,78.862739563,99.4810180664,178.831390381
272.7421875,72.1787109375,101.606140137,181.664550781
271.465484619,68.1617431641,101.523132324,178.158325195
269.488708496,68.8856506348,103.178955078,177.582366943
270.810455322,69.3140869141,101.302215576,178.758270264
269.732299805,71.6856994629,104.304016113,179.217895508
267.470336914,73.3301086426,109.317993164,174.905883789
267.706604004,73.591796875,111.270629883,174.510284424
267.289642334,73.4908447266,110.844726562,179.09173584
274.715087891,69.8943405151,111.487854004,180.130859375
275.345489502,71.6649627686,110.627990723,178.741592407
271.154663086,72.9118041992,111.410339355,179.965270996
265.498352051,73.5531311035,115.702392578,181.237060547
274.099060059,70.3881454468,116.320404053,182.205108643
273.242767334,68.9299621582,104.450042725,187.549591064
280.407745361,64.2720565796,105.470062256,189.381072998
282.765197754,69.2865905762,103.498168945,185.840362549
284.352783203,69.3129043579,101.562957764,182.365539551
282.258972168,58.898109436,101.444946289,182.153686523
286.186431885,74.6075286865,99.1883544922,178.101776123
291.050689697,85.3028564453,96.3515014648,173.00793457
292.077789307,80.208984375,93.9544677734,168.703826904
275.048461914,72.7102355957,96.4467163086,172.998443604
271.880645752,72.2641296387,107.658416748,183.226287842
269.096679688,47.3944473267,106.518432617,181.286132812
267.574127197,68.2808227539,105.213623047,185.622497559
264.920776367,67.7543640137,109.735717773,186.109466553
266.251312256,48.9155654907,110.045501709,186.634857178
265.897033691,49.0772514343,107.521728516,182.354598999
265.635284424,47.5577697754,106.660186768,180.893447876
266.032287598,52.4406852722,106.244934082,180.189163208
266.949707031,64.9337768555,106.21383667,190.212158203
261.742370605,66.3860168457,111.611175537,189.878875732
268.940856934,51.0460014343,111.163726807,189.117645264
270.12298584,71.4512329102,108.780639648,184.310852051
271.248962402,55.3882675171,108.561218262,183.939086914
270.539672852,68.4097900391,108.242980957,187.283599854
265.291870117,74.6932678223,113.034912109,187.29699707
257.286773682,70.8495483398,113.603485107,180.330932617
265.708007812,67.3666305542,114.136871338,181.177642822
263.740386963,51.8045768738,114.63192749,181.963424683
267.781494141,56.0552177429,113.596740723,180.320220947
265.681091309,85.263885498,114.229797363,185.486602783
265.324920654,64.2214202881,112.488922119,182.659790039
281.217956543,95.6944732666,112.488952637,182.65977478
275.744720459,76.4400863647,112.604034424,182.84664917
264.142272949,57.685749054,111.791503906,181.527282715
269.04095459,55.2890434265,110.887329102,180.059066772
278.468811035,84.8311080933,110.807342529,179.929168701
272.811828613,61.8402481079,109.732330322,178.183563232
273.442993164,68.7691040039,108.739044189,187.923431396
267.333404541,70.9605102539,114.305358887,187.504364014
271.248382568,73.1966552734,112.796600342,188.107666016
272.369567871,76.8055725098,113.955841064,188.343994141
270.983154297,71.9911499023,116.662536621,190.262939453
271.012084961,75.1373596191,118.094268799,192.564544678
268.624145508,71.4609680176,121.938201904,194.210693359
271.525268555,69.2763977051,120.394012451,195.629241943
271.604309082,71.115447998,122.84588623,193.800933838
273.234649658,71.4032592773,124.487915039,193.20526123
273.126831055,72.1599121094,126.638671875,189.624481201
269.79119873,69.754486084,127.152282715,191.653686523
269.399780273,71.2719726562,128.36920166,195.856811523
268.575408936,71.3130187988,131.942138672,200.734527588
268.683227539,68.9922485352,133.171905518,203.20916748
265.885437012,67.5291748047,130.025390625,206.705474854
268.655883789,63.9932861328,130.373413086,216.927856445
268.602172852,62.1699523926,133.518615723,225.816375732
268.162902832,61.6312255859,135.186187744,228.034301758
269.651000977,60.6269836426,137.572113037,235.058746338
269.214172363,61.1138916016,139.160797119,239.432922363
270.068267822,62.8422546387,140.614898682,247.900421143
265.835510254,59.9039916992,141.65612793,258.232788086
266.291381836,54.5804138184,145.779724121,272.435455322
264.089752197,51.0037536621,147.878387451,279.30178833
261.89239502,54.431427002,150.499664307,271.818572998
264.054626465,59.6109619141,150.118591309,267.281921387
261.64855957,53.0958862305,150.037689209,270.529663086
264.944000244,57.729675293,146.16595459,267.773742676
265.780761719,58.6541442871,146.514953613,265.439605713
266.408538818,54.6293945312,143.667785645,275.415649414
266.998626709,59.6062927246,142.313293457,274.74911499
266.374511719,57.3821411133,142.247039795,275.043395996
264.913391113,59.7189941406,142.529815674,269.295349121
263.078186035,53.0838928223,141.0753479,273.22756958
266.673217773,57.3647155762,139.420227051,279.668365479
268.521911621,57.4011535645,138.159820557,275.184356689
266.06539917,63.0382385254,139.059875488,269.10848999
266.619903564,59.4660339355,138.238739014,282.460540771
268.772827148,56.4123840332,137.815460205,289.165435791
272.9402771,55.2426452637,133.116424561,284.325042725
269.240447998,55.1749267578,133.544342041,277.151306152
269.761535645,57.0941772461,132.8855896,276.67578125
266.174255371,59.8164978027,135.701904297,274.535980225
266.847198486,56.962310791,137.24395752,270.914520264
268.225616455,60.1007995605,136.478637695,272.370880127
268.174591064,55.570098877,134.585296631,276.921173096
275.344299316,51.7680358887,129.111297607,284.30758667
274.873901367,57.4206237793,129.694793701,276.736053467
270.518707275,56.6083984375,133.156097412,275.762451172
272.739624023,58.4066772461,131.496124268,282.11907959
271.058990479,57.0958862305,134.557830811,282.503356934
271.034942627,58.3338317871,136.432159424,274.238494873
275.47277832,63.7568664551,133.260559082,275.913482666
272.860778809,53.6393737793,134.674621582,283.776519775
270.896179199,59.3385314941,137.959350586,279.737518311
268.766845703,62.5925598145,142.218017578,276.145111084
263.854858398,63.6647033691,146.765777588,279.002716064
265.658203125,57.1091003418,145.56350708,289.624542236
270.253082275,55.3561401367,144.990814209,296.097106934
265.531555176,64.153717041,148.980743408,280.695343018
265.549133301,54.4700927734,149.116943359,289.814758301
265.805114746,48.7011108398,152.738494873,295.19342041
259.528686523,56.013092041,156.790893555,278.474151611
255.984817505,56.9367980957,161.076431274,277.452606201
253.495864868,52.4646911621,165.077377319,280.264129639
250.663345337,50.1175537109,169.672439575,283.371520996
245.362319946,48.000213623,174.807907104,285.894073486
243.420288086,46.1915893555,178.571807861,288.210144043
243.724273682,48.7205810547,181.872009277,288.822143555
241.466400146,46.4105224609,184.125518799,292.983825684
239.676605225,52.7412109375,187.552062988,292.897888184
238.478057861,47.4253234863,186.362335205,299.30960083
234.110656738,47.2833862305,189.163574219,304.854553223
234.122253418,47.6233825684,191.999023438,300.576080322
231.809875488,47.6026306152,194.876251221,300.676055908
231.739440918,49.3348083496,197.487792969,295.662017822
232.211700439,45.8049926758,196.525939941,298.401672363
230.906463623,45.0813293457,197.175567627,300.235565186
230.089263916,48.1693725586,199.148071289,301.411193848
222.297515869,50.9321289062,205.62878418,295.753845215
212.230865479,61.1994934082,214.54776001,289.443634033
214.622528076,62.6046142578,215.664215088,287.864440918
206.357879639,69.2626342773,220.903045654,278.577270508
213.366699219,69.427947998,217.253845215,283.934295654
210.945098877,70.7118530273,219.820343018,278.89276123
212.353729248,67.6200256348,217.410736084,284.113372803
211.072631836,72.002532959,217.451965332,280.685211182
209.878417969,67.5574645996,217.82019043,282.785614014
210.169342041,71.1094055176,217.226043701,282.173370361
210.347198486,69.0602416992,216.811187744,283.484802246
211.086120605,70.3028564453,217.65447998,282.089294434
210.33795166,70.1441040039,216.15234375,280.098510742
208.186004639,69.3095397949,217.373809814,285.907806396
212.073364258,70.1436767578,223.522583008,282.0625
208.698303223,69.4175109863,221.810546875,281.694610596
210.996734619,71.9325866699,222.40536499,278.870697021
208.019012451,70.8163146973,220.646514893,280.599822998
212.578765869,69.5741577148,216.641876221,279.868774414
210.085754395,65.9977111816,216.733764648,282.63973999
208.055175781,69.1059265137,218.348632812,281.505584717
214.105407715,70.4977416992,215.717041016,283.744506836
208.245666504,71.6599731445,220.355529785,277.164367676
210.932434082,68.8992919922,217.386779785,280.659729004
207.251708984,65.0997009277,216.975463867,285.102508545
213.54901123,65.1100463867,210.947998047,289.462097168
211.176696777,69.4178466797,213.946044922,281.729187012
209.948974609,67.2608947754,215.610107422,281.720062256
209.041625977,69.0653991699,218.817749023,280.029266357
207.083679199,64.3791809082,219.324829102,285.511627197
212.284515381,64.8630371094,214.728240967,283.257751465
210.167022705,67.0738830566,216.948699951,283.51675415
204.579803467,69.923248291,219.728851318,280.040985107
212.977661133,66.8271789551,217.314697266,280.596221924
208.574676514,68.521697998,220.817657471,280.879180908
205.399780273,67.8268737793,224.857543945,281.407501221
211.976928711,65.1231994629,219.261169434,284.682220459
205.721130371,69.3232727051,225.922302246,280.125946045
206.737945557,68.4342346191,224.464996338,281.728668213
205.981872559,71.2315368652,225.622192383,277.166412354
206.342315674,70.0990600586,227.335479736,281.911865234
207.927093506,68.6979370117,226.054779053,276.907287598
205.6847229,64.348815918,224.696014404,285.853637695
210.966674805,69.1543273926,221.501647949,281.589752197
206.097259521,67.7070617676,224.951812744,282.950775146
208.939727783,69.8608398438,222.029022217,279.793457031
203.092041016,70.674987793,226.669006348,281.214050293
207.812927246,68.369354248,220.150939941,279.920623779
203.729949951,67.2378540039,221.267486572,284.912231445
210.018768311,64.1788330078,215.041473389,285.137329102
203.562042236,69.7144165039,217.863189697,279.34564209
206.618743896,64.2294616699,219.033966064,282.380767822
206.952728271,65.7980957031,216.237030029,282.952697754
205.201446533,69.0088806152,219.317657471,282.294158936
210.256469727,66.0393981934,212.413391113,283.427581787
202.079467773,69.5056152344,218.601318359,277.902832031
208.012084961,63.0631408691,216.389160156,288.624420166
207.53616333,68.8042297363,213.912811279,281.996307373
205.893066406,66.1891174316,213.618591309,285.212982178
212.019866943,62.5334777832,206.450653076,289.154693604
205.736572266,65.2401123047,212.698852539,281.249450684
210.285491943,62.9804992676,208.953948975,286.500091553
205.730926514,63.300567627,215.07333374,282.051849365
209.74987793,59.9101257324,215.159118652,286.089935303
200.158691406,64.1979980469,220.38067627,280.063537598
206.832275391,62.1866455078,218.155517578,280.076171875
206.637939453,57.5798950195,215.9921875,288.082336426
204.188964844,57.660369873,217.827331543,289.34274292
203.528564453,61.8486633301,222.911682129,285.898529053
205.102142334,58.6196289062,222.93838501,289.812438965
202.191650391,58.2350158691,226.193847656,290.161834717
199.546295166,60.7734680176,228.380706787,288.466827393
203.283691406,62.1682434082,225.784423828,281.919952393
203.687866211,58.8615722656,222.858337402,286.988830566
202.270202637,56.2146911621,224.694152832,290.035675049
202.837554932,59.5451660156,224.968536377,285.698791504
204.16607666,63.6167602539,223.840087891,280.134094238
207.817657471,58.8209228516,220.133575439,286.178771973
206.167297363,63.2086791992,217.227783203,283.115539551
209.464508057,61.5527038574,212.835968018,285.368804932
206.000274658,60.5733337402,215.183013916,282.875152588
206.912078857,56.2741394043,215.984954834,287.063446045
208.334564209,58.4926757812,213.872344971,285.309143066
202.98260498,61.7102355957,217.887145996,282.701202393
200.449768066,58.0475158691,223.11340332,288.081695557
200.047973633,63.0153808594,225.195983887,280.681518555
197.091278076,58.1692810059,225.496002197,285.738128662
201.694885254,62.3651123047,222.664428711,279.760253906
204.925445557,56.6455078125,219.509124756,284.840881348
200.691375732,61.323059082,220.478485107,286.195556641
203.376464844,59.6418457031,224.124267578,285.389953613
201.583679199,56.9364013672,219.139465332,290.192443848
199.245452881,64.8993835449,223.314483643,285.579437256
197.271972656,65.4657897949,226.65246582,280.346343994
199.592407227,63.011138916,223.934692383,278.457122803
204.938232422,64.276184082,220.554382324,279.238769531
205.761688232,56.6050415039,214.724212646,289.524475098
205.780517578,64.3604736328,216.207336426,281.326660156
202.532958984,62.4698181152,218.353515625,282.029144287
202.589508057,62.1666870117,222.021514893,279.482543945
207.249267578,62.6643676758,214.711242676,282.380554199
202.869110107,65.7106628418,218.67086792,278.571502686
202.056732178,61.267791748,221.357391357,283.886016846
205.404968262,61.6326904297,219.846374512,280.507446289
209.786010742,64.5984191895,212.145812988,284.62411499
206.048583984,65.0408325195,217.191345215,276.323181152
202.139068604,64.3334655762,220.779327393,284.965423584
201.144287109,59.8475952148,223.139831543,288.067626953
199.996429443,64.2980651855,225.044525146,280.318939209
198.83416748,61.1569213867,225.317321777,283.232727051
198.44720459,66.257019043,225.98828125,273.366088867
197.965057373,66.357421875,225.426971436,280.450683594
196.363494873,64.1743774414,227.810455322,281.070617676
202.408630371,61.8033447266,221.814453125,284.41619873
204.917541504,61.9856872559,217.442199707,285.229156494
203.522125244,63.1016235352,219.832244873,285.931213379
199.680969238,62.9857177734,220.717285156,284.785766602
203.585540771,58.4204406738,222.985748291,283.56942749
202.161560059,59.7200927734,219.878540039,286.513427734
205.030212402,63.2774658203,216.816833496,282.24432373
202.055908203,61.6583557129,218.443359375,282.246185303
207.014099121,61.9999694824,217.895263672,279.901031494
209.376800537,66.5422973633,214.576202393,282.147705078
203.619842529,65.8168029785,216.40512085,278.637237549
203.725067139,59.3726196289,219.195343018,282.965454102
202.804321289,62.0804748535,219.354370117,283.798492432
202.700134277,60.5581054688,219.981201172,283.546142578
204.222106934,60.9878845215,217.281616211,286.11819458
200.650115967,64.5412597656,220.337493896,282.615966797
204.197265625,60.4001159668,222.16619873,285.283660889
208.359985352,58.0629577637,215.744018555,288.52432251
201.253112793,60.7805175781,216.875610352,283.240600586
209.532226562,63.4329528809,213.784973145,280.368377686
206.828094482,60.4172058105,213.110748291,280.084136963
208.2734375,61.2141418457,214.385070801,289.362091064
205.433807373,66.3660888672,216.171051025,279.254699707
203.390441895,64.0871887207,214.406494141,283.107391357
204.24130249,64.6362915039,212.385223389,286.106567383
201.9894104,65.9411315918,216.34677124,286.191925049
204.047576904,61.5192260742,216.810882568,288.447509766
202.357879639,64.4288330078,217.583282471,283.442077637
203.344665527,66.6142578125,214.108886719,283.342285156
200.988800049,66.8675537109,217.504058838,286.534301758
206.581604004,60.6336364746,212.777404785,290.63760376
202.497894287,64.5112915039,215.301483154,282.625793457
203.099304199,64.8811950684,215.014404297,285.316192627
202.656066895,64.0455932617,213.601379395,287.979064941
204.134765625,63.6920166016,212.503295898,287.295288086
204.910919189,63.7279052734,212.400299072,289.18347168
204.518798828,63.890411377,211.58190918,287.115203857
202.083007812,62.4833374023,212.775390625,289.502868652
201.612823486,61.4952087402,214.515228271,286.720428467
199.568817139,61.670715332,216.752288818,287.870910645
199.763519287,59.1399841309,220.667755127,289.1121521
197.007263184,64.2930603027,221.538024902,284.567657471
198.025177002,65.4638671875,222.6925354,283.382385254
196.417053223,63.4679870605,222.516418457,288.296173096
198.669769287,63.1486816406,222.726654053,285.673278809
195.56930542,66.2559814453,224.483795166,285.980834961
200.707550049,61.8452148438,221.754425049,286.044128418
198.078216553,60.2953796387,220.905853271,289.171905518
199.78817749,65.0684814453,220.7940979,282.502685547
201.816650391,61.4691467285,217.41595459,289.672393799
199.936828613,61.3276977539,221.231506348,288.750610352
197.672912598,62.351348877,222.747131348,287.551971436
195.242431641,63.1533203125,226.387695312,285.393798828
196.08303833,60.7134399414,227.436248779,283.752807617
194.555541992,60.0386352539,226.724243164,285.954650879
197.111968994,61.7442626953,224.782562256,283.536193848
196.885253906,63.2013549805,221.278076172,286.633361816
201.929168701,64.948425293,222.725616455,279.84753418
199.105926514,58.8369750977,220.460662842,287.924377441
199.504241943,61.413269043,219.271209717,288.024475098
196.707122803,62.6495361328,225.168609619,285.438659668
197.367370605,64.1808166504,219.79498291,286.655731201
202.995697021,62.6991882324,217.016021729,284.912078857
199.978027344,58.0400695801,214.357788086,290.022796631
199.237823486,59.6855163574,215.695526123,290.971893311
199.842590332,61.6602172852,215.87677002,287.062683105
199.3956604,60.2608947754,217.102752686,286.921600342
199.460357666,59.7130737305,217.373016357,290.124572754
201.335632324,61.2798461914,218.091186523,287.570007324
198.842376709,59.7297668457,216.874664307,289.647613525
198.058502197,60.7484436035,219.158477783,287.648956299
195.506256104,64.7258911133,223.191802979,284.205993652
197.504058838,65.3566589355,222.538543701,279.060821533
201.876281738,59.8946838379,215.476501465,287.793304443
196.760467529,60.847869873,216.192474365,288.128204346
199.050750732,64.8248291016,218.02822876,278.195129395
205.231811523,56.9688415527,211.932495117,289.706329346
199.675994873,57.8805236816,211.036224365,291.052154541
198.234222412,63.1726379395,213.425628662,284.261566162
201.152618408,62.9311218262,210.896697998,285.367523193
201.236480713,60.8500976562,209.492218018,288.598449707
197.952697754,57.3461914062,212.36730957,289.820861816
197.910766602,61.5199279785,209.320556641,286.521026611
200.817657471,61.9662780762,209.17678833,285.142730713
200.391265869,57.4641723633,209.399017334,291.992736816
202.630859375,63.863067627,207.983337402,285.612335205
200.304260254,61.3570251465,206.996276855,290.107635498
202.897583008,62.0903320312,206.825561523,285.011291504
200.758178711,59.3356018066,206.552185059,292.034942627
201.037750244,64.5706787109,206.931976318,285.275512695
204.189361572,62.856842041,203.798980713,288.032989502
201.65411377,59.9777832031,206.473480225,290.561950684
202.396697998,60.7383728027,207.775604248,290.021209717
195.495483398,58.6802368164,212.590393066,289.5
196.973480225,64.4938354492,212.389556885,280.408752441
204.987640381,60.861541748,202.30569458,286.908416748
201.590209961,52.404296875,203.263458252,292.84362793
202.276733398,51.731048584,204.364013672,296.88394165
198.575592041,56.8595581055,206.509918213,291.01574707
199.549957275,59.334564209,206.79977417,289.4637146
198.485656738,64.1295776367,210.932373047,282.032958984
197.734649658,58.2447509766,212.810821533,288.25958252
194.272186279,57.1212463379,212.378692627,290.026947021
197.595916748,67.0241088867,210.556060791,279.767150879
199.156005859,60.6546325684,209.289428711,291.30947876
198.163452148,61.4424133301,207.741394043,288.626739502
199.192260742,63.3198242188,205.33770752,289.433044434
198.02053833,63.2161560059,207.436248779,283.414276123
196.458709717,63.2619628906,209.2762146,289.33380127
198.240722656,64.908203125,209.372924805,284.823120117
197.601928711,65.0612792969,208.208740234,287.047241211
197.664001465,66.4829101562,208.049438477,284.562072754
196.57434082,67.8652648926,207.92010498,285.686187744
198.754394531,66.5758666992,205.278076172,281.831176758
194.372589111,68.8647460938,207.476104736,280.589416504
195.504455566,66.3531799316,207.128967285,284.392181396
196.487609863,67.3389892578,207.224609375,287.208496094
198.292388916,66.0756835938,203.89932251,282.483886719
198.533843994,66.7747192383,200.486083984,284.903137207
193.956085205,67.0273132324,204.746185303,287.740081787
195.615142822,64.5044555664,203.231170654,284.46685791
199.030944824,65.0431213379,200.852294922,291.380645752
195.495056152,66.2497253418,205.241027832,282.478302002
195.996246338,68.9809875488,204.241119385,286.722808838
197.920593262,62.1928405762,204.949829102,285.731658936
198.379089355,64.6692199707,200.456298828,289.048370361
192.737976074,68.2157592773,205.507263184,284.531433105
195.761657715,64.7537231445,203.216796875,283.91217041
197.00177002,65.5417785645,201.307525635,292.304779053
201.734375,62.8465881348,198.154693604,285.751556396
195.342224121,63.9656677246,201.843658447,286.041168213
192.297546387,66.8791809082,206.195037842,291.491546631
193.666748047,63.1283874512,203.426635742,286.414520264
190.639068604,66.8578796387,209.125976562,289.295013428
191.516387939,64.59375,208.992706299,286.95489502
190.305786133,68.3554992676,209.051574707,285.859893799
191.06338501,66.6156005859,209.039825439,283.992980957
189.448791504,65.6073913574,210.615661621,289.170562744
191.618255615,66.1965332031,209.282073975,286.530456543
191.849365234,61.3434448242,209.045349121,288.823303223
188.333953857,62.3496398926,211.680511475,290.721710205
190.839172363,65.4229736328,209.45123291,279.567749023
413.841583252,144.721343994,95.9409790039,166.501434326
420.875854492,147.248931885,87.4740600586,152.47567749
425.644836426,152.22076416,80.4895019531,142.684143066
427.48147583,153.07673645,75.4168395996,135.399398804
429.464996338,152.261535645,72.0458984375,132.736083984
427.905029297,151.656799316,71.5284423828,128.279022217
428.29888916,150.178192139,71.7199707031,127.419036865
428.588684082,149.002639771,72.4525146484,131.274398804
427.991760254,147.893798828,72.6014404297,129.664215088
429.348571777,146.19329834,70.1642456055,128.558105469
429.620269775,143.618408203,71.1572570801,130.253875732
428.80670166,144.59375,71.5562133789,129.108276367
429.43927002,142.588058472,70.9029846191,129.329208374
429.054016113,141.46723938,72.3282470703,126.490188599
429.284973145,140.035705566,72.1143798828,132.005950928
429.90927124,138.006256104,71.0763244629,135.80368042
431.044250488,136.546707153,69.4649353027,134.848220825
430.711669922,135.054367065,67.8283691406,134.436569214
429.737518311,133.350494385,68.6288757324,129.704650879
429.404876709,131.237442017,68.3583374023,122.857833862
430.977355957,132.4715271,66.5992431641,129.028564453
429.556304932,127.849182129,68.3036804199,123.887512207
430.571746826,129.166809082,67.0824890137,125.904724121
431.827148438,124.264663696,65.979675293,128.352279663
430.044616699,125.856735229,66.7631225586,122.02671814
429.799865723,123.60975647,66.5604858398,127.689926147
428.100830078,123.501754761,68.7241210938,123.136520386
429.281890869,119.909042358,67.7453308105,125.097518921
429.252044678,119.213653564,66.8463439941,124.591308594
429.40814209,117.779144287,66.3865661621,121.528167725
430.812866211,116.43850708,64.5387573242,122.402069092
430.546600342,115.878189087,66.2413024902,120.578842163
430.380950928,112.970169067,66.6687011719,123.097183228
430.515289307,109.524505615,65.952545166,124.178344727
430.339447021,109.894943237,67.1637878418,119.837356567
432.039428711,107.589202881,65.7021484375,124.171295166
431.844787598,104.811080933,65.1911621094,124.150894165
432.206726074,105.177337646,65.5447387695,127.393829346
431.487915039,97.8979949951,66.8847961426,127.061355591
432.123413086,99.2230224609,67.7667236328,126.895080566
431.076782227,97.0030670166,68.4759216309,124.546554565
430.518890381,97.0185089111,69.1858825684,123.66468811
429.730316162,93.955871582,70.534942627,124.353546143
428.880249023,93.5031433105,71.0278320312,128.863098145
429.74118042,87.3390197754,69.1147155762,130.288330078
430.887084961,90.1840820312,70.4507446289,123.556060791
430.129699707,84.8982391357,71.5549621582,131.15574646
429.339477539,84.904083252,72.2415466309,129.730865479
429.52947998,82.1355438232,71.6407775879,132.093612671
429.935302734,80.2666931152,71.7285461426,133.509124756
431.611633301,77.8988494873,70.9891357422,133.200180054
433.466217041,75.8767700195,70.5840759277,137.296264648
432.663543701,74.7249908447,71.4918212891,136.287399292
432.866027832,74.6439056396,71.5912475586,134.933914185
431.905853271,72.1278533936,71.6624450684,132.606430054
434.314819336,71.2809295654,70.40625,128.066543579
433.770263672,69.1344299316,71.0691833496,133.479187012
435.302124023,66.810333252,70.4468383789,131.120941162
435.662628174,67.0267181396,70.4689025879,133.245864868
435.618591309,67.3524017334,70.3536987305,131.239151001
435.456268311,65.0617675781,70.2257385254,135.252624512
436.709594727,65.6582641602,70.6044921875,129.892913818
436.247314453,64.2904815674,70.3995666504,129.830886841
437.391113281,61.4462738037,69.6299438477,135.258377075
437.731536865,61.927230835,71.034942627,136.181381226
437.410827637,61.7300262451,71.0589294434,132.8775177
436.900817871,62.7691497803,70.7025146484,131.759506226
437.395263672,60.5429382324,70.3009643555,135.080444336
437.408477783,61.516418457,70.3379821777,137.561950684
437.197265625,59.6358795166,70.7008056641,132.981369019
436.692901611,57.1805877686,71.3129577637,137.380599976
435.84185791,56.0880584717,71.7822875977,133.419754028
433.27923584,56.9302062988,72.7487487793,128.597015381
432.551116943,59.5262908936,73.1307067871,126.733444214
431.16293335,58.3876647949,72.8683776855,124.564819336
428.889282227,58.2359771729,73.7725830078,129.523910522
428.344055176,60.6616516113,73.6260375977,130.155792236
429.043060303,60.3505401611,72.8542785645,134.229354858
425.813293457,59.4939880371,75.5114746094,133.900756836
425.438354492,57.6334991455,75.1250610352,131.569869995
422.466400146,60.8532409668,78.1463928223,126.226013184
422.353088379,58.7972869873,76.8439331055,132.332504272
420.441314697,56.7383270264,78.7207946777,129.646896362
418.832092285,57.7427062988,78.9336547852,129.434356689
416.716308594,60.4777526855,81.0919799805,131.271087646
417.420166016,57.1344146729,80.098815918,135.924545288
414.796905518,55.9182739258,82.4269104004,137.06628418
410.457641602,54.754486084,83.9017944336,141.771606445
412.001525879,54.5430297852,85.3265075684,140.346221924
408.898651123,57.5606689453,88.7859802246,140.585083008
409.836120605,57.0946350098,89.0764160156,140.543518066
407.223449707,57.543182373,92.6728515625,140.425354004
407.186645508,57.8243560791,92.2802734375,139.291244507
407.867980957,58.3279724121,90.7744140625,136.400695801
407.379394531,57.0350494385,90.4303588867,140.134078979
404.074951172,58.0755615234,93.9039916992,136.130767822
404.576721191,56.5528259277,93.0021972656,139.957000732
403.237609863,56.6013183594,95.2261352539,137.905090332
402.033569336,58.2238311768,95.8693847656,139.802322388
401.917907715,56.1269989014,96.2085571289,141.792678833
401.324890137,57.589050293,96.2287597656,138.540161133
398.686218262,57.9144287109,98.7166442871,135.137054443
400.36138916,61.4156799316,96.4256591797,134.036102295
398.88458252,59.138168335,97.7702331543,138.036117554
396.86315918,58.9686584473,99.307220459,139.536071777
397.215606689,58.2126617432,99.0097961426,139.578201294
397.521484375,59.5309295654,97.8105773926,133.421401978
396.849975586,60.1128845215,96.6416015625,135.21194458
396.81628418,59.1702575684,96.6236572266,135.91293335
396.919128418,59.9921112061,97.0984802246,134.603286743
397.843078613,56.4310455322,94.6871337891,138.159194946
397.336425781,59.8547210693,95.0016479492,135.481826782
397.143951416,57.716217041,94.112701416,138.535827637
398.188232422,57.8460083008,91.9620361328,136.867156982
395.543762207,56.9448547363,95.1213378906,137.169525146
396.048400879,59.3968353271,95.4417724609,138.357589722
394.674926758,58.6830749512,95.8742675781,137.108093262
396.490081787,56.7404785156,93.0261535645,139.007751465
395.360748291,56.7241668701,94.3702697754,140.604568481
396.527770996,54.5525817871,92.241607666,138.769775391
396.869750977,56.4204559326,90.8917541504,137.374679565
396.147125244,56.9231262207,91.3774108887,137.234741211
396.22946167,57.5061950684,91.086151123,139.925201416
395.694274902,57.6167449951,93.3453369141,139.588027954
396.828735352,56.8810119629,92.7420043945,140.086212158
397.511108398,57.2386016846,91.127166748,140.734603882
398.848632812,57.737991333,90.5426025391,141.222671509
397.846130371,59.9539337158,91.5614624023,139.407455444
397.133453369,60.1103057861,91.624786377,137.7212677
397.953430176,59.8356170654,91.3505859375,136.715682983
398.924316406,61.155090332,90.9644165039,133.757659912
400.921264648,61.6543884277,88.8387756348,134.839141846
401.856872559,61.2485809326,87.350769043,138.939743042
401.883483887,63.2216186523,87.2392578125,139.029418945
403.018798828,62.4951171875,87.8502807617,140.296875
404.295135498,62.2115325928,85.3784179688,140.493972778
406.341003418,62.0467834473,83.8427124023,135.034362793
408.16305542,62.6068725586,81.9532165527,136.178649902
409.773620605,61.7794189453,81.1896972656,140.604614258
411.502746582,61.4589233398,81.0192871094,140.778625488
413.532958984,62.6427764893,80.7739868164,141.478897095
415.170654297,62.3002624512,79.0857543945,145.689453125
416.112060547,63.6183776855,79.8773498535,147.474304199
418.610809326,63.9559173584,79.274230957,146.193435669
419.183837891,62.6334686279,79.2325439453,146.764511108
420.32989502,64.5858612061,78.985168457,147.047897339
423.087646484,63.8177185059,76.6336669922,147.042327881
423.291564941,65.7877502441,77.3624267578,144.662109375
423.705993652,66.3911132812,78.0648498535,147.690795898
424.679077148,66.6853637695,78.0455932617,146.639343262
426.425567627,67.2404632568,76.0739440918,146.947463989
427.414398193,68.8874053955,76.1911315918,143.716842651
428.759643555,70.726272583,74.6375732422,140.651809692
429.28729248,69.6293640137,73.3005981445,142.300140381
428.899902344,73.6374511719,73.6474609375,135.868835449
429.643188477,71.6431121826,73.4943237305,138.865890503
429.528991699,71.060836792,72.2319335938,136.756027222
429.639892578,71.8170928955,72.1473388672,139.144302368
429.572570801,70.133895874,71.7532653809,142.516677856
430.657073975,69.4195709229,72.8808288574,142.956741333
431.302246094,71.4984130859,72.6812438965,140.390960693
430.460693359,71.7812042236,73.9461669922,138.623519897
430.465026855,68.2596588135,72.5711669922,137.035446167
431.344512939,69.9146270752,73.0179748535,137.858505249
430.741485596,69.4694061279,73.4455871582,138.546188354
430.085266113,72.0770721436,74.4891052246,136.894973755
429.682983398,71.6329193115,73.8880004883,142.963424683
429.233886719,72.7870941162,72.8047485352,146.374893188
429.682373047,73.4208984375,72.7554321289,141.108184814
429.358642578,73.1674804688,71.848815918,141.230407715
430.645507812,74.3413543701,73.729309082,141.241012573
431.34576416,71.8670959473,72.5214233398,140.018890381
431.914276123,75.8875579834,71.9248352051,138.078842163
433.322875977,76.7390441895,71.3901977539,141.121398926
433.770965576,74.4040679932,70.5084228516,143.595413208
434.206787109,72.8661804199,69.6579589844,144.89276123
433.747436523,72.2931365967,68.8736572266,142.494674683
434.588653564,72.9622955322,68.3370361328,140.566329956
434.419433594,72.6302337646,68.9817504883,139.108474731
433.767700195,73.0993652344,69.5656738281,135.633300781
434.159484863,74.4772644043,67.4810791016,136.188751221
432.063049316,74.3996887207,69.6823120117,135.473175049
433.928924561,74.2982635498,67.6129455566,136.83555603
434.11340332,75.1998901367,66.8467102051,139.21862793
435.259979248,75.2701263428,65.7437133789,137.143447876
435.900939941,73.0613555908,64.9015808105,140.656539917
434.917236328,71.1390686035,64.446105957,141.452056885
434.393676758,74.3614654541,64.7841796875,136.032485962
432.916259766,77.8364868164,66.0589904785,139.384490967
432.817840576,79.7119750977,66.147857666,137.566894531
433.2215271,75.8419799805,65.1502075195,140.8409729
433.107177734,75.5064086914,64.4863586426,139.422576904
432.114135742,75.968536377,65.1848144531,133.306976318
430.995819092,78.4553833008,66.5907287598,135.264648438
431.555297852,79.6523895264,65.4541320801,134.427383423
433.227539062,79.2446899414,63.3226623535,134.720916748
432.770874023,79.2999267578,64.2913208008,136.448974609
432.66809082,76.7217712402,63.9338684082,138.190490723
432.465270996,76.956161499,63.5653076172,141.396438599
432.350585938,77.1020202637,62.971496582,140.445709229
433.08605957,77.2565765381,62.2656860352,137.98789978
434.247375488,78.1309509277,61.6340942383,135.792114258
434.694641113,78.3040924072,60.0712280273,137.704055786
435.755310059,74.6604309082,59.8671875,142.578125
437.284240723,76.6853637695,59.0081787109,137.881469727
438.616699219,77.7666778564,58.1256713867,135.000747681
439.710418701,78.7857513428,57.4092712402,134.549179077
441.257629395,74.868637085,57.2694702148,133.437301636
442.620544434,73.6894989014,56.1219787598,134.680374146
442.953521729,73.325378418,57.6274414062,136.060150146
444.257446289,73.3803710938,56.8940429688,136.221893311
445.140258789,71.2049102783,57.9532470703,141.385421753
444.667877197,71.8383178711,60.0032348633,140.79083252
445.102722168,69.7211761475,58.8207397461,142.027633667
445.892913818,69.9770050049,57.7935791016,141.099868774
446.565979004,69.0693511963,57.7024841309,142.411575317
447.179199219,71.2319335938,56.2495727539,141.466003418
448.472259521,70.371383667,55.6467590332,139.536026001
448.81552124,67.2832183838,56.0606384277,139.575668335
448.34375,67.9772796631,55.737487793,137.031692505
448.51348877,67.7707519531,55.4593505859,140.257629395
448.39175415,66.7428588867,55.4327087402,141.644714355
448.045715332,67.7270202637,55.8675537109,139.768371582
448.008239746,66.9866943359,56.4032287598,142.912078857
446.899749756,69.6884765625,55.6911010742,146.52645874
447.537414551,69.6196594238,55.4879150391,144.855743408
446.365112305,68.1573486328,56.3241577148,142.954589844
445.610748291,70.0015563965,55.6538391113,139.809234619
445.868591309,67.9991912842,55.5559692383,141.289810181
444.763885498,64.6749725342,55.9200134277,142.536117554
445.388519287,66.8254547119,56.5741271973,136.347488403
445.088439941,67.7564086914,55.6056518555,137.494537354
445.156280518,64.1752624512,55.7032775879,141.764129639
444.1456604,65.3159332275,55.979888916,142.330093384
444.136566162,62.2311553955,56.0156555176,144.457229614
444.789733887,60.9494171143,57.4461975098,139.570022583
445.255126953,63.4570159912,55.9847412109,141.263595581
445.442626953,65.651260376,56.9841918945,137.846115112
444.899108887,63.1821136475,57.1343994141,141.777175903
444.275085449,64.4794616699,56.7341308594,139.39453125
443.730224609,62.729385376,57.0275268555,138.803482056
443.376647949,65.0696868896,56.9021606445,141.425918579
442.497802734,65.684753418,56.9364929199,142.321563721
442.663299561,65.2911834717,57.234588623,143.432174683
443.842102051,64.5615844727,56.5958862305,143.453063965
443.735168457,62.8875427246,56.9979858398,142.869873047
443.419555664,63.284072876,57.8073425293,141.213577271
444.436859131,61.7728271484,56.1837158203,139.633605957
444.088562012,67.2588043213,55.4588012695,134.66255188
444.013275146,66.2943878174,55.4555358887,134.311080933
444.011413574,67.6739807129,55.5701599121,133.140167236
444.475219727,62.2395324707,55.4079589844,136.990814209
444.49395752,62.571105957,54.8239135742,142.999572754
444.940917969,65.1052398682,55.8042602539,140.1146698
444.392852783,60.5122070312,55.3890380859,149.141693115
444.177581787,64.1032409668,56.3633117676,147.729217529
442.753540039,62.4834442139,57.7634887695,149.992385864
442.484863281,62.7409820557,57.850402832,146.94694519
443.455505371,63.7016448975,56.4662475586,145.691940308
444.345062256,61.8771057129,55.8968200684,148.183807373
443.458496094,61.8229675293,56.236114502,147.437774658
443.110748291,61.7757415771,56.4891052246,149.363082886
443.397460938,63.4958190918,56.4780273438,149.313446045
442.130737305,66.8100891113,56.2182617188,145.921722412
442.49798584,63.9591064453,54.8011779785,147.134124756
442.324829102,62.0409698486,55.624206543,147.845748901
441.445770264,62.3885192871,54.7503967285,141.629852295
440.515136719,61.8937988281,54.9270324707,146.556121826
440.942687988,63.4084014893,54.1605224609,143.318313599
440.770385742,61.4667358398,52.790222168,145.81817627
440.422119141,64.0469207764,53.3565673828,141.398239136
440.020507812,59.8678894043,52.2905273438,144.480102539
433.621917725,61.4516448975,53.8492736816,140.186416626
435.437194824,59.7229766846,53.7756958008,141.420120239
434.839355469,59.394317627,53.0895996094,139.664398193
434.491943359,60.3143157959,52.7123413086,133.882247925
433.995666504,59.961807251,52.9215698242,129.344192505
432.568664551,61.0063171387,52.7481079102,131.15222168
431.07635498,59.8230743408,52.2965698242,128.021316528
424.950897217,61.1656646729,53.3597106934,129.211471558
426.025634766,57.0562896729,52.365020752,134.170608521
424.488311768,60.7661743164,53.2760009766,134.763916016
418.147766113,59.3670806885,54.5489196777,132.002609253
419.637878418,56.7938842773,54.2312011719,131.987976074
419.652526855,58.7746582031,53.9671630859,127.712402344
417.428741455,56.6223144531,55.4861755371,123.807922363
415.469787598,57.6412963867,55.9439697266,121.790039062
412.868865967,56.4790039062,56.6690979004,120.248382568
406.228515625,57.846862793,57.9411621094,119.296295166
407.048858643,57.2331237793,55.8058166504,122.930725098
400.032897949,57.9441375732,57.4212036133,120.691238403
400.34588623,55.5671539307,55.7020568848,125.734298706
398.601409912,54.2171325684,55.5285644531,127.178741455
390.672973633,55.9691314697,56.5830078125,124.682846069
390.15020752,58.1436767578,56.0473022461,122.306030273
383.836730957,58.2626342773,56.455078125,125.81854248
384.574920654,54.9453735352,53.9153137207,132.453338623
382.669799805,55.1064758301,54.71875,138.029541016
381.715332031,51.6570281982,53.0947265625,140.621963501
378.166748047,49.5681915283,55.3765258789,138.606918335
372.098205566,55.5474090576,54.4407958984,142.767684937
370.120178223,53.2386779785,55.0184631348,154.910217285
368.045837402,50.4784240723,54.8358154297,150.601623535
361.60534668,51.2786865234,56.1854248047,149.504608154
360.408050537,46.5500640869,57.2304077148,149.441543579
357.175537109,53.9161529541,59.7888183594,137.360214233
349.139862061,56.5565948486,62.3017578125,142.898544312
350.637115479,54.0619506836,61.0827331543,153.858001709
342.490783691,54.7342071533,64.1869812012,152.265975952
344.412445068,51.8298797607,63.0389404297,152.757858276
336.731018066,55.1135406494,64.0327758789,155.088302612
337.46685791,54.8830718994,63.1637878418,153.227554321
335.189910889,54.2100524902,62.7933044434,153.966247559
332.52130127,52.251159668,63.492980957,152.585998535
329.376708984,54.9284057617,64.350402832,150.019439697
326.797363281,55.7106628418,64.5196838379,145.918670654
324.523468018,53.388458252,64.2537841797,142.021850586
322.964355469,55.8358306885,64.0461425781,139.939315796
320.276275635,53.3990325928,65.1856384277,137.164535522
310.966308594,52.9837646484,67.5191040039,141.413482666
311.970794678,54.7648925781,68.8836364746,137.643188477
309.222259521,54.0261383057,70.024017334,142.822738647
307.441711426,52.8125,69.728302002,140.748504639
296.695892334,56.0098266602,74.9761047363,137.231201172
296.686035156,56.9008178711,74.7971801758,133.247467041
295.304382324,60.1836395264,73.6448364258,132.38130188
291.733917236,54.3032073975,73.6625061035,134.826065063
289.138549805,56.2601470947,74.83203125,135.307388306
277.930236816,56.0907440186,79.0396118164,131.970626831
278.480987549,52.4969024658,78.50390625,137.173080444
278.221160889,52.9281616211,77.4152526855,135.501953125
275.634063721,56.1069641113,79.1064453125,131.12512207
256.250915527,57.3196868896,90.9080505371,129.723678589
255.219421387,56.6097564697,92.9162902832,134.348220825
252.185470581,57.4308776855,94.979385376,134.903717041
249.282409668,54.8586425781,95.8741455078,141.679412842
248.044128418,55.4128570557,93.6719360352,145.722122192
242.924682617,55.2592926025,96.7994384766,149.496047974
238.585403442,56.9597320557,100.400436401,145.477096558
233.962677002,58.8290710449,103.916717529,145.490447998
228.165130615,57.7230682373,106.017669678,148.139175415
224.09223938,60.3146057129,108.242202759,141.838897705
221.730331421,59.7116851807,111.610702515,144.738815308
221.237411499,56.8978118896,108.093154907,147.862503052
219.472961426,53.9600219727,106.970855713,152.39352417
216.990814209,55.2060394287,105.305114746,147.160507202
218.634918213,57.422744751,101.406890869,149.002182007
217.234130859,54.240447998,100.960021973,155.279083252
214.09552002,54.1761779785,102.830688477,156.535766602
213.707366943,50.7160644531,100.67401123,159.680664062
201.753463745,52.5713195801,93.5932159424,152.346282959
201.847061157,54.8711090088,90.6793060303,149.560287476
199.86076355,55.3175354004,88.7992401123,150.003936768
197.813659668,55.3013305664,87.1140136719,151.617370605
196.806121826,56.4731903076,85.7309265137,154.655044556
194.13911438,56.1947631836,86.1763763428,149.43572998
191.968917847,54.4554595947,86.3058013916,149.209121704
188.169067383,54.2779388428,90.3172607422,142.093643188
183.285064697,57.0730133057,92.7866210938,135.945907593
179.814483643,58.8508605957,96.3093566895,135.543731689
177.447631836,60.1534576416,95.2211303711,142.599594116
176.243087769,60.248550415,95.4681549072,147.514846802
170.753372192,58.9286346436,100.939315796,153.907363892
168.706573486,60.546875,105.387420654,159.468078613
164.423614502,58.6064300537,110.971466064,167.263504028
163.161102295,54.7227630615,113.281005859,173.330917358
160.945495605,56.850189209,116.419311523,176.905609131
157.469787598,57.8938598633,115.860015869,188.130615234
153.874771118,52.7007141113,120.752670288,195.672912598
150.679794312,53.2469787598,123.038528442,204.154296875
136.928573608,30.0261955261,123.32182312,204.624359131
140.972244263,51.3011474609,125.320663452,234.60369873
141.170196533,53.1749572754,136.696258545,243.108917236
139.869918823,20.228931427,135.765090942,241.452926636
131.087402344,23.7237300873,134.488922119,239.183319092
130.855026245,28.7275753021,132.551651001,235.737915039
129.362487793,51.104347229,79.637512207,177.985626221
142.921234131,59.4161376953,84.4208984375,188.136383057
140.630737305,54.522857666,86.6029968262,207.471862793
130.575210571,53.773651123,86.5298461914,222.036529541
128.416625977,56.0417785645,86.6607666016,234.177337646
127.643157959,53.2908630371,87.6012573242,247.578582764
128.259643555,52.7288208008,91.9169616699,262.698974609
126.452636719,54.7144165039,95.3143005371,271.526916504
113.242126465,55.5688743591,95.697052002,178.323822021
119.637069702,59.4819335938,95.2097930908,173.953369141
120.607925415,57.5556945801,96.2949981689,176.304840088
121.511550903,58.1887512207,95.5628509521,183.623443604
120.33934021,58.159362793,94.4386444092,183.382476807
118.108276367,57.9190673828,92.2666015625,187.486602783
116.029327393,57.0299377441,89.7624206543,186.815338135
112.753082275,58.565826416,87.7049102783,194.4324646
110.194885254,58.2169189453,86.806137085,195.144592285
108.266677856,55.4075317383,85.0730438232,191.35647583
108.207046509,52.2666320801,81.933380127,205.039123535
106.276603699,59.1155700684,81.8754196167,203.429962158
102.891929626,55.1910400391,85.0429916382,223.449707031
99.0579071045,57.7734680176,86.6236877441,242.484710693
93.4609298706,54.5989990234,91.7569198608,259.240966797
85.3480834961,56.0086975098,97.8310089111,257.015106201
82.1508789062,59.9331970215,103.333343506,257.871795654
79.655670166,56.0989990234,109.424194336,261.774230957
76.0487060547,53.7867126465,110.719512939,263.930511475
70.407409668,61.669921875,115.57711792,264.362670898
67.3206939697,59.0667114258,119.343643188,272.031677246
60.9386444092,59.2077941895,124.766860962,273.842254639
56.0898590088,48.1996459961,128.832260132,282.721008301
48.3782043457,54.3382568359,135.203918457,284.591308594
54.4651031494,56.2011108398,133.372344971,281.571899414
33.3202514648,53.1716918945,138.81036377,279.705566406
34.4951019287,56.6510314941,144.5572052,275.714935303
32.125,58.2169494629,147.480163574,274.620697021
30.360244751,58.7601928711,149.753585815,272.127929688
27.2679748535,62.064666748,147.207885742,273.400238037
23.398147583,54.0049438477,147.637466431,276.750427246
22.7368621826,49.9602355957,144.829971313,280.051971436
38.5824890137,68.0819396973,101.144866943,192.895782471
37.0916137695,61.3047485352,100.854309082,200.314331055
33.9298400879,62.9930725098,102.559417725,203.385192871
30.2334594727,64.8307800293,104.154968262,199.634307861
28.5571136475,63.1508178711,104.414474487,199.991455078
26.6344299316,61.6781005859,103.650756836,202.203857422
24.4155731201,60.9587402344,103.062088013,208.048522949
21.842956543,60.7507019043,101.414367676,208.108428955
21.7201385498,62.7937316895,98.94480896,203.653106689
21.7084960938,64.7105102539,98.2827606201,200.189849854
19.9274902344,62.9555664062,101.012207031,205.867797852
17.194732666,57.2813110352,99.2949371338,205.792602539
17.9752502441,58.9259643555,98.8876800537,195.568847656
8.18495178223,58.4973449707,92.7724151611,188.031005859
13.6278839111,60.4421081543,88.9729156494,177.211456299
15.2782440186,60.7987060547,87.3794555664,167.486877441
16.1315460205,62.8157958984,85.0306396484,156.581512451
14.9317779541,66.3299102783,84.8695983887,149.90272522
14.4685440063,65.8303222656,83.6954421997,149.167144775
13.5562820435,65.196105957,82.4640579224,145.525177002
15.2393493652,62.3930969238,80.0701751709,148.761383057
14.0641937256,63.293762207,78.8401794434,145.992431641
13.6252746582,63.2284088135,79.470703125,150.881210327
14.0250701904,63.0048065186,78.9690246582,147.343521118
14.3508224487,61.8928527832,80.4140090942,154.794158936
14.033821106,62.5285186768,79.6258468628,151.432785034
13.7828445435,62.931930542,81.3998947144,149.090988159
14.8761901855,63.7149353027,80.9259643555,149.588531494
15.2145385742,62.0843353271,80.2200469971,152.68006897
16.0007629395,61.3651275635,80.0339660645,151.817459106
16.5812683105,59.6175079346,79.5951080322,154.367935181
17.5517959595,58.2816925049,80.2291183472,152.208480835
16.9629135132,62.2692565918,82.6099014282,152.42880249
18.8676452637,61.6318054199,83.716796875,149.588287354
17.4348678589,63.7941131592,84.9477310181,149.016586304
18.6382141113,62.3858795166,85.4316253662,149.057388306
18.7630615234,64.0079956055,86.8072509766,149.29006958
21.2321014404,61.0401916504,87.2158813477,152.825592041
20.9772186279,62.534576416,87.6385803223,153.900634766
21.7970581055,60.3562774658,88.7725067139,151.789138794
22.1053009033,62.0892181396,88.6265716553,155.32484436
22.6654968262,61.674041748,91.2363128662,156.417358398
23.878326416,61.4782562256,92.6337890625,160.986709595
25.0686950684,59.8809204102,93.9757995605,165.771087646
26.186050415,62.1474456787,94.4567260742,164.066085815
28.4708709717,63.8011932373,92.8327484131,153.967636108
28.6665496826,63.4323883057,92.7423248291,164.778030396
31.7220611572,64.9692077637,92.3130340576,169.34664917
33.8701324463,66.6303405762,90.649597168,173.53717041
35.5671844482,68.0026245117,89.221206665,176.083984375
35.1163482666,66.3804931641,90.4744262695,170.365234375
38.6895751953,67.214050293,89.4846954346,167.411102295
41.0903778076,65.700378418,88.1806030273,171.360595703
41.9781646729,66.350402832,89.0437164307,166.691619873
43.4507904053,66.6885070801,88.5461425781,173.094512939
47.4316253662,64.2830810547,86.0857849121,176.356750488
47.0817260742,60.8421936035,89.0390777588,182.881622314
51.0479125977,60.045715332,89.8714752197,197.606567383
53.2867889404,60.2870483398,91.2734680176,205.787811279
54.9295196533,59.9385070801,93.3544311523,212.385101318
53.8124084473,61.6254272461,97.2095031738,223.132019043
55.9084777832,62.8175354004,98.6134033203,243.823394775
54.0890350342,63.9297485352,104.757446289,247.992248535
59.6693916321,34.5025367737,105.280059814,249.229431152
62.5541992188,53.1357116699,102.4715271,258.232147217
61.4831390381,59.617401123,105.709640503,271.071563721
61.7698364258,53.9855041504,109.190582275,278.816375732
70.6514511108,9.36260700226,106.851875305,272.844512939
69.7396392822,51.903137207,105.328872681,266.386657715
70.82371521,55.1909790039,105.377792358,268.009216309
72.0569763184,60.3302001953,104.913513184,270.071350098
73.5349731445,54.9533081055,105.710327148,269.83190918
76.2684173584,52.5953063965,107.622085571,270.75112915
79.9066162109,48.3323669434,106.221618652,280.857269287
77.422744751,54.0090026855,108.031997681,267.581390381
79.9836425781,52.0572814941,110.160919189,274.946685791
79.0035247803,52.1351623535,110.731552124,271.170806885
83.5241088867,53.5783691406,110.327209473,269.903381348
78.9420013428,52.9829101562,113.778457642,277.421691895
77.9609069824,54.3520507812,113.955505371,269.470275879
78.3859558105,57.1106567383,115.826934814,274.910217285
75.4043884277,55.9924926758,119.24029541,267.687438965
76.7462310791,58.6975402832,118.296981812,269.571746826
76.9518737793,58.8107299805,119.359375,266.975341797
76.385925293,56.8024291992,119.408569336,270.110717773
76.7214508057,54.8152160645,120.173599243,275.755706787
75.6175689697,54.1148376465,123.081985474,270.425933838
76.0438842773,64.7974853516,124.580841064,260.504150391
78.7269439697,62.8370361328,121.710983276,263.653686523
78.7162628174,63.6153564453,123.850570679,268.35736084
80.6755371094,61.280090332,126.055938721,262.885620117
81.0582580566,59.451385498,126.606781006,266.039398193
82.2955627441,59.3440551758,125.560089111,272.235900879
84.5616455078,58.551574707,120.991699219,267.140869141
84.5497283936,59.3562316895,122.100082397,275.498382568
91.5267944336,35.0854721069,118.433547974,267.225463867
94.7242431641,56.5220336914,114.722015381,264.494934082
93.2264556885,61.6454467773,117.75920105,264.500793457
93.6154632568,61.734161377,116.831314087,269.850311279
95.9787902832,58.6553344727,112.304779053,269.36340332
95.7936706543,63.3493347168,113.891326904,271.689361572
96.2771606445,62.8485412598,115.61907959,269.555633545
94.4528045654,61.0220336914,114.982406616,266.009094238
95.7774810791,60.2291259766,115.729537964,274.024658203
95.8419189453,68.803894043,117.599243164,264.921447754
99.1700744629,58.1260070801,115.433288574,271.416656494
98.724319458,60.5810241699,114.337692261,267.499481201
98.9071350098,59.8923950195,112.786834717,269.612854004
100.126358032,61.7697753906,112.678421021,268.313842773
96.9082183838,33.0109405518,112.647018433,268.239074707
94.7068099976,30.2179603577,112.037757874,266.788299561
101.528869629,57.1687011719,110.683380127,262.232666016
98.8061599731,27.899679184,110.557029724,261.933288574
99.0694885254,33.3847579956,108.532562256,257.136901855
109.353729248,71.0536499023,98.8169555664,180.122375488
110.86579895,72.9826965332,97.9536895752,175.314788818
109.134262085,72.9502868652,98.0779724121,167.327667236
111.401473999,72.7926940918,96.1653137207,158.873840332
111.321228027,74.2304534912,96.8294067383,153.379501343
112.402908325,76.4119567871,96.1475524902,149.432891846
109.88835144,74.6025848389,96.075592041,148.068008423
111.641769409,75.9531860352,96.9984588623,147.859161377
112.255142212,72.6805114746,93.0539855957,144.746582031
111.930465698,74.3372497559,93.8520355225,144.462646484
112.217300415,74.782623291,96.5349731445,143.064941406
111.879837036,72.8605041504,93.417175293,141.849212646
112.521789551,73.7917480469,94.1399993896,143.673065186
110.144592285,73.8901977539,94.2507629395,141.6668396
112.143569946,76.1357574463,94.0675048828,138.589065552
110.673355103,76.6016998291,94.5114898682,139.27583313
111.443130493,75.3607788086,96.5585174561,139.912017822
110.615966797,74.8021850586,94.9537811279,134.538696289
109.494537354,75.6473236084,96.6002044678,130.782699585
110.518157959,76.7743682861,96.1651916504,130.278213501
112.102737427,78.3659820557,94.6175842285,129.59727478
111.578933716,79.377456665,93.2847747803,124.598403931
112.172012329,79.1516113281,91.1764526367,121.69909668
113.241943359,82.3814239502,89.003692627,119.207229614
112.997924805,80.9324798584,88.9207458496,120.938522339
112.231796265,81.4494781494,88.8006134033,119.541061401
113.116958618,83.5475769043,88.6400604248,116.525604248
111.0965271,82.5379333496,90.3577728271,120.352996826
111.983963013,83.3481292725,91.2582702637,119.603744507
110.785202026,83.8960876465,91.3475036621,118.846405029
109.882003784,83.8827056885,93.6525421143,117.510482788
109.731338501,84.6743469238,93.0591583252,114.719360352
109.858215332,85.0724639893,92.2724609375,113.375015259
109.985671997,86.5011444092,91.7037506104,112.143814087
111.372055054,86.4373321533,90.6125946045,111.165664673
109.487411499,87.5101013184,90.8619689941,112.316955566
109.946075439,88.5700073242,89.1722412109,110.006652832
110.898742676,89.1987915039,87.4008483887,107.462310791
112.493087769,89.0964050293,85.3148803711,108.606994629
114.142715454,93.3444061279,84.8560638428,104.369003296
115.194503784,93.9601593018,83.176361084,105.537399292
116.283035278,92.3471984863,81.3691101074,107.16998291
115.367950439,94.5579376221,83.5222625732,103.76725769
113.673774719,96.3726959229,83.6045455933,103.951095581
115.381195068,97.4982299805,81.427154541,100.898193359
115.735588074,97.8035125732,82.3330917358,100.042739868
113.420707703,96.2372589111,82.4854049683,101.223678589
114.16242981,99.0123901367,82.4677581787,99.6828308105
114.287582397,97.6067352295,80.8275909424,99.4427337646
114.238700867,99.9996948242,81.1525497437,98.0561218262
116.173164368,98.1989898682,79.1257247925,99.6389770508
116.166221619,97.2308502197,79.6795730591,99.774887085
113.218719482,98.0468444824,80.8972625732,98.7799072266
112.58354187,99.8606719971,79.8741912842,96.3014373779
113.269325256,98.8310241699,78.0190048218,98.8716583252
113.065338135,99.8738098145,77.6324310303,98.0286865234
113.515762329,99.7240142822,77.7437133789,97.2358093262
113.420440674,100.631149292,76.9858703613,97.1734924316
114.851135254,102.21081543,75.5244598389,96.7164764404
114.408920288,102.391098022,75.7291870117,95.3053741455
114.282081604,106.117950439,75.7098770142,93.6942901611
114.629173279,107.343841553,73.896156311,92.3877105713
115.534858704,108.763259888,73.8162460327,88.9030609131
113.110397339,108.737167358,77.052230835,87.5496063232
114.017677307,108.782333374,76.0229873657,88.4517059326
113.772895813,109.338912964,76.4452896118,87.7643890381
114.278594971,109.782897949,76.1864318848,84.4976806641
114.29825592,110.27167511,74.6769332886,87.015007019
114.112869263,112.179641724,76.6004180908,83.6714019775
114.609268188,111.289588928,75.7798156738,86.6093063354
115.202522278,112.73425293,76.7796554565,83.263458252
117.098999023,111.593101501,75.1175384521,87.979057312
117.993423462,113.250839233,74.3313903809,86.4954986572
118.515907288,113.483825684,74.6220321655,87.7197418213
118.985115051,114.695144653,73.2313919067,88.2976074219
117.031135559,116.879013062,72.5997848511,86.067779541
119.726921082,117.097320557,70.9322433472,88.9132080078
119.634727478,118.548141479,70.729637146,88.4042053223
118.088294983,119.178970337,71.2404098511,86.0165100098
116.427719116,121.788711548,72.2480163574,84.0549926758
117.793548584,118.108253479,70.8074493408,93.5570755005
116.974693298,118.843231201,68.7910232544,92.9400939941
119.11832428,120.447296143,67.0118484497,95.0566558838
119.310646057,120.199645996,65.4037399292,94.8669586182
118.991607666,121.256011963,66.0350952148,92.9429168701
117.902816772,122.195022583,66.8330535889,91.4030609131
118.654823303,124.391769409,68.3518753052,89.7947845459
119.465316772,125.103881836,69.1493530273,89.8805236816
120.112213135,125.329299927,67.0586090088,90.206237793
121.708114624,125.761260986,67.6956634521,88.0417938232
121.194793701,124.131637573,66.2921600342,87.7917175293
122.298828125,125.882873535,63.5928955078,85.0843353271
123.850700378,126.546234131,65.3823928833,82.3308868408
124.764358521,128.49772644,65.9259796143,79.8723144531
125.919776917,128.793136597,67.3695602417,78.5448455811
126.773429871,127.115005493,65.2451858521,80.3892211914
128.046539307,129.034545898,66.1331176758,79.421081543
129.378631592,130.750869751,66.0361785889,77.2718048096
131.082519531,130.511322021,65.950668335,82.2509155273
132.917449951,132.348724365,67.9556732178,80.930480957
135.036102295,134.0809021,66.28175354,81.8847045898
135.532455444,134.582641602,68.5221557617,81.9225311279
135.164291382,133.134643555,69.1592254639,82.475112915
134.366668701,134.491729736,69.1592407227,82.4750976562
124.164978027,136.379608154,70.8200378418,84.455657959
124.060501099,136.823074341,71.3174438477,85.048828125
122.985069275,141.560256958,71.1380691528,84.8349151611
125.572021484,139.362792969,71.072845459,84.7571258545
126.679542542,139.292007446,71.1173324585,84.8101959229
125.346603394,136.110824585,70.3184661865,83.8574981689
126.754623413,137.789993286,70.441696167,84.0044403076
124.941429138,136.386688232,70.4614944458,84.0280609131
125.419410706,131.55368042,70.9795150757,84.6458129883
131.137878418,128.05645752,71.0905609131,89.6031951904
127.857826233,124.483299255,72.2871932983,91.1114425659
126.123390198,123.454666138,73.1700668335,92.2242279053
124.455062866,124.994972229,73.6779632568,92.864402771
124.35811615,127.476989746,75.8107528687,95.5525970459
128.035980225,121.87310791,75.2378082275,94.8304595947
125.011657715,122.86491394,75.6440582275,95.3424987793
130.640350342,121.230712891,75.2790985107,94.8824920654
131.033996582,126.623382568,75.6646270752,87.442199707
131.460067749,127.981796265,76.2967681885,85.930480957
132.367980957,128.618942261,73.8928833008,85.1362915039
132.272384644,126.28931427,72.4997711182,86.0234451294
131.172714233,130.691360474,77.4504089355,80.1502227783
129.60055542,130.286636353,78.8062896729,81.1867523193
127.288276672,129.945159912,82.8451766968,81.4542694092
127.480903625,130.133239746,83.5226211548,81.9721984863
129.720581055,127.974960327,81.3909759521,87.8986358643
129.3097229,126.562667847,82.8776855469,90.6805725098
130.821777344,125.603027344,82.0112609863,92.4492492676
131.52822876,124.373504639,82.0052490234,92.9385681152
133.053451538,123.442245483,80.5899353027,93.9746704102
131.150543213,121.118301392,81.6705780029,92.1371002197
131.616943359,120.09362793,80.9075927734,91.9541778564
129.72467041,119.638504028,81.9501800537,91.8863372803
129.634521484,119.519836426,80.3395996094,93.5185699463
129.0730896,119.733535767,80.6548461914,96.2130889893
128.335220337,119.042907715,79.4562530518,97.5255279541
126.345275879,118.430130005,79.0035095215,99.25050354
127.582397461,118.954376221,76.6049346924,99.2841491699
128.246368408,120.109954834,75.2586364746,95.7336730957
127.871681213,121.115234375,73.3688278198,92.76612854
128.648406982,121.241607666,71.1902923584,93.936050415
128.751693726,121.041732788,70.2771911621,91.4984130859
129.54586792,120.524887085,69.5336608887,91.4010925293
128.706420898,119.717971802,70.5537567139,90.5712890625
126.801750183,119.277374268,71.7252426147,89.2545166016
124.073097229,118.732406616,74.0436935425,90.8202514648
124.294822693,116.319854736,74.939125061,94.1974487305
124.588409424,117.014572144,75.1552734375,93.7068786621
124.776626587,115.025497437,74.2620849609,97.2066192627
123.222137451,115.800796509,73.9691619873,99.4772491455
122.417541504,115.605010986,72.7082061768,96.7038116455
121.066879272,115.188140869,74.7061309814,96.5361785889
119.111724854,116.821121216,77.3744354248,96.769744873
118.051002502,116.686737061,77.5940322876,96.657043457
117.485664368,116.226623535,78.3347091675,98.0339508057
115.557495117,115.582839966,79.5733642578,98.9024047852
114.871437073,115.542236328,78.6083908081,102.900085449
114.236869812,116.105484009,79.4133377075,101.625045776
113.94455719,114.653182983,80.5928573608,103.106674194
113.690055847,114.124435425,81.3442764282,105.268264771
114.84072113,114.670074463,79.8280563354,101.729003906
112.88407135,115.298492432,80.1223220825,106.285095215
113.301940918,114.509384155,78.9662017822,104.710800171
112.979499817,115.492080688,78.5860366821,100.728561401
114.705741882,114.317947388,75.581413269,104.518951416
111.684654236,115.455841064,76.6335525513,103.823852539
111.23085022,115.954986572,77.6795196533,103.52734375
112.313148499,113.261505127,76.1408920288,106.348083496
113.805450439,111.76512146,73.307800293,110.72492981
113.373474121,112.449813843,72.9867553711,109.242294312
111.414726257,114.516860962,75.3075942993,107.109542847
110.799179077,113.149536133,74.7049407959,110.868408203
110.437721252,111.790802002,74.6863174438,111.234161377
110.19985199,109.821640015,73.8233413696,116.201370239
108.779258728,110.763687134,73.2938919067,117.069015503
106.887619019,113.61857605,73.8733673096,116.409164429
102.718673706,112.133560181,75.8615264893,118.213180542
101.761322021,111.759231567,76.9011077881,115.828140259
98.5523910522,113.091644287,79.265296936,117.468505859
95.9358291626,114.382247925,80.8107833862,122.117996216
92.9612579346,115.556915283,82.3715667725,123.269927979
92.4599761963,116.905899048,80.4818572998,118.095352173
93.4895629883,113.566360474,79.426651001,121.318984985
92.3113861084,113.008728027,80.8958129883,125.679290771
89.3046798706,116.641021729,82.6689376831,122.978515625
90.7153778076,117.61126709,79.5530548096,123.915863037
91.5031051636,116.167739868,80.0550613403,127.086715698
90.4934082031,115.108627319,80.7560577393,132.685317993
89.8074645996,117.996490479,81.2583465576,143.700378418
90.4143676758,116.588119507,80.7183227539,144.351547241
89.3766326904,114.532699585,81.454284668,143.607284546
76.5259399414,121.807830811,108.137268066,202.849151611
75.1723175049,115.098297119,108.993484497,206.11517334
73.0379486084,111.180847168,113.469680786,215.169677734
68.7787322998,104.080108643,118.685714722,223.057342529
65.1031494141,104.585876465,126.093933105,224.681884766
60.7401428223,101.988372803,131.559875488,226.392913818
55.6824493408,100.329101562,136.400924683,227.803833008
56.361114502,96.2369689941,138.757659912,232.819549561
54.6547851562,99.658203125,142.718139648,232.262512207
51.782333374,101.164550781,146.180618286,230.522705078
47.8149108887,102.794647217,150.648284912,224.146942139
45.1258087158,102.995147705,153.239395142,223.816314697
44.5280761719,107.39352417,159.19430542,221.831085205
43.0787963867,103.939208984,157.047180176,228.499145508
40.6448822021,100.866317749,159.845123291,232.570083618
42.2362365723,104.122070312,164.746734619,227.17401123
35.6539535522,99.3907928467,165.742889404,228.547622681
39.0419311523,101.726104736,167.274414062,226.265167236
42.7628288269,99.0903320312,165.347946167,223.659332275
41.7613296509,101.719161987,164.898742676,223.051712036
38.2993392944,95.7509384155,165.887420654,224.389068604
38.6059036255,93.2903823853,163.044769287,220.543914795
40.1793060303,101.767913818,163.034317017,224.449127197
42.6158294678,97.9840393066,165.987380981,227.144256592
40.8156738281,100.204040527,168.965881348,231.065551758
41.0467529297,108.539642334,170.832580566,226.957061768
37.5140533447,109.410583496,170.154159546,229.108215332
37.998046875,103.743530273,173.247070312,227.727416992
35.8606262207,104.823547363,174.633514404,228.911193848
37.2735900879,106.80456543,171.649078369,228.337768555
34.7945251465,106.297119141,172.547363281,230.593811035
36.5272216797,105.822540283,174.525085449,227.503570557
36.5390014648,107.189056396,173.172454834,226.500091553
37.8484802246,106.18347168,176.452819824,226.55871582
37.2135620117,103.914642334,174.15713501,230.628875732
36.5712585449,107.147125244,170.636535645,227.361053467
38.7101745605,105.122711182,172.062011719,226.588592529
39.5350952148,109.820861816,173.459686279,222.089782715
39.9538574219,109.102966309,170.508026123,228.49420166
39.616104126,107.499176025,174.038894653,228.53994751
38.5502929688,115.0703125,174.225158691,229.780273438
40.9612731934,106.576385498,173.835723877,235.206207275
37.9136657715,111.74508667,174.83694458,230.879730225
37.614654541,110.511230469,181.700012207,230.43157959
36.3068237305,107.931488037,179.453582764,235.099273682
38.3432617188,120.905853271,179.974212646,222.294586182
37.8653259277,114.91116333,181.945892334,226.647491455
41.4021911621,113.918273926,179.633544922,228.495666504
44.7158508301,118.971038818,174.559692383,222.170928955
42.5194702148,117.776031494,188.910095215,228.345550537
41.356262207,114.993377686,181.474304199,225.959136963
43.4456176758,120.595367432,175.199737549,214.905303955
47.9719238281,121.723968506,172.098480225,217.133392334
40.9449043274,127.342430115,168.969665527,213.185821533
42.1572875977,130.936035156,167.427246094,211.239807129
37.0397453308,129.320480347,168.538253784,212.641525269
40.6460456848,138.435974121,168.707305908,212.854797363
65.2532653809,118.825317383,168.052886963,220.851745605
59.1937713623,118.857086182,164.6068573,216.87008667
45.0986404419,140.538772583,161.08416748,212.228927612
42.2205429077,145.153106689,160.482452393,211.436187744
53.2337799072,120.087036133,161.15574646,211.934814453
55.665802002,127.784912109,164.975769043,212.005432129
44.930103302,139.026901245,162.101837158,208.312210083
44.8260345459,136.57244873,161.535247803,207.584136963
38.556602478,136.810058594,163.261810303,209.80291748
42.1538200378,142.602935791,162.74269104,209.13583374
53.4073944092,119.086914062,164.276473999,214.078125
41.4718437195,139.827178955,165.457763672,215.617523193
43.6329727173,140.40864563,164.015350342,213.737838745
44.2963867188,143.514602661,164.02784729,213.754135132
46.8905105591,138.427398682,165.354949951,215.483551025
44.8824005127,132.520599365,173.509414673,213.870269775
42.8475875854,147.122161865,171.794006348,211.755859375
46.3645095825,148.565765381,170.721801758,210.434234619
48.1556777954,151.526153564,167.985900879,207.061920166
48.9881706238,153.574081421,166.658630371,205.425918579
51.4313583374,155.950119019,163.722686768,201.807022095
51.4802474976,153.824172974,165.035888672,203.425704956
52.8129882812,153.320831299,166.628158569,205.388397217
53.347694397,153.161300659,166.993499756,205.838699341
50.5088539124,153.00831604,167.117630005,205.99168396
54.1554641724,154.162628174,166.181152344,204.837371826
64.0211791992,153.006744385,167.118911743,205.993255615
92.0711669922,137.208190918,171.72366333,209.521362305
84.2884979248,137.46862793,178.762588501,208.648925781
79.2157897949,139.164733887,183.45300293,206.778259277
72.6203613281,142.046661377,193.80279541,199.896636963
66.8371582031,145.890960693,201.788482666,196.061981201
60.2026367188,146.759246826,212.109710693,198.720153809
56.835723877,145.82623291,221.287872314,199.44128418
52.7627868652,144.351043701,231.584747314,200.230743408
53.8253173828,148.321990967,238.755249023,195.076843262
54.6993713379,153.839233398,243.470672607,192.469268799
48.55859375,152.845092773,253.310852051,195.415130615
49.7730712891,153.792266846,258.59161377,192.393768311
47.3730773926,153.427825928,263.283660889,196.770019531
47.8458251953,157.207855225,269.696777344,191.458190918
54.3646850586,156.186096191,265.670837402,190.347015381
45.9451599121,156.278381348,279.639923096,192.928985596
49.9075317383,159.68548584,281.261047363,191.590576172
107.828186035,150.054962158,277.013793945,199.364990234
54.0266418457,153.799560547,280.301483154,197.012084961
56.8076477051,154.371154785,285.487640381,197.846435547
64.3764038086,155.969665527,285.420532227,195.701019287
77.6402587891,155.421325684,278.932678223,195.505706787
140.244689941,147.073699951,269.161804199,203.891876221
144.771697998,143.852539062,264.488311768,207.050750732
153.081451416,140.748596191,255.978179932,208.284240723
157.4559021,140.054962158,250.110076904,205.530548096
160.662078857,144.109375,248.650726318,205.836486816
167.417266846,146.631103516,237.121063232,203.337219238
170.174102783,149.755432129,232.53793335,201.117584229
168.373779297,153.210723877,227.605163574,200.436920166
166.620025635,158.678131104,221.744354248,192.562347412
171.640380859,159.151733398,212.267333984,190.534698486
173.78302002,164.227081299,203.402770996,184.419036865
177.501586914,164.69744873,193.45300293,183.874298096
182.464401245,168.688018799,193.991653442,184.386260986
185.788299561,166.834564209,185.175323486,181.641143799
191.527664185,177.844177246,179.757369995,176.326568604
190.431365967,182.673431396,179.757385254,176.326568604
196.62890625,180.283981323,178.733428955,175.322158813
197.111480713,182.704696655,177.004394531,173.626113892
193.121948242,185.373886108,177.004394531,173.626113892
211.40737915,166.195297241,176.329040527,172.963638306
216.655563354,161.97328186,179.73576355,176.305343628
213.12210083,165.788116455,177.480285645,172.487823486
212.041412354,169.755218506,173.928985596,168.483001709
223.042404175,171.536529541,170.268753052,164.937347412
226.294647217,171.927078247,162.555114746,163.312698364
229.735076904,171.319488525,163.271392822,164.032318115
234.457977295,173.94694519,162.608306885,163.366104126
237.726028442,165.106292725,164.502731323,165.269378662
236.853408813,167.123886108,165.076644897,168.726638794
233.910705566,167.363174438,169.239654541,169.589889526
197.209732056,181.840911865,176.710098267,162.315612793
196.007781982,188.43421936,179.624603271,158.041091919
192.950469971,194.32069397,185.776123047,152.240158081
223.446899414,184.070266724,187.02947998,153.267288208
215.515228271,183.353790283,188.66217041,161.287963867
211.755706787,186.512237549,187.300384521,160.123779297
224.531005859,185.182159424,186.662658691,159.578582764
220.752410889,186.100494385,185.759216309,163.580444336
224.503387451,183.765182495,179.59362793,166.210281372
219.901367188,181.121994019,178.930847168,165.596908569
223.95149231,177.081115723,174.412582397,161.415374756
219.131225586,179.888824463,174.50201416,161.498138428
220.18989563,182.824295044,171.699996948,158.904922485
226.087371826,189.182250977,173.640350342,156.422271729
234.840393066,189.823303223,169.732116699,153.638763428
210.358734131,191.565505981,169.732116699,153.638778687
224.044342041,193.096862793,169.732116699,153.638793945
224.814361572,205.042541504,169.732116699,153.638793945
264.277008057,173.543991089,173.865386963,169.828659058
262.31652832,170.325485229,179.10836792,176.823928833
263.503997803,163.038299561,181.610961914,184.811523438
268.74786377,163.276779175,181.610961914,184.811538696
273.217590332,154.278289795,186.101287842,194.647186279
278.175231934,145.886169434,186.282592773,204.950866699
283.183654785,143.171722412,191.293609619,214.369232178
286.297088623,143.739593506,197.224731445,215.260406494
290.135223389,136.246490479,205.485900879,222.753509521
290.945861816,131.578826904,215.253540039,227.421173096
290.907165527,130.428131104,227.42578125,228.571868896
291.663330078,130.860961914,236.172424316,228.139038086
298.955566406,132.995422363,243.917358398,224.858337402
313.223571777,130.901351929,243.917358398,224.858352661
324.294067383,131.692016602,243.917358398,224.858337402
334.053863525,132.107513428,248.227630615,226.892486572
348.907104492,132.107513428,248.227661133,226.892486572
356.470428467,128.622070312,249.550445557,230.377929688
319.285095215,137.021209717,264.423217773,221.978790283
335.828918457,143.218261719,258.866455078,215.781738281
