0.358278
0.037068
0.036307
0.043843
0.043422
0.043475
0.043614
0.041809
0.043454
0.044214
0.039319
0.037036
0.044110
0.044098
0.042909
0.042842
0.036001
0.035959
0.035788
0.035578
0.048433
0.039575
0.042927
0.042995
0.043193
0.036030
0.033777
0.033899
0.033688
0.033702
0.033768
0.033755
0.038847
0.033833
0.038722
0.038702
0.038564
0.038842
0.038684
0.038362
0.057494
0.038226
0.038069
0.038084
0.038145
0.037852
0.037983
0.038187
0.038143
0.037818
0.037928
0.037533
0.037688
0.037368
0.037418
0.037475
0.037345
0.037373
0.037131
0.037140
0.055530
0.036994
0.037089
0.037195
0.037193
0.037150
0.036723
0.036735
0.036805
0.036685
0.036793
0.036746
0.036432
0.036394
0.036677
0.036598
0.036658
0.036784
0.036636
0.036599
0.055536
0.036491
0.036791
0.036538
0.036412
0.036413
0.045463
0.047752
0.046032
0.046446
0.047255
0.046816
0.047371
0.046544
0.040303
0.040023
0.048615
0.048152
0.046486
0.043993
0.065664
0.045454
0.045872
0.046450
0.046407
0.045313
0.043963
0.037651
0.037457
0.037238
0.046247
0.047926
0.037324
0.036580
0.036561
0.036339
0.036165
0.036396
0.036337
0.036261
0.054977
0.036093
0.036286
0.036243
0.036233
0.035894
0.035930
0.036029
0.035947
0.036045
0.035758
0.035872
0.035844
0.036046
0.035956
0.035758
0.035819
0.035943
0.035736
0.035725
0.054444
0.035701
0.035757
0.035678
0.035895
0.035610
0.035739
0.035771
0.035790
0.035828
0.035725
0.035484
0.035682
0.035473
0.035423
0.035506
0.035534
0.035390
0.035525
0.035345
0.054253
0.035419
0.035861
0.035501
0.035280
0.035286
0.035313
0.035324
0.035316
0.035316
0.035466
0.035303
0.035331
0.035274
0.035620
0.035138
0.035218
0.035118
0.035702
0.035301
0.053849
0.035334
0.035256
0.035205
0.035259
0.035237
0.035191
0.035127
0.035229
0.035219
0.035157
0.035174
0.035179
0.034984
0.034853
0.034995
0.034995
0.035031
0.035193
0.034875
0.053934
0.034904
0.034903
0.034954
0.034878
0.034906
0.034902
0.034872
0.035077
0.034974
0.034990
0.034982
0.034841
0.034873
0.034806
0.034874
0.034801
0.034950
0.034957
0.035063
0.053872
0.035241
0.035102
0.035102
0.035180
0.035245
0.035269
0.035011
0.034953
0.034881
0.034997
0.035082
0.035080
0.035219
0.035085
0.035185
0.035296
0.035081
0.035230
0.035219
0.054029
0.035190
0.035112
0.035150
0.035113
0.035295
0.035401
0.035265
0.035560
0.035332
0.035152
0.035264
0.035159
0.035319
0.042860
0.040097
0.043634
0.047566
0.043522
0.049851
0.062299
0.037909
0.038670
0.038534
0.038781
0.038418
0.037061
0.037056
0.036929
0.036825
0.036931
0.059821
0.041572
0.039054
0.041689
0.045050
0.041751
0.044772
0.042873
0.042801
0.062901
0.036656
0.043586
0.043700
0.043494
0.043703
0.038940
0.038537
0.041073
0.043010
0.042688
0.043419
0.043873
0.043437
0.037078
0.034528
0.035877
0.036341
0.037343
0.044841
0.060280
0.045467
0.044484
0.043282
0.043849
0.040169
0.042726
0.043308
0.043974
0.039209
0.037242
0.037534
0.037536
0.043399
0.044832
0.043944
0.044424
0.043699
0.038463
0.043301
0.057995
0.037063
0.038440
0.042953
0.043479
0.043609
0.041603
0.042210
0.044218
0.044072
0.043923
0.043625
0.043838
0.043250
0.039890
0.038156
0.042789
0.042502
0.043409
0.035844
0.054324
0.035243
0.035465
0.035494
0.035455
0.036511
0.042344
0.043753
0.043339
0.038222
0.035938
0.035733
0.035515
0.037649
0.036039
0.035807
0.035688
0.037436
0.043022
0.043382
0.054969
0.035856
0.037394
0.043287
0.040307
0.035919
0.035995
0.036264
0.036106
0.036318
0.036249
0.036082
0.035805
0.051347
0.042277
0.038841
0.038607
0.038678
0.038994
0.038815
0.057832
0.038737
0.038745
0.038838
0.038687
0.038701
0.038655
0.038789
0.038701
0.038703
0.038775
0.038787
0.038993
0.038889
0.038617
0.038815
0.038572
0.038859
0.038730
0.039224
0.062007
0.042700
0.043599
0.038435
0.036810
0.036938
0.041484
0.046956
0.039037
0.044741
0.041562
0.043530
0.044113
0.044033
0.035425
0.035512
0.035438
0.035433
0.035197
0.035378
0.055628
0.047032
0.046772
0.040918
0.042747
0.044913
0.045066
0.045594
0.038524
0.038856
0.043445
0.037031
0.036836
0.037187
0.036984
0.037165
0.037113
0.037022
0.037068
0.036932
0.059162
0.037117
0.036560
0.036671
0.036665
0.036779
0.036613
0.036827
0.036751
0.036748
0.036724
0.036661
0.036929
0.036886
0.036856
0.036931
0.036756
0.037024
0.036970
0.036960
0.057714
0.037211
0.037146
0.037200
0.036992
0.037182
0.037298
0.037234
0.037141
0.047072
0.040425
0.037372
0.037220
0.037349
0.037299
0.037291
0.037798
0.037413
0.037606
0.037311
0.058281
0.037493
0.037291
0.037430
0.037607
0.037402
0.037536
0.037586
0.037522
0.037578
0.037737
0.037658
0.037673
0.037914
0.038097
0.037640
0.037829
0.051619
0.043412
0.038337
0.059159
0.037862
0.038010
0.038096
0.037901
0.037895
0.037980
0.038206
0.037954
0.038315
0.038202
0.038727
0.038315
0.038269
0.038266
0.038184
0.038302
0.038397
0.038190
0.038598
0.059575
0.038525
0.038476
0.038455
0.039131
0.038756
0.038707
0.038752
0.038682
0.038828
0.039014
0.039039
0.039092
0.048034
0.052481
0.049858
0.048376
0.048428
0.045452
0.048973
0.072218
0.050136
0.049640
0.041081
0.049458
0.053476
0.049566
0.062208
0.051347
0.041028
0.041314
0.041019
0.041071
0.041369
0.042417
0.056577
0.052059
0.040494
0.040551
0.040456
0.061529
0.035387
0.035120
0.035059
0.036108
0.035230
0.035335
0.035139
0.035404
0.035479
0.035256
0.035506
0.035514
0.035483
0.035808
0.035744
0.035848
0.035691
0.035959
0.036097
0.057346
0.036170
0.035610
0.035710
0.035635
0.035792
0.035897
0.035778
0.035873
0.035980
0.035899
0.036048
0.036074
0.035879
0.035732
0.035954
0.035862
0.035854
0.035748
0.035502
0.055388
0.035784
0.035761
0.035675
0.035660
0.035350
0.037051
0.043642
0.044370
0.044274
0.044301
0.044665
0.040028
0.043220
0.043167
0.043335
0.043754
0.044483
0.043797
0.038261
0.057513
0.042505
0.051418
0.050694
0.054003
0.043168
0.042843
0.043787
0.043251
0.043318
0.043131
0.042871
0.042515
0.042940
0.042646
0.042467
0.052932
0.043464
0.049455
0.054437
0.063154
0.042995
0.043044
0.038796
0.049949
0.039305
0.042996
0.045883
0.045202
0.057239
0.046140
0.044541
0.043262
0.044550
0.041847
0.043449
0.035251
0.045164
0.043842
0.043201
0.062967
0.042912
0.037076
0.036112
0.038404
0.038470
0.038465
0.038423
0.038288
0.038097
0.038200
0.038697
0.059227
0.045339
0.038613
0.038527
0.037864
0.037715
0.037534
0.037589
0.057987
0.037796
0.037759
0.037931
0.038033
0.039159
0.040523
0.037944
0.046063
0.040772
0.037035
0.037699
0.034945
0.034138
0.034499
0.033903
0.034178
0.034432
0.041758
0.046239
0.067404
0.042868
0.039611
0.042196
0.046750
0.044427
0.041327
0.036923
0.034407
0.034083
0.034557
0.034449
0.034238
0.034060
0.034385
0.034051
0.034108
0.034552
0.034700
0.043150
0.063124
0.034885
0.041977
0.047083
0.044519
0.046325
0.043403
0.036957
0.033948
0.034089
0.034511
0.034102
0.041744
0.045862
0.042328
0.044192
0.041829
0.038332
0.037801
0.037800
0.057920
0.037796
0.037843
0.039435
0.037658
0.040501
0.042781
0.051815
0.042810
0.039429
0.034598
0.046062
0.038455
0.037781
0.037855
0.037686
0.037512
0.037581
0.037554
0.037694
0.057495
0.039918
0.043765
0.038656
0.035580
0.035687
0.043314
0.044372
0.042358
0.041840
0.042222
0.046587
0.041520
0.036794
0.041460
0.034424
0.034329
0.034494
0.034918
0.034421
0.054365
0.034820
0.035710
0.041305
0.041591
0.037915
0.034677
0.041276
0.043831
0.041382
0.042191
0.038344
0.041263
0.041637
0.049348
0.038662
0.041391
0.045792
0.043303
