220.333333,112.800000,159.666667,123.600000
213.625412,103.174622,166.310104,133.189819
209.033249,94.297516,171.395554,140.699158
207.967072,93.888962,167.213104,146.619492
204.619980,90.404007,165.794540,153.751358
204.217697,88.043259,165.261612,158.891495
200.921036,87.203033,166.328384,162.070221
202.222443,82.995117,169.382812,168.584351
198.243988,80.466293,175.020294,175.737625
196.112610,78.635406,182.258087,175.985565
195.724701,80.593658,188.014557,177.616272
186.010223,81.432343,199.094818,175.953491
182.608276,83.185272,207.077240,175.785614
198.263870,85.159195,205.713791,174.628220
185.451447,97.249969,216.730072,161.384186
180.686432,108.569321,217.665802,151.403702
181.096161,116.234512,220.061981,144.128250
181.584686,123.907532,215.983612,137.238586
182.842285,130.064575,206.784607,133.697449
182.521118,128.547577,203.710815,132.028473
184.502625,121.115906,192.732788,137.427979
177.896393,123.128891,197.708221,133.825668
180.375763,110.696594,186.202026,144.565063
177.728210,111.710739,182.375031,142.586472
180.590546,112.022385,174.072021,145.239517
181.989624,113.767349,172.012848,145.379288
184.882416,108.795761,170.801361,151.628342
186.229034,105.589767,169.028168,153.984604
193.466797,105.723801,160.942169,154.707138
197.697495,109.470566,163.151047,149.164566
204.048050,107.366257,163.753677,150.484024
208.096191,108.562149,166.363251,147.842941
216.579285,78.863678,163.490448,150.132202
220.349442,80.764420,163.795242,147.954880
225.939972,83.941818,164.157990,146.829208
231.358139,79.549637,160.207199,149.345016
237.568817,69.307709,155.863800,157.866241
242.146347,67.034622,152.183487,155.966293
245.294662,63.958084,151.172562,157.694046
243.264145,60.978088,154.084427,161.818329
244.933884,58.191437,151.761673,166.287994
244.611938,58.295685,152.953705,168.223694
241.940018,56.036880,156.509354,171.951035
237.786209,52.000931,159.063980,176.076096
233.686111,49.066040,160.244370,177.814545
229.441391,51.008972,161.121140,177.764587
226.368683,85.564148,169.546051,177.922363
228.469574,85.647797,169.272766,182.837738
224.106293,88.804413,171.015900,183.557007
218.355515,48.130569,168.003067,190.306351
216.349670,48.796417,168.405396,188.194031
210.356232,51.566620,168.903168,181.665955
211.969879,94.822968,170.253082,172.922363
211.414276,132.066437,176.030151,169.860901
209.841339,128.635117,176.030151,169.860916
210.479431,126.047585,176.030151,169.860931
208.602997,93.893387,176.494995,162.205124
207.701111,92.641556,177.179108,160.138412
202.203003,56.576797,169.203949,167.127701
206.624237,92.896484,168.168579,160.351807
204.981689,55.771927,160.805420,168.382889
208.596069,87.216095,160.802795,169.291504
209.067062,74.774826,158.173660,176.588211
203.598633,71.479736,160.818390,175.165771
200.891266,73.118439,164.554749,173.077667
203.589081,72.443604,164.897797,173.856659
202.295715,73.868744,169.901245,166.897278
199.472229,75.409897,172.026093,162.858322
201.412079,74.258820,170.544159,163.689056
203.381195,78.269150,168.757751,163.213699
205.158371,82.557083,166.532791,160.694504
206.792374,79.156189,163.795212,164.191528
207.541290,82.297607,163.819733,161.610596
208.242157,79.592926,165.703094,162.592712
206.065170,81.161377,167.498459,161.136444
204.974518,83.236343,166.179291,159.611191
205.187668,79.190002,165.392838,164.400269
205.881363,80.862122,164.095535,162.595337
208.240875,84.061478,166.284149,159.138718
206.815857,80.004959,172.310638,161.670731
202.978226,85.107117,179.028305,155.875061
204.082703,113.160950,182.136139,157.380493
205.414337,120.711166,191.813812,153.372513
208.096222,128.389923,196.990845,145.624146
210.003143,135.145737,200.555511,137.604385
212.062012,140.564529,206.098999,131.818314
213.835602,145.841782,207.756317,124.738205
211.178284,152.229996,214.204529,119.969833
211.021637,157.845413,218.977264,115.625992
211.302948,161.198288,220.307465,112.907242
210.914886,163.386887,223.992157,110.829239
213.552628,144.283020,223.992172,110.829224
213.113037,170.511948,232.543945,111.511429
216.772186,173.338440,237.845490,110.111908
260.970276,148.995590,237.845520,110.111893
216.445404,172.675293,237.845520,110.111877
177.529633,150.394730,237.845520,110.111862
130.995651,128.075500,237.845535,110.111877
162.665009,138.839172,266.644196,130.829071
223.333588,169.240234,248.326874,127.284790
176.613358,140.051529,248.326889,127.284775
186.114410,168.637604,248.326904,127.284790
196.452087,170.432831,248.326904,127.284790
202.384338,173.499298,248.326904,127.284790
158.532532,144.778870,248.326904,127.284790
163.562958,175.371597,248.326904,127.284775
167.925232,175.515747,248.326904,127.284790
169.664215,177.546906,248.326904,127.284790
180.580627,173.939728,234.931091,131.116791
185.864471,170.298538,223.406342,134.860855
193.779510,144.775772,210.713959,137.781723
196.553497,173.364120,205.913300,139.809738
196.723297,171.548370,205.690338,141.982452
199.417633,168.208466,198.877502,148.010132
198.360535,167.279099,197.562988,148.177414
197.725128,165.922607,194.223083,149.396698
200.389923,166.430954,187.516266,151.090225
210.677612,137.488144,174.977142,150.821396
213.400452,141.387527,174.837524,146.156509
215.622009,145.010284,171.931427,143.723145
219.049713,117.387131,166.822815,144.939621
220.118454,116.872894,163.919601,148.998474
221.634369,121.890503,164.058350,147.648834
221.347916,124.991760,164.755020,143.412323
223.133118,126.825302,166.408325,141.890884
227.134064,99.872055,166.095520,142.595474
229.852066,106.101547,164.291397,142.297684
231.390854,111.344116,164.722885,139.710876
230.669724,80.925888,162.338242,148.356216
229.786621,110.364182,164.078217,144.382736
232.302414,113.166565,163.036179,140.434113
233.742081,115.478699,165.327164,136.075134
207.951248,80.874710,155.659470,147.801682
213.531143,75.001312,150.279129,157.569550
216.009674,108.774628,152.661011,155.315643
215.478714,109.026016,159.038895,154.045547
215.611755,111.277481,168.277008,151.174301
215.789215,142.168640,174.233459,148.835510
213.235077,75.807404,173.890625,157.323273
211.377808,75.541138,175.953735,164.823914
207.160797,143.754486,180.774353,164.118256
203.554749,111.376495,184.504059,162.330658
203.333374,112.475830,185.711731,160.836975
202.025757,113.941040,185.711731,160.836975
201.761566,114.529861,187.686035,160.804245
201.465485,113.936539,188.897186,160.916122
202.010468,114.636902,188.040802,160.375153
203.485901,111.795120,185.669708,161.209793
205.313934,113.666901,182.037659,158.220032
205.781128,115.955185,182.314392,153.316727
203.191437,149.623505,186.703369,153.608917
202.648376,116.068741,186.703369,153.608932
204.275482,116.032425,187.555328,149.645828
205.972687,116.862396,183.980103,145.735962
200.812653,83.486542,183.980103,145.735962
205.695709,79.172104,169.937256,149.114334
207.009430,77.817307,168.185760,149.185043
208.340027,112.176483,170.238037,141.882324
210.168823,76.400330,164.871094,145.583221
208.941177,75.659973,165.454910,148.024536
210.279419,76.478561,162.643860,147.840836
210.393982,112.323761,164.225433,139.473114
209.778168,116.586807,167.607178,134.840622
210.969879,89.937561,167.345184,132.434143
210.801605,92.580505,166.415527,127.386078
211.385086,94.949982,165.197495,122.066284
210.899384,95.405624,164.248474,119.355087
212.798996,94.864227,161.570236,118.294861
214.391434,97.068085,158.864731,118.530731
211.951324,97.018173,159.328033,119.460068
209.948761,100.647324,161.243408,118.595108
209.591400,104.978333,163.777893,117.271759
210.901031,108.846603,163.040253,116.079636
210.579453,114.409851,165.396225,111.526245
210.619064,113.263702,164.896683,113.845306
208.933014,113.621780,168.633118,113.593582
207.968079,113.094681,171.625549,113.688187
206.551819,115.181961,171.322784,110.863541
208.114166,115.241104,167.580872,111.043900
207.602448,115.218292,165.341858,111.247406
209.841232,115.925308,164.204666,111.406723
208.356415,113.871170,163.693298,111.523026
210.071747,115.036407,164.004547,113.279053
207.562653,116.228851,167.031586,111.875793
205.230759,115.222397,169.846786,113.111404
207.342712,113.365463,168.982574,114.324905
203.127365,113.591492,174.406387,114.868103
203.678436,112.798813,171.162598,115.311264
206.519501,114.193787,170.372131,115.707672
208.136169,114.778870,166.406433,117.954865
206.771713,116.194366,167.276230,121.484314
209.721771,115.211075,166.703064,123.703842
209.755951,115.519730,169.658630,123.148666
212.139465,116.386948,171.699646,124.624680
211.549500,117.413864,174.932220,123.768753
210.581451,116.917496,175.659943,123.509018
210.377960,117.519165,175.378387,122.646637
211.296936,116.297379,177.998383,123.222519
212.581757,115.445480,179.437805,124.347672
210.750732,112.822418,184.328735,127.455353
207.887878,111.951172,189.949432,128.407501
206.072357,112.509171,194.114105,129.213272
210.792694,114.980530,192.860138,127.271637
211.073395,113.897583,193.661835,128.553131
209.161163,114.072601,196.899109,129.033295
209.221252,113.896179,200.439178,130.304565
207.990051,114.156158,199.503815,132.277985
212.090698,111.962173,197.290985,133.840195
210.243500,115.486938,197.376953,135.302094
206.709595,114.243454,198.295837,136.540024
201.164948,112.555466,196.912628,138.715378
197.798035,110.018463,198.768097,139.982727
199.749847,108.618805,197.008667,144.822937
196.878448,109.720154,195.714417,146.788422
195.365662,109.708420,191.527771,148.369736
194.671173,107.630051,189.720337,153.109268
230.426758,143.598755,192.124146,151.151794
224.038971,143.073349,194.201233,151.507187
224.122955,144.096069,195.124817,153.424408
220.182373,145.344070,196.918854,153.024490
216.898041,144.679047,198.848999,152.515808
213.328430,143.563400,202.395660,152.770523
206.761749,140.598831,205.752472,155.132736
201.830200,112.478989,197.801849,155.181564
200.391235,109.649994,193.338379,161.238708
201.142151,107.332489,189.702972,165.697174
200.320496,104.209671,188.862915,168.213455
199.475067,104.026276,192.958984,167.731323
198.242035,104.145172,194.836548,170.418793
198.807587,100.591827,189.941681,174.161926
200.316528,104.167908,188.656311,175.768036
202.112549,143.065094,192.916382,173.851105
205.904724,143.623352,199.153076,168.886414
204.148010,108.753296,196.699127,171.911316
204.306152,110.528992,192.656647,171.696655
203.961456,113.543884,190.416962,166.790314
205.639221,112.639465,188.149933,166.948578
204.732971,114.440338,186.971161,164.760681
208.352386,116.423752,184.782501,166.928116
207.810028,114.572296,181.867798,170.982727
213.408417,112.403946,172.686401,174.481369
206.426071,114.041626,177.186172,182.350647
203.001526,115.187683,180.312561,182.893097
207.646729,117.288300,172.263611,184.053528
209.141479,112.025970,168.021637,188.423645
207.664795,110.885895,168.882904,192.654694
207.227615,109.225067,165.675278,195.451111
208.862549,106.314484,162.113129,198.662109
209.366119,105.212280,159.589417,202.073792
207.930740,103.746155,158.891495,206.434174
209.907013,102.958008,157.674713,212.406128
210.488739,97.491028,157.795074,219.507690
204.839218,101.453094,164.376205,215.071564
207.433090,55.648407,156.048172,220.362396
209.747925,54.608154,152.676117,224.418823
210.294815,54.291687,153.482010,227.806519
208.284195,56.328217,156.991196,233.312653
206.765411,54.255402,157.026215,236.226837
210.187225,57.974609,154.543518,243.547119
209.966843,56.027435,158.647659,244.831024
205.587112,58.393860,162.760849,247.633667
209.508789,59.637238,163.958130,250.391571
207.174683,62.047638,164.222961,248.094879
206.789719,58.512543,163.076736,253.757416
206.715729,61.283813,162.176758,251.800842
208.305664,63.941101,163.779602,249.608643
208.877014,69.636078,163.231537,246.815948
210.551712,68.809174,163.013138,252.005829
212.099792,70.555756,163.260529,252.917755
207.321198,66.588654,165.134979,249.173248
211.801331,63.490387,159.723236,254.083099
218.605087,65.689178,157.505875,248.259430
216.279266,73.367554,165.892426,240.481628
209.498642,77.932953,175.867081,237.187958
208.827118,79.971039,176.280701,237.318939
205.439423,84.157623,179.588226,235.198700
205.968109,84.071381,180.661621,233.446808
206.142151,81.821442,178.657990,233.806793
203.405304,83.460815,179.596100,229.349060
205.722382,81.930481,180.587738,231.177673
204.839813,81.893372,184.702881,233.115784
205.654358,83.685638,190.321320,226.679474
204.211212,92.761505,192.912842,223.808136
204.712677,93.695282,190.920380,223.969025
203.038269,99.567932,192.948578,218.711975
206.604401,95.864410,190.498474,220.231293
206.525421,103.231293,192.027008,215.203094
206.881348,108.177643,190.651550,210.466217
204.697693,107.358490,192.615051,209.350494
201.925995,111.274933,195.566071,212.699188
200.947113,109.440033,195.735046,214.328766
202.208832,100.052368,194.221558,224.814026
202.388275,104.967682,190.960205,223.004425
203.052216,105.618317,191.541901,220.812164
198.354858,107.243073,191.010742,223.783356
198.187714,110.887085,197.465942,223.724854
200.118469,117.371704,196.768738,221.908813
196.526855,119.038879,196.571198,219.747192
198.620667,116.007477,194.023468,217.279633
200.178284,116.128601,191.614197,218.109131
198.632507,115.285004,192.176636,217.949738
199.892303,118.421295,194.582336,217.498444
200.192078,118.027496,185.588165,212.845123
202.807831,118.047943,190.096497,210.880646
199.897888,119.351379,196.194458,208.937927
199.901703,120.504242,195.364929,210.917816
200.487030,117.896240,192.198273,215.729126
199.660400,119.849884,192.952271,217.222260
200.925049,118.209625,192.461823,217.028595
200.085327,119.948181,190.911072,217.992859
201.528778,110.301117,190.721802,230.146271
200.146973,108.748688,191.056152,236.618378
203.495880,112.222595,192.555206,233.206360
204.953979,109.141052,193.387573,234.196106
198.653992,110.867493,194.977997,228.733826
196.993896,119.588440,192.990906,221.496826
193.032959,122.864319,194.806641,221.717102
192.245361,121.826141,196.201355,225.355804
192.731537,117.291840,198.421265,229.629791
195.203461,113.561707,196.099792,234.180176
199.444153,106.696747,189.935516,240.112885
202.825104,101.659149,190.162079,243.607208
202.549896,94.782349,188.207642,249.742615
206.263153,87.410461,188.967773,255.635742
201.457581,91.499298,189.169189,253.339386
194.181183,90.503174,193.788330,250.505310
192.194824,93.820740,192.046539,246.582275
188.631775,91.657104,195.002777,246.950562
189.785187,94.733459,191.876404,244.577209
194.283661,87.087555,191.145691,248.993561
196.344025,88.316376,194.759949,245.370270
196.309784,86.299683,185.680420,248.602966
200.584198,87.531372,186.616180,246.275330
199.540649,84.943115,183.170685,245.233826
200.893097,83.539185,180.997803,246.668884
202.032745,85.251129,181.248962,246.810455
202.054321,95.083008,180.279816,240.309204
201.664154,93.320923,180.916870,245.572876
203.076385,91.437622,179.259247,249.703125
202.458069,91.253326,181.651031,248.200409
203.824707,87.718292,181.746552,251.199493
204.352417,89.657501,180.075348,249.423370
201.757690,88.854370,180.485779,252.313782
201.519104,79.290649,183.314453,258.999512
203.224152,79.509644,175.671478,260.852112
202.193817,73.685852,171.986908,266.044617
199.344864,72.956329,171.070114,267.472260
201.115051,67.091644,167.746368,273.466827
199.770096,69.712036,174.752274,270.344055
197.083496,68.446625,173.974731,272.214264
196.545532,64.359314,170.679535,276.750916
196.809723,63.093353,173.832428,276.750397
192.134979,64.799561,177.835175,274.525574
190.337280,67.607788,184.881073,270.633301
189.756012,67.634827,183.141205,269.551331
193.026703,71.121429,179.545624,265.708527
195.369537,69.791931,173.038513,267.285889
196.148285,70.773895,175.661102,265.143097
197.974304,70.834625,172.759644,265.442047
200.925232,62.234406,166.299591,272.238556
201.861694,62.754211,166.841492,272.134155
200.767303,71.161530,168.911957,266.312897
205.342072,59.192871,163.292328,276.760681
209.576202,64.110535,154.097534,275.990906
212.288757,63.300842,151.344055,275.964478
209.920471,63.209778,151.793793,274.584045
210.644669,62.253540,155.270126,274.434448
212.203125,64.267792,152.822174,273.948883
211.382080,68.829193,153.890442,270.008148
211.604187,65.638733,155.370697,270.118469
210.750397,68.948120,160.666962,265.966431
211.174438,65.236816,160.878479,265.932129
213.179062,65.513245,161.299271,264.780823
210.732407,67.280121,161.432968,264.507294
213.466797,68.708344,160.706665,264.655426
209.140457,67.891052,162.362015,268.284668
209.141617,65.757263,164.060928,265.153503
211.108185,68.303619,162.271667,267.054413
206.137299,64.422607,171.315308,265.141724
204.644104,64.170227,168.373077,266.432800
206.782150,63.832764,168.257614,268.219299
204.053757,65.291992,170.603561,269.599976
203.511703,69.136688,171.864182,262.688019
205.437042,62.029724,163.821198,269.894836
205.430817,64.404358,163.603027,266.733215
208.586197,65.850403,161.568100,261.445862
208.081284,63.930084,161.086044,263.966766
206.656357,66.592285,163.539444,261.448914
207.857330,67.249573,163.532990,261.860352
207.042206,64.978363,162.442719,266.084320
213.047180,67.589905,154.361481,266.666443
213.786453,66.581238,157.733749,261.607666
210.104691,62.620056,160.767654,267.977478
210.965698,65.635773,157.478424,267.674835
207.823074,70.596405,156.800186,259.665253
212.268234,61.444000,152.969742,269.344635
210.624069,67.843781,158.538956,264.229584
212.218353,67.257294,155.450989,264.107025
213.826431,70.865967,154.229477,262.744141
211.512543,58.784851,156.603363,266.627014
209.681824,63.789062,157.281250,266.925476
212.215195,67.688568,155.350174,264.740936
213.753296,63.666565,154.918884,263.556763
209.972443,65.917267,158.524628,263.650116
214.154282,66.660950,153.840347,261.825623
212.487747,67.245483,157.584915,262.538574
215.929642,67.563416,155.729782,260.163330
211.078018,71.314667,161.879379,257.124298
213.990768,70.539093,159.868362,262.124359
210.912125,75.144165,162.945297,259.207825
213.915115,73.676239,157.283737,255.625397
213.667892,75.678711,158.279160,256.807495
216.321777,85.653107,156.083679,248.779388
211.033676,93.046844,162.057358,240.468292
208.527832,99.150757,166.540741,235.272400
212.580688,97.973907,168.220123,235.309662
210.348114,98.028900,170.632629,232.709625
208.006973,96.437134,173.063217,232.637695
207.701202,96.680786,172.934875,233.439819
204.654144,58.022949,169.526520,233.115845
202.290070,66.504669,170.607910,229.551849
204.509125,70.865143,168.928802,224.892487
204.021667,74.406036,169.502808,221.618378
202.039185,74.669769,170.375519,221.095367
201.782318,74.272491,166.602234,224.261078
204.524460,72.259583,165.263809,223.654419
203.512680,65.934174,161.943710,232.046417
204.408432,68.158356,162.217148,231.080353
204.212296,66.592468,161.199600,229.466675
205.286560,67.117889,160.431641,226.199615
205.836472,68.607391,158.156845,224.354340
207.126099,68.740875,157.662567,218.711884
205.861511,68.843109,158.899139,215.651337
204.782654,71.418030,157.802338,211.028625
206.057693,72.101990,153.599533,208.066040
199.358688,73.924561,159.662521,206.191650
204.861298,71.126129,155.851776,209.952240
202.402115,73.171295,154.290329,202.792816
203.906448,71.048309,153.829300,200.439117
205.169754,67.010895,150.871658,201.985779
205.501251,68.439667,150.543427,201.566132
205.294144,64.259308,154.275986,200.039856
204.946182,60.352234,151.751297,205.162109
203.720490,58.239532,147.595184,206.980194
207.143768,57.113220,142.979431,208.774414
204.634079,56.363281,149.300034,202.942200
204.848694,63.119415,156.018799,194.859406
203.409943,65.850098,163.668030,189.999023
201.509857,64.810913,170.739594,189.897003
198.947449,64.634827,177.180664,190.399414
195.338959,61.382385,178.436920,193.376770
195.901154,57.615112,176.426453,197.311218
197.640106,55.955536,176.676331,198.573700
199.984772,55.084534,173.794769,198.525940
202.038208,52.310547,167.026581,198.369446
205.370544,49.252106,162.900269,201.810211
207.738525,46.130798,158.584717,203.602631
209.146561,47.309052,153.446793,200.602570
206.639694,46.510742,153.490555,198.688049
204.900055,47.775024,155.549377,195.882111
203.300308,45.636871,156.005844,194.791260
207.081116,46.760803,153.182037,199.189545
207.740829,45.275421,153.018692,199.587555
202.679459,45.691254,157.702072,197.788513
198.282227,86.840576,167.226624,198.644592
193.240936,45.430328,170.451416,203.580902
190.034515,45.176025,173.355927,201.538513
191.123535,43.833099,177.124939,199.898895
187.674591,44.776855,187.904053,201.190948
186.531921,47.046692,197.709930,201.074585
182.445251,50.254822,207.466217,198.581635
187.112946,51.408356,208.244781,193.633026
190.636383,53.685486,212.557220,191.123199
190.280640,55.841492,216.849854,188.037170
194.109192,56.733643,216.745544,182.159515
195.471100,57.084412,215.771149,181.166962
195.787292,58.239105,219.168762,174.960876
199.461365,61.422302,217.553345,179.290009
206.521393,62.955475,209.464752,188.621643
204.613861,64.619263,222.813141,183.866394
202.613892,64.381348,225.983582,187.250366
204.168274,66.608673,226.390442,191.138519
163.110870,101.752289,220.668854,208.230927
173.492340,98.552368,208.403412,216.900085
183.607666,93.416870,196.365356,226.427612
189.035767,50.174194,183.707397,229.768005
184.690674,50.547302,179.176758,235.479980
182.678162,108.253845,185.027588,231.461365
175.204956,99.371124,196.824158,237.129547
170.273285,93.896393,211.694733,237.706573
162.774780,87.840027,214.535889,241.544800
157.235046,76.993988,224.063538,250.432037
154.622253,68.190765,222.313599,256.926361
145.539948,62.793854,234.460052,252.985992
144.410370,58.307922,231.177582,253.403748
142.368683,58.003510,234.881012,256.342377
144.629486,61.411346,241.417633,257.198578
146.182953,62.541260,252.547638,260.831360
151.229309,63.392090,257.076416,253.514099
155.177063,67.433868,250.497131,253.248016
151.962646,61.749176,245.623535,255.256500
158.179352,65.459442,236.417450,251.935089
164.327362,63.902802,228.711517,252.621063
168.336151,61.791748,219.761505,256.315796
168.928986,60.227814,213.103485,256.708344
173.335480,60.386841,199.194000,259.982300
172.243561,61.691650,193.727112,256.640442
171.858307,57.708313,186.971283,258.358154
172.815765,51.891907,180.260437,265.597900
176.497040,51.401276,170.707001,266.657806
205.545898,63.245941,173.582916,260.203094
201.837402,67.431702,173.899963,253.478027
195.179108,72.085754,177.195129,246.818604
197.199829,69.779541,173.430389,249.916321
199.096497,71.278412,165.725677,246.794769
196.071518,69.487488,164.116287,242.981506
192.337433,66.087372,167.730194,241.458282
193.393936,58.819763,173.196487,251.447266
188.150650,59.588898,182.902237,241.796173
186.153259,58.141907,180.298920,249.767090
185.086700,66.195190,183.694244,247.182312
187.382599,68.266205,183.451324,240.405060
194.727051,67.931458,173.010651,234.745056
190.308167,76.356903,173.955719,230.812286
187.933258,79.806885,174.841949,229.985840
190.732483,81.421661,174.587372,234.303680
187.712036,81.686737,180.701050,226.849091
190.990051,82.234161,177.320404,225.162994
191.801575,84.718689,181.043488,216.450317
192.294464,87.273468,181.221100,220.325958
194.000732,89.152985,184.529816,225.602325
190.158325,95.124451,192.155334,228.874939
187.639374,98.776337,195.755707,232.457184
185.361786,93.945770,203.744659,236.064972
184.708954,96.160339,198.929871,238.687256
188.985840,102.211700,196.376343,238.622772
188.579865,97.639252,199.713348,238.104950
187.588959,104.287659,207.261627,231.701355
191.655212,102.767700,204.921021,233.504333
189.777283,106.266815,213.709900,229.045380
188.267822,99.078156,214.631042,230.104523
190.630493,102.544647,214.151672,222.986603
192.982147,105.460815,209.677948,220.888062
190.999359,104.047943,210.234161,222.327118
196.097351,107.300232,205.712585,221.932800
190.492218,109.528198,213.311493,218.755188
192.016022,107.293945,214.964935,215.885620
196.616364,112.135651,212.065643,211.195099
198.317719,160.542572,216.769867,190.555756
200.032288,117.267044,220.776367,190.939743
204.132385,112.354034,216.165222,193.536194
207.374634,68.239914,205.363953,194.579117
207.510040,65.561378,205.363953,194.579132
207.753174,65.115341,205.363953,194.579117
178.716705,109.276360,205.363953,194.579102
190.575378,107.892731,207.474426,193.109985
199.523682,111.886078,198.523743,185.083527
199.428345,119.821228,200.864136,179.984436
200.164917,120.277893,199.979065,176.499146
203.353546,122.175812,199.884644,175.388367
201.555298,87.648209,196.633118,185.324265
202.191559,90.524414,196.580597,189.021606
201.617004,95.084259,198.395844,193.811249
198.031647,97.801758,203.688721,195.969421
192.982758,108.864960,210.590546,189.942078
189.356537,110.154144,209.772003,188.075378
193.420197,109.900146,206.410736,191.484955
196.446075,113.547974,209.286041,188.285950
195.275269,113.536072,207.074951,186.026917
196.542206,118.008240,206.500519,183.397949
196.968719,118.355347,203.360138,183.455139
198.611053,121.634125,203.606812,182.299225
196.552551,121.743439,205.848389,181.152161
198.325317,125.233612,207.702759,180.733795
196.573425,124.128601,201.413116,183.684204
201.916260,129.503784,205.975098,180.089386
199.662018,127.744720,204.406281,180.465973
203.953430,129.880524,198.490662,181.231476
202.052521,127.562073,200.674255,186.673706
203.159241,129.780579,199.851471,191.378174
198.800385,128.058014,198.768005,193.583405
197.639679,119.445374,198.223328,204.256470
196.661041,109.863434,198.566925,212.243591
194.441528,96.841949,194.879852,224.845551
190.030090,89.088898,201.038818,230.499298
188.774048,74.695984,194.879181,254.495728
183.929596,69.656830,194.943481,259.629059
189.619049,63.090424,187.558472,266.724152
194.398987,63.383118,181.877014,269.070374
192.487701,66.024139,183.016541,269.648285
194.185181,63.529175,182.623505,265.362061
199.291199,66.649750,179.073029,264.179230
205.007324,65.582855,170.874512,265.500214
205.416473,71.234985,168.356628,262.049438
205.295654,75.944061,167.118317,258.707184
202.251785,81.065094,170.890854,251.427704
204.814880,85.686920,168.983459,249.899994
200.826340,87.779968,176.155228,244.884521
200.454010,88.944458,176.471985,243.857422
198.608887,90.434875,177.878326,241.258545
201.616577,88.881714,177.355438,245.644836
199.121246,84.208649,176.231598,250.984161
194.043365,87.713440,184.388062,247.931702
193.188141,81.713287,181.933563,246.746979
196.102722,83.917755,182.546875,245.198212
195.313538,85.052216,183.572876,240.740204
194.237915,80.909821,188.067932,232.829010
195.353088,82.298248,188.613708,222.532990
192.048889,87.713074,187.689453,215.745239
195.151245,91.004700,188.322052,207.207031
195.463684,95.246368,184.704559,198.227448
195.107880,96.130432,181.636719,192.743988
199.047974,100.504608,177.657501,187.525543
198.460236,100.374298,176.290039,187.294647
197.985382,100.773560,177.709259,187.763031
197.764771,100.604767,177.101807,190.311310
197.697296,96.881592,176.926697,192.388885
195.818481,54.971405,170.007751,198.466797
197.905334,101.371460,173.740173,196.905151
197.605072,59.823044,168.311249,201.936295
196.067062,58.895508,166.946579,207.873627
195.229797,57.481384,165.588409,213.761780
198.273239,50.588898,161.340622,223.043060
199.204651,46.080231,161.084686,230.099884
201.233871,47.995911,160.942612,232.638794
196.647034,46.810852,165.189941,237.410950
195.294403,47.357269,167.419952,242.276947
191.274094,45.075287,167.811569,241.979279
194.179550,44.757050,166.705521,242.425140
195.736191,46.168610,165.182693,245.368805
192.842621,46.042633,167.374451,252.361359
193.584457,44.800262,163.281387,256.709930
193.315704,42.701996,161.407104,265.250885
191.461136,45.553772,162.560776,265.707336
192.663818,48.800690,164.027161,269.784271
189.568390,49.431091,167.743835,269.384888
191.277618,53.631104,168.018585,265.942505
192.927185,51.729187,167.969513,269.521606
193.862823,52.182098,169.080597,270.695465
193.847549,50.772675,168.845566,273.063446
194.232117,51.599579,168.900574,272.064484
196.008209,49.931366,166.128326,275.727448
197.276276,51.388702,165.184082,275.079437
200.128098,53.315613,162.093246,278.957031
200.973755,53.215332,161.413361,279.814331
203.176666,54.084625,160.957672,278.046112
206.844955,55.575287,160.155563,280.411530
207.667404,58.461670,162.328201,273.959717
203.298172,62.484009,167.022842,271.216187
200.936340,64.480591,169.029144,267.755981
196.415192,70.030426,174.948730,261.302765
195.468384,67.173401,175.003326,261.681641
188.253265,66.696991,182.294067,262.887726
181.355042,63.700226,185.036316,259.579681
183.780975,59.212524,180.611816,257.866394
213.722717,54.167419,207.680328,249.159302
208.423889,30.657410,201.587677,263.906860
174.462128,35.194244,193.442719,272.999908
178.300537,40.884491,186.333984,269.997162
183.764923,43.298126,183.517487,272.458466
190.174042,48.054382,186.750000,263.347900
187.031921,54.934814,187.334106,258.496033
153.520752,49.634888,193.204376,258.948425
155.463074,45.021698,201.148071,261.990875
150.024841,10.877289,210.583710,238.579010
130.140289,0.491904,204.523468,231.713135
138.803986,45.260651,194.669861,251.259552
145.727203,56.383636,196.821136,254.462128
152.775238,63.432007,196.542816,260.569519
160.156921,59.574646,190.848389,266.277893
165.466827,60.216034,189.909149,267.395538
168.926331,60.614777,188.146973,272.570160
173.493805,58.918152,190.064484,275.527344
177.610748,60.288239,190.646637,273.186615
181.809875,63.084412,189.736755,271.938965
184.853455,61.439209,193.061554,270.556396
189.452942,56.031921,189.763397,277.734070
196.202942,55.336334,184.652374,276.551544
201.447052,54.732635,180.551788,280.682953
201.931702,62.807159,178.711914,278.750031
203.303711,64.608612,171.202728,279.163239
207.234589,68.929321,169.469666,274.174500
210.565796,71.731506,166.576599,272.276184
210.443939,77.804535,164.755554,264.396027
207.186417,85.152405,161.487625,259.692566
203.384537,90.468140,170.344803,250.728943
194.607925,95.907867,177.067917,239.653046
181.865768,63.697845,185.742722,228.902863
174.520905,114.988525,193.967865,219.389832
168.806091,117.130066,203.645538,216.549927
159.162262,119.857819,216.804413,213.075958
150.943726,126.129761,222.840881,205.814270
144.473145,131.811920,228.332642,197.420135
145.423553,135.144958,217.156647,200.421265
143.512817,134.376099,210.600952,202.847748
147.825714,135.921783,207.176971,200.459442
154.671814,135.983826,197.265259,199.989655
164.684967,137.534515,187.248718,199.120148
170.418274,140.599854,179.463013,195.047882
169.643860,148.017365,175.993591,189.198792
172.114929,152.174255,168.523041,184.575195
173.219376,157.926880,163.439438,178.994110
