227,281,218,51
228,281,215,51
223,281,221,52
223,281,217,51
220,279,218,51
218,276,217,51
216,273,215,51
214,267,213,50
208,266,214,50
204,264,212,50
199,262,211,50
197,259,209,49
191,253,212,50
187,247,210,49
182,241,209,49
176,235,211,50
172,230,212,50
167,223,210,49
164,216,204,48
160,211,201,47
157,206,196,46
152,199,195,46
148,194,195,46
146,191,194,46
143,186,196,46
143,181,193,45
141,176,192,45
141,172,191,45
141,168,192,45
141,164,191,45
141,160,193,45
143,156,193,45
145,151,190,45
148,150,190,45
150,146,189,44
154,145,187,44
157,143,187,44
160,143,184,43
164,143,185,43
165,143,186,44
168,143,186,44
170,143,186,44
173,143,185,44
173,143,187,44
175,143,186,44
177,143,186,44
179,143,185,44
180,143,186,44
182,143,184,43
183,143,184,43
184,144,184,43
185,144,184,43
185,144,185,43
186,144,185,43
187,144,185,44
186,144,187,44
187,144,187,44
188,144,185,44
189,144,184,43
189,144,184,43
190,143,183,43
190,143,182,43
191,143,180,42
191,142,180,42
191,143,180,42
191,143,180,42
190,142,182,43
190,142,181,42
191,143,180,42
191,143,179,42
191,143,180,42
191,142,182,43
191,142,180,42
191,142,180,42
191,142,182,43
191,142,182,43
191,142,181,43
191,141,181,43
191,142,180,42
192,142,180,42
192,142,180,42
192,141,179,42
192,142,181,43
191,142,182,43
192,142,181,43
191,142,181,43
192,143,180,42
193,142,180,42
193,142,179,42
194,142,179,42
195,141,177,42
196,140,176,41
197,141,174,41
197,141,174,41
197,140,175,41
198,141,174,41
199,141,173,41
200,142,172,40
201,142,172,40
202,142,171,40
203,142,169,40
204,142,169,40
206,143,168,39
205,143,167,39
208,144,165,39
209,144,164,39
211,144,163,38
212,144,163,38
213,145,163,38
213,145,164,38
213,147,164,38
213,146,164,38
213,146,163,38
216,150,163,38
216,150,162,38
216,150,163,38
216,150,163,38
216,151,163,38
216,151,163,38
216,151,163,38
217,151,162,38
218,152,161,38
218,152,161,38
220,153,161,38
220,152,160,38
221,153,161,38
222,153,160,37
223,152,161,38
226,153,161,38
227,152,161,38
229,152,163,38
231,151,168,40
233,151,171,40
235,151,175,41
238,151,178,42
241,151,180,42
243,151,181,43
246,152,183,43
249,152,184,43
252,152,184,43
255,152,187,44
256,152,189,44
258,152,191,45
260,151,192,45
262,151,191,45
264,151,192,45
266,151,191,45
267,151,190,45
269,150,189,44
270,150,188,44
271,151,188,44
272,151,188,44
272,151,188,44
273,151,187,44
274,151,187,44
275,151,185,43
276,150,184,43
277,150,183,43
280,151,182,43
281,151,181,42
284,151,180,42
287,151,179,42
289,151,179,42
292,151,179,42
295,151,178,42
298,151,178,42
300,151,178,42
303,151,178,42
305,150,180,42
308,150,181,42
310,150,182,43
313,150,181,42
315,150,180,42
318,150,178,42
321,150,177,42
323,150,177,41
326,150,176,41
328,150,176,41
330,149,176,41
331,149,177,42
334,149,176,41
334,149,177,42
334,148,178,42
335,147,179,42
337,147,181,43
337,146,184,43
338,146,186,44
339,147,186,44
341,147,189,44
342,146,190,45
344,146,192,45
346,145,193,45
348,145,194,46
350,145,195,46
354,145,196,46
356,145,197,46
360,145,198,47
365,145,201,47
368,144,202,47
373,144,202,48
376,143,201,47
381,144,200,47
384,143,198,47
387,142,196,46
392,143,194,46
395,144,194,46
398,143,194,46
400,142,193,45
404,142,193,45
406,141,193,45
408,141,193,45
409,140,194,46
411,140,194,46
413,140,195,46
416,139,195,46
417,138,195,46
418,138,197,46
419,139,195,46
420,139,197,46
421,139,197,46
421,138,197,46
421,138,196,46
421,137,198,46
422,136,197,46
422,136,196,46
423,136,196,46
423,136,196,46
422,134,196,46
422,134,195,46
420,134,198,47
420,133,198,47
419,133,199,47
418,133,199,47
418,133,199,47
417,133,199,47
416,134,200,47
415,134,200,47
414,134,200,47
413,135,202,47
411,135,203,48
410,135,204,48
410,136,203,48
409,136,203,48
410,136,203,48
409,136,203,48
409,136,203,48
409,136,203,48
408,136,202,48
407,136,201,47
408,136,201,47
408,136,201,47
408,136,200,47
409,136,199,47
408,136,199,47
408,136,199,47
407,136,200,47
407,136,200,47
407,136,201,47
406,135,200,47
405,136,198,46
405,136,196,46
406,137,196,46
404,137,196,46
405,137,195,46
403,137,196,46
402,137,195,46
402,137,193,45
402,137,191,45
401,137,189,44
400,138,187,44
399,138,184,43
399,139,182,43
398,139,180,42
399,139,178,42
398,140,178,42
397,140,178,42
396,140,177,42
396,140,177,42
394,140,176,41
394,141,175,41
393,141,174,41
393,141,173,41
393,141,172,40
392,142,170,40
392,143,168,40
392,142,166,39
393,141,165,39
393,142,162,38
393,142,160,38
393,142,159,37
393,142,159,37
393,142,159,37
393,142,158,37
394,142,159,37
393,142,158,37
393,142,156,37
393,142,157,37
394,142,157,37
393,142,157,37
393,142,157,37
393,142,157,37
393,142,156,37
392,142,156,37
392,141,156,37
392,142,156,37
392,142,155,36
392,142,154,36
392,143,154,36
391,143,155,36
391,143,154,36
391,143,153,36
392,143,151,36
391,143,152,36
391,143,150,35
391,143,150,35
391,142,149,35
390,142,149,35
390,142,150,35
391,143,149,35
390,143,148,35
390,143,147,35
391,143,145,34
391,143,145,34
391,143,144,34
395,140,148,35
396,140,151,35
394,139,153,36
393,140,152,36
393,140,153,36
393,140,153,36
391,140,153,36
391,141,154,36
390,141,153,36
390,141,153,36
390,141,151,35
389,141,151,35
389,141,150,35
389,141,149,35
391,142,147,35
390,142,149,35
390,142,149,35
390,142,149,35
390,143,149,35
391,143,148,35
391,143,147,35
392,143,148,35
392,144,148,35
391,143,150,35
392,143,151,35
393,142,149,35
394,141,149,35
393,143,151,36
393,143,152,36
393,143,153,36
389,143,154,36
385,145,155,36
376,148,157,37
373,149,159,37
369,152,161,38
364,155,160,38
359,159,159,37
355,166,161,38
365,153,160,38
371,117,160,38
367,118,162,38
362,118,161,38
360,118,158,37
393,70,156,37
384,69,158,37
374,68,162,38
365,68,161,38
358,67,156,37
430,95,158,37
387,138,156,37
384,148,157,37
380,152,159,37
385,140,159,37
382,141,159,37
381,143,159,37
380,140,160,38
384,143,159,37
381,142,159,37
383,143,158,37
386,146,156,37
383,144,157,37
386,144,157,37
382,141,158,37
378,169,160,38
383,168,159,37
389,166,157,37
399,169,157,37
412,175,158,37
421,178,158,37
426,180,158,37
434,183,158,37
442,186,158,37
448,190,160,38
454,195,162,38
418,149,161,38
425,153,160,38
430,157,161,38
434,160,161,38
438,166,161,38
525,195,160,38
529,200,160,37
531,201,158,37
