318	133	119	97
323	131	117	104
329	124	112	102
327	123	112	90
326	117	113	89
326	109	111	91
327	104	110	91
330	105	107	87
331	102	111	85
330	102	115	84
334	103	113	87
338	102	110	85
341	104	115	85
339	105	115	94
338	111	118	97
338	118	108	94
331	127	114	95
323	135	122	95
319	141	113	95
316	145	112	86
316	138	110	92
314	137	110	91
314	133	115	94
315	133	117	95
318	130	111	93
317	133	113	90
319	130	117	95
320	129	112	91
318	132	112	96
317	127	116	99
319	132	111	94
317	130	119	93
320	129	115	95
323	128	114	92
327	121	115	98
327	127	114	90
332	123	114	93
330	129	117	89
336	130	114	89
337	132	111	87
335	132	114	84
334	131	112	92
334	127	114	95
332	134	112	88
333	128	113	88
332	128	111	93
332	124	111	89
332	121	113	95
334	117	108	95
333	120	113	95
334	125	109	88
335	125	107	90
338	121	108	93
338	123	109	92
343	124	106	87
344	121	103	92
341	124	107	93
345	123	103	92
343	124	108	88
341	125	115	89
340	128	112	86
344	130	114	81
344	130	114	82
347	132	110	83
348	137	111	78
349	139	111	80
349	140	111	79
349	139	107	81
349	137	107	82
348	137	107	82
350	133	106	85
348	132	107	83
350	129	106	84
347	131	107	84
346	129	108	89
343	132	105	84
340	134	110	85
338	135	111	83
337	135	110	89
336	133	110	92
336	135	109	91
338	134	105	93
337	136	107	88
337	134	108	91
337	134	106	90
336	127	111	101
338	136	110	92
337	134	109	93
339	139	110	88
338	139	112	90
338	133	109	99
335	135	112	96
336	135	109	90
337	130	107	92
335	128	107	91
336	121	110	99
339	125	109	98
343	123	107	98
340	125	109	102
346	129	110	99
341	136	109	94
340	140	111	98
335	141	113	103
336	141	109	110
337	140	112	111
337	132	115	120
341	111	117	142
344	105	112	149
356	97	105	156
350	88	125	171
355	73	123	192
346	57	135	212
350	89	131	173
347	94	138	156
352	93	139	153
350	81	138	167
345	76	141	169
344	74	138	163
344	76	144	153
350	75	139	134
346	73	135	137
345	63	137	148
346	65	138	141
350	56	134	150
349	57	138	144
349	51	139	145
351	41	135	154
348	37	135	155
350	34	138	150
348	33	142	145
352	30	140	148
350	30	141	145
348	27	140	149
350	25	137	145
348	24	141	145
328	22	158	144
326	20	161	145
325	17	165	145
334	18	160	144
355	22	138	144
356	22	130	149
351	30	135	141
348	31	136	141
342	35	137	143
339	41	138	142
332	45	143	143
332	52	138	140
333	52	133	144
329	58	127	142
330	57	131	142
331	61	128	142
334	68	124	131
335	83	122	115
331	63	126	135
335	61	121	139
333	54	122	149
332	49	124	153
332	45	123	160
334	53	116	151
337	57	116	144
338	79	108	114
339	91	112	89
334	91	112	93
332	91	115	92
331	94	115	99
330	98	115	95
330	106	112	89
328	110	114	86
329	112	114	98
328	114	111	96
327	118	110	101
324	119	112	103
322	123	112	101
319	123	113	97
322	119	110	103
317	112	115	108
317	108	114	111
316	105	114	109
316	102	110	114
314	97	109	117
313	93	110	122
312	89	110	127
313	83	109	139
310	81	111	143
312	85	107	134
310	86	110	135
310	83	108	141
309	86	111	139
312	85	107	141
304	91	117	136
310	91	110	131
314	87	105	136
310	85	106	139
311	85	106	139
311	88	108	134
308	85	110	135
321	84	97	135
312	81	105	139
309	77	111	144
310	79	110	140
318	85	96	135
313	84	104	133
306	81	109	138
322	88	93	126
328	84	85	127
337	80	74	133
343	79	68	136
322	72	92	147
328	78	86	140
341	84	72	129
343	84	70	131
344	83	68	134
346	89	65	127
327	91	88	129
320	90	94	140
313	90	109	147
304	91	124	150
310	92	125	151
315	88	129	158
322	87	131	154
327	92	131	154
335	91	129	150
346	87	131	154
354	82	132	150
360	92	139	136
361	94	151	123
362	98	153	109
369	100	150	105
369	94	148	110
369	93	147	112
376	99	144	108
377	95	142	110
376	99	142	109
377	95	139	119
376	96	135	122
372	95	139	131
371	100	136	119
363	102	143	113
359	97	138	126
354	100	135	114
351	93	129	119
349	100	124	108
348	91	121	115
343	94	123	116
336	100	124	103
330	104	121	108
326	114	117	95
323	119	110	103
317	124	113	100
319	125	105	98
317	122	106	98
313	124	108	94
311	122	110	97
310	124	107	94
306	124	112	92
306	131	107	89
308	131	107	91
306	137	107	86
310	136	105	87
314	130	105	96
311	132	106	88
315	125	101	95
316	125	105	87
317	120	106	96
319	125	108	89
324	127	108	91
328	130	110	90
331	133	110	89
331	131	118	94
337	131	118	92
337	130	115	93
334	126	123	97
334	123	119	102
337	123	118	100
335	123	117	99
338	124	119	100
345	126	118	101
345	131	124	101
350	131	125	110
355	143	128	101
365	148	123	99
369	151	126	104
373	159	136	101
377	163	136	106
375	173	136	107
377	183	140	115
376	196	140	121
377	225	139	97
375	236	144	88
382	255	139	68
367	269	141	55
277	64	127	76
288	31	103	96
296	50	85	93
310	40	68	98
314	13	68	102
318	44	61	103
318	29	63	114
314	21	71	122
316	7	71	138
316	8	72	138
320	0	71	146
326	0	69	143
327	0	70	146
329	-2	73	141
332	-3	73	147
336	-4	71	140
335	-2	73	143
339	-2	71	139
339	-1	76	140
340	0	76	132
342	-2	76	140
342	-5	78	140
344	0	73	137
340	-5	79	140
340	-1	78	134
339	-5	77	139
339	-3	74	136
338	-4	76	137
336	-4	78	137
337	-5	78	135
338	-1	75	131
338	-1	75	132
338	-2	76	133
335	-5	78	138
336	-3	76	133
334	-3	77	136
335	-1	73	129
333	-4	77	134
334	-1	77	129
333	-1	76	133
332	-3	78	132
334	-1	73	129
332	-3	77	130
333	-4	73	135
333	-5	72	135
331	-2	75	132
331	-1	76	128
330	-4	79	135
332	-4	75	137
333	-5	73	138
331	-7	77	141
331	-5	74	142
331	-5	71	143
330	-5	73	143
329	-4	69	143
326	-5	71	144
327	-4	70	142
320	-1	73	141
324	-1	67	142
320	-1	69	145
319	1	65	140
314	0	67	144
313	1	71	142
309	1	69	140
309	1	65	142
306	3	69	137
306	4	67	131
306	12	66	132
304	5	68	141
302	8	66	135
302	7	69	136
303	6	63	144
304	7	62	141
301	7	65	144
349	111	84	144
335	103	109	121
322	108	125	104
323	104	125	106
323	99	125	106
325	96	120	100
323	89	125	106
324	82	127	114
325	72	126	123
328	74	125	113
329	76	122	101
334	79	114	94
334	83	121	96
333	81	131	112
339	81	128	105
338	85	136	110
341	88	138	103
342	86	154	119
348	90	146	109
347	88	158	128
352	94	161	119
355	97	167	119
361	99	160	124
366	107	160	121
378	112	159	126
383	120	162	121
388	127	166	121
402	128	162	118
403	133	164	119
405	134	169	128
407	138	174	129
422	135	170	133
436	141	161	127
450	141	149	134
451	146	161	140
453	150	165	143
449	158	170	139
445	166	175	137
442	170	172	138
437	182	181	131
434	188	178	125
431	187	179	131
429	193	178	130
433	184	170	135
431	184	179	136
437	176	175	135
438	164	183	142
432	159	186	143
436	151	184	147
434	150	182	143
434	139	196	150
433	141	200	137
437	132	197	138
445	120	196	148
443	117	197	145
445	114	195	144
446	110	189	145
451	109	187	149
452	104	190	146
450	106	188	144
443	105	192	149
456	100	192	147
455	97	188	148
469	95	174	148
480	94	161	146
487	88	156	153
496	83	145	162
505	77	139	163
511	70	131	175
513	70	129	177
522	75	124	168
521	89	120	151
520	101	121	150
521	123	120	137
520	126	119	144
526	126	113	143
530	127	108	134
535	133	107	129
543	139	99	123
551	147	91	120
561	153	81	122
570	155	70	124
575	156	66	126
574	161	66	122
569	162	67	114
563	152	77	118
557	151	87	114
549	146	91	119
539	154	103	105
534	152	107	111
528	150	113	111
522	148	115	111
511	141	127	116
501	135	140	116
493	128	146	112
488	122	150	114
476	112	153	121
468	107	152	120
465	108	147	118
463	106	143	121
462	106	139	123
456	104	140	122
457	104	133	126
450	106	136	119
449	103	132	123
451	101	127	129
448	98	130	131
448	98	125	128
444	102	125	117
444	99	121	123
443	91	117	132
444	87	114	135
442	88	113	134
443	84	108	139
440	86	110	135
440	89	108	133
443	88	103	132
443	87	100	132
444	88	102	131
439	86	103	132
436	86	104	132
436	84	104	134
439	86	102	132
438	80	100	133
435	78	100	133
434	72	107	135
432	74	101	135
431	73	101	135
431	71	97	139
428	73	97	138
427	71	97	138
424	71	100	135
422	68	98	138
420	67	99	138
421	68	95	137
417	66	98	135
418	63	96	140
416	65	96	138
413	65	98	139
412	64	99	138
412	66	97	138
412	63	96	143
411	66	96	141
410	69	95	139
412	59	97	148
410	68	102	140
413	72	105	139
414	74	107	142
412	78	111	140
412	84	114	138
415	88	112	134
413	95	116	129
414	100	111	128
414	107	109	125
417	114	105	121
419	116	107	120
425	112	104	122
432	110	102	124
436	106	105	126
434	99	111	132
435	104	107	125
436	103	110	125
439	98	102	126
439	99	108	125
436	94	102	129
443	97	102	129
439	94	100	129
436	94	106	130
435	99	101	123
434	96	101	125
433	99	101	122
432	95	101	128
430	90	97	130
431	93	99	124
431	92	96	126
427	89	96	126
423	88	104	125
423	83	103	127
419	81	102	129
420	77	106	131
415	78	105	130
417	75	104	133
413	77	103	130
414	75	103	131
411	79	104	132
415	81	105	133
415	83	109	136
419	86	111	141
420	93	118	140
426	96	121	146
427	99	125	147
425	109	130	138
421	119	134	128
417	128	132	121
411	139	129	113
404	144	128	108
400	150	127	106
397	148	127	106
396	155	128	103
393	145	132	111
389	150	132	103
390	146	134	106
386	149	138	108
380	145	141	113
374	144	142	120
370	146	145	125
369	155	142	114
378	163	139	108
383	162	144	126
390	174	150	109
396	180	148	125
405	189	152	123
412	203	146	113
415	209	148	109
422	209	146	110
427	214	150	106
433	217	150	104
435	221	153	96
434	225	156	95
436	223	154	98
434	226	153	95
436	225	152	95
437	224	151	97
435	224	152	96
438	220	154	100
440	219	153	98
437	220	157	103
436	222	159	95
436	222	157	100
435	221	153	100
432	220	154	100
430	222	153	101
427	224	151	96
421	229	154	90
419	224	154	95
419	229	152	92
419	226	152	95
419	226	157	95
422	223	159	97
422	213	172	110
425	202	175	112
427	181	189	121
429	164	197	133
429	146	199	158
426	135	206	160
431	133	196	159
433	130	194	153
435	126	194	159
440	123	195	153
446	113	203	176
461	103	179	180
480	101	167	178
496	97	148	188
508	89	139	213
515	100	135	202
516	103	133	203
521	104	126	209
523	111	123	204
528	111	111	208
529	111	108	208
530	123	107	207
534	128	105	205
534	130	106	201
535	127	106	205
537	129	104	202
533	133	110	195
533	124	108	207
531	127	111	206
522	126	121	208
512	120	135	218
506	119	141	217
496	118	153	214
497	114	153	226
499	111	149	228
498	107	154	230
503	112	148	228
498	107	150	238
498	99	158	242
496	109	151	229
480	108	159	221
458	95	186	217
439	97	203	198
417	109	203	183
415	129	171	145
390	148	153	130
378	160	137	121
359	178	127	113
352	186	122	117
337	191	120	113
332	197	112	111
330	191	111	118
329	190	110	113
330	189	116	118
330	188	109	111
331	188	107	111
330	189	108	105
330	192	109	107
331	189	107	103
330	191	108	107
334	189	106	100
331	188	111	107
333	187	107	109
331	189	109	110
331	188	111	107
335	192	106	106
333	193	108	110
335	196	113	114
335	192	110	113
336	192	107	107
336	196	112	110
338	192	108	110
336	193	109	107
337	194	112	113
340	195	111	113
339	195	110	101
342	197	111	111
344	197	115	106
344	200	122	109
350	201	121	107
352	201	119	108
355	200	119	111
357	202	116	112
352	207	122	111
353	211	118	101
350	212	121	102
356	205	117	112
357	207	117	106
353	209	123	108
361	204	118	108
364	200	117	110
363	196	123	113
366	192	122	113
360	190	131	119
363	191	128	117
363	201	131	117
363	202	128	111
362	206	129	113
357	205	130	112
354	202	128	110
350	208	129	112
349	203	130	107
348	207	133	110
342	210	135	106
352	213	127	105
346	221	133	98
351	216	127	105
351	213	134	108
361	218	127	103
367	218	133	102
376	227	138	95
387	233	138	86
394	238	146	81
403	239	147	80
408	239	152	81
410	239	159	79
413	237	159	82
417	238	157	81
420	241	157	78
420	244	162	75
425	247	163	72
426	248	160	68
426	245	163	73
423	240	169	78
423	237	170	80
425	229	169	88
432	223	160	94
430	220	164	98
436	213	158	104
432	203	163	118
436	200	163	111
434	197	161	112
438	189	157	114
434	181	158	115
431	177	156	117
427	178	147	116
431	175	146	111
427	177	147	106
430	173	145	103
435	165	138	103
437	157	135	105
435	150	142	107
444	140	127	118
449	135	121	119
449	129	121	121
444	126	127	121
447	123	123	124
449	121	120	126
454	118	113	128
450	117	119	127
448	112	120	128
450	110	118	125
452	105	117	130
449	103	108	129
447	100	114	130
446	101	110	124
446	100	112	126
441	100	112	123
443	87	107	135
442	91	104	126
442	82	105	129
439	83	105	126
441	77	103	129
438	76	105	131
439	79	97	131
438	79	99	130
438	79	97	128
442	74	99	135
438	74	99	130
439	75	97	134
441	79	98	130
436	83	103	133
441	85	104	133
437	89	112	128
443	94	112	131
439	99	114	131
434	109	114	125
427	119	119	115
419	129	126	106
413	135	121	102
412	139	121	100
418	141	115	97
414	144	120	99
414	150	124	90
415	151	118	97
409	157	123	96
410	165	123	96
408	167	124	99
406	172	125	102
408	174	124	106
410	175	129	108
410	179	125	113
412	184	131	111
413	191	131	113
417	200	132	114
423	211	125	105
417	214	132	105
420	210	131	106
416	214	127	104
414	216	127	96
410	219	124	97
408	219	126	99
405	225	129	94
399	227	134	92
399	226	129	96
394	228	132	94
395	229	131	91
395	229	130	91
398	227	129	94
401	228	131	91
400	229	129	94
402	230	133	87
402	228	129	91
405	229	129	89
405	228	127	92
406	229	129	89
408	227	128	92
410	221	130	96
402	224	138	98
403	215	138	104
404	212	135	108
405	212	136	103
400	208	141	109
400	204	139	112
398	201	146	114
397	195	140	120
395	191	147	114
393	183	147	123
391	178	147	122
388	177	149	112
390	171	141	111
388	165	141	113
383	158	137	117
380	157	136	109
377	159	129	103
374	154	128	104
368	152	126	105
366	152	122	99
361	152	119	99
356	151	121	101
350	153	123	102
350	154	123	107
347	163	125	104
345	163	120	104
343	168	126	109
347	174	118	105
346	173	117	107
344	179	121	107
346	180	117	103
342	182	115	97
342	185	111	96
342	194	118	88
340	199	131	92
346	207	128	97
354	218	121	95
363	224	118	94
370	228	115	89
372	226	124	96
376	215	125	105
379	213	132	103
382	210	130	102
382	207	135	110
379	205	140	105
374	205	127	113
368	198	125	116
360	200	128	114
354	192	137	117
349	184	145	127
355	173	142	131
361	164	152	129
362	155	162	131
364	148	170	134
365	138	174	140
365	139	175	148
366	133	162	134
361	130	164	130
359	125	160	128
357	122	169	117
363	113	162	123
362	112	164	123
366	112	163	127
363	118	166	130
363	127	161	129
361	136	163	136
363	152	170	147
373	173	166	144
387	201	159	119
398	226	165	100
407	244	174	78
413	271	184	65
334	203	200	95
328	210	188	107
343	221	202	96
328	230	197	89
328	230	197	89
322	237	184	84
307	208	178	104
323	233	153	88
321	239	117	80
324	242	91	79
327	246	82	74
333	246	74	72
339	255	70	65
340	257	71	59
343	257	71	61
344	256	70	62
345	255	69	61
344	257	71	62
342	251	76	66
344	250	76	68
340	239	84	80
349	232	95	85
339	237	109	82
374	236	103	84
371	226	102	92
362	256	117	79
339	244	140	76
323	209	148	108
311	178	151	122
305	152	144	127
302	132	138	121
305	126	128	113
302	118	129	108
304	107	133	104
312	101	125	101
314	99	125	98
318	97	122	96
317	94	124	96
318	93	124	97
317	89	128	97
316	89	124	97
315	93	129	92
312	93	131	93
311	92	131	98
312	93	129	100
314	95	122	101
313	95	126	100
310	97	127	99
311	95	129	102
309	99	130	100
309	100	131	104
308	103	130	105
308	103	135	102
305	104	134	112
308	104	136	115
308	103	134	114
