162	124	35	73
165	125	33	74
164	124	35	75
165	124	35	77
164	124	39	79
166	123	37	80
166	129	38	77
168	129	36	79
168	129	37	80
168	130	39	81
169	131	38	80
169	132	38	81
170	130	38	84
171	126	38	92
171	128	39	95
172	129	41	95
172	130	41	97
174	130	40	98
174	132	40	96
175	133	40	98
175	131	40	100
176	131	40	101
176	130	41	106
178	132	41	100
179	131	41	103
179	131	41	104
180	130	42	105
181	133	39	106
181	133	40	103
181	133	42	107
182	135	39	105
183	133	38	109
183	132	40	114
185	132	39	112
183	131	40	117
183	132	42	114
184	130	42	125
184	131	43	120
183	131	40	122
184	132	42	124
186	133	41	120
184	135	41	121
186	134	42	119
188	135	40	120
188	135	40	122
188	134	41	121
189	136	40	120
188	135	40	125
189	139	41	116
189	141	42	112
188	144	42	109
186	144	44	108
187	143	42	115
189	141	41	118
188	142	41	113
188	142	40	114
187	140	43	120
188	141	41	114
188	143	41	108
189	142	39	112
187	142	40	115
187	141	39	115
188	141	39	117
187	142	41	115
187	141	40	112
189	142	40	110
189	141	40	111
187	140	41	114
188	139	40	116
188	139	41	114
188	139	41	114
188	140	41	105
189	140	41	103
189	140	40	102
189	140	41	100
189	139	41	102
189	141	40	97
189	139	41	102
191	140	39	101
190	139	40	100
190	139	39	103
190	139	41	99
191	139	40	102
191	138	40	103
192	137	39	107
191	138	42	102
192	140	41	96
192	138	39	99
192	139	40	96
192	138	42	99
192	138	42	99
193	138	40	99
193	140	40	96
192	140	42	97
194	140	40	97
193	138	40	101
194	139	40	100
194	138	41	101
193	138	43	102
192	138	44	101
194	139	42	97
195	139	40	98
195	137	40	100
193	137	44	100
194	137	45	98
197	137	40	100
195	136	43	98
197	136	41	101
196	134	44	101
196	132	43	107
196	129	45	109
197	131	44	108
197	126	44	115
198	128	43	117
199	126	44	123
198	124	45	129
198	122	46	135
198	121	48	135
199	122	47	140
197	122	48	131
197	121	47	138
197	122	49	136
196	121	48	135
195	121	48	127
197	123	45	126
196	122	46	125
195	124	47	121
195	127	45	111
195	127	47	110
195	129	45	113
193	125	47	107
194	126	46	107
194	129	48	106
193	131	49	104
195	132	47	100
193	133	49	99
194	134	47	101
195	126	47	110
195	129	47	110
195	133	46	98
194	136	45	97
194	129	44	105
193	131	45	103
194	131	43	103
193	132	45	102
193	129	44	106
193	134	42	99
193	132	43	100
193	137	42	97
194	139	40	95
194	142	41	91
194	142	41	92
195	141	39	93
194	143	40	87
195	143	38	88
195	142	38	89
195	142	37	90
195	142	38	89
195	143	37	89
195	143	36	89
195	142	37	91
194	142	36	92
194	143	38	91
193	142	38	92
192	142	38	91
194	143	37	91
193	143	37	90
192	142	37	92
192	144	37	89
193	144	36	89
193	143	35	89
193	143	37	90
190	141	39	91
193	142	37	93
191	142	38	92
192	141	38	94
190	143	39	90
191	142	38	91
191	142	38	91
191	143	38	90
190	143	38	90
189	143	38	90
190	143	38	91
190	144	38	90
188	143	39	89
189	140	39	92
189	140	39	91
189	141	38	90
188	139	40	89
187	139	41	89
187	138	39	90
187	138	39	89
187	137	40	90
186	136	40	89
186	135	39	90
185	134	42	91
184	133	42	92
185	132	39	90
184	132	39	89
183	132	41	87
183	130	40	89
182	128	41	90
180	127	43	89
181	127	41	89
181	124	41	92
181	123	39	92
181	123	41	92
180	122	41	89
180	121	40	90
180	119	39	89
180	117	40	90
180	115	40	91
179	114	41	88
179	113	39	89
178	112	40	91
178	109	39	93
177	108	40	93
176	106	40	94
174	106	42	91
174	104	41	93
171	102	43	92
171	101	42	91
171	99	41	92
170	98	42	92
170	97	42	89
168	95	42	89
168	93	41	91
167	90	42	94
165	89	43	89
166	88	42	90
164	86	43	90
163	84	44	93
163	83	43	91
163	82	43	90
161	80	44	92
160	79	43	90
158	78	45	89
156	76	46	92
156	74	43	91
153	73	46	88
152	70	47	91
153	68	45	90
151	66	46	89
152	65	45	90
150	63	47	89
150	62	47	90
150	60	45	93
150	59	45	93
150	59	45	92
148	58	47	91
149	57	46	89
149	56	46	95
148	56	45	89
148	54	45	94
148	54	46	89
146	53	48	94
147	52	46	96
146	53	48	91
147	51	45	96
146	52	47	92
147	51	46	92
145	50	46	94
146	50	47	90
147	48	44	96
147	49	46	94
146	48	47	94
148	48	45	90
147	47	48	93
147	46	45	96
148	47	45	94
149	47	44	93
148	46	47	96
148	45	46	94
149	45	45	98
149	46	45	91
148	45	45	96
148	46	46	93
149	46	42	95
149	47	46	94
149	48	46	92
150	48	44	93
150	47	44	96
150	48	43	92
149	48	45	90
148	47	47	94
149	47	44	95
149	47	44	92
149	48	44	90
149	50	43	89
148	50	45	84
149	50	43	87
148	49	44	90
148	51	46	84
148	51	44	85
148	52	44	82
148	52	46	84
148	53	45	82
146	53	47	81
147	55	44	77
147	54	45	80
146	54	47	83
146	54	45	85
146	54	46	82
148	56	44	78
147	55	45	78
148	54	44	84
148	56	46	80
149	56	44	77
148	55	46	87
149	55	45	83
150	55	45	84
149	56	45	82
150	57	43	88
151	56	43	84
152	57	44	83
151	59	43	86
152	58	44	82
153	57	44	81
154	58	42	93
155	58	43	86
155	60	43	89
156	60	44	85
156	61	43	85
157	62	43	87
158	61	44	87
159	63	42	88
159	63	42	86
159	63	42	88
159	63	42	94
159	63	42	94
160	65	43	86
161	64	43	91
161	64	42	90
161	64	42	93
161	65	41	92
160	65	42	95
160	65	42	94
160	65	44	93
160	66	42	90
160	66	44	90
158	66	43	91
158	65	44	94
157	64	44	94
158	66	44	93
155	62	44	100
154	64	46	100
153	66	44	98
155	67	44	94
153	69	44	92
153	68	45	91
155	67	44	94
152	68	45	92
154	68	45	91
156	67	44	90
156	65	46	96
158	65	45	99
160	64	46	98
160	64	44	97
161	64	45	94
161	64	44	99
162	63	46	99
165	63	43	98
163	63	44	99
164	63	45	96
162	63	44	99
163	63	47	102
165	65	44	94
166	65	45	95
164	64	46	97
164	66	43	94
166	66	44	94
166	65	45	97
165	66	45	96
168	67	44	91
170	67	46	94
169	66	44	95
172	66	44	96
174	66	44	95
172	68	44	91
174	67	45	96
174	66	46	97
176	66	46	94
176	66	44	96
178	67	45	93
178	68	45	96
181	69	42	90
181	69	44	93
179	69	45	91
181	68	45	96
177	69	45	94
180	70	45	92
179	70	45	93
181	71	45	93
179	70	46	97
178	71	47	101
178	71	46	92
176	71	45	85
179	73	44	78
178	74	43	70
178	83	41	68
176	73	43	66
169	79	49	75
163	75	54	82
158	75	60	89
154	78	65	109
158	75	62	116
156	76	64	119
157	77	65	117
158	77	61	116
159	77	61	119
159	79	61	118
158	79	63	116
160	79	59	117
156	81	63	113
157	81	63	115
158	79	63	117
158	83	65	114
159	80	64	119
159	82	63	117
159	80	64	122
160	81	63	122
161	81	61	122
160	81	65	122
161	83	63	120
162	82	62	122
163	85	63	117
162	84	63	118
162	83	62	122
162	83	64	123
163	86	61	115
163	84	62	117
165	86	62	122
169	87	61	133
174	86	60	142
175	82	60	144
173	74	62	134
174	84	58	110
174	85	60	107
173	85	61	107
173	85	61	105
171	86	64	104
171	86	64	105
170	86	65	104
171	87	67	103
168	86	70	104
171	87	66	104
170	86	66	104
170	87	67	103
168	87	68	103
169	88	67	103
168	88	68	103
165	89	73	101
167	90	70	100
167	91	66	98
167	94	68	95
167	95	68	96
167	97	68	93
165	99	70	94
164	100	69	91
162	103	71	88
164	102	68	90
162	103	69	84
161	105	70	84
160	103	69	88
159	105	71	82
158	105	72	85
159	104	69	84
159	104	67	85
159	103	66	87
157	104	71	85
157	106	72	84
157	104	71	87
158	105	70	84
157	105	70	84
159	106	67	86
159	107	71	81
160	107	68	81
160	109	73	80
161	109	72	79
163	109	72	78
165	108	69	81
165	108	71	81
168	109	66	82
170	109	65	80
173	108	62	79
175	108	60	82
176	108	62	83
177	107	64	83
181	107	61	84
183	108	59	80
186	108	57	87
189	110	54	81
188	110	57	83
192	112	54	80
193	113	55	83
196	115	52	77
198	115	52	77
203	115	48	81
206	117	49	74
208	117	49	75
212	121	49	87
217	117	46	89
219	117	48	95
222	118	50	97
225	119	53	93
228	121	54	90
231	123	57	89
233	124	59	87
234	125	61	88
232	126	66	89
227	128	74	87
227	129	76	83
228	131	79	81
228	133	82	79
228	133	87	80
226	133	90	79
226	134	95	81
226	139	85	74
224	143	74	71
258	132	76	81
228	143	59	72
229	142	43	72
229	148	41	63
228	152	43	59
230	151	41	60
231	149	39	62
229	151	41	60
231	150	40	60
230	149	41	62
230	151	42	60
229	151	43	61
229	151	44	60
228	150	47	61
228	152	46	61
229	152	47	59
229	150	47	61
229	151	48	60
228	152	50	58
228	153	50	57
228	152	49	58
228	150	48	61
229	150	49	62
229	151	49	59
228	149	49	62
229	153	50	59
229	150	50	59
228	152	49	58
228	152	50	59
228	151	52	60
227	152	52	58
229	152	52	58
229	152	51	58
228	152	51	58
229	151	51	59
228	151	51	60
229	150	51	61
228	149	51	61
229	151	53	60
227	152	52	59
229	151	52	60
227	152	53	58
229	151	50	59
228	152	52	59
228	152	51	58
228	152	51	59
229	149	50	62
227	152	53	59
228	153	52	58
228	152	52	59
228	151	50	59
228	152	51	59
229	153	51	58
229	149	47	62
229	151	50	59
228	153	50	57
229	150	52	61
227	153	57	57
227	152	56	59
228	150	55	61
227	151	56	59
227	152	57	57
226	152	57	57
226	154	60	55
226	153	57	56
228	152	53	58
228	153	56	56
227	153	56	56
228	153	53	57
227	151	55	58
227	154	57	56
227	152	56	59
228	153	54	57
227	152	56	58
227	153	56	57
227	152	56	59
227	153	56	57
227	153	55	57
228	152	55	58
227	152	54	57
228	154	55	56
227	153	55	57
228	152	57	57
228	153	54	57
227	153	56	57
227	153	57	58
227	153	57	58
227	153	55	58
228	152	54	59
229	151	51	60
228	151	54	59
228	153	55	57
227	153	55	57
226	152	56	59
227	153	55	57
228	152	55	59
227	152	56	59
226	152	57	58
228	153	54	58
227	151	55	59
227	152	55	59
227	153	56	57
228	154	55	57
227	154	57	56
229	153	53	59
228	152	55	58
226	152	58	58
227	152	54	58
227	151	55	59
228	153	54	57
226	152	56	58
227	153	57	57
227	153	56	58
227	153	56	58
226	153	58	58
229	153	54	58
227	153	57	58
227	153	56	58
226	154	56	57
228	151	55	60
227	152	55	58
226	153	56	57
228	152	55	59
227	153	56	57
227	153	57	57
227	154	58	56
228	151	54	60
226	152	59	59
226	153	57	58
226	153	58	57
227	154	56	56
227	152	55	59
227	153	58	57
227	153	56	57
227	153	57	57
227	153	57	57
227	152	55	58
226	154	59	56
226	153	57	58
228	152	56	59
227	153	55	57
228	153	53	58
226	151	58	59
228	151	54	60
227	154	56	57
227	153	55	58
228	153	57	57
227	151	56	60
227	155	58	55
227	154	56	56
227	151	55	59
227	153	56	57
228	153	55	58
227	153	56	58
227	153	57	58
228	152	53	60
227	153	56	58
227	152	56	60
227	152	55	58
227	152	55	58
227	152	57	59
226	154	57	57
226	153	57	57
227	153	56	57
227	153	55	57
227	153	56	58
226	154	56	56
227	153	56	58
226	152	56	58
227	152	56	58
227	154	56	56
227	152	55	58
228	152	54	59
228	152	54	58
227	154	56	56
227	153	54	57
227	153	54	57
227	152	54	59
228	151	52	60
228	150	52	61
228	153	54	58
228	152	53	58
228	151	53	59
228	150	52	61
228	153	53	58
228	152	52	58
227	154	51	56
228	152	52	59
228	152	51	58
228	152	50	59
228	152	52	59
227	152	51	59
229	151	51	60
228	151	50	60
229	154	51	56
229	151	49	59
229	151	50	60
228	152	50	60
229	152	50	58
229	150	50	61
227	153	51	58
229	151	51	60
228	150	52	61
229	151	50	61
230	151	50	61
227	155	52	56
228	152	51	59
227	151	51	60
227	150	52	61
228	149	52	62
227	153	54	57
228	151	53	60
227	152	53	58
228	152	52	59
229	152	52	59
228	152	51	58
228	153	56	58
227	152	55	58
227	152	55	58
227	154	55	57
227	153	55	57
227	153	55	58
227	151	56	60
227	153	55	57
227	154	56	57
227	151	57	60
227	152	55	58
227	154	55	56
227	151	54	59
227	152	54	58
228	153	55	57
228	152	54	59
227	153	56	58
227	154	55	56
228	153	54	57
228	154	54	56
228	152	55	59
226	154	57	56
226	154	57	56
227	152	57	58
227	154	56	55
227	152	55	59
227	152	55	58
227	152	55	58
227	152	56	57
227	152	55	58
227	153	55	57
227	154	56	56
228	152	56	58
227	153	56	56
227	152	55	58
227	154	55	55
227	152	54	57
228	153	54	55
226	153	56	57
228	152	53	58
227	152	54	57
227	154	54	55
228	151	51	58
228	153	51	55
228	152	52	58
228	152	51	57
229	153	51	56
228	151	51	58
228	152	53	57
228	152	52	56
228	153	51	56
228	152	52	58
229	152	51	57
228	151	51	58
229	151	49	57
228	152	51	56
228	152	51	56
227	153	53	55
229	153	50	55
228	152	51	57
229	153	50	56
228	151	51	60
228	153	53	58
226	152	58	58
227	153	58	56
227	153	57	57
227	153	53	58
228	152	54	59
227	154	57	57
227	152	56	59
226	155	56	56
229	151	55	59
227	154	55	57
229	151	52	59
227	152	54	59
228	153	54	58
227	152	55	59
229	151	53	60
228	153	55	57
228	153	54	58
228	152	55	59
228	152	55	59
227	152	55	58
228	153	54	57
229	152	52	59
228	152	53	59
228	152	52	59
227	153	52	58
227	152	52	58
228	153	51	57
229	151	50	58
227	152	49	57
228	151	50	57
227	151	50	57
227	152	50	57
228	151	49	59
228	151	49	59
227	151	52	59
228	151	49	60
227	151	49	59
227	152	51	57
228	152	49	57
227	152	51	58
227	152	50	58
229	151	48	60
227	152	51	60
227	151	50	61
226	151	51	60
228	151	49	60
228	150	48	62
227	152	51	60
227	151	50	61
228	150	50	61
227	152	49	59
228	150	48	63
228	151	49	61
229	150	47	63
230	150	46	63
229	150	47	62
228	151	47	60
229	151	47	61
228	151	47	61
228	150	47	62
229	149	46	63
229	151	47	60
228	150	47	63
230	150	44	61
229	151	45	60
228	152	46	58
228	151	46	59
229	151	45	58
230	151	44	60
229	151	46	59
229	150	46	60
227	151	48	60
229	152	46	56
228	151	47	59
230	151	44	58
233	151	41	58
234	152	43	64
238	152	36	76
237	150	38	77
238	151	36	76
236	149	39	78
236	151	38	72
237	151	38	73
237	152	36	72
236	150	37	72
237	152	37	70
235	152	40	68
233	152	41	68
231	149	43	68
233	152	40	64
234	152	39	61
236	151	37	59
235	152	39	57
234	151	39	59
232	150	42	60
231	151	43	59
230	149	45	62
229	149	45	60
230	149	44	59
229	146	42	63
229	146	42	64
230	144	39	68
230	140	38	71
230	139	37	72
228	137	40	75
228	136	39	77
227	135	40	76
227	134	36	79
227	132	34	81
226	131	35	82
226	130	34	82
225	128	32	85
224	129	30	84
224	127	30	86
232	133	41	91
230	127	49	93
223	127	64	102
223	127	68	109
224	127	67	110
213	122	69	114
223	124	64	110
211	122	65	108
222	122	57	110
204	117	65	112
209	117	63	115
215	121	59	108
215	117	48	115
213	119	48	110
210	120	52	108
208	118	51	110
207	117	50	111
203	115	54	111
199	114	55	113
198	115	53	110
196	112	53	113
195	113	53	110
193	111	55	111
192	109	55	111
190	107	57	112
191	105	54	113
189	104	56	115
189	103	53	118
188	101	53	119
187	104	53	111
188	104	51	112
187	103	51	115
186	101	51	117
187	104	48	113
185	98	51	120
185	96	49	122
186	92	49	127
184	90	48	129
185	88	47	130
185	88	47	127
185	87	46	128
185	85	47	132
185	86	46	133
184	86	46	136
183	89	47	145
182	93	46	139
182	101	46	136
183	108	44	126
182	121	43	134
182	121	41	136
181	131	41	138
180	141	40	139
177	146	40	140
171	156	45	138
173	193	45	116
171	204	42	101
170	208	41	98
166	211	44	98
163	212	43	103
