100
0.8675
0.84482
0.824
0.80019
0.79358
0.77457
0.75706
0.73817
0.7413
0.70345
0.70658
0.67921
0.70236
0.68774
0.65433
0.63191
0.60131
0.5307
0.48177
0.44034
0.39805
0.36537
0.34946
0.3218
0.29509
0.28314
0.28359
0.26913
0.24533
0.24123
0.23009
0.23939
0.23633
0.26102
0.25573
0.25997
0.26598
0.25293
0.2515
0.25009
0.25889
0.25736
0.23973
0.24023
0.24826
0.24919
0.25112
0.25376
0.2223
0.2189
0.23441
0.23086
0.24837
0.23651
0.24674
0.2364
0.24347
0.24644
0.2248
0.23721
0.23347
0.23143
0.23146
0.2336
0.23185
0.2315
0.2234
0.22061
0.23135
0.24082
0.2349
0.23646
0.23753
0.24161
0.24444
0.2497
0.2477
0.25044
0.23303
0.23671
0.24927
0.25514
0.26768
0.26611
0.2652
0.2697
0.2663
0.26831
0.25967
0.26389
0.2701
0.27241
0.27489
0.27709
0.28169
0.27989
0.28042
0.2677
0.27966
0.27582
0.28285
0.28035
0.28463
0.28695
0.27628
0.27527
0.27512
0.26761
0.26941
0.26704
0.27336
0.2716
0.27502
0.27237
0.2649
0.26004
0.26022
0.25754
0.25708
0.26693
0.27166
0.27069
0.27222
0.27708
0.27662
0.27542
0.27885
0.28377
0.28802
0.29599
0.29622
0.29359
0.29265
0.29971
0.28928
0.29163
0.29191
0.28338
0.27483
0.28551
0.27901
0.28308
0.27638
0.27593
0.2726
0.28164
0.28114
0.28753
0.29531
0.29418
0.29546
0.29442
0.2987
0.30385
0.29575
0.2993
0.30479
0.31271
0.31944
0.31076
0.32137
0.31871
0.32005
0.31958
0.32425
0.32486
0.324
0.32731
0.3297
0.32395
0.32413
0.32597
0.32997
0.33545
0.33422
0.33563
0.33783
0.33734
0.33934
0.33972
0.3441
0.35424
0.35298
0.35446
0.35323
0.35674
0.35268
0.3505
0.34351
0.34673
0.3475
0.34157
0.34707
0.34123
0.34696
0.34739
0.35066
0.34685
0.35295
0.34977
0.35384
0.34741
0.35246
0.34208
0.35252
0.34658
0.3515
0.33626
0.34491
0.338
0.34082
0.33794
0.34169
0.33844
0.3347
0.32691
0.31991
0.30805
0.30829
0.29755
0.29504
0.29465
0.29599
0.29538
0.30783
0.30679
0.31072
0.30693
0.3115
0.31686
0.31828
0.31709
0.31923
0.32458
0.3181
0.32209
0.31719
0.31741
0.32118
0.32127
0.32195
0.31898
0.32573
0.32411
0.32708
0.32348
0.32419
0.3297
0.32625
0.32901
0.33357
0.33518
0.33583
0.32493
0.3209
0.30979
0.31787
0.31414
0.31979
0.29858
0.30561
0.30121
0.29362
0.29075
0.28713
0.28052
0.29176
0.29478
0.29778
0.29747
0.30104
0.30285
0.30499
0.30425
0.30809
0.31476
0.31847
0.32055
0.32352
0.32874
0.3297
0.33011
0.31892
0.31063
0.30838
0.3024
0.29537
0.28644
0.28427
0.27352
0.27009
0.25635
0.24536
0.24682
0.24267
0.23887
0.23087
0.22803
0.21514
0.20759
0.21056
0.21542
0.2198
0.22346
0.21894
0.22941
0.23294
0.23644
0.24051
0.24151
0.24672
0.25234
0.24653
0.25451
0.26013
0.26404
0.26802
0.27296
0.2749
0.2764
0.28385
0.2817
0.29169
0.29443
0.29429
0.29282
0.29739
0.29442
0.3003
0.29781
0.29601
0.29654
0.30845
0.31711
0.31943
0.32595
0.3258
0.32974
0.32995
0.33908
0.33555
0.34764
0.35466
0.35181
0.34948
0.35019
0.34858
0.34688
0.35395
0.3574
0.35036
0.36112
0.36267
0.36559
0.36522
0.36977
0.37172
0.37823
0.37953
0.37918
0.38161
0.39062
0.38707
0.38518
0.37356
0.36963
0.37159
0.36676
0.36167
0.35583
0.35878
0.34292
0.35747
0.34738
0.36055
0.35297
0.36257
0.35365
0.36444
0.35883
0.36459
0.36231
0.366
0.36814
0.37346
0.36848
0.37612
0.37749
0.38218
0.38728
0.38761
0.39154
0.39701
0.39221
0.397
0.38327
0.39863
0.40223
0.40631
0.40224
0.41138
0.40938
0.4156
0.41265
0.41776
0.4185
0.42457
0.42451
0.42884
0.42749
0.42699
0.43627
0.43618
0.43432
0.44094
0.44425
0.44151
0.44687
0.45079
0.45552
0.45198
0.45401
0.45536
0.46305
0.46004
0.46371
0.4572
0.46446
0.4667
0.47417
0.46678
0.47814
0.47495
0.4832
0.48067
0.48005
0.49334
0.49663
0.49213
0.49474
0.49994
0.4975
0.49538
0.5056
0.50622
0.50895
0.50987
0.50286
0.50874
0.5026
0.5116
0.51208
0.51708
0.51998
0.52185
0.52661
0.52852
0.53254
0.53691
0.54136
0.54488
0.54698
0.54337
0.54209
0.54304
0.55163
0.54199
0.54066
0.54549
0.55016
0.54535
0.55752
0.55922
0.56131
0.56691
0.56447
0.57484
0.56969
0.56928
0.57844
0.57675
0.573
0.57602
0.58827
0.59211
0.58689
0.59317
0.60148
0.5928
0.60049
0.60122
0.59667
0.602
0.59888
0.61131
0.61058
0.6054
0.61049
0.60623
0.61477
0.61246
0.62253
0.62157
0.61428
0.62613
0.61549
0.61743
0.62676
0.62869
0.6249
0.63311
0.63593
0.6388
0.63682
0.63531
0.63864
0.63649
0.63464
0.64054
0.64875
0.64348
0.64541
0.65407
0.64186
0.64451
0.65425
0.65967
0.65974
0.65023
0.65517
0.66372
0.65017
0.65664
0.65096
0.65845
0.65638
0.65881
0.66093
0.66012
0.66926
0.67136
0.67167
0.66459
0.67864
0.67923
0.67602
0.67363
0.68328
0.68243
0.68279
0.68539
0.68978
0.68575
0.6801
0.68551
0.69641
0.68933
0.6928
0.6935
0.69916
0.68608
0.69108
0.68996
0.68932
0.6891
0.66002
0.65942
0.65945
0.65713
0.65913
0.65939
0.67803
0.6667
0.67555
0.66722
0.63678
0.62136
0.63064
0.62796
0.62282
0.62336
0.61878
0.61091
0.61028
0.57039
0.57779
0.58335
0.57917
0.5555
0.54595
0.54628
0.5515
0.55531
0.54821
0.50861
0.52951
0.51838
0.5075
0.50223
0.49786
0.48649
0.48389
0.46133
0.44821
0.45021
0.44063
0.43619
0.42835
0.41941
0.42331
0.41115
0.40721
0.37455
0.38629
0.39312
0.39469
0.40039
0.40216
0.41029
0.42278
0.42053
0.41929
0.39698
0.42697
0.43102
0.43433
0.43956
0.43511
0.44286
0.44576
0.43932
0.43101
0.44449
0.45811
0.45674
0.46663
0.46841
0.474
0.46222
0.45829
0.45706
0.43551
0.44729
0.44464
0.45212
0.45146
0.4483
0.44967
0.45569
0.44993
0.45228
0.46083
0.46967
0.47276
0.47653
0.47622
0.48046
0.48071
0.48062
0.46943
0.48131
0.4882
0.49176
0.48787
0.49114
0.49542
0.5032
0.50676
0.51509
0.49976
0.51446
0.51001
0.51407
0.51237
0.51305
0.51289
0.50976
0.50981
0.50556
0.52184
0.51762
0.52489
0.53219
0.53575
0.52988
0.53345
0.5297
0.53489
0.53028
0.53156
0.53747
0.53372
0.53294
0.52762
0.52329
0.52833
0.52111
0.51826
0.51704
0.52164
0.51719
0.52248
0.52721
0.53096
0.53158
0.51422
0.52148
0.52096
0.52487
0.52471
0.52875
0.52746
0.52928
0.52229
0.53066
0.5186
0.51126
0.5203
0.51719
0.5165
0.51892
0.52035
0.51691
0.51453
0.52243
0.5304
0.52482
0.52792
0.51813
0.51653
0.51605
0.50345
0.50555
0.50178
0.50952
0.516
0.51004
0.51897
0.50398
0.51141
0.5058
0.50517
0.48185
0.49572
0.49259
0.50092
0.49932
0.49877
0.49581
0.51054
0.50475
0.51081
0.50438
0.50671
0.49828
0.49755
0.49196
0.49336
0.48798
0.49658
0.49115
0.4979
0.48462
0.50231
0.49372
0.50412
0.50469
0.5032
0.50713
0.51363
0.50043
0.50893
0.50994
0.51099
0.50939
0.512
0.51055
0.51867
0.50931
0.51748
0.51951
0.51438
0.52306
0.5141
0.52793
0.51857
0.52528
0.52151
0.52153
0.52171
0.52794
0.52511
0.52554
0.52274
0.52439
0.52331
0.51503
0.51479
0.52304
0.52706
0.52512
0.53997
0.53153
0.53651
0.51398
0.52536
0.52315
0.54199
0.53424
0.54144
0.53538
0.54535
0.54566
0.54508
0.55483
0.55218
0.55758
0.55606
0.5589
0.55834
0.556
0.5589
0.56252
0.55496
0.56459
0.56288
0.56762
0.56077
0.56014
0.56241
0.56283
0.56736
0.56759
0.57066
0.56916
0.57737
0.56984
0.5727
0.58542
0.58243
0.58018
0.58494
0.57765
0.588
0.58244
0.58684
0.59146
0.58516
0.58421
0.58529
0.58174
0.58556
0.58792
0.59131
0.59114
0.58143
0.58733
0.57552
0.56703
0.58114
0.58996
0.58453
0.589
0.58732
0.5883
0.58101
0.58046
0.57826
0.59053
0.58551
0.60051
0.59644
0.59793
0.60694
0.60093
0.61455
0.60285
0.61264
0.62095
0.6162
0.62035
0.6158
0.62568
0.62262
0.62602
0.64141
0.62261
0.62826
0.63072
0.62825
0.62638
0.62728
0.62593
0.62683
0.62654
0.62868
0.63777
0.64043
0.64102
0.6443
0.64391
0.64482
0.64478
0.64462
0.64645
0.63938
0.65618
0.65658
0.65144
0.65976
0.66285
0.65268
0.65495
0.65529
0.65588
0.65741
0.66121
0.66957
0.66761
0.6676
0.67144
0.67096
0.6748
0.67544
0.67069
0.67864
0.67439
0.67829
0.6759
0.68333
0.68207
0.68503
0.6802
0.67718
0.67714
0.68611
0.6874
0.68079
0.68741
0.69388
0.69547
0.68928
0.69369
0.70155
0.69937
0.70707
0.71022
0.70016
0.71604
0.70088
0.7076
0.70443
0.72004
0.72102
0.71172
0.7158
0.72016
0.7267
0.71907
0.71582
0.71987
0.72606
0.72275
0.72053
0.72403
0.72773
0.71542
0.72178
0.72891
0.71671
0.71616
0.72176
0.72168
0.73317
0.72536
0.72397
0.72504
0.72236
0.73553
0.72545
0.72084
0.72659
0.73019
0.73021
0.73413
0.73219
0.73625
0.73405
0.73858
0.74505
0.74393
0.73921
0.74435
0.74395
0.74674
0.74643
0.74592
0.73773
0.74416
0.73919
0.73581
0.7363
0.73134
0.72139
0.72453
0.72952
0.73686
0.72596
0.73495
0.73349
0.73872
0.75232
0.74637
0.74371
0.75037
0.74848
0.74102
0.74107
0.73505
0.74358
0.74693
0.74523
0.73651
0.73847
0.74764
0.7396
0.73029
0.73721
0.72864
0.7294
0.73255
0.72686
0.72544
0.72355
0.72028
0.71446
0.72613
0.71332
0.72085
0.71897
0.71864
0.71797
0.71111
0.71878
0.71949
0.70635
0.71097
0.69193
0.69645
0.68887
0.69574
0.69669
0.69601
0.69043
0.67939
0.69248
0.68092
0.68531
0.71457
0.6989
0.70761
0.7034
0.69829
0.70404
0.69428
0.69426
0.70848
0.70825
0.71528
0.71522
0.70801
0.71769
0.70101
0.70646
0.71431
0.71355
0.71037
0.70176
0.71591
0.71513
0.71886
0.71389
0.70696
0.70751
0.70725
0.69961
0.70237
0.68742
0.70552
0.69952
0.71416
0.70082
0.70121
0.69966
0.70214
0.69857
0.70699
0.69056
0.68661
0.6831
0.6764
0.65097
0.65308
0.64595
0.64708
0.65331
0.6381
0.64752
0.64416
0.64404
0.63708
0.64205
0.63789
0.64094
0.64163
0.64945
0.63514
0.63964
0.61843
0.63738
0.62113
0.61883
0.62974
0.62454
0.62491
0.62542
0.61814
0.61938
0.59796
0.61463
0.611
0.62114
0.62455
0.62302
0.62185
0.61518
0.61801
0.60585
0.61459
0.62128
0.62667
0.62569
0.62379
0.62822
0.63028
0.63458
0.61371
0.62188
0.63032
0.64083
0.62676
0.63751
0.63459
0.63643
0.64414
0.64378
0.6253
0.63261
0.63129
0.64626
0.64278
0.64266
0.63978
0.65288
0.64868
0.66073
0.65651
0.65364
0.6611
0.6629
0.66052
0.66088
0.66192
0.66661
0.66392
0.64913
0.64764
0.66828
0.65971
0.6528
0.64823
0.64675
0.64954
0.63937
0.64991
0.6315
0.63019
0.63132
0.63682
0.64022
0.63987
0.62679
0.63846
0.61891
0.61741
0.63316
0.63858
0.63708
0.63699
0.63002
0.64255
0.64079
0.63939
0.63255
0.64699
0.64364
0.64425
0.64485
0.64939
0.64464
0.66052
0.65999
0.65988
0.65896
0.66746
0.66224
0.66291
0.66409
0.66101
0.66634
0.67134
0.66913
0.67515
0.67596
0.67516
0.68547
0.67543
0.6782
0.6784
0.67749
0.6822
0.68381
0.68535
0.68302
0.68065
0.67174
0.68137
0.68099
0.68322
0.67844
0.67391
0.68158
0.68484
0.68057
0.68266
0.6837
0.68772
0.67874
0.68071
0.68965
0.68311
0.68597
0.68609
0.68328
0.68706
0.68057
0.68698
0.68303
0.68982
0.69167
0.69263
0.69369
0.69881
0.69033
0.70073
0.70112
0.70588
0.70144
0.69922
0.70153
0.69986
0.70684
0.70902
0.69744
0.69053
0.70286
0.70083
0.70883
0.7068
0.70946
0.70018
0.70569
0.70625
0.69224
0.69499
0.71147
0.70122
0.71415
0.71262
0.72549
0.72056
0.72946
0.72361
0.71926
0.72131
0.71814
0.72519
0.72085
0.7243
0.72419
0.72051
0.736
0.73929
0.73736
0.73534
0.73751
0.74416
0.73964
0.74381
0.74884
0.74624
0.7528
0.74676
0.74304
0.74653
0.74733
0.75101
0.74947
0.75852
0.75574
0.75375
0.75634
0.74468
0.73434
0.72669
0.73372
0.74131
0.74968
0.75852
0.75588
0.76307
0.7528
0.75587
0.75082
0.75884
0.75976
0.76021
0.75482
0.7612
0.75646
0.75378
0.75319
0.76451
0.76419
0.76714
0.76321
0.7546
0.76122
0.76902
0.76031
0.76849
0.76557
0.76547
0.76864
0.77023
0.76683
0.77782
0.76213
0.77057
0.76995
0.76345
0.76147
0.76586
0.78346
0.7659
0.77267
0.77993
0.77989
0.78192
0.7827
0.77941
0.78031
0.78135
0.78021
0.78902
0.79266
0.7988
0.79382
0.79328
0.79735
0.8075
0.80038
0.78875
0.78793
0.78351
0.8011
0.79425
0.79195
0.79843
0.8013
0.79811
0.80074
0.80013
0.77875
0.79064
0.78272
0.7932
0.79334
0.78966
0.7833
0.76536
0.78077
0.76223
0.75562
0.75702
0.75321
0.75072
0.7486
0.75269
0.741
0.73745
0.74279
0.72755
0.72741
0.73254
0.73005
0.72307
0.73318
0.71992
0.72007
0.71886
0.71498
0.70811
0.71159
0.70716
0.70169
0.6943
0.70104
0.68652
0.68365
0.68053
0.68512
0.67055
0.67319
0.67225
0.67498
0.66632
0.67775
0.6736
0.66928
0.67059
0.67427
0.67131
0.66347
0.67374
0.68054
0.67864
0.67893
0.68354
0.68744
0.68451
0.67448
0.67491
0.67499
0.66462
0.68021
0.67824
0.67468
0.67532
0.67444
0.6883
0.68568
0.68632
0.69359
0.68179
0.68443
0.68769
0.69292
0.69087
0.69092
0.69266
0.67085
0.68859
0.68643
0.69111
0.69386
0.69871
0.69653
0.69897
0.69163
0.70175
0.69064
0.69307
0.69382
0.69727
0.69082
0.69242
0.70144
0.69434
0.70129
0.70244
0.69604
0.69773
0.7058
0.70796
0.70103
0.69936
0.7018
0.68179
0.70367
0.71762
0.70421
0.71423
0.71017
0.71749
0.71213
0.71321
0.7164
0.70966
0.68825
0.70091
0.69486
0.69218
0.68521
0.69105
0.67579
0.6861
0.66064
0.67806
0.67081
0.66844
0.65848
0.65847
0.65991
0.65299
0.65922
0.65998
0.65111
0.66049
0.64997
0.6446
0.64396
0.63166
0.62917
0.61573
0.61784
0.61059
0.614
0.60337
0.60412
0.60407
0.60262
0.61062
0.59803
0.59978
0.57805
0.59478
0.59786
0.58133
0.57889
0.57512
0.56968
0.55993
0.55284
0.54025
0.54515
0.55425
0.55963
0.54572
0.54064
0.5417
0.53832
0.52647
0.52921
0.52193
0.51175
0.52655
0.51652
0.51367
0.52236
0.51112
0.51649
0.51017
0.49057
0.5129
0.47914
0.50108
0.50364
0.50206
0.49965
0.50063
0.50245
0.48089
0.49334
0.47574
0.49566
0.49442
0.49646
0.49867
0.49898
0.50229
0.49273
0.46039
0.4543
0.44739
0.45716
0.46663
0.46594
0.46868
0.45698
0.46543
0.44789
0.45597
0.44966
0.4531
0.46064
0.44177
0.44363
0.4377
0.42471
0.42444
0.41145
0.41441
0.4084
0.41181
0.42515
0.40262
0.41268
0.3941
0.40873
0.39082
0.40435
0.3951
0.39149
0.39411
0.39367
0.38065
0.3697
0.37224
0.3566
0.35778
0.36457
0.36567
0.35788
0.36388
0.36137
0.3684
0.36798
0.35141
0.35121
0.35258
0.34872
0.36437
0.35979
0.36265
0.34951
0.35104
0.34055
0.35125
0.35377
0.36223
0.34416
0.35068
0.34325
0.34911
0.35204
0.34549
0.34794
0.35508
0.35314
0.35567
0.35859
0.36795
0.35956
0.36568
0.36745
0.36009
0.36924
0.37241
0.37511
0.37512
0.37633
0.37655
0.37681
0.38084
0.37886
0.3856
0.38763
0.38624
0.39193
0.38497
0.38867
0.39011
0.39105
0.39144
0.3959
0.40253
0.39743
0.40366
0.40541
0.40822
0.4154
0.41424
0.41588
0.41412
0.41944
0.41994
0.42092
0.42684
0.43269
0.42581
0.43798
0.43071
0.42801
0.43011
0.44144
0.43529
0.44156
0.44346
0.44022
0.44924
0.44691
0.44418
0.4481
0.44583
0.45126
0.4559
0.45573
0.45365
0.45331
0.46006
0.4573
0.45802
0.45685
0.46618
0.46592
0.46687
0.46625
0.46697
0.46908
0.46859
0.47391
0.47081
0.47047
0.47552
0.47856
0.47969
0.47949
0.48175
0.47801
0.48655
0.48149
0.48634
0.48839
0.48977
0.49134
0.49516
0.49766
0.49324
0.49963
0.49911
0.50674
0.50949
0.50656
0.51176
0.515
0.51801
0.52453
0.52362
0.52326
0.53142
0.52548
0.52928
0.52615
0.52617
0.5338
0.53807
0.54352
0.54119
0.5432
0.53824
0.54747
0.5435
0.54769
0.55362
0.55057
0.55744
0.55433
0.54932
0.55485
0.55504
0.55618
0.55477
0.56147
0.56441
0.56357
0.5693
0.56615
0.56869
0.56821
0.57514
0.57875
0.57756
0.58172
0.58088
0.57993
0.58655
0.58811
0.58158
0.58105
0.59228
0.59281
0.59979
0.59994
0.60235
0.59302
0.59524
0.60235
0.60157
0.60026
0.60961
0.59781
0.60555
0.60772
0.60597
0.6071
0.61358
0.61136
