318.666667,133.000000,119.666667,97.000000
322.531677,132.152313,120.000000,97.000000
326.079498,127.510429,117.647057,95.098038
328.344208,121.028702,115.340256,93.233376
328.666687,114.837585,113.078682,91.405266
328.380615,108.530746,113.078682,91.405266
329.257904,105.530167,113.078682,91.405266
328.778931,103.257736,115.340256,93.233376
329.934235,102.390091,115.340256,93.233376
332.820312,101.014542,115.340256,93.233376
336.043610,101.051559,115.340256,93.233376
339.945251,100.955200,115.340256,93.233376
340.938385,100.381935,117.647057,95.098038
344.000763,104.561737,115.340256,93.233376
342.709015,109.563766,115.340256,93.233376
338.189789,117.242172,115.340256,93.233376
332.524384,126.128082,115.340256,93.233376
325.295868,134.631958,115.340256,93.233376
320.210266,140.050003,115.340256,93.233376
316.241211,141.218155,115.340256,93.233376
314.075775,139.868408,115.340256,93.233376
311.675140,136.271484,117.647057,95.098038
313.143097,135.920792,115.340256,93.233376
314.488281,134.603088,115.340256,93.233376
313.684753,132.228500,117.647057,95.098038
318.161102,133.081543,113.078682,91.405266
319.252106,132.528351,113.078682,91.405266
318.531097,131.056625,115.340256,93.233376
317.879578,130.933807,115.340256,93.233376
317.604218,130.198334,115.340256,93.233376
318.589661,130.931198,113.078682,91.405266
318.928772,130.853745,113.078682,91.405266
320.454132,130.110077,113.078682,91.405266
322.617737,128.670303,113.078682,91.405266
323.147156,125.577866,115.340256,93.233376
327.615875,124.831055,113.078682,91.405266
329.317291,125.065628,113.078682,91.405266
333.476318,127.723618,110.861450,89.613007
334.916626,129.038055,110.861450,89.613007
335.222992,130.357147,110.861450,89.613007
335.370392,130.094803,110.861450,89.613007
335.869110,131.329712,108.687698,87.855888
332.866852,130.367249,110.861450,89.613007
332.605316,130.637039,108.687698,87.855888
332.374969,130.017487,108.687698,87.855888
332.092987,128.970917,108.687698,87.855888
332.219086,126.889908,108.687698,87.855888
332.599609,124.336929,108.687698,87.855888
332.825928,122.258667,108.687698,87.855888
332.587677,122.123810,108.687698,87.855888
333.766815,123.027725,108.687698,87.855888
335.274292,125.098869,106.556564,86.133224
336.591003,124.700027,108.687698,87.855888
338.689117,124.937729,108.687698,87.855888
339.224335,125.106949,108.687698,87.855888
340.295197,124.452957,108.687698,87.855888
340.723602,124.931046,108.687698,87.855888
340.261292,125.682327,108.687698,87.855888
340.334900,125.803741,108.687698,87.855888
340.741913,125.929993,108.687698,87.855888
340.704224,126.081161,108.687698,87.855888
341.944824,125.841965,108.687698,87.855888
344.521820,127.549438,108.687698,87.855888
347.627594,129.080231,108.687698,87.855888
348.551392,129.850418,110.861450,89.613007
349.300354,132.496155,110.861450,89.613007
347.540985,132.717484,113.078682,91.405266
346.165100,133.240982,113.078682,91.405266
345.325958,133.501389,113.078682,91.405266
345.215363,132.254684,113.078682,91.405266
345.437195,131.480743,113.078682,91.405266
346.067322,129.128998,113.078682,91.405266
346.073761,128.294708,113.078682,91.405266
345.702911,128.580032,113.078682,91.405266
344.185913,129.529816,113.078682,91.405266
342.022583,130.904892,113.078682,91.405266
338.815125,132.426590,113.078682,91.405266
335.304443,133.218124,113.078682,91.405266
333.993530,134.987381,113.078682,91.405266
332.810822,135.976868,113.078682,91.405266
332.649109,136.860031,113.078682,91.405266
333.021057,136.726990,113.078682,91.405266
334.017273,135.961929,113.078682,91.405266
334.523987,135.560974,113.078682,91.405266
333.040344,134.621155,115.340256,93.233376
333.567444,135.242172,115.340256,93.233376
334.966675,137.395935,113.078682,91.405266
334.823944,136.901062,115.340256,93.233376
335.784851,138.289658,115.340256,93.233376
336.479523,140.034164,115.340256,93.233376
336.567139,140.000092,115.340256,93.233376
335.925690,138.162537,115.340256,93.233376
334.937592,135.409210,115.340256,93.233376
332.169556,129.158508,117.647057,95.098038
334.756653,128.871475,113.078682,91.405266
335.014679,126.649918,113.078682,91.405266
336.997009,125.677780,113.078682,91.405266
339.615173,125.875336,113.078682,91.405266
341.359222,127.527145,113.078682,91.405266
343.250671,131.168060,113.078682,91.405266
342.710083,136.992661,113.078682,91.405266
339.514404,141.000519,115.340256,93.233376
336.048981,143.248657,115.340256,93.233376
335.253265,144.340347,113.078682,91.405266
334.247894,140.911697,115.340256,93.233376
338.208008,137.632553,113.078682,91.405266
342.083099,131.558624,113.078682,91.405266
346.007263,125.455963,113.078682,91.405266
347.690338,118.928421,115.340256,93.233376
349.756500,111.069733,115.340256,93.233376
351.691833,107.084396,115.340256,93.233376
354.978943,101.107697,115.340256,93.233376
357.090820,95.864883,115.340256,93.233376
357.457581,91.560867,115.340256,93.233376
356.548248,88.304596,115.340256,93.233376
356.186462,85.569016,115.340256,93.233376
356.888000,79.798409,115.340256,93.233376
356.798737,74.619957,115.340256,93.233376
356.709320,69.205643,115.340256,93.233376
355.609528,65.542862,115.340256,93.233376
357.636353,61.110912,113.078682,91.405266
356.903503,58.299801,113.078682,91.405266
359.367645,55.066078,110.861450,89.613007
399.523529,62.878704,40.101845,32.415657
392.264862,58.288177,39.974621,32.312817
390.147766,55.613117,39.672543,32.068642
395.822723,47.304344,39.523212,31.947929
395.093658,44.153568,39.498432,31.927900
393.284576,38.786533,39.548023,31.967985
389.926880,34.513481,49.027237,39.630352
392.502777,33.532112,39.810425,32.180096
392.031281,32.927711,40.255592,32.539936
389.484314,30.322035,41.860466,33.837208
381.904907,21.385761,74.161270,59.947029
359.203156,12.479838,121.270454,98.026947
357.481323,10.219138,123.287674,99.657532
358.434448,8.062824,124.015747,100.246063
359.715576,7.085484,124.015747,100.246063
361.167877,8.153090,123.287674,99.657532
361.975006,9.016086,125.748505,101.646706
365.753479,15.166563,113.513512,91.756760
394.650818,31.536383,39.873417,32.231014
392.545898,35.870083,39.697544,32.088848
407.599640,41.318169,39.523212,31.947929
385.941345,46.528595,39.647575,32.048458
393.639343,49.851696,40.000000,32.333332
392.972290,53.857327,40.436459,32.686134
389.043274,55.841862,43.704475,35.327782
385.110229,58.261295,50.785973,41.051994
353.036896,63.170628,67.887932,54.876076
376.683777,60.065784,69.383263,56.084801
372.094513,62.050819,69.690262,56.332966
356.968781,60.391434,91.436867,73.911469
352.407867,58.529915,97.297295,78.648651
347.714050,62.756989,104.132233,84.173553
347.372162,64.001114,101.777061,82.269791
347.649536,68.541542,98.901100,79.945053
346.246826,73.833405,98.901100,79.945053
345.433380,79.677254,98.901100,79.945053
344.206360,84.158539,100.879120,81.543953
343.560089,88.947273,100.879120,81.543953
343.331848,92.056664,100.879120,81.543953
342.105377,95.582451,100.879120,81.543953
337.985168,96.133682,102.896706,83.174835
338.961029,100.423653,100.879120,81.543953
335.377258,101.936768,102.896706,83.174835
334.856384,106.495056,102.896706,83.174835
333.160431,110.278389,104.954636,84.838333
333.725983,115.501122,104.954636,84.838333
332.355164,119.896515,107.053734,86.535095
330.708466,122.268242,109.194801,88.265800
328.931091,124.697960,109.194801,88.265800
327.690338,125.048073,109.194801,88.265800
325.787781,123.828178,109.194801,88.265800
324.191040,121.813148,109.194801,88.265800
322.735657,117.431160,109.194801,88.265800
321.200989,113.107536,109.194801,88.265800
321.071106,109.325485,107.053734,86.535095
321.418793,107.068840,104.954636,84.838333
320.479492,104.910316,104.954636,84.838333
319.382111,102.484230,104.954636,84.838333
318.186707,101.465004,104.954636,84.838333
317.299805,99.769005,104.954636,84.838333
315.743073,98.212021,107.053734,86.535095
314.500214,97.809448,107.053734,86.535095
313.581909,97.578430,107.053734,86.535095
312.958679,98.051468,107.053734,86.535095
313.368134,97.846436,107.053734,86.535095
313.753967,97.646561,107.053734,86.535095
313.121216,98.012390,107.053734,86.535095
313.540894,96.786636,107.053734,86.535095
313.384521,95.697281,107.053734,86.535095
314.145752,94.905792,107.053734,86.535095
314.532410,93.543808,107.053734,86.535095
314.439850,93.693756,107.053734,86.535095
315.498901,92.958984,107.053734,86.535095
315.662628,91.948318,107.053734,86.535095
316.102295,91.301575,107.053734,86.535095
316.614990,91.109970,107.053734,86.535095
316.215637,91.177353,107.053734,86.535095
315.895050,91.384369,107.053734,86.535095
315.056854,91.712662,107.053734,86.535095
314.783752,91.693466,107.053734,86.535095
314.530518,91.676636,107.053734,86.535095
314.317780,91.610107,107.053734,86.535095
314.927124,91.498108,107.053734,86.535095
314.794525,91.551743,107.053734,86.535095
314.714172,91.645264,107.053734,86.535095
314.717102,91.938934,107.053734,86.535095
314.851807,91.606827,107.053734,86.535095
314.970764,92.517090,107.053734,86.535095
315.064148,93.061066,107.053734,86.535095
315.231476,93.323532,107.053734,86.535095
315.211639,94.947250,107.053734,86.535095
315.380096,97.708344,107.053734,86.535095
315.552521,102.355934,109.194801,88.265800
316.459351,105.554161,109.194801,88.265800
321.657867,110.834770,109.194801,88.265800
327.298615,113.508476,109.194801,88.265800
331.256012,112.933708,109.194801,88.265800
339.668945,113.248299,109.194801,88.265800
347.099640,113.190254,109.194801,88.265800
355.120361,111.808266,109.194801,88.265800
363.236145,110.092918,109.194801,88.265800
371.372772,108.442757,109.194801,88.265800
377.235291,106.318336,109.194801,88.265800
381.335602,103.783287,109.194801,88.265800
384.026947,101.732552,109.194801,88.265800
385.149200,100.166039,109.194801,88.265800
387.894012,98.394691,109.194801,88.265800
389.649597,98.656548,109.194801,88.265800
390.264954,99.308937,109.194801,88.265800
391.133728,100.142586,109.194801,88.265800
390.931305,101.112236,109.194801,88.265800
390.419891,103.054329,109.194801,88.265800
386.641266,104.342430,111.378700,90.031113
382.033325,105.869118,111.378700,90.031113
376.926666,106.569954,111.378700,90.031113
372.454041,106.183556,111.378700,90.031113
369.335144,104.514183,111.378700,90.031113
365.562347,102.835670,111.378700,90.031113
361.207245,102.541389,111.378700,90.031113
355.800171,101.947945,111.378700,90.031113
349.402985,102.296196,111.378700,90.031113
342.152496,104.625420,111.378700,90.031113
336.118225,109.814720,111.378700,90.031113
328.745697,115.417992,113.606277,91.831741
321.784912,119.717033,115.878403,93.668373
318.717743,122.615211,115.878403,93.668373
316.646729,125.146782,115.878403,93.668373
314.177002,125.265388,115.878403,93.668373
310.821594,123.269814,115.878403,93.668373
309.549866,121.820442,115.878403,93.668373
308.836914,121.803062,115.878403,93.668373
307.728546,123.505531,115.878403,93.668373
306.141693,126.212746,115.878403,93.668373
305.172882,129.093597,115.878403,93.668373
306.495361,132.786530,113.606277,91.831741
308.380676,132.792648,113.606277,91.831741
309.665100,132.154099,113.606277,91.831741
309.239563,129.073547,115.878403,93.668373
310.277069,127.222603,113.606277,91.831741
311.988037,124.125374,113.606277,91.831741
316.157532,122.713158,113.606277,91.831741
321.231934,124.173958,111.378700,90.031113
324.249878,125.022942,113.606277,91.831741
327.920380,128.382538,113.606277,91.831741
331.883667,129.495270,115.878403,93.668373
335.056763,130.363602,115.878403,93.668373
337.567566,130.171341,115.878403,93.668373
338.290771,129.132919,115.878403,93.668373
338.767975,128.535583,115.878403,93.668373
337.918274,125.948837,118.195969,95.541740
337.890289,124.998230,118.195969,95.541740
340.028992,124.386673,118.195969,95.541740
341.839752,124.958221,118.195969,95.541740
348.587311,129.186493,115.878403,93.668373
350.451508,130.873688,118.195969,95.541740
358.341187,137.649002,115.878403,93.668373
362.118286,140.468658,120.559891,97.452576
368.607422,145.540604,122.971085,99.401627
373.869232,150.205444,125.430504,101.389664
380.135345,156.967285,125.430504,101.389664
384.001190,164.065323,127.939117,103.417450
383.531586,171.887146,130.497894,105.485802
382.330841,184.603989,133.107864,107.595520
383.691162,201.516754,133.107864,107.595520
386.893677,219.876236,110.720566,89.499123
376.192932,246.641281,107.876709,87.200340
381.894104,257.113159,106.508873,86.094673
478.247467,224.062576,44.241573,35.761940
464.535065,222.465622,44.871796,36.271366
468.840393,240.798676,45.209904,36.544670
458.014801,253.507996,71.428574,57.738094
451.213684,267.951019,77.017113,62.255501
332.527588,66.827271,41.365726,33.437294
201.052795,309.710724,135.770020,109.747429
333.355713,63.402893,41.680450,33.691696
336.401398,61.905888,41.860466,33.837208
335.599304,60.731297,45.258621,36.584053
323.182739,23.239141,68.329720,55.233189
321.227631,15.785254,74.910820,60.552914
323.913757,11.939002,78.066917,63.104088
324.781342,5.349759,80.459770,65.038315
372.333435,309.818756,135.770020,109.747429
203.369476,309.863953,135.770020,109.747429
197.786163,308.928253,135.770020,109.747429
198.963470,308.070465,135.770020,109.747429
201.750122,308.558044,135.770020,109.747429
237.426666,309.672302,135.770020,109.747429
239.531769,311.537811,135.770020,109.747429
235.189545,310.679413,135.770020,109.747429
202.811737,309.511810,135.770020,109.747429
201.438141,309.933044,135.770020,109.747429
236.102844,310.554901,135.770020,109.747429
203.432220,310.261322,135.770020,109.747429
204.713837,310.403107,135.770020,109.747429
243.474731,310.764984,135.770020,109.747429
207.667389,309.988312,135.770020,109.747429
238.106262,309.347504,135.770020,109.747429
207.300964,310.240631,135.770020,109.747429
243.503998,309.443970,135.770020,109.747429
243.355377,310.696136,135.770020,109.747429
209.458496,308.568695,135.770020,109.747429
206.049286,311.516205,135.770020,109.747429
205.480896,311.535339,135.770020,109.747429
207.951447,310.709442,135.770020,109.747429
206.157135,309.332428,135.770020,109.747429
210.125366,309.695984,135.770020,109.747429
231.509583,309.178680,135.770020,109.747429
204.591156,309.126801,135.770020,109.747429
202.627686,309.017700,135.770020,109.747429
204.495361,309.961731,135.770020,109.747429
204.048645,308.961731,135.770020,109.747429
235.344391,309.447601,135.770020,109.747429
236.419556,309.369171,135.770020,109.747429
197.115723,311.397156,135.770020,109.747429
230.353561,250.652420,82.677162,66.830711
228.612686,250.630417,82.677162,66.830711
385.424683,306.928070,135.770020,109.747429
382.679321,308.165192,135.770020,109.747429
191.515137,309.832642,135.770020,109.747429
377.733734,307.900726,135.770020,109.747429
230.398666,250.890060,81.290321,65.709679
376.751160,308.931732,135.770020,109.747429
372.780945,307.245117,135.770020,109.747429
201.098907,308.746735,135.770020,109.747429
373.575867,307.980988,135.770020,109.747429
235.517151,310.352966,135.770020,109.747429
194.417664,308.598053,135.770020,109.747429
194.469391,309.107697,135.770020,109.747429
199.884979,309.898895,135.770020,109.747429
313.948761,12.956397,75.721153,61.207932
312.072601,14.611013,74.380165,60.123966
197.527649,309.392944,135.770020,109.747429
313.142365,22.436264,69.003288,55.777657
323.716095,56.873253,47.926968,38.740967
215.985580,260.200317,345.205475,279.041107
345.014771,244.594635,131.250000,106.093750
350.306732,224.912521,120.458893,97.370934
347.478363,204.584152,117.977531,95.365166
346.499908,187.904755,117.318436,94.832405
344.575989,168.641190,116.022102,93.784531
339.699341,153.883591,116.451019,94.131241
338.599915,141.345642,114.337570,92.422867
338.136536,130.892303,110.526314,89.342102
336.544037,121.954277,109.375000,88.411461
335.271362,114.097000,109.565216,88.565216
332.664368,106.709961,109.565216,88.565216
333.868408,101.054611,109.565216,88.565216
335.144501,95.462051,109.565216,88.565216
339.125427,93.657181,109.565216,88.565216
338.495697,88.155243,109.565216,88.565216
340.430481,85.001328,109.565216,88.565216
341.804749,82.839279,109.565216,88.565216
343.703033,81.316719,109.565216,88.565216
347.178406,82.632805,107.416878,86.828644
349.554291,83.602135,107.416878,86.828644
314.467499,73.346870,169.354843,136.895157
354.339508,88.496719,109.565216,88.565216
435.835724,-267.600647,555.066101,448.678406
366.619995,89.865128,109.565216,88.565216
372.022278,96.601059,109.565216,88.565216
374.984314,94.691177,109.565216,88.565216
383.631531,100.392700,109.565216,88.565216
387.658691,99.839554,109.565216,88.565216
389.392090,99.214218,109.565216,88.565216
392.798676,103.541245,109.565216,88.565216
395.750458,108.319077,109.565216,88.565216
400.964905,115.833725,109.565216,88.565216
409.490448,123.722046,109.565216,88.565216
416.223022,126.761124,111.756523,90.336525
422.633698,132.101883,111.756523,90.336525
428.825806,134.231583,111.756523,90.336525
433.515442,136.704330,113.991653,92.143250
437.321930,140.678116,113.991653,92.143250
442.629150,142.652634,116.271484,93.986115
449.065125,143.132721,118.596916,95.865837
456.359741,145.596313,120.968857,97.783157
459.716370,155.097610,120.968857,97.783157
462.159576,162.128937,123.388229,99.738823
463.973969,168.933334,125.855995,101.733597
465.829132,173.598495,125.855995,101.733597
467.007294,182.784714,125.855995,101.733597
464.620087,192.260468,125.855995,101.733597
462.420013,193.826523,125.855995,101.733597
456.648285,198.029678,125.855995,101.733597
456.627655,200.046249,125.855995,101.733597
457.001312,200.583374,123.388229,99.738823
464.109650,191.413742,125.855995,101.733597
468.632599,183.578537,123.388229,99.738823
467.329559,174.459381,123.388229,99.738823
464.613312,169.914505,125.855995,101.733597
466.574615,163.932983,125.855995,101.733597
461.314972,158.166122,125.855995,101.733597
459.732513,148.446457,128.373108,103.768265
465.587616,141.917755,128.373108,103.768265
468.497925,138.613586,130.940582,105.843636
470.825531,130.811462,133.559387,107.960503
472.831665,122.906891,136.230576,110.119713
475.014587,117.624802,138.955185,112.322113
475.168915,113.983864,141.734299,114.568550
472.247375,109.687019,147.460358,119.197121
473.243835,108.221764,150.409561,121.581062
471.985260,106.033226,153.417755,124.012688
472.690613,105.064522,156.486115,126.492943
471.963165,102.665611,162.808151,131.603256
475.587219,100.433136,166.064316,134.235321
483.747314,99.022217,166.064316,134.235321
492.005249,95.443382,169.385605,136.920029
501.843506,92.050972,172.773315,139.658432
512.511536,87.129318,176.228775,142.451599
524.650696,82.313873,176.228775,142.451599
530.042236,79.479584,179.753357,145.300629
533.526794,79.464233,179.753357,145.300629
536.641907,81.763474,179.753357,145.300629
533.868042,93.503265,179.753357,145.300629
524.869873,105.530563,183.348419,148.206635
519.104187,116.336136,183.348419,148.206635
517.322693,123.657257,183.348419,148.206635
523.544189,127.824005,179.753357,145.300629
527.640625,128.026718,179.753357,145.300629
536.577576,126.486282,179.753357,145.300629
543.509155,127.723083,179.753357,145.300629
547.741821,135.449265,176.228775,142.451599
554.725891,142.239975,172.773315,139.658432
558.885254,146.298889,169.385605,136.920029
561.143433,149.746262,169.385605,136.920029
562.635681,150.168472,169.385605,136.920029
560.248352,148.509811,169.385605,136.920029
557.360962,144.739761,169.385605,136.920029
551.987366,143.363205,166.064316,134.235321
549.000183,139.305984,166.064316,134.235321
545.712524,138.854645,166.064316,134.235321
537.576782,140.111954,166.064316,134.235321
529.367859,140.148697,166.064316,134.235321
521.390015,138.659561,166.064316,134.235321
512.418457,135.684525,166.064316,134.235321
502.956299,130.454987,166.064316,134.235321
492.329620,121.025551,162.808151,131.603256
479.819550,115.190010,162.808151,131.603256
471.792786,111.357132,159.615829,129.022797
469.772705,108.240517,156.486115,126.492943
464.612030,106.083061,153.417755,124.012688
463.268494,105.824852,150.409561,121.581062
459.876099,106.069862,150.409561,121.581062
456.756104,106.293678,147.460358,119.197121
454.520386,106.399551,144.568985,116.859924
452.766571,106.063255,141.734299,114.568550
451.282410,105.449081,138.955185,112.322113
450.897400,105.349670,136.230576,110.119713
449.055176,104.169128,136.230576,110.119713
448.000000,102.345367,136.230576,110.119713
446.417358,100.033630,136.230576,110.119713
445.528748,96.784821,136.230576,110.119713
444.033447,95.167114,136.230576,110.119713
442.003235,93.195923,136.230576,110.119713
440.043457,92.496826,136.230576,110.119713
438.856506,92.323669,136.230576,110.119713
438.385223,91.692825,136.230576,110.119713
437.162994,91.577835,136.230576,110.119713
436.459717,91.218246,136.230576,110.119713
435.691620,90.311356,136.230576,110.119713
434.781891,89.637619,136.230576,110.119713
433.726990,89.528778,136.230576,110.119713
432.550903,89.093063,136.230576,110.119713
431.536285,88.119598,136.230576,110.119713
430.682983,86.880966,136.230576,110.119713
430.084106,85.372986,136.230576,110.119713
427.531738,81.648209,138.955185,112.322113
425.930603,80.011505,138.955185,112.322113
424.776611,78.324188,138.955185,112.322113
422.917725,77.999557,138.955185,112.322113
421.090332,77.878616,138.955185,112.322113
419.309052,77.388153,138.955185,112.322113
417.774963,76.709015,138.955185,112.322113
415.904297,75.509674,138.955185,112.322113
414.286835,73.865341,138.955185,112.322113
412.487732,71.970428,138.955185,112.322113
411.237000,70.898254,138.955185,112.322113
409.622070,70.019608,138.955185,112.322113
407.639069,69.968384,138.955185,112.322113
406.120056,70.136223,138.955185,112.322113
405.444702,70.702713,138.955185,112.322113
404.946869,71.531525,138.955185,112.322113
403.493835,71.924530,138.955185,112.322113
402.865295,71.788918,138.955185,112.322113
401.852417,72.308884,138.955185,112.322113
401.489044,72.083527,138.955185,112.322113
402.310028,71.984528,138.955185,112.322113
403.661560,72.411728,138.955185,112.322113
405.089539,74.617249,138.955185,112.322113
407.088928,78.857239,138.955185,112.322113
409.535126,82.200912,138.955185,112.322113
411.794067,85.735458,138.955185,112.322113
411.317169,90.826431,138.955185,112.322113
410.850891,96.901657,138.955185,112.322113
411.389771,100.391388,138.955185,112.322113
410.797516,106.693283,136.230576,110.119713
412.411774,110.735565,136.230576,110.119713
413.447937,112.119598,136.230576,110.119713
417.438385,111.411057,136.230576,110.119713
422.466766,108.274887,136.230576,110.119713
427.062775,106.949783,136.230576,110.119713
429.229095,105.614899,136.230576,110.119713
430.137451,105.408951,136.230576,110.119713
430.038696,104.462708,136.230576,110.119713
429.887390,102.309814,136.230576,110.119713
429.618988,99.826385,136.230576,110.119713
429.594574,98.698792,136.230576,110.119713
428.967163,98.058487,136.230576,110.119713
427.282654,97.325333,136.230576,110.119713
425.719757,97.492615,136.230576,110.119713
424.590454,97.843384,136.230576,110.119713
423.443878,98.100204,136.230576,110.119713
422.386719,97.134064,136.230576,110.119713
421.081268,95.911484,136.230576,110.119713
419.191528,95.296951,136.230576,110.119713
417.670593,93.768326,136.230576,110.119713
416.205109,93.327255,136.230576,110.119713
413.258301,90.881363,138.955185,112.322113
412.334595,88.626526,138.955185,112.322113
411.303528,86.993607,138.955185,112.322113
410.102905,84.477280,138.955185,112.322113
408.849091,83.283524,138.955185,112.322113
407.483459,82.113464,138.955185,112.322113
405.618927,80.516365,141.734299,114.568550
403.910797,80.598549,141.734299,114.568550
403.004761,81.233940,141.734299,114.568550
402.730743,81.951714,141.734299,114.568550
403.407867,83.010826,141.734299,114.568550
406.148041,85.237389,141.734299,114.568550
411.282532,88.752571,141.734299,114.568550
415.916351,96.148735,141.734299,114.568550
420.305450,100.813568,144.568985,116.859924
422.361908,108.355659,147.460358,119.197121
423.152618,114.942207,147.460358,119.197121
422.819122,121.556633,147.460358,119.197121
419.666443,128.788986,147.460358,119.197121
434.475006,142.790176,107.142860,86.607140
413.330231,144.686462,111.111115,89.814812
410.032928,150.022415,111.702126,90.292557
403.773987,151.983170,112.099648,90.613876
404.069092,151.856445,112.099648,90.613876
405.060242,151.400452,110.915489,89.656693
406.798798,151.460327,107.876709,87.200340
406.667419,151.501617,107.876709,87.200340
395.365936,149.700333,119.771866,96.815590
392.711700,150.764053,119.771866,96.815590
388.418640,149.083649,116.022102,93.784531
383.304535,156.745300,116.022102,93.784531
385.742615,154.437103,116.883118,94.480522
389.515686,160.706787,114.963501,92.928833
396.429657,170.394989,109.947647,88.874344
397.624023,180.655685,108.061752,87.349915
397.554993,190.509018,108.808289,87.953369
415.334106,199.774918,108.061752,87.349915
424.210693,207.688599,108.620689,87.801727
430.711792,213.677216,108.996536,88.105537
438.706512,218.975159,109.185440,88.258232
445.754944,221.119507,108.808289,87.953369
452.328094,223.793411,108.433739,87.650604
459.473145,228.080154,109.375000,88.411461
459.516724,228.842041,109.185440,88.258232
458.951935,230.525818,108.996536,88.105537
460.166962,230.882370,108.620689,87.801727
459.508423,230.261795,108.433739,87.650604
459.793854,230.863617,107.692307,87.051285
459.757263,229.230209,107.876709,87.200340
463.016235,230.367676,111.900536,90.452934
462.685699,228.630905,112.701256,91.100182
462.847595,228.858337,113.309349,91.591728
461.695160,229.610184,114.545456,92.590912
458.187042,228.118210,120.689651,97.557472
456.289246,228.767593,113.718414,91.922386
456.028931,230.384033,115.596329,93.440369
449.144714,228.804916,114.337570,92.422867
446.428253,230.100784,118.198875,95.544090
440.825684,229.074112,113.718414,91.922386
437.991058,229.733032,113.309349,91.591728
436.000671,230.048523,112.903229,91.263443
434.629852,229.561371,113.309349,91.591728
439.307007,229.279068,113.513512,91.756760
432.573914,222.467957,124.260353,100.443787
422.053619,221.137558,116.022102,93.784531
420.798035,209.653275,116.022102,93.784531
419.377136,205.011124,116.022102,93.784531
419.308044,191.922104,116.022102,93.784531
422.473236,182.669800,116.022102,93.784531
423.710785,176.494827,116.022102,93.784531
423.430176,175.288101,116.022102,93.784531
470.818604,140.174973,116.022102,93.784531
475.237671,134.703125,116.022102,93.784531
493.791626,25.803780,116.022102,93.784531
500.671509,19.813423,116.022102,93.784531
517.140381,122.121803,116.022102,93.784531
546.366882,110.821526,116.022102,93.784531
565.422485,111.636177,116.022102,93.784531
534.345581,118.185783,116.022102,93.784531
547.340820,114.420052,116.022102,93.784531
557.099304,114.607033,116.022102,93.784531
561.263611,115.021111,116.022102,93.784531
564.727905,116.791161,116.022102,93.784531
567.401367,117.182625,116.022102,93.784531
312.156525,22.607710,95.890411,77.511414
-22.310305,123.220436,116.022102,93.784531
543.835083,138.812027,116.022102,93.784531
-21.738237,123.165077,116.022102,93.784531
544.101074,139.050903,116.022102,93.784531
543.983643,138.852814,116.022102,93.784531
544.489624,138.184891,116.022102,93.784531
-22.048796,123.427452,116.022102,93.784531
538.361206,138.348709,116.022102,93.784531
567.693176,127.488777,116.022102,93.784531
320.028229,24.240799,95.310135,77.042358
319.718201,23.695673,95.022621,76.809952
319.029236,25.163189,94.452774,76.349327
316.318115,26.596859,93.610695,75.668648
309.877228,27.662767,92.647057,74.889709
503.050415,133.910110,116.022102,93.784531
503.226257,137.503082,116.022102,93.784531
503.765747,136.795258,116.022102,93.784531
386.433319,213.550613,116.022102,93.784531
535.546448,140.153549,116.022102,93.784531
514.020752,139.381958,116.022102,93.784531
543.964355,121.189171,116.022102,93.784531
514.888855,121.703438,116.022102,93.784531
478.145874,126.082161,116.022102,93.784531
441.732361,139.020645,116.022102,93.784531
412.418640,153.305847,120.689651,97.557472
392.189911,170.554382,115.808823,93.612129
376.049255,184.124680,110.332748,89.185638
360.864197,193.715027,103.789124,83.896210
349.006927,201.604172,98.591553,79.694839
342.603210,205.315445,95.166161,76.925980
341.218201,204.565109,93.889717,75.894188
340.425354,202.808899,93.195267,75.332840
340.662537,200.107193,93.471809,75.556381
340.103973,198.186295,93.333336,75.444443
340.903717,197.356461,93.889717,75.894188
340.946960,197.680817,94.311378,76.235031
340.218292,197.331024,95.022621,76.809952
339.761139,195.862717,94.879517,76.694275
339.952972,194.896881,94.452774,76.349327
340.677582,194.200256,94.311378,76.235031
341.554413,194.954269,93.889717,75.894188
341.996307,195.416122,93.610695,75.668648
341.990143,195.784363,93.333336,75.444443
342.920776,197.713562,93.057610,75.221565
343.148163,198.693985,92.783508,75.000000
344.348694,202.060913,92.511017,74.779739
345.847137,202.850555,92.511017,74.779739
345.469879,202.610779,92.647057,74.889709
346.191284,201.931793,92.647057,74.889709
346.304932,202.722488,92.511017,74.779739
345.927063,201.009338,92.240120,74.560760
347.390839,203.160507,91.970802,74.343063
349.469910,202.108063,91.703056,74.126640
351.992065,204.348389,91.569771,74.018898
354.410248,206.005066,91.436867,73.911469
355.897034,205.097931,91.172211,73.697540
362.944214,209.036499,90.909088,73.484848
365.926025,210.153259,90.647484,73.273384
370.414886,209.542282,90.517242,73.168106
373.716675,210.049469,90.128754,72.854080
378.026978,210.339508,90.128754,72.854080
375.091400,213.247742,90.517242,73.168106
369.519470,214.133347,90.517242,73.168106
358.157715,219.520935,90.517242,73.168106
360.575989,220.591934,91.172211,73.697540
350.826477,225.097870,91.970802,74.343063
370.431976,218.854828,92.647057,74.889709
375.462891,216.963638,94.170403,76.121078
376.969055,213.206970,95.599396,77.276176
377.620911,207.828674,97.674416,78.953491
377.318848,203.321762,100.478470,81.220093
377.769958,202.299011,101.941750,82.402916
384.210663,202.712906,101.941750,82.402916
383.344696,203.547363,103.980583,84.050972
377.873352,204.158752,106.060196,85.731987
378.205383,207.896637,106.060196,85.731987
376.415283,210.520660,106.060196,85.731987
372.717804,210.237198,108.181396,87.446632
369.792328,210.652420,108.181396,87.446632
365.977325,210.426300,110.345024,89.195564
361.726135,210.348434,112.551926,90.979477
359.152954,211.682495,114.802963,92.799065
358.631378,213.679169,114.802963,92.799065
358.500183,218.536774,114.802963,92.799065
358.401733,220.176208,114.802963,92.799065
360.377777,219.399475,114.802963,92.799065
365.268036,219.563675,112.551926,90.979477
371.045105,221.544235,112.551926,90.979477
377.249939,224.588165,114.802963,92.799065
390.850769,231.990692,114.802963,92.799065
401.386047,233.165649,114.802963,92.799065
411.001465,234.576065,117.099022,94.655045
419.562408,235.479980,119.441002,96.548149
425.341309,236.402023,121.829826,98.479111
428.095215,235.442764,124.266418,100.448692
428.786316,234.005203,126.751747,102.457664
429.725159,234.066238,129.286789,104.506821
432.245300,236.560196,129.286789,104.506821
438.233490,243.503128,129.286789,104.506821
460.695923,249.626236,119.771866,96.815590
451.940033,246.744522,119.771866,96.815590
452.414368,243.685196,119.771866,96.815590
450.498352,238.690079,119.771866,96.815590
449.459167,231.380035,122.167297,98.751900
452.857880,227.364960,122.167297,98.751900
454.447113,224.105957,122.167297,98.751900
454.283173,219.332947,124.610649,100.726936
453.800873,213.802841,127.102859,102.741478
452.385132,207.063980,129.644913,104.796310
453.058838,201.200180,129.644913,104.796310
453.094543,195.063339,129.644913,104.796310
452.220337,188.404938,129.644913,104.796310
449.315918,182.586624,129.644913,104.796310
446.648865,179.062393,129.644913,104.796310
443.961365,177.926636,129.644913,104.796310
442.602356,177.117249,127.102859,102.741478
443.748230,175.752319,124.610649,100.726936
443.901520,168.126923,124.610649,100.726936
445.091064,161.582275,124.610649,100.726936
455.020966,154.633072,124.610649,100.726936
455.719513,148.805466,124.610649,100.726936
455.742828,142.591736,124.610649,100.726936
455.201569,139.274384,124.610649,100.726936
455.379669,135.160965,124.610649,100.726936
456.413422,132.318848,124.610649,100.726936
456.433197,129.292328,124.610649,100.726936
457.114655,127.494514,124.610649,100.726936
457.039276,126.032906,124.610649,100.726936
456.181915,123.779884,124.610649,100.726936
455.511322,121.382423,124.610649,100.726936
454.806976,119.278008,124.610649,100.726936
453.262115,115.678032,124.610649,100.726936
452.266083,111.959312,124.610649,100.726936
450.825409,109.807152,124.610649,100.726936
449.033173,107.866508,124.610649,100.726936
447.456604,106.623985,124.610649,100.726936
445.578339,105.506310,124.610649,100.726936
441.896454,101.240395,127.102859,102.741478
440.208862,96.829369,127.102859,102.741478
439.332886,92.534767,127.102859,102.741478
438.353912,90.725243,127.102859,102.741478
436.257690,88.116585,129.644913,104.796310
432.568695,86.810539,132.237808,106.892235
431.330078,87.383125,132.237808,106.892235
429.985199,88.405403,132.237808,106.892235
428.888275,88.822182,132.237808,106.892235
428.374939,88.294685,132.237808,106.892235
428.671722,88.403511,132.237808,106.892235
429.336517,88.648415,132.237808,106.892235
429.974548,88.834953,132.237808,106.892235
432.367310,91.743614,129.644913,104.796310
435.708313,94.013634,127.102859,102.741478
440.570343,97.742073,124.610649,100.726936
441.763489,102.729927,124.610649,100.726936
440.673706,108.995766,124.610649,100.726936
438.790436,115.953499,124.610649,100.726936
435.737579,122.025887,124.610649,100.726936
432.389343,127.759102,124.610649,100.726936
430.449249,131.118484,124.610649,100.726936
428.851898,133.895187,122.167297,98.751900
428.465546,136.413742,122.167297,98.751900
430.259186,141.002869,119.771866,96.815590
431.489868,144.620865,119.771866,96.815590
432.504425,150.544250,119.771866,96.815590
417.001892,154.944855,119.771866,96.815590
416.623596,160.282181,119.771866,96.815590
415.018219,166.256546,119.771866,96.815590
413.898254,169.701447,119.771866,96.815590
413.129120,173.107208,119.771866,96.815590
413.028137,178.661163,119.771866,96.815590
414.025940,182.730042,119.771866,96.815590
416.196259,189.440598,119.771866,96.815590
418.262390,196.886200,119.771866,96.815590
421.225830,204.911057,119.771866,96.815590
422.985413,212.107834,119.771866,96.815590
423.793701,214.296555,119.771866,96.815590
422.475494,215.640915,119.771866,96.815590
418.186707,214.171021,122.167297,98.751900
414.677032,214.721130,122.167297,98.751900
411.812256,215.908813,122.167297,98.751900
409.858185,218.871124,122.167297,98.751900
407.937439,221.307739,122.167297,98.751900
405.167358,222.416779,122.167297,98.751900
402.895660,223.075958,122.167297,98.751900
401.258118,223.288208,122.167297,98.751900
399.475037,223.548035,122.167297,98.751900
399.643036,224.502563,122.167297,98.751900
400.739838,225.394775,122.167297,98.751900
404.383789,226.293411,119.771866,96.815590
405.806763,225.974899,119.771866,96.815590
407.265808,225.587204,119.771866,96.815590
407.879364,225.806290,119.771866,96.815590
409.142700,225.121140,119.771866,96.815590
409.842834,225.298386,119.771866,96.815590
411.808105,225.116837,119.771866,96.815590
413.193909,224.278336,119.771866,96.815590
411.771118,221.274780,122.167297,98.751900
412.392395,218.187683,122.167297,98.751900
411.119415,215.421753,124.610649,100.726936
409.268433,212.029160,127.102859,102.741478
408.043518,209.788162,129.644913,104.796310
406.010071,207.076950,132.237808,106.892235
405.025360,206.024887,132.237808,106.892235
405.030060,203.426163,132.237808,106.892235
405.427399,198.900879,132.237808,106.892235
404.764526,192.445175,132.237808,106.892235
406.319550,189.286484,129.644913,104.796310
402.370148,184.060928,132.237808,106.892235
399.534363,178.087616,132.237808,106.892235
398.996033,172.664734,129.644913,104.796310
395.778473,166.180588,129.644913,104.796310
392.156891,160.988083,127.102859,102.741478
390.927551,160.119019,124.610649,100.726936
384.851929,157.042801,124.610649,100.726936
379.662140,154.493546,122.167297,98.751900
377.646698,154.105194,117.423393,94.917244
371.921478,152.316956,117.423393,94.917244
367.875916,152.108063,115.120979,93.056122
364.055664,152.712448,112.863701,91.231491
360.206055,154.182449,112.863701,91.231491
358.008575,157.822510,110.650688,89.442642
355.387726,161.860474,110.650688,89.442642
353.376617,166.827393,110.650688,89.442642
351.222870,171.294830,110.650688,89.442642
349.819672,175.465927,110.650688,89.442642
349.158936,179.499008,110.650688,89.442642
348.760162,182.223053,110.650688,89.442642
349.016754,185.306366,108.481064,87.688866
347.320068,185.440369,108.481064,87.688866
345.677826,186.866394,108.481064,87.688866
347.503876,191.967300,106.353989,85.969475
349.437897,200.213257,106.353989,85.969475
353.544769,210.287476,106.353989,85.969475
359.175385,219.725372,106.353989,85.969475
364.535889,227.711319,108.481064,87.688866
370.997009,231.197479,110.650688,89.442642
377.163116,229.848907,112.863701,91.231491
381.405945,224.847855,115.120979,93.056122
385.877838,220.719849,117.423393,94.917244
387.004700,216.571609,119.771866,96.815590
388.884033,214.011337,119.771866,96.815590
385.637634,208.987671,122.167297,98.751900
377.817413,205.805054,124.610649,100.726936
368.009674,202.350876,127.102859,102.741478
361.461121,200.468430,127.102859,102.741478
359.055023,195.902664,127.102859,102.741478
359.185699,188.788208,129.644913,104.796310
362.544189,179.632538,132.237808,106.892235
369.618011,169.316574,134.882568,109.030075
377.508087,160.852158,134.882568,109.030075
385.347443,152.897400,134.882568,109.030075
387.213623,148.053207,134.882568,109.030075
386.299164,144.298599,134.882568,109.030075
381.970978,140.028244,134.882568,109.030075
378.192841,131.664368,134.882568,109.030075
373.982483,122.703148,134.882568,109.030075
372.341675,116.309242,137.580215,111.210678
373.443909,113.034096,137.580215,111.210678
375.926849,111.898766,137.580215,111.210678
377.091980,113.529488,137.580215,111.210678
374.872711,119.181557,137.580215,111.210678
372.766022,128.454086,137.580215,111.210678
372.904907,140.872803,137.580215,111.210678
376.448273,161.096161,137.580215,111.210678
384.502777,183.305588,140.331833,113.434891
394.709290,204.729874,143.138458,115.703590
407.768585,226.597672,146.001236,118.017662
424.123383,248.323898,148.921265,120.378014
439.113159,267.372742,148.921265,120.378014
394.131561,200.260681,104.132233,84.173553
400.823883,211.250916,103.448273,83.620689
409.480469,229.610489,105.882355,85.588234
409.223969,249.359543,110.720566,89.499123
544.161499,225.891464,107.508530,86.902733
411.963135,-25.271338,148.921265,120.378014
69.487312,226.782562,46.153847,37.307693
411.728241,-27.277494,148.921265,120.378014
411.044617,-28.589985,148.921265,120.378014
410.942841,-27.485487,148.921265,120.378014
409.744476,-26.252859,148.921265,120.378014
514.616211,178.418289,109.565216,88.565216
516.003296,170.617355,109.185440,88.258232
515.381287,172.724274,108.247421,87.500000
517.749329,168.729599,107.876709,87.200340
517.979553,172.543289,107.325386,86.754684
515.500854,169.428894,107.142860,86.607140
512.253052,177.722198,106.779663,86.313560
513.184082,169.986237,106.598984,86.167511
409.756256,-36.616035,148.921265,120.378014
504.787445,212.425110,105.527641,85.301506
503.276367,215.170837,105.000000,84.875000
502.484711,215.088120,104.477615,84.452736
411.732178,-34.139874,148.921265,120.378014
410.308014,-30.707029,148.921265,120.378014
345.878296,274.197418,148.921265,120.378014
334.491150,238.740524,148.921265,120.378014
323.673828,206.989700,148.921265,120.378014
313.332886,178.390030,148.921265,120.378014
307.392883,154.537506,148.921265,120.378014
305.299622,137.209717,146.001236,118.017662
302.332703,122.719818,146.001236,118.017662
302.389343,112.706490,143.138458,115.703590
302.823364,103.845757,143.138458,115.703590
303.679169,98.508125,143.138458,115.703590
305.389862,93.174232,143.138458,115.703590
308.409637,88.872963,143.138458,115.703590
311.265167,87.543739,140.331833,113.434891
313.811462,85.584190,137.580215,111.210678
315.591431,84.620964,134.882568,109.030075
316.620514,84.984306,132.237808,106.892235
318.394928,86.807274,129.644913,104.796310
318.165588,88.025703,127.102859,102.741478
319.034332,90.248192,124.610649,100.726936
318.513336,91.854439,122.167297,98.751900
317.487915,92.577019,122.167297,98.751900
316.601593,94.227669,122.167297,98.751900
316.167694,94.774483,122.167297,98.751900
315.644257,95.513145,122.167297,98.751900
315.997223,97.958412,122.167297,98.751900
315.867371,99.619133,122.167297,98.751900
316.644409,102.152489,122.167297,98.751900
317.041382,103.655647,122.167297,98.751900
316.024902,104.048424,124.610649,100.726936
316.654419,104.698830,124.610649,100.726936
317.089752,102.975304,124.610649,100.726936
