1.00
1.01
1.01
0.96
0.96
0.93
0.95
0.97
0.95
0.98
0.95
0.93
0.94
0.90
0.85
0.84
0.83
0.83
0.87
0.89
0.92
0.96
1.00
0.93
0.96
0.92
0.91
0.87
0.87
0.87
0.87
0.90
0.89
0.88
0.89
0.88
0.88
0.88
0.86
0.88
0.86
0.92
0.91
0.94
0.92
0.93
0.95
0.94
0.93
0.92
0.92
0.93
0.94
0.93
0.94
0.93
0.94
0.92
0.91
0.93
0.92
0.92
0.91
0.94
0.94
0.92
0.96
0.92
0.92
0.92
0.94
0.95
0.93
0.93
0.90
0.89
0.89
0.92
0.91
0.89
0.91
0.94
0.93
0.93
0.91
0.95
0.94
0.95
0.95
0.94
0.93
0.92
0.92
0.95
0.95
0.94
0.90
0.92
0.95
0.92
0.97
0.99
0.97
0.99
0.95
1.00
0.98
0.98
0.99
0.98
1.00
0.97
1.00
0.96
0.98
0.98
1.04
1.04
1.03
0.99
1.02
1.01
0.95
0.91
0.91
0.91
0.91
0.93
0.95
0.94
0.99
0.97
0.93
0.99
0.99
0.99
1.02
1.00
0.95
0.97
0.99
1.03
1.02
1.01
1.00
1.02
1.04
1.02
1.03
1.04
1.04
1.01
1.02
1.00
1.00
1.00
1.02
1.03
1.03
1.01
1.02
1.04
1.06
1.06
1.03
1.05
1.06
1.07
1.08
1.06
1.06
1.07
1.06
1.04
1.03
1.02
1.00
0.98
0.98
0.95
0.98
0.99
0.99
0.98
0.97
0.94
0.97
0.94
0.94
0.98
0.97
0.98
0.98
0.98
0.95
0.97
0.98
0.97
0.96
0.98
0.96
1.00
1.00
0.98
1.01
0.99
0.99
1.02
0.99
1.00
1.00
1.03
1.00
0.99
0.99
1.01
1.02
1.02
1.03
1.05
1.06
1.06
1.08
1.10
1.05
1.08
1.05
1.06
1.04
1.05
1.03
1.04
1.01
1.03
1.01
1.00
0.99
1.01
0.99
1.01
1.00
1.00
0.98
0.99
0.97
0.98
0.98
0.97
0.91
0.96
0.88
0.92
0.92
0.95
0.89
0.85
0.81
0.81
0.83
0.81
0.76
0.76
0.80
0.84
0.80
0.78
0.72
0.73
0.79
0.78
0.81
0.85
0.83
0.82
0.87
0.86
0.89
0.90
0.90
0.88
0.87
0.94
0.94
0.93
0.89
0.95
0.92
0.90
0.91
0.91
0.91
0.89
0.90
0.87
0.89
0.91
0.88
0.94
0.91
0.92
0.93
1.03
1.05
1.07
1.09
1.08
1.06
1.06
1.05
1.06
1.05
1.05
1.06
1.06
1.05
1.04
1.04
1.06
1.05
1.04
1.03
1.02
0.98
0.99
0.99
0.96
0.94
0.93
0.93
0.96
0.95
0.93
0.94
0.91
0.94
0.90
0.90
0.89
0.90
0.91
0.90
0.94
0.89
0.93
0.91
0.91
0.89
0.90
0.91
0.90
0.91
0.89
0.89
0.89
0.85
0.85
0.85
0.86
0.86
0.84
0.87
0.97
0.91
0.92
0.86
0.92
0.92
0.98
1.00
0.96
0.98
1.00
1.00
1.04
1.04
1.04
1.03
1.06
1.11
1.09
1.09
1.13
1.13
1.15
1.16
1.19
1.20
1.22
1.22
1.22
1.21
1.22
1.21
1.22
1.21
1.21
1.21
1.24
1.23
1.19
1.20
1.15
1.13
1.10
1.16
1.13
1.16
1.15
1.14
1.18
1.16
1.22
1.20
1.22
1.19
1.21
1.23
1.26
1.23
1.26
1.21
1.19
1.20
1.21
1.18
1.18
1.19
1.16
1.16
1.17
1.17
1.15
1.14
1.11
1.10
1.10
1.12
1.12
1.09
1.09
1.06
1.01
1.04
1.03
1.00
1.04
0.98
1.02
1.01
0.97
0.92
0.92
0.96
0.94
0.95
0.94
0.96
0.96
0.96
0.96
0.97
0.99
0.99
1.00
0.97
0.95
0.96
1.00
0.97
0.97
0.98
0.96
0.99
1.02
1.03
1.04
1.02
1.06
1.05
1.08
1.09
1.18
1.13
1.12
1.14
1.12
1.15
1.12
1.11
1.10
1.10
1.12
1.09
1.11
1.09
1.06
1.06
1.07
1.07
1.05
1.04
1.03
1.04
1.02
1.04
1.01
1.00
0.98
0.98
1.01
0.99
0.99
0.98
1.02
1.01
1.00
1.03
1.01
1.02
1.01
1.00
1.04
1.05
1.04
1.01
0.99
1.01
1.00
1.02
1.00
1.01
1.05
1.02
1.02
1.00
1.03
1.05
1.04
1.06
1.04
1.05
1.06
1.04
1.06
1.05
1.06
1.09
1.09
1.07
1.08
1.06
1.08
1.06
1.06
1.06
1.08
1.10
1.11
1.12
1.07
1.10
1.09
1.10
1.08
1.09
1.10
1.11
1.10
1.12
1.11
1.12
1.11
1.12
1.11
1.09
1.09
1.09
1.07
1.11
1.10
1.07
1.07
1.06
1.10
1.08
1.08
1.08
1.06
1.05
1.05
1.05
1.02
1.05
1.01
1.04
1.02
1.03
1.03
1.03
1.05
1.01
1.04
1.03
1.02
1.04
1.04
1.05
1.06
1.05
1.05
1.04
1.05
1.04
1.01
1.01
1.01
0.99
1.00
0.99
1.00
0.99
1.03
1.00
0.99
1.01
1.00
0.99
0.99
0.98
0.96
0.97
0.95
0.96
0.98
0.96
0.99
0.95
0.98
0.97
0.97
0.99
1.03
1.01
1.03
1.00
1.04
1.02
1.03
1.02
1.00
0.99
1.00
1.03
1.04
0.97
1.03
1.03
1.01
0.99
0.95
0.99
1.00
0.97
0.97
0.96
0.98
0.95
0.96
0.96
0.93
0.93
0.94
0.93
0.95
0.96
0.93
0.99
0.92
0.98
0.92
0.98
0.94
0.99
1.01
0.98
1.02
1.02
1.00
1.04
1.00
1.02
1.02
1.01
0.99
0.99
1.03
1.03
1.02
1.05
1.02
1.04
1.04
1.04
1.01
1.04
1.04
1.06
1.02
1.03
1.02
0.99
0.96
0.95
0.96
0.98
0.98
0.99
0.99
1.03
0.98
1.04
1.01
1.01
0.98
0.99
0.99
0.96
0.96
0.97
0.96
0.95
0.94
0.98
0.97
0.95
0.96
0.97
0.95
0.98
0.95
0.95
0.96
0.97
0.94
0.97
0.97
0.97
1.00
0.97
1.00
0.96
0.95
0.96
0.96
0.95
0.98
0.96
0.95
0.96
0.95
0.98
0.96
1.03
0.98
0.97
0.99
0.99
0.99
0.98
0.98
0.99
1.00
0.95
0.98
0.94
0.88
0.93
0.88
0.90
0.92
0.92
0.94
0.92
0.91
0.92
0.95
0.90
0.94
0.91
0.92
0.91
0.89
0.85
0.84
0.84
0.81
0.79
0.78
0.78
0.75
0.72
0.81
0.74
0.74
0.70
0.70
0.67
0.66
0.67
0.61
0.58
0.54
0.50
0.55
0.49
0.46
0.44
0.48
0.41
0.41
0.38
0.52
0.49
0.48
0.51
0.49
0.53
0.55
0.53
0.55
0.53
0.52
0.51
0.52
0.48
0.52
0.50
0.50
0.45
0.44
0.44
0.57
0.53
0.52
0.51
0.54
0.52
0.54
0.57
0.61
0.67
0.63
0.64
0.59
0.58
0.62
0.60
0.65
0.65
0.63
0.60
0.78
0.80
0.76
0.68
0.77
0.66
0.71
0.66
0.66
0.75
0.68
0.69
0.65
0.67
0.65
0.65
0.71
0.66
0.71
0.71
0.78
0.83
0.78
0.83
0.81
0.78
0.81
0.88
0.90
0.90
0.90
0.88
0.85
0.84
0.88
0.86
0.88
0.86
0.86
0.83
0.87
0.86
0.84
0.85
0.85
0.84
0.84
0.87
0.81
0.82
0.77
0.81
0.82
0.85
0.92
0.93
0.86
0.84
0.85
0.88
0.86
0.84
0.87
0.91
0.87
0.91
0.88
0.69
0.75
0.68
0.72
0.89
0.68
0.75
0.68
0.69
0.76
0.79
0.78
0.73
0.83
0.76
0.89
0.91
0.72
0.81
0.75
0.64
0.64
0.58
0.54
0.50
0.53
0.48
0.47
0.38
0.32
0.21
0.12
0.12
0.11
0.19
0.18
0.28
0.29
0.35
0.44
0.49
0.49
0.50
0.43
0.35
0.26
0.25
0.26
0.25
0.28
0.14
0.04
0.10
0.41
0.55
0.73
0.72
0.74
0.65
0.63
0.65
0.60
0.74
0.67
0.63
0.67
0.81
0.87
0.85
0.81
0.85
0.76
0.72
0.84
0.82
1.00
0.92
0.91
0.96
1.04
0.94
0.91
0.87
0.86
0.89
0.94
0.94
0.90
1.03
1.13
1.05
0.98
0.97
0.98
0.97
0.91
0.94
0.99
1.02
1.01
1.03
0.90
0.84
0.85
0.90
0.85
0.85
0.89
0.95
1.00
0.97
0.93
0.89
0.88
0.84
0.87
0.79
0.82
0.91
0.92
0.96
0.95
0.90
0.84
0.82
0.74
0.66
0.81
0.76
0.85
0.83
0.79
0.66
0.54
0.60
0.66
0.64
