-100
0.67078
0.72933
0.74032
0.73604
0.73566
0.65716
0.6356
0.62087
0.64393
0.69053
0.71991
0.68214
0.63805
0.68145
0.67694
0.6651
0.61832
0.62433
0.60479
0.54678
0.51515
0.46435
0.43237
0.37765
0.3435
0.32617
0.34546
0.33419
0.34737
0.34681
0.33926
0.36524
0.36253
0.35604
0.35345
0.3701
0.371
0.37204
0.37689
0.37934
0.33378
0.32822
0.37747
0.34716
0.37356
0.38143
0.37926
0.37546
0.38125
0.39968
0.42222
0.41757
0.4124
0.44366
0.48458
0.50187
0.53167
0.55023
0.54643
0.54972
0.53851
0.51033
0.44537
0.49078
0.40037
0.48217
0.49882
0.46963
0.39331
0.4182
0.40411
0.37704
0.38157
0.37194
0.35131
0.34828
0.3523
0.34194
0.34501
0.34151
0.37033
0.37652
0.411
0.42767
0.41977
0.41327
0.37488
0.36455
0.3823
0.38538
0.39796
0.40675
0.3941
0.36726
0.36885
0.38923
0.40915
0.40452
0.43632
0.40141
0.44873
0.45471
0.4635
0.45151
0.4836
0.42713
0.4392
0.4479
0.42722
0.43304
0.41943
0.41007
0.40899
0.39311
0.39323
0.38943
0.36751
0.35333
0.32679
0.29811
0.27668
0.25731
0.23893
0.25262
0.26722
0.26294
0.28008
0.29652
0.30499
0.3048
0.32371
0.32275
0.30444
0.30161
0.30915
0.33433
0.31603
0.32253
0.31934
0.31635
0.32776
0.32931
0.33364
0.33845
0.34401
0.32452
0.31465
0.33568
0.34963
0.36545
0.33277
0.32583
0.33262
0.33587
0.30804
0.31326
0.29751
0.29792
0.28137
0.27775
0.28149
0.25
0.27328
0.26448
0.28778
0.28826
0.3083
0.31016
0.2935
0.26674
0.28748
0.28394
0.2815
0.26793
0.249
0.27585
0.28411
0.28005
0.28348
0.2824
0.30817
0.30512
0.30199
0.32029
0.30042
0.29997
0.30121
0.30559
0.31607
0.30283
0.34201
0.30521
0.34696
0.35721
0.36358
0.35665
0.32902
0.33242
0.30764
0.28792
0.25242
0.256
0.25798
0.27179
0.24861
0.24592
0.21571
0.20088
0.19793
0.21108
0.19454
0.19133
0.19808
0.19865
0.19406
0.1791
0.18535
0.16354
0.15088
0.1401
0.1377
0.1439
0.14406
0.14825
0.14649
0.15262
0.15356
0.1538
0.15485
0.1598
0.1659
0.16707
0.16725
0.16336
0.16178
0.16074
0.15588
0.16759
0.17247
0.17286
0.1701
0.1737
0.17786
0.16488
0.17735
0.18934
0.19879
0.2096
0.23027
0.25047
0.25495
0.24189
0.23905
0.20888
0.17828
0.22842
0.21485
0.20424
0.17295
0.18063
0.19218
0.19948
0.20328
0.21651
0.21537
0.22703
0.23586
0.23613
0.25373
0.25441
0.25902
0.2729
0.26865
0.28012
0.28651
0.28163
0.28934
0.3024
0.312
0.31144
0.31915
0.32132
0.33069
0.33555
0.33988
0.34128
0.3403
0.34197
0.34616
0.33304
0.32609
0.32029
0.31662
0.32378
0.31214
0.2896
0.29008
0.2712
0.26526
0.27632
0.2739
0.26777
0.27311
0.27169
0.28006
0.27422
0.29971
0.28369
0.30457
0.28671
0.31887
0.31941
0.32284
0.34929
0.35979
0.36274
0.3607
0.3275
0.31053
0.2795
0.23488
0.22599
0.25018
0.26145
0.2703
0.28502
0.30259
0.3259
0.34808
0.31463
0.27234
0.2616
0.22839
0.22354
0.2259
0.20912
0.20795
0.22927
0.25021
0.25496
0.27093
0.30403
0.30778
0.31998
0.32564
0.33974
0.34878
0.34608
0.32521
0.30434
0.3129
0.31524
0.31066
0.29975
0.30147
0.27469
0.27049
0.2535
0.24564
0.23359
0.21583
0.2104
0.19869
0.18639
0.18191
0.19026
0.19042
0.19314
0.19732
0.20092
0.20099
0.20761
0.21151
0.21099
0.21744
0.22419
0.23206
0.22805
0.23412
0.24504
0.25077
0.25402
0.25734
0.27222
0.28974
0.2763
0.29781
0.30952
0.28239
0.25646
0.24969
0.26591
0.29917
0.31977
0.30152
0.32733
0.32154
0.33217
0.33481
0.34003
0.32372
0.31948
0.33113
0.34297
0.36014
0.34853
0.3616
0.36069
0.35156
0.35574
0.32927
0.33034
0.32561
0.29147
0.2914
0.27262
0.29944
0.28264
0.30168
0.29068
0.30361
0.31286
0.30994
0.3045
0.30977
0.30752
0.31166
0.31484
0.31967
0.32445
0.32708
0.3213
0.32653
0.33067
0.33504
0.32773
0.33069
0.31951
0.31528
0.30987
0.30224
0.29376
0.2932
0.28564
0.28732
0.27785
0.25847
0.30134
0.34878
0.3933
0.40516
0.38403
0.40044
0.37942
0.40292
0.40079
0.40137
0.38152
0.35676
0.37214
0.37049
0.33929
0.34901
0.35693
0.3442
0.33745
0.33693
0.34267
0.33468
0.31502
0.30958
0.30834
0.3184
0.32736
0.32628
0.33275
0.31823
0.3348
0.32456
0.33854
0.33577
0.32808
0.34262
0.33526
0.3221
0.34212
0.32488
0.34239
0.33227
0.35495
0.364
0.36978
0.36414
0.37431
0.36112
0.36336
0.36993
0.3451
0.35284
0.3538
0.35191
0.35657
0.36459
0.37521
0.37695
0.36603
0.36878
0.38958
0.39344
0.39008
0.41929
0.44067
0.43217
0.43157
0.44973
0.44934
0.42312
0.47198
0.47687
0.4968
0.49185
0.49335
0.48406
0.48203
0.46246
0.48842
0.50046
0.50094
0.50455
0.50711
0.51378
0.49692
0.50603
0.51413
0.5059
0.50738
0.50547
0.51081
0.51181
0.49705
0.50204
0.49324
0.4883
0.48674
0.45779
0.4706
0.49093
0.49604
0.52142
0.52203
0.52061
0.53367
0.55306
0.55335
0.55672
0.56998
0.55344
0.57231
0.57702
0.58616
0.58474
0.58935
0.59387
0.60109
0.60723
0.61444
0.6093
0.61063
0.59903
0.6047
0.606
0.61533
0.62187
0.62394
0.62991
0.63507
0.63653
0.63276
0.64376
0.64209
0.64672
0.65263
0.65183
0.65418
0.65851
0.64686
0.65735
0.63212
0.66364
0.66342
0.66361
0.67214
0.67056
0.67898
0.67051
0.67768
0.67181
0.6733
0.68094
0.67665
0.67236
0.68515
0.69556
0.68198
0.69056
0.65538
0.66607
0.66993
0.6443
0.67967
0.65964
0.55124
0.42655
0.32223
0.29115
0.2522
0.32248
0.44343
0.5236
0.57315
0.62816
0.66208
0.63657
0.65011
0.67282
0.67276
0.67772
0.68162
0.67438
0.6864
0.67955
0.67844
0.67321
0.67927
0.66964
0.6636
0.66615
0.66465
0.63063
0.66747
0.67984
0.66917
0.66173
0.67993
0.67769
0.68052
0.69592
0.69187
0.69083
0.68623
0.68759
0.67775
0.65995
0.66006
0.66536
0.66649
0.67001
0.67681
0.67886
0.67889
0.67622
0.67214
0.67437
0.67885
0.68749
0.68028
0.68232
0.67799
0.69163
0.70596
0.69262
0.69954
0.70084
0.70197
0.7015
0.71062
0.71517
0.70446
0.71504
0.71229
0.71451
0.70888
0.70221
0.6935
0.67734
0.67517
0.66639
0.66924
0.67801
0.6693
0.67916
0.68249
0.68662
0.70766
0.71104
0.722
0.72816
0.71733
0.72216
0.7256
0.72938
0.74141
0.72099
0.72221
0.73803
0.70121
0.71817
0.69497
0.63693
0.54053
0.42507
0.40181
0.29296
0.15572
0.1669
0.1623
0.12384
0.086972
0.07848
0.14333
0.27724
0.52592
0.52631
0.54094
0.54088
0.56589
0.56398
0.5758
0.52893
0.51792
0.5191
0.44665
0.44486
0.46235
0.43007
0.41028
0.39829
0.40673
0.40266
0.39087
0.38712
0.39124
0.37625
0.36975
0.32983
0.3119
0.31924
0.31253
0.31423
0.3208
0.31982
0.33503
0.33267
0.33861
0.20573
0.13961
0.14636
0.13314
0.11867
0.15932
0.16756
0.16258
0.15272
0.1493
0.14681
0.16508
0.15297
0.15563
0.14478
0.13232
0.12701
0.13102
0.14199
0.14769
0.15826
0.14999
0.15725
0.16116
0.15937
0.1606
0.15571
0.16033
0.15419
0.16787
0.16257
0.1751
0.16282
0.14834
0.16575
0.158
0.16433
0.17051
0.16106
0.16975
0.16307
0.16896
0.16026
0.16006
0.16488
0.16482
0.17127
0.15788
0.16865
0.17816
0.18317
0.19949
0.20268
0.18595
0.18648
0.1798
0.15068
0.13024
0.12854
0.12889
0.20118
0.1918
0.17774
0.19793
0.20265
0.21376
0.213
0.217
0.22315
0.21872
0.20603
0.19435
0.19774
0.19398
0.20707
0.2025
0.21418
0.21148
0.20839
0.20182
0.20509
0.20469
0.20263
0.19571
0.1974
0.19085
0.19506
0.18627
0.1736
0.16003
0.17168
0.17083
0.18469
0.17928
0.16823
0.17572
0.17185
0.17816
0.17406
0.16119
0.13416
0.11986
0.10337
0.094009
0.093803
0.078179
0.072304
0.095841
0.13169
0.1464
0.15151
0.15572
0.15596
0.14902
0.14402
0.13321
0.11759
0.099138
0.084504
0.070726
0.069302
0.066603
0.067626
0.10722
0.11846
0.11686
0.12254
0.13079
0.12788
0.13788
0.13962
0.14843
0.15441
0.15357
0.15521
0.15049
0.13796
0.12028
0.11989
0.12186
0.14274
0.14629
0.14713
0.14937
0.15192
0.14867
0.15605
0.15623
0.1605
0.15515
0.15371
0.16345
0.16139
0.15914
0.16676
0.16885
0.17057
0.17251
0.17723
0.1819
0.1887
0.18942
0.19363
0.19898
0.20583
0.20352
0.21266
0.219
0.21706
0.22232
0.22451
0.22767
0.22211
0.23726
0.23425
0.23035
0.24011
0.24666
0.24852
