1
1.0031
1.0543
1.0864
1.1419
1.1611
1.1455
1.1468
1.1503
1.152
1.1522
1.152
1.1527
1.1523
1.1541
1.1541
1.1518
1.1821
1.1817
1.1518
1.1533
1.153
1.1572
1.1547
1.1559
1.1533
1.1544
1.1531
1.1525
1.1828
1.154
1.1523
1.2332
1.2047
1.1899
1.182
1.1564
1.1631
1.1669
1.1672
1.1683
1.1684
1.1693
1.1423
1.1682
1.1679
1.1702
1.1416
1.1692
1.143
1.1692
1.1441
1.1424
1.1695
1.1708
1.1706
1.1714
1.1446
1.1698
1.1706
1.1706
1.1707
1.1727
1.1752
1.1474
1.1748
1.1739
1.1728
1.1713
1.1743
1.1757
1.1479
1.1775
1.1802
1.1819
1.1596
1.1916
1.1958
1.199
1.1715
1.2065
1.322
1.2772
1.2584
1.2244
1.2351
1.2481
1.262
1.2832
1.3272
1.2986
1.3015
1.2774
1.459
1.4672
1.2871
1.4115
1.5477
1.5525
1.4684
1.4666
1.6275
1.6626
1.6053
1.7959
1.8368
1.89
1.4052
1.3543
1.3634
1.4039
1.4382
1.452
1.4382
1.482
1.483
1.4296
1.5066
1.5429
1.4983
1.46
1.4839
1.5226
1.563
1.5659
1.63
1.6606
1.6286
1.5798
1.5986
1.5133
1.5279
1.6119
1.576
1.5834
1.5485
1.5593
1.6264
1.6459
1.578
1.5685
1.5563
1.5071
1.6766
1.7467
1.7847
1.8535
1.9005
1.916
2.0188
2.023
1.8667
1.8226
1.8111
1.9663
2.0123
1.9712
2.0261
1.8255
1.8153
1.8889
1.862
1.852
1.8563
1.8595
1.8682
1.8643
1.8792
1.89
1.889
1.9081
1.9584
1.9125
1.9302
1.9804
1.9935
1.9964
2.0482
2.0408
2.0089
1.9573
1.939
2.0104
1.9715
1.9852
1.7973
1.8082
1.9037
1.9988
1.9915
1.9938
1.9854
1.9767
1.9696
1.9382
1.9129
1.9059
1.8343
1.7794
1.7148
1.6895
1.6832
1.6809
1.6782
1.6753
1.6746
1.6756
1.6858
1.6895
1.703
1.7079
1.7273
1.7361
1.7456
1.777
1.777
1.8037
1.8542
1.8752
1.8956
1.936
1.9494
1.937
1.9121
1.897
1.894
1.8815
1.8739
1.8658
1.86
1.8507
1.8366
1.836
1.8218
1.815
1.8137
1.8504
1.9402
2.0127
2.0797
2.1713
2.2357
2.3404
2.3944
2.4574
2.548
2.6055
2.6608
2.7508
2.7701
2.8579
2.8935
2.9241
2.9781
2.9594
3.0148
3.0505
3.0615
3.1343
3.1709
3.2039
3.2132
3.2268
3.2564
3.3242
3.3618
3.3947
3.4325
3.4449
3.4791
3.5099
3.5262
3.5494
3.5457
3.5547
3.6014
3.5888
3.5929
3.6082
3.5848
3.5839
3.5821
3.5781
3.5689
3.5556
3.5533
3.5589
3.5461
3.5391
3.528
3.5263
3.5183
3.5098
3.5001
3.4983
3.4761
3.3975
3.3796
3.3541
3.3278
3.2968
3.2397
3.206
3.1702
3.0807
3.0508
2.9972
2.9235
2.8733
2.7851
2.7343
2.6825
2.5836
2.5537
2.5141
2.4636
2.4083
2.3901
2.3444
2.3279
2.2692
2.2417
2.2405
2.1937
2.1781
2.1662
2.1177
2.1046
2.0465
2.0316
2.0058
1.983
1.9501
1.9062
1.8751
1.8197
1.8136
1.7916
1.788
1.7874
1.7874
1.7867
1.7873
1.7859
1.7846
1.7802
1.7803
1.7818
1.7816
1.781
1.782
1.7843
1.7747
1.7595
1.7509
1.7384
1.7196
1.7076
1.6912
1.683
1.6703
1.6586
1.6565
1.6586
1.6359
1.6104
1.5937
1.5741
1.5694
1.5687
1.6332
1.6437
1.7291
1.7244
1.6999
1.7076
1.628
1.6262
1.5597
1.5277
1.5273
1.4715
1.4327
1.4061
1.3808
1.368
1.3281
1.3242
1.2985
1.282
1.285
1.2994
1.2565
1.2898
1.306
1.3067
1.2591
1.2804
1.2929
1.2925
1.3207
1.3547
1.3194
1.3228
1.3188
1.326
1.2844
1.2875
1.2767
1.368
1.442
1.5392
1.4941
1.5237
1.2324
1.1732
1.2632
1.295
1.3175
1.1856
1.1451
1.2571
1.2646
1.3032
1.3442
1.1245
1.1361
1.1775
1.1702
1.221
1.2895
1.3176
1.3004
1.345
1.3651
1.368
1.3728
1.3443
1.3206
1.3184
1.3294
1.3476
1.379
1.3911
1.3928
1.4373
1.4239
1.4318
1.4183
1.4208
1.4323
1.3852
1.3979
1.4056
1.3812
1.3848
1.3886
1.3747
1.3786
1.382
1.3859
1.3814
1.402
1.3891
1.3918
1.3995
1.3995
1.393
1.3941
1.3925
1.3824
1.3773
1.373
1.3769
1.3678
1.3489
1.2996
1.3013
1.3067
1.3162
1.2912
1.2953
1.3263
1.3418
1.326
1.3341
1.31
1.3153
1.3176
1.2866
1.2959
1.2891
1.2902
1.261
1.2578
1.2678
1.3034
1.3415
1.3569
1.3447
1.3776
1.4965
1.5389
1.3969
1.4103
1.3507
1.3877
1.4658
1.4238
1.4347
1.3739
1.2944
1.3496
1.3373
1.4119
1.432
1.3874
1.4548
1.4116
1.3884
1.4373
1.4413
1.4364
1.4993
1.4361
1.4217
1.4129
1.4149
1.3942
1.4087
1.3931
1.3646
1.3955
1.416
1.4544
1.4945
1.504
1.4964
1.4928
1.6024
1.7072
1.6554
1.652
1.6723
1.7965
1.8098
1.899
1.9058
1.9192
1.8347
1.8111
1.7257
1.5981
1.69
1.6556
1.6969
1.6853
1.6919
1.7134
1.8024
1.8013
1.8328
1.863
1.959
1.9672
1.9505
1.9742
1.9427
1.9839
1.998
2.0116
2.0125
2.0087
2.0068
1.6848
1.7972
1.7402
1.7451
1.7088
1.6753
1.7296
1.7706
1.8197
1.8119
1.8734
1.9642
1.8714
1.8841
1.8487
1.8451
1.8861
1.5139
1.5896
1.5973
1.5467
1.5873
1.5612
1.5657
1.5873
1.6688
1.7111
1.7059
1.7075
1.7491
1.6933
1.6561
1.6385
1.6078
1.6114
1.5547
1.6569
1.6429
1.6523
1.5706
1.5206
1.5298
1.5332
1.5746
1.5435
1.5948
1.5701
1.5703
1.5713
1.6474
1.6076
1.5994
1.65
1.6701
1.7244
1.6938
1.6621
1.1266
1.116
1.1506
1.1684
1.1791
1.2033
1.1941
1.2309
1.2641
1.3076
1.3607
1.3405
1.3327
1.3748
1.3565
1.3745
1.4092
1.4626
1.555
1.5435
1.5377
1.5101
1.4874
1.5211
1.4748
1.6171
1.5678
1.5536
1.5462
1.6383
1.6402
1.7154
1.6947
1.6714
1.648
1.6785
1.6612
1.6535
1.6556
1.6424
1.6346
1.6764
1.6299
1.7309
1.8256
1.9291
1.995
2.0025
2.0345
2.0143
1.9093
1.825
1.8016
1.9615
1.9851
1.9459
1.9966
1.9971
2.0244
1.9531
1.9591
1.9284
1.9648
1.9579
1.9968
1.9817
1.9926
2.0005
2.116
2.1182
2.0274
1.9482
1.8597
1.8315
1.8539
1.8902
1.8946
1.8684
1.9837
1.9457
1.9293
1.9555
2.0678
2.0254
1.9759
1.9942
2.0018
2.0566
2.1409
2.167
2.1711
2.1445
2.1099
2.0603
1.8826
1.7838
1.8758
1.7454
1.7959
1.7965
2.0893
2.1467
2.0503
2.0101
1.9569
1.9813
1.9014
1.9632
1.9241
1.914
1.8848
1.9337
2.0432
2.0896
2.087
2.6969
2.5772
2.5809
2.6583
2.5583
2.3674
2.4065
2.4146
2.525
2.577
2.6362
2.6849
2.7154
2.7384
2.7235
2.1974
2.2205
2.2608
2.2831
2.3337
2.3785
2.365
2.3047
2.155
2.0338
2.032
2.0238
2.0145
1.9703
2.0649
2.3601
2.62
1.5139
1.482
1.506
1.4174
1.4486
1.6543
1.8864
2.0366
1.8896
1.8778
1.8828
2.099
2.2278
2.2943
2.4064
1.4891
1.4284
1.4261
1.0598
1.3528
1.7287
2.0428
1.2888
1.573
1.8201
1.179
1.3967
1.8278
1.2173
1.3222
1.4128
1.4652
1.0145
1.0433
1.086
1.1198
1.2076
1.3795
1.3349
1.1601
1.0921
1.0994
1.1836
1.2488
1.3985
1.55
1.7215
1.1707
1.497
1.3584
1.3898
1.5195
1.5113
1.5349
1.5469
1.5582
1.5774
1.5861
1.592
1.5943
1.606
1.6122
1.6201
1.6289
1.6323
1.6393
1.6465
1.656
1.659
1.6612
1.6643
1.6635
1.6563
1.6536
1.6431
1.6404
1.6333
1.6184
1.5992
1.5778
1.5664
1.564
1.5648
1.5618
1.5599
1.5547
1.5509
1.5438
1.5389
1.5349
1.5336
1.6951
1.6664
1.6634
1.5472
1.5435
1.658
1.6545
1.6123
1.6233
1.6268
1.6313
1.6405
1.6544
1.6833
1.6939
1.7057
1.7125
1.7199
1.7274
1.7378
1.7416
1.7409
1.7338
1.7281
1.7251
1.7186
1.7124
1.7082
1.7055
1.7025
1.7026
1.7055
1.7085
1.707
1.707
1.7046
1.6962
1.6945
1.6856
1.6835
1.8106
1.8606
2.0398
2.2319
2.281
2.2481
2.2053
2.2063
2.2232
2.163
2.155
2.124
2.1694
2.1147
2.1869
2.2867
2.4342
2.505
2.624
2.5776
2.5154
2.53
2.6123
2.7133
2.6878
2.4402
2.2684
2.1617
2.0255
2.0833
1.8818
1.7755
1.7936
1.8101
2.0065
2.1149
2.0321
1.9797
2.0155
1.9576
1.8819
1.8983
1.9158
1.9223
1.964
1.9635
1.9578
1.9534
1.9479
1.952
1.8205
1.7969
1.8656
1.8616
1.8448
1.8731
2.0298
2.1236
2.2262
2.4716
2.2137
2.2547
2.5201
2.3575
2.034
1.8116
1.8068
1.8182
1.7216
1.7632
1.7311
1.7252
1.7715
1.8634
1.8844
1.8864
1.9481
2.0437
2.2674
2.5849
2.6179
2.7343
2.6789
2.4998
2.3355
2.2425
2.3064
2.3227
2.3135
2.3208
2.3321
2.2026
2.1082
2.1188
2.1284
2.1432
2.1446
2.0963
2.1337
2.1911
2.2042
2.0672
2.0625
2.0593
2.0452
2.056
2.0433
2.0541
1.991
1.9213
2.0104
2.2414
2.2477
2.2606
2.2828
2.2846
2.2964
2.3148
2.322
2.3314
2.3352
2.342
2.3378
2.3375
2.3273
2.3247
2.3245
2.2796
2.2336
2.2309
2.2202
2.0679
2.0423
2.0148
1.8194
1.7893
1.8748
1.7816
1.7745
1.7646
1.7259
1.7125
1.7001
1.7161
1.7031
1.6895
1.6797
1.666
1.6623
1.6611
1.6636
1.6274
1.6263
1.6249
1.6405
1.6306
1.6288
1.6267
1.6422
1.6461
1.6475
1.6509
1.6549
1.6657
1.6761
1.6875
1.6958
1.7032
1.7079
1.7144
1.7166
1.7188
1.7199
1.7141
1.7031
1.6933
1.6886
1.6792
1.6793
1.6815
1.6817
1.668
1.6592
1.6519
1.6829
1.6498
1.6258
1.6051
1.583
1.5565
1.5382
1.5342
1.5451
1.5535
1.5555
1.5585
1.5566
1.5474
1.5362
1.5332
1.5687
1.5638
1.5697
1.5846
1.5927
1.5815
1.6022
1.5891
1.6073
1.618
1.6201
1.547
1.5819
1.4294
1.5066
1.604
1.6924
1.8073
1.8376
1.9747
2.0661
2.0617
2.0728
2.116
2.1379
2.2159
2.2164
2.1084
2.104
2.0362
2.0129
2.0375
2.0103
2.0062
2.0023
2.0087
2.0241
2.0265
1.519
1.495
1.4917
1.4996
1.5161
1.535
1.5428
1.5475
1.5624
1.5613
1.5569
1.5527
1.5678
1.5744
1.5792
1.56
1.5471
1.5345
1.5275
1.527
1.5288
1.5265
1.5253
1.5282
1.5297
1.5318
1.5365
1.5457
1.5569
1.5684
1.5814
1.5912
1.6028
1.613
1.6236
1.6322
1.645
1.6457
1.6488
1.6503
1.6542
1.6601
1.6591
1.6575
1.6576
1.6597
1.6655
1.6689
1.6683
1.6659
1.6674
1.6558
1.6454
1.6366
1.6275
1.62
1.6046
1.5891
1.5671
1.5474
1.5396
1.53
1.5773
1.5781
1.5769
1.6058
1.6246
1.6243
1.6263
1.5198
1.4995
1.5038
1.5104
1.5045
1.4829
1.4451
1.447
1.4481
1.4492
1.4529
1.4499
1.4512
1.4521
1.447
1.4267
1.4222
1.4288
1.4236
1.4486
1.4696
1.4526
1.4952
1.5241
1.4889
1.4938
1.4975
1.4728
1.2302
1.2484
1.3344
1.175
1.1883
1.1685
1.1693
1.1586
1.3081
1.2767
1.2416
1.2438
1.2475
1.2599
1.2333
1.2373
1.2373
1.2725
1.2923
1.316
1.3
1.3286
1.3564
1.3899
1.407
1.4398
1.4958
1.5424
1.5669
1.5826
1.5953
1.6269
1.6004
1.6133
1.2462
1.2492
1.2071
1.2005
1.2982
1.2882
1.3594
1.6025
1.4158
1.5202
1.5894
1.6071
1.6197
1.6358
1.6403
1.6447
1.6467
1.6696
1.6791
1.6886
1.6989
1.6536
1.6508
1.6934
1.2573
1.2584
1.2888
1.2379
1.2051
1.2239
1.2379
1.2217
1.2304
1.2656
1.2465
1.2618
1.2911
1.2291
1.214
1.2067
1.196
1.2405
1.2848
1.3143
1.3039
1.3434
1.3664
1.3622
1.3504
1.357
1.388
1.4113
1.3737
1.4238
1.4516
1.483
1.449
1.419
1.4118
1.425
1.4149
1.4091
1.4079
1.4304
1.4468
1.4266
1.4492
1.4729
1.5053
1.551
1.5784
1.6566
1.7276
1.6988
1.6856
1.6203
1.5896
1.5803
1.5297
1.5249
1.5594
1.5566
1.5852
1.6516
1.6707
1.619
1.4917
1.2678
1.3441
1.3524
1.3575
1.3947
1.4046
1.4045
1.4348
