0.38387
0.18259
0.16142
0.16082
0.18541
0.1668
0.16967
0.184
0.16854
0.1687
0.16773
0.16896
0.16501
0.16763
0.17052
0.16452
0.16253
0.1687
0.17627
0.16881
0.17392
0.16954
0.184
0.1666
0.16997
0.16458
0.17281
0.17001
0.16976
0.17861
0.16923
0.19851
0.1837
0.17235
0.16947
0.17095
0.17298
0.17323
0.17865
0.17296
0.16707
0.17139
0.17364
0.17456
0.16848
0.16919
0.16872
0.17022
0.17291
0.16632
0.173
0.16934
0.16867
0.17621
0.16853
0.16802
0.17198
0.17239
0.17605
0.17059
0.17075
0.16706
0.17718
0.18395
0.17375
0.17254
0.1681
0.16637
0.17597
0.16567
0.17663
0.16684
0.17141
0.172
0.16503
0.17343
0.18865
0.17196
0.17482
0.16396
0.17162
0.16952
0.16948
0.16755
0.16464
0.16349
0.16943
0.1653
0.17291
0.16455
0.16785
0.16649
0.16508
0.17272
0.16553
0.1683
0.1686
0.16035
0.1698
0.16787
0.17268
0.16791
0.16429
0.16814
0.1789
0.16955
0.16793
0.16235
0.16937
0.16625
0.16307
0.16852
0.16758
0.16849
0.17015
0.16693
0.16587
0.17202
0.17641
0.17066
0.16447
0.16358
0.16596
0.16242
0.17772
0.16566
0.16884
0.17108
0.16832
0.16994
0.16539
0.17119
0.17037
0.16935
0.1767
0.16526
0.17232
0.1754
0.17276
0.17566
0.16666
0.17104
0.16801
0.1728
0.1668
0.17679
0.16735
0.1684
0.17227
0.16746
0.17112
0.16613
0.1662
0.1727
0.17116
0.1716
0.17038
0.17089
0.1766
0.16871
0.17109
0.17152
0.17011
0.17995
0.16823
0.16876
0.17009
0.17341
0.17553
0.17082
0.16857
0.16888
0.1698
0.17726
0.17109
0.17381
0.16853
0.16916
0.17564
0.16821
0.17058
0.17075
0.17064
0.17598
0.17289
0.17112
0.16934
0.17477
0.17337
0.1798
0.17595
0.17351
0.17233
0.16962
0.17152
0.17356
0.17378
0.16972
0.17336
0.16847
0.1715
0.16997
0.17822
0.17183
0.17231
0.17485
0.17324
0.19249
0.17104
0.17709
0.17294
0.17464
0.17627
0.19686
0.18455
0.18456
0.17996
0.18066
0.17267
0.1707
0.16823
0.17698
0.17635
0.18746
0.18081
0.182
0.17638
0.17395
0.17369
0.18233
0.18006
0.18055
0.1758
0.18061
0.17162
0.18497
0.17499
0.17112
0.17951
0.17563
0.17281
0.17864
0.17958
0.17976
0.17833
0.17375
0.16852
0.17497
0.17544
0.17994
0.17783
0.19363
0.19725
0.17767
0.17907
0.18482
0.17232
0.1723
0.17882
0.17646
0.18719
0.17002
0.17498
0.21785
0.17908
0.17921
0.16639
0.14128
0.14186
0.14251
0.14092
0.1412
0.14093
0.16324
0.14062
0.1486
0.14512
0.15164
0.1458
0.15157
0.14669
0.14581
0.14396
0.14355
0.1507
0.13961
0.14555
0.14842
0.14325
0.16443
0.1551
0.15247
0.14971
0.14696
0.14759
0.16136
0.14247
0.14509
0.14568
0.14454
0.14339
0.14994
0.14772
0.14607
0.14507
0.14474
0.15247
0.14448
0.14575
0.14999
0.1496
0.18237
0.15505
0.14766
0.14759
0.14431
0.15086
0.15661
0.16343
0.17337
0.16139
0.15909
0.16825
0.14539
0.15125
0.15312
0.14761
0.14997
0.15202
0.1474
0.1512
0.14523
0.16061
0.1527
0.14429
0.14941
0.16012
0.15063
0.16155
0.15341
0.17127
0.16084
0.15888
0.15813
0.16161
0.17724
0.17246
0.16267
0.15647
0.15578
0.16093
0.15407
0.15089
0.16325
0.14992
0.16101
0.15172
0.14927
0.14898
0.15452
0.15423
0.15559
0.15081
0.16257
0.16468
0.1668
0.18575
0.15285
0.15488
0.16948
0.15461
0.15738
0.14688
0.14768
0.1482
0.16064
0.17206
0.15561
0.14987
0.18372
0.15236
0.14795
0.15574
0.14973
0.15091
0.1504
0.14894
0.15129
0.15003
0.15302
0.15683
0.15472
0.15298
0.15275
0.15156
0.15038
0.17002
0.15407
0.16385
0.15489
0.17026
0.17592
0.14832
0.14753
0.15509
0.15425
0.15137
0.16549
0.14779
0.16987
0.15739
0.14163
0.15891
0.14556
0.15085
0.14641
0.15731
0.15793
0.14933
0.1381
0.15046
0.14505
0.15079
0.15686
0.15103
0.15047
0.14265
0.14325
0.15075
0.14347
0.14088
0.14586
0.16198
0.14666
0.14817
0.1422
0.14599
0.14773
0.13945
0.14867
0.14186
0.13706
0.14863
0.14662
0.13954
0.14658
0.14584
0.14046
0.1454
0.14597
0.15066
0.14506
0.14139
0.14374
0.13885
0.1402
0.15572
0.14837
0.14006
0.14552
0.14715
0.14319
0.14122
0.13769
0.13687
0.13877
0.1382
0.13743
0.13772
0.14824
0.15331
0.13992
0.16093
0.1563
0.14334
0.135
0.13792
0.13448
0.13794
0.14245
0.13928
0.1338
0.15917
0.14093
0.142
0.14662
0.1461
0.14296
0.13861
0.14198
0.14341
0.14377
0.15829
0.14426
0.14536
0.14069
0.1542
0.13857
0.14573
0.15426
0.13826
0.13904
0.1438
0.13745
0.14249
0.14839
0.15023
0.14351
0.14936
0.14655
0.14467
0.14408
0.13828
0.14213
0.14526
0.14492
0.14188
0.14089
0.14702
0.14065
0.14133
0.14423
0.14508
0.15035
0.14808
0.15764
0.14624
0.14307
0.143
0.14639
0.14909
0.15415
0.14743
0.15638
0.15265
0.15444
0.15206
0.13831
0.16102
0.1415
0.14473
0.14728
0.14942
0.16138
0.15249
0.14384
0.14178
0.14339
0.16023
0.1508
0.14677
0.15151
0.14296
0.14967
0.14804
0.14705
0.14328
0.14452
0.14697
0.14586
0.14628
0.14654
0.15141
0.14107
0.14023
0.1535
0.1479
0.15089
0.15007
0.14915
0.14895
0.14854
0.15036
0.14938
0.14168
0.16241
0.15179
0.14242
0.15108
0.152
0.14325
0.15141
0.15282
0.16747
0.14777
0.15449
0.15139
0.15777
0.15001
0.15444
0.15718
0.15627
0.15593
0.15456
0.14612
0.14953
0.15425
0.15261
0.15365
0.15995
0.14749
0.14676
0.1572
0.14972
0.14972
0.14463
0.14651
0.15461
0.14716
0.1546
0.14319
0.14437
0.13954
0.14553
0.14328
0.15028
0.1425
0.15179
0.15036
0.14604
0.141
0.15172
0.1465
0.14504
0.1442
0.14922
0.14524
0.14633
0.15497
0.1505
0.1496
0.14643
0.14283
0.14904
0.14279
0.14862
0.14529
0.14594
0.14831
0.14457
0.14763
0.14846
0.14851
0.14989
0.15028
0.14929
0.1484
0.14985
0.14861
0.15097
0.14616
0.14904
0.14549
0.14436
0.15379
0.15247
0.14488
0.14195
0.14307
0.14592
0.14568
0.15033
0.14197
0.14235
0.14024
0.1432
0.14713
0.15096
0.14295
0.139
0.14346
0.14328
0.14443
0.14
0.1409
0.14095
0.147
0.14632
0.14387
0.14855
0.14457
0.1721
0.16041
0.14798
0.14348
0.1423
0.14482
0.14244
0.13902
0.14813
0.14764
0.13623
0.14294
0.14333
0.14409
0.1437
0.15915
0.14682
0.13841
0.14452
0.1503
0.15039
0.14631
0.1525
0.14784
0.14906
0.16032
0.14858
0.1482
0.15968
0.15587
0.15509
0.15733
0.15105
0.15594
0.15101
0.14324
0.14729
0.14283
0.14441
0.15002
0.14485
0.14475
0.15311
0.1502
0.14816
0.1461
0.14341
0.14225
0.14958
0.14289
0.14693
0.14166
0.14441
0.14921
0.13979
0.14141
0.14845
0.14799
0.14293
0.14927
0.14038
0.13749
0.14626
0.13719
0.139
0.14431
0.138
0.1391
0.14517
0.1387
0.14025
0.14719
0.14327
0.14097
0.13709
0.13853
0.14147
0.14387
0.13823
0.1338
0.14682
0.13599
0.13774
0.14489
0.13985
0.13484
0.14023
0.1352
0.14119
0.14451
0.13818
0.1375
0.14334
0.1374
0.15712
0.14641
0.14485
0.1376
0.1438
0.14277
0.1403
0.14293
0.13681
0.1419
0.1448
0.13661
0.1408
0.14365
0.14177
0.14602
0.14095
0.14036
0.13953
0.14205
0.1386
0.14479
0.14236
0.14138
0.139
0.14268
0.14136
0.14259
0.14456
0.14903
0.14769
0.14084
0.14395
0.1459
0.14329
0.14343
0.15006
0.14511
0.14608
0.14381
0.14327
0.14656
0.15136
0.14675
0.14181
0.14548
0.1421
0.14289
0.14063
0.14124
0.14063
0.14715
0.14843
0.14557
0.13838
0.13979
0.13943
0.14414
0.13794
0.14335
0.13894
0.1418
0.14529
0.14028
0.13982
0.14941
0.13907
0.14209
0.14524
0.14217
0.13852
0.14917
0.14369
0.14277
0.13616
0.13718
0.14713
0.14075
0.13897
0.15685
0.13766
0.14101
0.14108
0.14249
0.13534
0.13874
0.14208
0.13412
0.13648
0.14181
0.14197
0.14281
0.15199
0.13807
0.13722
0.14562
0.13641
0.13671
0.14093
0.1477
0.15193
0.14413
0.13221
0.13925
0.1388
0.1342
0.14456
0.14092
0.1358
0.14152
0.14208
0.13571
0.13858
0.14128
0.13987
0.14519
0.14077
0.13698
0.13926
0.14129
0.14397
0.13606
0.14139
0.13585
0.14337
0.14227
0.13924
0.14592
0.13627
0.13625
0.14105
0.14037
0.1779
0.14534
0.13806
0.14049
0.14374
0.14183
0.14226
0.18311
0.13185
0.14999
0.13949
0.14011
0.142
0.13919
0.14139
0.13901
0.14074
0.14011
0.14591
0.13848
0.13367
0.13224
0.13736
0.13641
0.13987
0.13669
0.13552
0.1386
0.14183
0.13624
0.14117
0.13403
0.13591
0.13582
0.13954
0.13473
0.13892
0.13227
0.13636
0.13776
0.14382
0.14318
0.13871
0.13947
0.13561
0.14232
0.14765
0.145
0.13771
0.13978
0.13979
0.14013
0.15551
0.14618
0.14737
0.14817
0.1458
0.14517
0.14982
0.14359
0.14596
0.14594
0.14856
0.15082
0.1471
0.1443
0.14728
0.14264
0.14483
0.1436
0.13511
0.13632
0.14056
0.13974
0.14617
0.13937
0.13653
0.136
0.1298
0.13029
0.13524
0.13229
0.12994
0.12973
0.1322
0.12873
0.13238
0.1271
0.13548
0.13303
0.13786
0.14609
0.14175
0.14097
0.16374
0.14729
0.15085
0.14632
0.1514
0.15408
0.16089
0.15686
0.15545
0.14799
0.15229
0.15555
0.14808
0.14632
0.14828
0.15101
0.14606
0.15027
0.14629
0.14771
0.15231
0.14967
0.14943
0.14969
0.14966
0.14683
0.15137
0.15289
0.148
0.14598
0.14335
0.15055
0.147
0.14589
0.15178
0.14766
0.14632
0.15974
0.1449
0.15376
0.15254
0.15016
0.15299
0.14709
0.14414
0.14445
0.15292
0.14385
0.14832
0.14392
0.14975
0.14513
0.14534
0.20036
0.17465
0.15763
0.15071
0.15446
0.16637
0.18098
0.1574
0.15483
0.16635
0.15745
0.1522
0.15829
0.16931
0.18031
0.17962
0.15759
0.14833
0.15397
0.15119
0.14984
0.1696
0.15507
0.15734
0.15487
0.15789
0.16141
0.16209
0.15382
0.15404
0.15374
0.15374
0.1581
0.15503
0.15353
0.15166
0.1579
0.15192
0.15062
0.15767
0.1575
0.15989
0.15349
0.15652
0.14927
0.16196
0.15508
0.16408
0.15699
0.1523
0.15218
0.15574
0.17481
0.15455
0.15725
0.15001
0.14954
0.15552
0.15874
0.15509
0.15626
0.16325
0.15165
0.17054
0.1587
0.16044
0.1943
0.20018
0.17179
0.15604
0.16505
0.16743
0.1586
0.17189
0.16095
0.18348
0.16223
0.16427
0.17562
0.16899
0.16051
0.18814
0.18445
0.1593
0.15597
0.16971
0.17208
0.22859
0.19496
0.16515
0.16307
0.16151
0.16305
0.16651
0.15246
0.15852
0.15224
0.14804
0.15317
0.1527
0.15079
0.15033
0.15658
0.15956
0.16102
0.15148
0.19659
0.16213
0.15576
0.14805
0.14725
0.15468
0.15276
0.15139
0.15813
0.15271
0.14033
0.1479
0.15278
0.15112
0.15143
0.14869
0.14766
0.14951
0.1503
0.14307
0.14777
0.14406
0.14364
0.17082
0.15195
0.14434
0.1528
0.15478
0.14513
0.14591
0.14188
0.1455
0.14733
0.14101
0.13411
0.13587
0.14382
0.14396
0.14812
0.13932
0.15014
0.14393
0.1426
0.1518
0.15107
0.14525
0.15063
0.14266
0.155
0.14731
0.15029
0.16797
0.1729
0.16629
0.18423
0.15029
0.15419
0.15001
0.15383
0.15784
0.18275
0.15589
0.1454
0.14861
0.15679
0.1557
0.1736
0.16756
0.15884
0.15551
0.15049
0.15027
0.16498
0.16399
0.15552
0.1676
0.17271
0.15692
0.16981
0.16097
0.16604
0.15557
0.15241
0.15427
0.15775
0.15404
0.16131
0.16915
0.16913
0.16104
0.15103
0.1619
0.15896
0.16436
0.15356
0.16151
0.16113
0.14864
0.14512
0.15849
0.16379
0.1512
0.16118
0.15227
0.15006
0.14458
0.14431
0.14281
0.145
0.12554
0.12926
0.1406
0.14092
0.15097
0.13672
0.12874
0.12846
0.12402
0.13016
0.13594
0.13065
0.14633
0.13511
0.13615
0.13017
0.1306
0.13796
0.13748
0.13144
0.11821
0.1159
0.11255
0.10689
0.10687
0.10736
