477.500000,243.900000,119.000000,76.500000
470.980286,242.406677,119.000000,77.000000
461.365540,240.960983,121.379997,78.540001
451.069214,238.179581,123.807602,80.110802
442.850677,234.959656,126.283752,81.713013
434.548248,232.892090,128.809433,83.347275
428.745361,233.652771,126.283752,81.713013
422.530060,237.561325,121.379997,78.540001
415.249756,242.531555,119.000000,77.000000
405.077972,244.401840,121.379997,78.540001
397.187744,248.295212,123.807602,80.110802
387.026733,249.253693,126.283752,81.713013
379.674652,249.752502,126.283752,81.713013
369.891541,249.434052,128.809433,83.347275
359.558380,247.528809,131.385620,85.014221
351.745026,249.126312,131.385620,85.014221
343.331360,248.632706,134.013321,86.714508
339.159363,248.252930,136.693588,88.448799
334.966248,248.595840,134.013321,86.714508
333.399994,248.278824,134.013321,86.714508
334.455627,248.172791,131.385620,85.014221
340.049408,248.818726,131.385620,85.014221
345.964264,249.232803,134.013321,86.714508
351.379913,249.653595,136.693588,88.448799
358.292511,251.661255,136.693588,88.448799
365.466583,254.299194,136.693588,88.448799
371.691956,254.484100,136.693588,88.448799
376.577454,255.380798,131.385620,85.014221
378.972198,254.591904,134.013321,86.714508
382.292389,255.395966,136.693588,88.448799
386.508301,253.881500,136.693588,88.448799
390.505005,251.504944,136.693588,88.448799
393.416595,250.483521,136.693588,88.448799
394.541779,249.047119,136.693588,88.448799
396.741180,247.816162,136.693588,88.448799
398.781464,247.403641,134.013321,86.714508
399.678833,247.486618,134.013321,86.714508
400.787720,250.158813,131.385620,85.014221
401.124359,253.666931,128.809433,83.347275
399.136475,258.740479,128.809433,83.347275
400.582275,258.771027,128.809433,83.347275
401.860870,251.230072,128.809433,83.347275
408.828857,252.292358,128.809433,83.347275
416.466583,253.286621,126.283752,81.713013
422.161743,252.193176,126.283752,81.713013
421.804932,248.932007,128.809433,83.347275
418.287872,248.713470,128.809433,83.347275
416.441254,247.943115,128.809433,83.347275
411.269592,246.916016,128.809433,83.347275
408.611481,245.672699,128.809433,83.347275
410.544922,245.138275,128.809433,83.347275
418.614166,250.263214,128.809433,83.347275
425.003571,254.347717,128.809433,83.347275
434.711121,256.466522,126.283752,81.713013
434.710938,256.914642,126.283752,81.713013
433.733368,258.192505,126.283752,81.713013
434.827026,258.739136,126.283752,81.713013
438.675995,261.672760,126.283752,81.713013
443.423157,261.751038,128.809433,83.347275
448.545044,262.473969,128.809433,83.347275
454.362549,263.076630,128.809433,83.347275
461.848755,265.052521,128.809433,83.347275
469.842163,270.342102,128.809433,83.347275
477.586609,270.698700,128.809433,83.347275
482.558044,270.733337,131.385620,85.014221
483.031555,269.872833,134.013321,86.714508
483.486633,268.595795,134.013321,86.714508
484.846191,269.014587,134.013321,86.714508
485.226685,270.274536,136.693588,88.448799
485.707336,271.686371,136.693588,88.448799
488.031433,272.879272,136.693588,88.448799
492.855164,271.650665,136.693588,88.448799
397.804291,251.824921,136.693588,88.448799
399.423279,252.744522,134.013321,86.714508
404.358093,253.583984,131.385620,85.014221
406.843719,255.040588,131.385620,85.014221
409.244080,257.479736,131.385620,85.014221
409.079559,259.817322,134.013321,86.714508
410.266937,262.079010,134.013321,86.714508
411.630737,265.422974,134.013321,86.714508
413.013519,268.870758,134.013321,86.714508
413.859283,270.665710,134.013321,86.714508
414.720428,272.000061,134.013321,86.714508
415.171539,273.346313,134.013321,86.714508
414.687653,274.734131,134.013321,86.714508
416.388763,275.623077,131.385620,85.014221
417.803802,277.826996,128.809433,83.347275
420.197937,280.319763,126.283752,81.713013
425.229858,282.171448,123.807602,80.110802
429.769226,284.280060,121.379997,78.540001
434.222412,285.884338,119.000000,77.000000
439.188446,285.525055,119.000000,77.000000
444.496063,287.244904,119.000000,77.000000
449.390198,290.303894,119.000000,77.000000
453.480011,292.543274,116.666664,75.490196
456.565033,293.096649,116.666664,75.490196
458.732147,295.074463,116.666664,75.490196
460.002716,295.602112,116.666664,75.490196
463.347931,297.055237,114.379082,74.009995
466.691101,298.761414,112.136360,72.558823
469.366394,299.199738,109.937607,71.136101
472.589600,302.472321,107.781967,69.741272
473.711060,301.752075,105.668594,68.373795
474.387024,302.011963,105.668594,68.373795
476.538330,302.529114,105.668594,68.373795
477.251404,303.189240,103.596664,67.033134
476.910065,306.234253,101.565353,65.718758
477.428741,306.479279,101.565353,65.718758
482.361481,306.874847,101.565353,65.718758
486.813446,308.110443,101.565353,65.718758
491.267487,309.634003,101.565353,65.718758
491.238617,312.264954,101.565353,65.718758
382.114532,278.754974,132.026230,85.428734
384.122559,278.213654,134.012726,86.714119
470.196106,167.867920,108.212151,70.019623
469.512054,166.641586,108.262741,70.052361
470.467224,167.950333,108.313377,70.085129
470.918243,168.557663,108.262741,70.052361
471.678497,169.853745,108.262741,70.052361
471.106445,170.303452,108.669167,70.315346
473.707520,170.570892,108.414795,70.150749
474.128784,170.847870,108.771255,70.381401
473.434418,172.919708,108.924744,70.480713
474.943329,171.234436,108.924744,70.480713
475.715424,172.023911,108.975998,70.513885
475.844330,170.152603,109.027306,70.547081
477.420135,172.623428,109.130066,70.613571
478.574158,170.894501,109.181519,70.646866
478.802734,172.883957,109.233017,70.680191
476.621887,172.702942,109.336166,70.746933
476.201416,173.199005,109.336166,70.746933
487.771759,141.051086,107.859337,69.791336
479.587341,174.109283,109.387810,70.780350
480.018738,172.863129,109.336166,70.746933
478.960022,171.780807,109.336166,70.746933
481.672699,173.544327,109.439507,70.813797
479.521271,173.349533,109.439507,70.813797
478.524414,172.624161,109.387810,70.780350
480.704926,171.662979,109.439507,70.813797
453.744843,202.832642,110.960228,71.797798
451.862579,204.122452,110.960228,71.797798
482.879578,171.788147,109.387810,70.780350
481.419739,170.067078,109.387810,70.780350
536.885803,135.349258,108.212151,70.019623
481.405701,170.520035,109.387810,70.780350
481.329926,173.227371,109.439507,70.813797
480.986694,173.690811,109.387810,70.780350
478.486389,173.312592,109.387810,70.780350
481.233215,173.608810,109.336166,70.746933
478.739014,173.422318,109.284569,70.713547
450.540131,195.940399,110.536514,71.523628
451.564850,196.287384,110.642143,71.591972
706.111572,224.142990,110.168411,71.285446
451.009949,198.811172,110.642143,71.591972
481.706238,174.366898,109.284569,70.713547
479.702942,174.450134,109.233017,70.680191
481.928528,174.029709,109.233017,70.680191
481.093506,174.257553,109.181519,70.646866
482.455078,176.364090,109.181519,70.646866
308.640747,488.232666,106.962585,69.211082
482.380585,175.557724,109.078659,70.580315
481.648651,175.183533,109.078659,70.580315
481.856476,175.084061,109.078659,70.580315
481.668976,174.246323,109.078659,70.580315
482.080872,174.681274,109.181519,70.646866
482.885986,173.753998,109.181519,70.646866
450.672272,202.148666,110.642143,71.591972
450.329285,205.644730,110.800957,71.694740
484.520447,173.742844,109.284569,70.713547
481.948303,173.270325,109.233017,70.680191
482.564453,172.727615,109.284569,70.713547
482.279297,171.973969,109.233017,70.680191
482.326294,171.620041,109.336166,70.746933
486.015869,171.785248,109.336166,70.746933
483.431976,172.852875,109.594887,70.914337
442.757874,248.126480,127.029076,82.195282
443.700134,249.237183,126.750961,82.015327
443.782562,252.338394,126.405022,81.791481
439.312195,258.018188,126.750961,82.015327
440.606842,260.076233,126.750961,82.015327
406.246155,251.219391,126.060966,81.568863
485.883881,172.895538,110.168411,71.285446
409.505554,249.595398,126.750961,82.015327
492.740967,171.669617,110.220848,71.319374
492.167236,170.959290,110.220848,71.319374
494.745758,169.809128,110.325867,71.387329
492.493683,170.267624,110.431091,71.455414
493.337402,169.013565,110.536514,71.523628
494.529755,170.451752,110.642143,71.591972
494.536163,171.245026,110.589302,71.557785
404.756866,276.966461,129.806061,83.992149
374.512787,256.213959,130.537766,84.465614
453.254974,211.409622,111.871498,72.387436
489.385406,174.262054,110.747971,71.660446
366.754181,269.309662,130.464218,84.418030
365.511078,274.676239,130.244095,84.275589
366.607330,276.648438,130.537766,84.465614
368.596130,278.295471,129.443268,83.757408
370.514923,279.879211,129.226562,83.617188
374.021851,281.216888,128.867004,83.384529
377.582458,282.226685,128.082962,82.877213
379.966522,283.219421,127.659317,82.603088
384.375732,286.266541,126.820374,82.060242
384.811981,285.981323,127.308411,82.376030
386.689392,288.146240,126.405022,81.791481
387.913025,288.756500,125.650566,81.303307
388.048920,290.075836,125.582428,81.259216
389.365997,289.306702,125.378448,81.127235
389.805634,289.015533,125.175133,80.995674
391.795074,288.750458,125.039955,80.908211
394.414398,290.223083,124.368423,80.473686
395.925751,290.704254,123.968948,80.215202
398.080994,291.064880,124.101822,80.301178
399.835175,292.770508,123.770180,80.086586
382.559326,289.970886,120.674309,78.083374
384.519257,287.867096,119.738365,77.477768
385.156036,289.844391,120.360710,77.880455
388.662933,289.457489,120.580055,78.022392
393.699341,288.145264,120.580055,78.022392
396.164948,288.843628,120.580055,78.022392
399.675751,288.882904,120.580055,78.022392
403.376556,289.138763,120.580055,78.022392
407.555176,286.415009,120.580055,78.022392
413.478912,286.664337,120.580055,78.022392
419.111176,287.210510,120.580055,78.022392
424.637238,287.137756,120.580055,78.022392
429.773346,286.634521,120.580055,78.022392
433.552032,287.674927,120.580055,78.022392
438.936523,286.650940,120.580055,78.022392
443.172974,287.234222,120.580055,78.022392
447.730652,289.464478,120.580055,78.022392
448.739655,292.293549,120.580055,78.022392
448.313324,290.851807,122.991661,79.582840
448.487091,290.209747,122.991661,79.582840
447.798981,289.235107,122.991661,79.582840
448.464081,288.628937,122.991661,79.582840
448.882324,288.500214,122.991661,79.582840
448.483917,289.304657,122.991661,79.582840
447.172974,288.548157,122.991661,79.582840
446.667694,287.394196,125.451492,81.174492
450.581451,288.526001,125.451492,81.174492
455.723114,288.424469,125.451492,81.174492
458.238800,288.499054,125.451492,81.174492
461.762482,288.672760,122.991661,79.582840
463.178802,290.675110,122.991661,79.582840
467.378418,293.799561,120.580055,78.022392
470.493073,298.154022,118.215744,76.492538
472.811066,301.977875,118.215744,76.492538
475.847321,305.893799,118.215744,76.492538
476.688263,309.492096,115.897789,74.992683
476.376068,311.536560,113.625282,73.522240
475.330170,313.284973,113.625282,73.522240
475.838287,315.664459,113.625282,73.522240
477.615936,318.486450,113.625282,73.522240
480.117371,322.636780,111.397331,72.080627
483.015228,324.917542,109.213074,70.667282
485.702576,326.049866,107.071640,69.281647
486.444824,327.488251,107.071640,69.281647
487.308960,327.606964,107.071640,69.281647
487.032104,328.818451,104.972198,67.923187
486.888245,328.985565,104.972198,67.923187
487.055298,329.365326,104.972198,67.923187
487.319702,329.205872,104.972198,67.923187
487.614746,329.021667,104.972198,67.923187
487.620728,329.401642,104.972198,67.923187
487.828125,328.830231,104.972198,67.923187
489.384888,330.107452,102.913918,66.591362
489.859375,330.366974,102.913918,66.591362
490.363831,330.946472,100.895996,65.285645
490.781250,331.443298,100.895996,65.285645
490.933777,331.266083,100.895996,65.285645
492.497284,332.632629,98.917648,64.005531
493.451447,332.526062,98.917648,64.005531
493.902069,332.091248,96.978081,62.750523
494.398560,332.088440,95.076553,61.520123
493.550568,331.471313,96.978081,62.750523
493.222107,331.398132,95.076553,61.520123
492.438660,330.240967,95.076553,61.520123
491.886841,330.000366,93.212303,60.313847
489.422913,329.080750,93.212303,60.313847
486.895508,328.217010,93.212303,60.313847
486.401062,328.600891,91.384613,59.131222
484.848206,327.560669,89.592758,57.971786
484.992432,328.116638,87.836037,56.835083
484.064514,327.639923,86.113762,55.720669
481.410370,328.401062,84.425255,54.628109
480.159393,327.002472,84.425255,54.628109
479.051605,325.614319,84.425255,54.628109
479.988190,326.240417,82.769859,53.556969
478.503326,324.526093,84.425255,54.628109
479.106049,325.031586,84.425255,54.628109
478.955841,324.275879,84.425255,54.628109
478.999847,324.195648,84.425255,54.628109
479.068878,324.257477,84.425255,54.628109
478.706635,324.326385,84.425255,54.628109
478.452454,324.134338,86.113762,55.720669
477.680542,323.370483,86.113762,55.720669
476.777893,321.578278,87.836037,56.835083
478.194763,321.287567,87.836037,56.835083
479.296204,320.563538,86.113762,55.720669
480.823639,321.019196,84.425255,54.628109
485.537506,319.697968,84.425255,54.628109
488.983856,320.004333,84.425255,54.628109
493.432037,321.035065,84.425255,54.628109
497.457794,320.529541,84.425255,54.628109
497.134491,319.162872,84.425255,54.628109
486.575836,329.153198,84.425255,54.628109
491.573273,328.013611,84.425255,54.628109
494.469513,326.483124,84.425255,54.628109
486.384460,304.951691,86.113762,55.720669
488.011475,303.200928,86.113762,55.720669
490.192017,301.874634,86.113762,55.720669
492.427307,300.545959,86.113762,55.720669
494.568176,299.076233,86.113762,55.720669
497.134277,300.638794,86.113762,55.720669
497.738892,298.464447,86.113762,55.720669
498.998047,296.414948,86.113762,55.720669
502.020630,292.156738,86.113762,55.720669
502.542175,290.475677,87.836037,56.835083
503.689941,290.345886,87.836037,56.835083
502.805115,288.857574,87.836037,56.835083
502.019775,287.030731,87.836037,56.835083
501.786438,286.426453,87.836037,56.835083
500.645935,287.525024,87.836037,56.835083
499.098389,286.380432,89.592758,57.971786
500.314697,287.201141,87.836037,56.835083
498.792419,287.869995,89.592758,57.971786
498.754272,289.393799,89.592758,57.971786
497.511230,290.835876,91.384613,59.131222
496.498657,293.329559,91.384613,59.131222
496.572388,296.750885,91.384613,59.131222
495.644897,298.876953,93.212303,60.313847
495.014282,302.629669,93.212303,60.313847
494.572327,306.625031,93.212303,60.313847
493.127991,310.018738,93.212303,60.313847
491.185974,311.529541,93.212303,60.313847
487.983337,313.435547,93.212303,60.313847
485.438232,315.010895,93.212303,60.313847
482.179321,314.710815,95.076553,61.520123
482.515747,314.579437,95.076553,61.520123
482.012512,313.103363,95.076553,61.520123
481.292419,311.962189,95.076553,61.520123
480.362061,307.794952,95.076553,61.520123
479.526001,303.083252,95.076553,61.520123
478.450378,299.798615,95.076553,61.520123
477.720764,296.877197,95.076553,61.520123
477.184814,296.832336,95.076553,61.520123
477.191528,297.165436,95.076553,61.520123
477.121338,297.587738,95.076553,61.520123
470.434204,302.553589,95.076553,61.520123
470.684082,302.716095,95.076553,61.520123
468.914764,300.774200,96.978081,62.750523
469.605621,300.697815,96.978081,62.750523
469.250458,299.810242,96.978081,62.750523
469.930206,298.432617,98.917648,64.005531
469.135620,297.216187,100.895996,65.285645
469.576599,296.973877,100.895996,65.285645
469.248291,296.536591,100.895996,65.285645
469.736023,295.084747,100.895996,65.285645
469.507996,295.153900,100.895996,65.285645
470.594513,295.709625,98.917648,64.005531
469.472656,294.784515,100.895996,65.285645
470.401611,294.827209,100.895996,65.285645
471.627197,296.360718,100.895996,65.285645
471.675720,296.791077,100.895996,65.285645
471.381836,297.570068,100.895996,65.285645
472.023621,298.334412,100.895996,65.285645
472.793945,298.761566,100.895996,65.285645
473.122192,297.800659,100.895996,65.285645
473.339844,295.776184,100.895996,65.285645
473.814026,294.182281,100.895996,65.285645
474.031677,292.750000,100.895996,65.285645
474.665405,289.870850,100.895996,65.285645
474.736328,288.672028,100.895996,65.285645
475.058105,286.052063,100.895996,65.285645
476.373138,285.384552,98.917648,64.005531
476.935211,284.217590,98.917648,64.005531
477.129730,284.526276,96.978081,62.750523
477.010712,284.978394,96.978081,62.750523
477.448334,284.331207,96.978081,62.750523
477.562286,284.680267,96.978081,62.750523
477.254547,284.667267,96.978081,62.750523
478.176483,284.107941,96.978081,62.750523
478.480804,284.164429,96.978081,62.750523
479.387543,283.810242,96.978081,62.750523
479.942657,283.414368,96.978081,62.750523
479.893219,283.781708,96.978081,62.750523
479.905121,282.394623,96.978081,62.750523
480.121002,282.216125,96.978081,62.750523
480.610321,280.840973,96.978081,62.750523
480.090302,279.117920,96.978081,62.750523
480.511444,278.773834,96.978081,62.750523
479.889435,277.611603,96.978081,62.750523
479.893158,278.163757,96.978081,62.750523
479.879852,278.472473,96.978081,62.750523
479.983673,279.416046,96.978081,62.750523
480.760162,279.145660,96.978081,62.750523
481.107941,278.981110,96.978081,62.750523
481.151947,279.630768,96.978081,62.750523
481.959564,280.006531,96.978081,62.750523
482.766083,280.226685,96.978081,62.750523
483.110382,280.474426,96.978081,62.750523
483.785553,281.385101,96.978081,62.750523
483.847504,281.917877,96.978081,62.750523
484.474030,282.367859,96.978081,62.750523
485.625641,282.944855,96.978081,62.750523
486.172882,283.560760,96.978081,62.750523
488.113831,284.490753,95.076553,61.520123
488.495239,284.286957,95.076553,61.520123
488.654053,284.509674,95.076553,61.520123
489.310242,285.058594,95.076553,61.520123
490.182007,285.631836,95.076553,61.520123
490.408142,285.141479,95.076553,61.520123
490.804749,285.773071,95.076553,61.520123
491.309631,285.767181,95.076553,61.520123
493.442139,286.232971,93.212303,60.313847
492.616638,286.022430,93.212303,60.313847
491.862061,286.047546,93.212303,60.313847
491.700500,287.399017,93.212303,60.313847
491.790222,289.793182,93.212303,60.313847
491.518066,291.579895,93.212303,60.313847
492.010925,292.863190,93.212303,60.313847
493.001099,292.741089,93.212303,60.313847
493.504395,295.025970,93.212303,60.313847
494.867065,296.478729,91.384613,59.131222
496.613281,296.745300,91.384613,59.131222
495.097900,297.195709,91.384613,59.131222
495.223816,299.075104,91.384613,59.131222
495.151917,299.585510,91.384613,59.131222
495.203430,299.693329,91.384613,59.131222
495.799377,301.382019,91.384613,59.131222
496.347900,302.471680,91.384613,59.131222
496.396729,303.647736,91.384613,59.131222
495.963867,304.277924,91.384613,59.131222
496.938477,303.549683,91.384613,59.131222
497.002563,302.199097,91.384613,59.131222
497.415649,301.547424,89.592758,57.971786
497.388855,299.853241,89.592758,57.971786
498.140198,297.901123,89.592758,57.971786
498.607971,296.149902,89.592758,57.971786
497.446838,294.079346,89.592758,57.971786
496.144104,292.585327,89.592758,57.971786
496.062866,292.530151,89.592758,57.971786
495.008179,292.211243,89.592758,57.971786
494.697632,290.971466,89.592758,57.971786
493.944702,291.176300,89.592758,57.971786
493.368896,290.108398,89.592758,57.971786
492.568115,289.864807,89.592758,57.971786
491.963623,290.681427,89.592758,57.971786
491.665833,290.679199,89.592758,57.971786
490.673096,290.419617,89.592758,57.971786
489.831604,290.335144,89.592758,57.971786
489.334595,289.823212,89.592758,57.971786
488.269653,289.784821,89.592758,57.971786
487.748962,289.277863,89.592758,57.971786
487.891357,288.378113,89.592758,57.971786
487.353882,287.864777,89.592758,57.971786
486.518555,287.626068,89.592758,57.971786
485.991394,286.803833,89.592758,57.971786
485.959900,286.444336,89.592758,57.971786
485.258057,285.894287,89.592758,57.971786
484.992371,286.940033,87.836037,56.835083
484.436096,285.594757,89.592758,57.971786
483.482300,285.455109,89.592758,57.971786
482.588928,284.604340,89.592758,57.971786
481.896851,284.521088,89.592758,57.971786
481.577209,284.644379,89.592758,57.971786
480.684265,284.791260,89.592758,57.971786
480.489502,284.890747,89.592758,57.971786
479.664551,284.987671,89.592758,57.971786
479.496277,285.096893,89.592758,57.971786
479.006897,284.460754,89.592758,57.971786
479.388367,284.641815,89.592758,57.971786
478.936523,284.868225,89.592758,57.971786
479.130066,285.090302,89.592758,57.971786
479.336121,284.875305,89.592758,57.971786
478.891846,285.916473,89.592758,57.971786
479.530090,286.113525,89.592758,57.971786
479.630798,286.065277,89.592758,57.971786
480.024231,285.938721,89.592758,57.971786
480.557312,287.099579,89.592758,57.971786
480.227783,287.500458,89.592758,57.971786
480.169800,288.212952,89.592758,57.971786
481.184204,289.317139,89.592758,57.971786
481.848755,289.825073,89.592758,57.971786
482.087158,291.054718,89.592758,57.971786
482.538879,291.295868,89.592758,57.971786
482.668274,292.053375,89.592758,57.971786
483.158813,292.899872,89.592758,57.971786
484.876953,294.987274,87.836037,56.835083
484.553589,296.160736,87.836037,56.835083
484.007263,297.094238,87.836037,56.835083
484.856140,298.462799,86.113762,55.720669
484.744751,300.128845,86.113762,55.720669
484.930054,301.992065,86.113762,55.720669
485.519958,303.679962,86.113762,55.720669
485.576965,306.366638,86.113762,55.720669
485.626587,307.433746,86.113762,55.720669
485.486542,308.831909,84.425255,54.628109
485.344269,310.521759,82.769859,53.556969
483.749237,310.733368,82.769859,53.556969
483.124420,312.702576,81.146919,52.506832
481.663513,313.402374,79.555809,51.477287
480.258118,313.272705,79.555809,51.477287
480.166107,312.835938,77.995888,50.467926
480.116394,313.684052,76.466560,49.478359
481.380707,313.601013,74.967209,48.508198
480.559662,312.790222,74.967209,48.508198
480.105072,311.563110,74.967209,48.508198
480.675018,311.978607,73.497269,47.557056
481.630890,311.918365,73.497269,47.557056
483.430542,311.523376,72.056145,46.624565
483.669250,310.590363,72.056145,46.624565
484.878632,310.595428,70.643280,45.710358
485.354156,310.527374,70.643280,45.710358
487.421417,311.207397,69.258118,44.814075
488.415131,311.275391,69.258118,44.814075
489.225922,310.469421,69.258118,44.814075
490.623688,310.272308,69.258118,44.814075
490.101837,309.255371,69.258118,44.814075
491.356049,309.103363,69.258118,44.814075
491.380402,308.410858,67.900116,43.935368
491.279480,308.057037,66.568741,43.073891
491.019104,308.347717,66.568741,43.073891
489.802063,307.604218,66.568741,43.073891
489.412384,304.306335,65.263474,42.229305
488.315460,303.096558,65.263474,42.229305
487.646759,302.381866,65.263474,42.229305
485.516449,302.831665,65.263474,42.229305
483.887238,302.884766,65.263474,42.229305
484.237152,301.844910,65.263474,42.229305
484.214203,300.587280,65.263474,42.229305
483.992462,299.256226,65.263474,42.229305
483.479828,297.403320,65.263474,42.229305
483.279510,296.893860,65.263474,42.229305
483.646027,295.590546,65.263474,42.229305
482.397034,294.126007,63.983795,41.401279
482.641235,293.986084,63.983795,41.401279
484.031250,294.161591,63.983795,41.401279
485.530243,293.775391,62.729210,40.589489
492.407135,294.054413,62.729210,40.589489
499.414154,294.707214,62.729210,40.589489
508.379791,293.496155,61.499226,39.793617
513.729370,292.819550,60.293358,39.013348
531.182434,300.827789,60.293358,39.013348
546.763184,301.202576,60.293358,39.013348
557.075806,297.840393,60.293358,39.013348
558.985657,298.235107,60.293358,39.013348
554.526733,302.849243,60.293358,39.013348
550.429016,301.050934,61.499226,39.793617
544.839661,297.095825,61.499226,39.793617
538.373779,297.566345,61.499226,39.793617
526.828735,296.522064,61.499226,39.793617
522.840271,297.496063,62.729210,40.589489
519.582825,299.145752,62.729210,40.589489
519.366638,301.730011,62.729210,40.589489
515.758423,302.858093,63.983795,41.401279
514.901062,304.818848,63.983795,41.401279
514.132812,305.371185,63.983795,41.401279
511.567566,305.793121,63.983795,41.401279
511.063660,306.812347,63.983795,41.401279
510.040161,307.591064,63.983795,41.401279
509.625488,307.694641,63.983795,41.401279
509.118591,309.127014,63.983795,41.401279
508.031189,310.486328,63.983795,41.401279
507.308411,310.503479,63.983795,41.401279
507.683777,310.608978,63.983795,41.401279
507.470276,310.715698,63.983795,41.401279
507.322937,310.938019,63.983795,41.401279
507.028503,310.520721,63.983795,41.401279
508.165161,308.489258,63.983795,41.401279
508.880981,306.651642,63.983795,41.401279
507.567993,304.334991,63.983795,41.401279
506.141602,301.014191,63.983795,41.401279
511.182739,301.538910,63.983795,41.401279
511.651764,299.124817,62.729210,40.589489
511.252228,296.892151,62.729210,40.589489
510.638458,294.783203,62.729210,40.589489
508.469269,294.332275,62.729210,40.589489
508.662140,293.517517,61.499226,39.793617
507.869659,292.385803,61.499226,39.793617
508.607941,290.844330,61.499226,39.793617
512.187378,290.154633,61.499226,39.793617
515.786743,286.579407,61.499226,39.793617
519.338928,284.442627,61.499226,39.793617
521.911804,280.435455,61.499226,39.793617
527.295227,277.291718,61.499226,39.793617
530.868774,273.788452,61.499226,39.793617
534.042969,269.062103,61.499226,39.793617
523.174316,260.696869,61.499226,39.793617
519.950928,259.179871,61.499226,39.793617
519.686218,262.885620,61.499226,39.793617
514.958008,264.361694,62.729210,40.589489
526.875977,278.401123,62.729210,40.589489
525.691284,279.066437,63.983795,41.401279
525.274536,279.676788,65.263474,42.229305
525.270264,279.996948,65.263474,42.229305
526.113708,280.002014,65.263474,42.229305
526.310974,279.781281,65.263474,42.229305
525.563843,280.760620,65.263474,42.229305
523.619263,281.579346,65.263474,42.229305
523.210999,281.713715,65.263474,42.229305
522.429565,282.223175,65.263474,42.229305
519.709656,282.610352,65.263474,42.229305
516.855835,285.398132,65.263474,42.229305
515.794495,286.758423,65.263474,42.229305
513.783508,288.043030,66.568741,43.073891
510.454407,290.278046,66.568741,43.073891
509.194031,293.115234,66.568741,43.073891
505.961578,296.637909,67.900116,43.935368
505.796173,297.491394,67.900116,43.935368
504.826752,298.617188,67.900116,43.935368
503.712555,299.395813,69.258118,44.814075
501.630829,299.518707,70.643280,45.710358
499.849243,298.594086,72.056145,46.624565
499.398376,299.285278,72.056145,46.624565
499.012573,299.197693,72.056145,46.624565
498.164185,299.142151,72.056145,46.624565
497.937195,299.914368,72.056145,46.624565
498.996338,301.718262,72.056145,46.624565
498.665283,302.564911,72.056145,46.624565
498.497803,304.314758,72.056145,46.624565
499.169495,306.849762,72.056145,46.624565
499.785706,309.304901,72.056145,46.624565
470.956970,331.508179,72.056145,46.624565
474.254486,339.091858,72.056145,46.624565
477.853394,347.328796,72.056145,46.624565
483.865967,352.538818,72.056145,46.624565
493.814148,358.533203,72.056145,46.624565
503.255371,362.151703,72.056145,46.624565
506.895386,362.508881,72.056145,46.624565
507.406311,362.701782,72.056145,46.624565
505.986511,363.739410,72.056145,46.624565
501.200775,366.894684,73.497269,47.557056
498.640198,370.174835,72.056145,46.624565
493.612213,373.720398,70.643280,45.710358
488.336273,375.194794,70.643280,45.710358
483.838654,375.150269,70.643280,45.710358
481.191437,375.010223,70.643280,45.710358
480.694061,374.219086,70.643280,45.710358
479.914856,372.679382,72.056145,46.624565
484.483704,372.077820,72.056145,46.624565
485.915527,370.783722,72.056145,46.624565
485.988464,369.834473,72.056145,46.624565
422.253448,300.231384,126.060966,81.568863
453.111298,267.602264,126.060966,81.568863
456.753448,266.668121,126.060966,81.568863
462.017242,266.728882,126.060966,81.568863
465.683075,265.596588,126.060966,81.568863
467.333282,266.191040,126.060966,81.568863
469.170013,268.961975,123.589188,79.969475
478.438995,273.909485,123.589188,79.969475
475.710846,277.169647,123.589188,79.969475
479.949554,280.598083,123.589188,79.969475
483.095367,280.476532,123.589188,79.969475
484.092560,282.141815,123.589188,79.969475
486.239105,281.115021,126.060966,81.568863
487.727448,283.072327,126.060966,81.568863
489.611298,282.635895,126.060966,81.568863
491.372833,282.628998,126.060966,81.568863
492.853363,281.000427,126.060966,81.568863
494.923492,280.420624,123.589188,79.969475
496.423401,281.165009,121.165871,78.401443
497.595947,280.873688,118.790070,76.864159
497.233582,322.575439,121.165871,78.401443
496.113190,322.249725,123.589188,79.969475
515.615540,309.755402,123.589188,79.969475
517.496338,315.979462,110.907089,71.763412
518.102722,316.076080,110.536514,71.523628
517.163330,312.155304,110.483780,71.489502
515.551575,316.333038,110.378456,71.421356
513.740112,315.994263,108.924744,70.480713
510.910706,319.074554,111.280151,72.004807
507.108917,319.149536,110.642143,71.591972
507.201294,318.262146,112.414566,72.738838
506.370483,318.620636,113.018059,73.129333
505.668121,317.928955,110.431091,71.455414
500.835632,323.751556,112.797859,72.986847
505.446686,318.615875,112.142372,72.562714
506.536377,318.607330,111.601929,72.213013
503.689575,317.941956,112.414566,72.738838
508.010559,315.633698,111.601929,72.213013
513.259521,311.663086,110.168411,71.285446
513.267822,311.571106,110.116028,71.251549
519.162292,310.689178,110.116028,71.251549
487.105103,172.300400,109.906975,71.116280
494.973969,172.319672,110.063690,71.217682
487.070190,173.057510,109.906975,71.116280
487.750488,172.964325,109.906975,71.116280
486.462830,172.545807,109.854836,71.082542
487.204163,172.762924,109.854836,71.082542
486.943481,172.824585,109.854836,71.082542
487.958923,173.074036,109.854836,71.082542
509.013336,317.194366,111.119965,71.901154
509.142090,317.264771,110.960228,71.797798
510.313477,316.596924,111.013420,71.832214
510.899414,316.592102,111.226707,71.970222
508.225739,315.933502,111.119965,71.901154
509.510773,317.035889,110.642143,71.591972
509.788239,316.792725,110.589302,71.557785
509.567139,316.791443,110.483780,71.489502
509.998230,317.320190,110.220848,71.319374
467.099518,252.861603,114.075859,73.813789
469.238739,258.963928,114.075859,73.813789
472.168060,260.107971,111.839081,72.366463
468.271271,261.119904,111.839081,72.366463
465.360443,260.855408,111.839081,72.366463
465.884064,263.352417,109.646156,70.947510
467.004456,266.374390,107.496231,69.556389
467.961731,267.983368,107.496231,69.556389
469.177673,269.561798,107.496231,69.556389
470.530487,271.793854,105.388466,68.192535
470.058411,273.609222,103.322021,66.855423
468.945343,271.443512,105.388466,68.192535
467.398743,270.521332,107.496231,69.556389
465.665283,270.728333,107.496231,69.556389
464.966461,273.321075,109.646156,70.947510
462.296844,278.600159,111.839081,72.366463
460.541779,278.010071,114.075859,73.813789
461.372101,278.024200,114.075859,73.813789
462.788422,278.763214,114.075859,73.813789
468.750153,278.872009,111.839081,72.366463
471.407257,278.216827,111.839081,72.366463
473.691498,281.937286,109.646156,70.947510
471.560913,288.339813,107.496231,69.556389
470.938049,293.162384,107.496231,69.556389
472.764740,298.647034,105.388466,68.192535
472.392670,300.685059,105.388466,68.192535
473.165344,302.734314,103.322021,66.855423
473.482239,304.506012,103.322021,66.855423
469.653839,309.449249,101.296104,65.544533
468.976288,311.752350,101.296104,65.544533
467.996674,315.736084,101.296104,65.544533
468.200897,315.753326,101.296104,65.544533
470.168854,312.442017,101.296104,65.544533
469.518341,307.459381,101.296104,65.544533
467.012726,305.127502,101.296104,65.544533
468.726349,306.914825,101.296104,65.544533
468.109711,307.483154,101.296104,65.544533
468.744904,308.409180,101.296104,65.544533
467.150543,307.506683,101.296104,65.544533
466.498810,307.192474,101.296104,65.544533
464.990204,305.589752,101.296104,65.544533
465.036163,301.145264,101.296104,65.544533
460.734375,297.943085,103.322021,66.855423
460.379028,297.593414,103.322021,66.855423
460.560669,296.276825,103.322021,66.855423
462.412781,296.090698,103.322021,66.855423
463.241028,291.765106,103.322021,66.855423
462.802856,288.441071,103.322021,66.855423
460.851257,288.208130,103.322021,66.855423
458.627319,286.506165,103.322021,66.855423
454.855164,284.876892,103.322021,66.855423
451.983734,286.053894,103.322021,66.855423
449.673737,285.467041,103.322021,66.855423
446.303070,283.878876,103.322021,66.855423
443.533661,284.018982,103.322021,66.855423
438.037079,279.208984,103.322021,66.855423
437.851471,277.225677,103.322021,66.855423
438.062347,275.394897,103.322021,66.855423
439.583282,272.182098,103.322021,66.855423
442.566101,269.703125,103.322021,66.855423
447.589081,266.505524,103.322021,66.855423
448.525452,264.935822,103.322021,66.855423
449.932983,262.015228,103.322021,66.855423
450.187103,260.885071,103.322021,66.855423
449.257233,259.825073,103.322021,66.855423
447.838074,259.474121,103.322021,66.855423
444.635864,259.598114,103.322021,66.855423
442.083771,258.114838,103.322021,66.855423
440.299377,258.474091,103.322021,66.855423
440.214020,259.153412,101.296104,65.544533
439.108978,259.210358,101.296104,65.544533
439.304047,259.282043,101.296104,65.544533
438.648773,258.138000,103.322021,66.855423
435.767700,257.428955,103.322021,66.855423
431.506287,251.778000,103.322021,66.855423
427.232971,247.844101,101.296104,65.544533
423.086670,245.003189,101.296104,65.544533
417.213287,243.545547,101.296104,65.544533
412.898468,240.948624,101.296104,65.544533
410.203339,239.898499,99.309906,64.259346
409.315399,239.178162,99.309906,64.259346
409.755341,239.263947,99.309906,64.259346
411.262512,240.256683,99.309906,64.259346
416.419922,245.650940,99.309906,64.259346
415.831451,249.678131,99.309906,64.259346
413.629761,251.404495,101.296104,65.544533
413.337982,253.368179,101.296104,65.544533
412.717621,255.673691,101.296104,65.544533
411.197510,258.598694,101.296104,65.544533
405.720764,253.309219,101.296104,65.544533
406.129395,254.497696,101.296104,65.544533
407.951813,255.216629,101.296104,65.544533
409.006989,255.716782,101.296104,65.544533
409.726318,256.267365,101.296104,65.544533
409.692657,256.940002,101.296104,65.544533
410.371674,258.212250,101.296104,65.544533
412.376495,258.436829,101.296104,65.544533
431.528931,232.256210,101.296104,65.544533
437.043945,232.990494,101.296104,65.544533
442.050812,236.861313,101.296104,65.544533
442.913055,239.505234,101.296104,65.544533
450.665833,243.454880,101.296104,65.544533
427.021637,258.893982,103.322021,66.855423
431.530426,260.613342,103.322021,66.855423
435.773773,260.941895,101.296104,65.544533
441.606903,266.375671,101.296104,65.544533
444.894684,268.718933,101.296104,65.544533
449.222992,270.654907,101.296104,65.544533
453.535675,271.853027,101.296104,65.544533
455.373688,271.712067,101.296104,65.544533
456.845581,273.099396,101.296104,65.544533
461.040588,276.056885,101.296104,65.544533
464.351105,277.186981,101.296104,65.544533
465.895721,275.965881,101.296104,65.544533
465.852753,277.051483,101.296104,65.544533
466.707977,276.711884,101.296104,65.544533
468.146942,276.150757,101.296104,65.544533
469.823273,275.802948,101.296104,65.544533
472.697296,276.381348,99.309906,64.259346
476.990143,281.915588,99.309906,64.259346
479.095428,280.250397,99.309906,64.259346
480.658966,280.214691,99.309906,64.259346
511.330414,291.640869,99.309906,64.259346
511.676849,295.546753,99.309906,64.259346
510.920441,297.112183,99.309906,64.259346
505.537720,289.579224,114.188362,73.886589
506.911102,292.302826,113.851524,73.668633
461.031128,144.676682,108.822365,70.414474
460.207764,143.667755,108.873528,70.447578
461.408936,143.343506,108.720184,70.348358
460.693695,143.124832,109.130066,70.613571
461.265198,143.522720,108.720184,70.348358
461.053650,144.319122,108.873528,70.447578
461.056122,144.161804,108.975998,70.513885
490.928558,242.212845,138.667068,89.725746
489.439270,243.138290,139.083481,89.995193
490.956451,246.023819,138.667068,89.725746
491.423065,254.335861,137.269714,88.821579
488.935150,254.379837,137.923767,89.244789
487.260590,258.208466,136.945007,88.611473
461.466064,143.311523,108.669167,70.315346
462.438232,144.392624,108.414795,70.150749
463.598358,142.846252,108.516403,70.216492
462.814758,143.607452,108.567276,70.249413
463.783630,144.121338,108.567276,70.249413
465.249023,143.636322,108.414795,70.150749
465.402344,144.220963,108.465576,70.183609
477.785706,169.148651,109.284569,70.713547
467.334167,143.796860,108.720184,70.348358
467.424255,144.278229,108.669167,70.315346
469.013550,144.623062,108.720184,70.348358
478.046082,172.655746,109.698723,70.981522
478.225159,172.791412,109.698723,70.981522
476.924316,171.665390,109.750710,71.015167
475.824402,172.035217,109.750710,71.015167
465.829193,265.972961,127.518723,82.512115
464.641510,265.185455,125.107506,80.951920
463.945068,266.693878,116.135406,75.146439
456.763428,258.265869,114.132088,73.850174
454.295593,259.534515,114.527199,74.105835
449.726929,258.558136,115.960945,75.033554
442.024261,259.956116,117.252655,75.869370
397.908264,274.184143,122.202637,79.072296
394.583649,267.897827,121.561157,78.657219
324.359863,274.462433,133.703232,86.513855
414.364868,279.420258,123.440300,79.873131
412.342773,280.845245,123.704063,80.043800
413.297211,276.356781,127.029076,82.195282
415.574646,282.163544,124.502151,80.560219
415.039551,278.790833,124.837738,80.777359
416.774414,280.236816,124.837738,80.777359
417.107910,283.627808,124.837738,80.777359
418.756134,285.982666,124.837738,80.777359
418.836029,288.501892,124.837738,80.777359
419.448730,288.633514,124.837738,80.777359
421.197510,286.826080,124.837738,80.777359
420.184387,286.945099,122.389938,79.193489
417.562286,289.263062,119.990135,77.640678
416.735626,290.426086,117.637390,76.118309
414.239380,290.764954,115.330772,74.625793
411.469513,288.652893,115.330772,74.625793
407.789032,286.342133,115.330772,74.625793
405.237396,283.469269,115.330772,74.625793
402.681793,280.418182,115.330772,74.625793
400.071472,275.168060,115.330772,74.625793
398.503693,268.049835,115.330772,74.625793
396.114441,259.452911,115.330772,74.625793
396.098694,252.191284,115.330772,74.625793
397.224762,246.978638,115.330772,74.625793
395.956299,243.971832,115.330772,74.625793
395.969269,241.369293,115.330772,74.625793
396.610535,238.449463,115.330772,74.625793
398.122345,236.730194,113.069382,73.162544
398.757538,234.900848,113.069382,73.162544
398.710175,233.075287,113.069382,73.162544
399.077667,231.864594,113.069382,73.162544
401.295074,232.918228,110.852333,71.727982
402.096130,233.409195,110.852333,71.727982
401.256378,232.162323,113.069382,73.162544
404.655060,234.302414,110.852333,71.727982
404.880157,233.285797,113.069382,73.162544
409.714294,233.013672,113.069382,73.162544
412.355103,232.537201,113.069382,73.162544
416.930206,229.811584,113.069382,73.162544
420.528595,228.690521,113.069382,73.162544
424.867798,227.271057,113.069382,73.162544
431.576385,228.739944,110.852333,71.727982
436.279083,229.327927,110.852333,71.727982
442.734802,232.518936,110.852333,71.727982
446.325653,235.035049,110.852333,71.727982
452.279755,235.695114,110.852333,71.727982
456.452667,237.835098,110.852333,71.727982
461.748688,239.123245,110.852333,71.727982
463.977142,242.138092,113.069382,73.162544
470.259186,242.131378,113.069382,73.162544
475.984344,246.486267,113.069382,73.162544
480.506195,249.814606,115.330772,74.625793
484.706635,253.342712,115.330772,74.625793
490.252777,258.010681,115.330772,74.625793
496.516205,259.167206,115.330772,74.625793
499.188507,260.237671,115.330772,74.625793
505.173859,263.132507,113.069382,73.162544
506.540314,264.225739,113.069382,73.162544
508.324860,266.268921,113.069382,73.162544
515.953491,271.491547,110.852333,71.727982
515.905701,271.560638,108.678764,70.321548
513.782227,274.879639,106.547806,68.942696
512.880432,278.587708,104.458633,67.590881
511.932983,281.299469,104.458633,67.590881
513.184631,282.554443,104.458633,67.590881
518.191895,288.071320,104.458633,67.590881
516.512695,289.855865,102.410423,66.265572
516.078491,290.890076,100.402374,64.966248
514.273254,291.400574,100.402374,64.966248
509.709198,290.734375,100.402374,64.966248
505.731415,289.402405,100.402374,64.966248
499.379608,289.487579,100.402374,64.966248
492.586823,289.466949,100.402374,64.966248
486.195648,289.116638,100.402374,64.966248
479.718964,288.804657,100.402374,64.966248
474.005524,288.000671,100.402374,64.966248
463.944611,287.865448,100.402374,64.966248
457.156372,290.411926,100.402374,64.966248
455.767090,297.364777,100.402374,64.966248
450.735748,297.376587,98.433701,63.692394
446.648254,297.301849,96.503632,62.443527
443.351440,298.173248,94.611404,61.219143
442.982849,302.714783,94.611404,61.219143
440.080109,304.281677,94.611404,61.219143
438.081512,305.399078,94.611404,61.219143
435.343109,306.921143,94.611404,61.219143
434.116821,311.164307,94.611404,61.219143
428.062469,312.652893,94.611404,61.219143
426.751892,318.984680,94.611404,61.219143
422.942108,324.231445,94.611404,61.219143
418.907043,330.317474,94.611404,61.219143
414.631592,336.095825,94.611404,61.219143
411.016907,339.344666,94.611404,61.219143
405.835419,343.753174,94.611404,61.219143
401.174072,343.923584,94.611404,61.219143
397.008301,344.046753,96.503632,62.443527
391.663452,344.246246,96.503632,62.443527
387.099030,342.343536,98.433701,63.692394
384.387970,342.164948,98.433701,63.692394
383.051605,340.420685,100.402374,64.966248
382.912018,339.772278,100.402374,64.966248
255.503159,328.502716,229.964249,148.800400
264.157501,331.782990,197.504471,127.797012
269.671051,331.002197,197.504471,127.797012
279.173431,325.999512,201.454575,130.352951
283.360443,324.060974,205.483658,132.960007
290.438904,319.230652,209.593338,135.619217
300.696167,317.953461,213.785202,138.331604
310.747101,316.531830,218.060898,141.098236
321.624237,315.771210,218.060898,141.098236
332.360687,315.468018,218.060898,141.098236
346.380890,316.738159,218.060898,141.098236
362.378204,320.219055,218.060898,141.098236
379.476013,326.735352,218.060898,141.098236
394.126617,328.096375,222.422119,143.920197
408.434448,329.350861,222.422119,143.920197
420.838257,328.617798,222.422119,143.920197
430.622345,326.724121,226.870560,146.798599
443.955170,325.687897,226.870560,146.798599
459.342468,325.432648,222.422119,143.920197
467.472046,326.401398,222.422119,143.920197
469.477905,326.049927,222.422119,143.920197
470.163635,324.887878,222.422119,143.920197
476.990662,327.012909,218.060898,141.098236
479.968689,327.632294,218.060898,141.098236
482.667297,327.556824,218.060898,141.098236
484.866638,327.737061,218.060898,141.098236
487.741211,328.440735,218.060898,141.098236
490.359863,328.104858,218.060898,141.098236
493.243652,327.288574,218.060898,141.098236
495.765320,327.075256,218.060898,141.098236
500.441528,327.089508,218.060898,141.098236
503.516846,326.671570,218.060898,141.098236
512.706055,325.178192,218.060898,141.098236
518.377991,328.348206,213.785202,138.331604
523.904297,329.925690,209.569229,135.603622
527.369385,330.689453,204.932739,132.603546
479.546753,315.768311,212.064102,137.217941
380.548859,317.111786,193.139282,124.972481
380.442780,315.619751,195.421097,126.448944
379.734070,315.238892,195.421097,126.448944
377.616760,310.559662,203.492096,131.671356
380.263031,311.351074,197.757477,127.960716
381.517609,312.816498,200.496964,129.733337
380.679504,312.244354,199.805008,129.285583
380.193237,310.952942,200.323532,129.621109
381.431732,310.390472,199.117798,128.840927
378.746613,308.412384,199.289154,128.951813
377.025726,310.817566,198.605484,128.509430
374.390472,312.687927,200.844757,129.958374
372.924438,316.215302,204.029953,132.019379
373.517395,318.939423,203.313431,131.555756
373.745087,317.782349,205.296097,132.838654
378.781281,319.418793,205.296097,132.838654
379.846924,318.448853,205.660751,133.074600
386.319824,316.799469,205.660751,133.074600
392.096130,317.583832,204.751541,132.486298
398.334503,316.964874,204.390121,132.252426
402.537567,321.110809,204.209869,132.135803
406.302216,319.555878,203.671066,131.787155
408.349457,320.749420,202.779327,131.210159
409.410461,320.916962,202.601929,131.095367
412.451080,324.279938,200.670715,129.845749
413.129395,326.898560,199.460815,129.062881
413.997681,330.215973,199.460815,129.062881
414.458557,332.183868,199.460815,129.062881
414.761658,332.723297,199.460815,129.062881
415.426208,331.618713,199.460815,129.062881
415.192566,330.985504,199.460815,129.062881
415.449402,329.511078,199.460815,129.062881
415.260498,328.099091,199.460815,129.062881
415.932434,326.134308,199.460815,129.062881
418.741089,324.611786,195.549820,126.532234
417.827332,319.740417,195.549820,126.532234
415.591675,313.714233,195.549820,126.532234
412.948822,307.957794,195.549820,126.532234
413.167542,301.128998,195.549820,126.532234
396.599823,288.634186,195.549820,126.532234
396.067322,277.395660,191.715500,124.051208
396.741760,270.454987,191.715500,124.051208
395.080078,263.952911,187.956375,121.618828
388.816193,262.330475,187.956375,121.618828
390.495239,251.943405,184.270950,119.234146
390.451416,244.624954,184.270950,119.234146
385.538361,239.031662,184.270950,119.234146
382.724274,233.366928,184.270950,119.234146
382.213043,227.665756,184.270950,119.234146
386.055542,222.585251,180.657806,116.896225
384.583191,218.098663,177.115494,114.604141
383.619324,217.686737,177.115494,114.604141
381.484070,218.081635,177.115494,114.604141
376.273560,222.323151,173.642639,112.357002
382.086456,249.729279,170.237885,110.153923
375.595978,248.790314,170.237885,110.153923
367.747803,244.876404,170.237885,110.153923
356.354187,241.305115,170.237885,110.153923
348.737122,240.167389,170.237885,110.153923
345.662018,239.972198,170.237885,110.153923
342.496460,239.245819,170.237885,110.153923
342.371307,240.454544,166.899887,107.994041
340.559998,240.870865,166.899887,107.994041
338.431946,239.773209,166.899887,107.994041
340.559814,238.834351,163.627335,105.876511
340.700256,236.836914,163.627335,105.876511
343.175079,233.742371,163.627335,105.876511
346.955750,234.182587,163.627335,105.876511
345.638214,231.244980,166.899887,107.994041
348.398956,226.105942,166.899887,107.994041
350.271149,226.412918,166.899887,107.994041
348.451263,225.974167,166.899887,107.994041
352.711731,222.387756,163.627335,105.876511
354.826263,213.830536,163.627335,105.876511
356.352631,212.816330,160.418961,103.800499
361.935669,204.636307,160.418961,103.800499
362.346497,197.635010,160.418961,103.800499
365.466492,188.658859,160.418961,103.800499
370.255371,185.570114,160.418961,103.800499
365.878540,180.452850,160.418961,103.800499
370.316010,181.837738,157.273483,101.765198
374.046814,176.034988,157.273483,101.765198
374.337646,172.669006,157.273483,101.765198
374.824066,170.581573,157.273483,101.765198
376.104614,164.299896,157.273483,101.765198
376.674774,162.725983,157.273483,101.765198
379.607819,162.322830,157.273483,101.765198
379.369476,164.074097,157.273483,101.765198
381.586914,163.413254,154.189697,99.769798
460.086548,264.856659,154.189697,99.769798
461.241211,263.071625,154.189697,99.769798
464.859314,256.517395,154.189697,99.769798
466.215088,250.844650,154.189697,99.769798
464.227417,246.338516,154.189697,99.769798
435.093872,296.195618,154.189697,99.769798
397.953888,326.930115,154.189697,99.769798
402.405518,331.120636,154.189697,99.769798
402.420502,332.279327,154.189697,99.769798
399.858459,331.567261,154.189697,99.769798
396.358673,330.799164,154.189697,99.769798
391.103943,332.029419,151.166367,97.813530
389.347534,330.506012,151.166367,97.813530
390.004211,329.519165,151.166367,97.813530
391.155701,329.620392,151.166367,97.813530
393.408752,331.236115,151.166367,97.813530
395.793274,333.184875,151.166367,97.813530
398.798035,335.912689,151.166367,97.813530
400.997437,337.695404,151.166367,97.813530
401.959991,337.211853,151.166367,97.813530
402.025970,335.108978,151.166367,97.813530
402.785431,333.794128,148.202316,95.895622
404.830841,333.443848,145.296387,94.015312
404.707031,331.612244,145.296387,94.015312
405.878296,329.993042,145.296387,94.015312
408.138672,324.141510,145.296387,94.015312
410.910980,320.861176,145.296387,94.015312
414.489929,316.827454,145.296387,94.015312
417.331818,315.375000,145.296387,94.015312
420.685120,310.982178,145.296387,94.015312
422.114441,309.418030,145.296387,94.015312
425.321991,307.866638,142.447449,92.171875
426.032623,308.262054,142.447449,92.171875
431.771271,306.473999,142.447449,92.171875
444.722137,298.551849,139.654358,90.364586
432.445984,320.263641,139.654358,90.364586
404.699524,356.973297,142.447449,92.171875
413.816284,351.925659,142.447449,92.171875
418.004761,346.473053,145.296387,94.015312
427.418121,345.592682,142.447449,92.171875
429.351837,344.332275,142.447449,92.171875
431.027374,341.677155,142.447449,92.171875
435.268646,341.806122,142.447449,92.171875
434.790405,340.121460,145.296387,94.015312
432.856323,338.673737,148.202316,95.895622
439.052216,331.713593,148.202316,95.895622
436.957092,328.044861,151.166367,97.813530
441.581360,329.322479,151.166367,97.813530
444.469849,322.311096,151.166367,97.813530
445.359375,313.238800,151.166367,97.813530
450.109039,307.378632,148.202316,95.895622
443.037170,304.833130,151.166367,97.813530
443.189789,305.234772,148.202316,95.895622
443.413513,308.902405,151.166367,97.813530
441.162659,311.001526,151.166367,97.813530
441.101196,312.269043,151.166367,97.813530
440.814758,310.989349,151.166367,97.813530
442.142578,311.185333,151.166367,97.813530
444.814789,311.592773,148.202316,95.895622
446.434235,311.218201,148.202316,95.895622
445.618927,310.036560,148.202316,95.895622
448.824371,312.411621,148.202316,95.895622
455.222839,314.421204,145.296387,94.015312
462.252563,317.057312,145.296387,94.015312
468.783356,319.095551,142.447449,92.171875
472.074860,320.785919,142.447449,92.171875
479.816284,321.829803,136.916031,88.592728
485.873260,323.444855,134.231400,86.855614
490.740326,326.844116,134.231400,86.855614
495.731049,333.393738,131.599411,85.152565
507.932281,340.717102,131.599411,85.152565
516.687866,345.951111,129.019043,83.482910
521.944397,352.369080,131.599411,85.152565
482.209747,249.196915,206.762497,133.787506
485.800079,253.199448,206.210144,133.430099
485.504395,254.327209,206.393936,133.549026
479.067871,255.265793,208.813339,135.114517
477.997925,254.995590,210.713379,136.343948
481.653076,256.819977,214.024033,138.486130
479.468567,259.660126,211.290146,136.717148
476.797546,258.772797,214.024033,138.486130
479.995239,263.088837,211.676422,136.967087
476.863525,264.916870,212.843750,137.722427
476.531128,270.250854,213.826401,138.358261
480.887390,276.160767,212.843750,137.722427
482.712280,278.044220,213.235733,137.976059
485.690430,278.219818,212.064102,137.217941
483.466980,273.088654,212.064102,137.217941
494.422455,278.200897,211.483109,136.842010
493.109436,272.309540,212.064102,137.217941
501.467865,273.203308,210.521820,136.220001
496.486938,264.380615,211.097534,136.592529
477.669312,303.713104,208.813339,135.114517
478.505829,304.130219,209.190613,135.358627
476.911743,302.712341,209.001801,135.236465
479.123108,301.348175,209.379745,135.481018
480.063263,300.863037,209.190613,135.358627
482.371796,297.161896,208.437439,134.871292
487.634491,308.005432,208.437439,134.871292
487.187958,307.885529,209.190613,135.358627
485.402618,308.504181,209.190613,135.358627
486.967773,308.522217,208.250000,134.750000
487.393799,311.986908,208.062897,134.628937
484.652283,311.610870,208.813339,135.114517
482.640259,310.840790,209.379745,135.481018
482.665527,313.901154,207.876129,134.508072
481.581085,314.141113,208.437439,134.871292
477.972656,317.076935,206.393936,133.549026
562.174316,353.997437,126.612358,81.925644
545.574768,340.543793,191.859161,124.144157
536.088989,341.778107,196.749359,127.308411
525.909180,342.203827,198.605484,128.509430
493.323120,369.679993,191.859161,124.144157
484.953369,371.758270,191.859161,124.144157
456.408844,253.736740,209.190613,135.358627
467.273987,377.399048,193.785767,125.390793
457.448425,262.890686,210.713379,136.343948
451.913452,260.014526,211.290146,136.717148
447.603241,260.329376,212.453217,137.469727
449.088348,259.948578,211.870087,137.092407
447.915222,262.447205,213.039566,137.849121
450.574097,274.981110,214.024033,138.486130
452.128815,279.066681,216.222229,139.908493
459.610504,283.712463,215.017639,139.129059
460.951263,286.945984,215.017639,139.129059
474.992432,283.379211,215.819199,139.647720
471.977264,295.416809,217.032806,140.432983
470.334503,302.230927,215.618256,139.517685
470.485535,309.001892,214.024033,138.486130
468.045929,312.884033,214.420364,138.742599
466.450775,318.027191,214.818176,139.000000
459.694641,324.776886,212.648300,137.595963
424.300323,307.357361,203.313431,131.555756
420.849579,306.669983,203.313431,131.555756
387.034210,278.796234,199.977554,129.397232
413.861267,300.863220,199.289154,128.951813
340.147797,274.107971,194.763672,126.023552
339.750916,268.428772,197.252136,127.633728
336.588013,267.126587,199.289154,128.951813
336.873993,275.249451,192.978333,124.868332
334.072266,285.091064,193.785767,125.390793
443.515472,162.705795,157.640579,102.002724
445.154053,163.884521,157.426239,101.864037
384.084686,280.344757,198.265411,128.289383
380.599731,277.425903,198.775970,128.619736
376.863190,288.333038,201.543945,130.410797
373.196350,295.714996,197.252136,127.633728
371.277832,288.231781,200.496964,129.733337
367.702148,290.455200,202.957062,131.325150
366.478302,293.625214,200.844757,129.958374
362.930054,297.017822,198.265411,128.289383
353.931091,304.974426,198.435303,128.399307
350.816406,306.704956,196.249146,126.984749
350.963867,309.027008,197.084259,127.525108
350.036316,307.000427,197.252136,127.633728
347.237671,306.085541,198.095810,128.179642
392.306915,274.212311,189.349136,122.520035
352.980835,301.566406,196.582336,127.200340
351.486542,301.466736,196.415604,127.092453
389.729156,274.011871,190.439148,123.225327
384.564362,280.981873,191.383469,123.836365
345.366333,298.384003,198.095810,128.179642
375.905121,283.694885,192.817657,124.764366
290.599487,320.597473,191.700333,124.041389
277.514099,311.682434,191.700333,124.041389
316.979340,281.251343,193.623749,125.285950
317.478607,277.202087,193.785767,125.390793
318.486481,272.960419,194.273483,125.706375
316.090790,269.075500,194.273483,125.706375
313.298462,268.172150,197.084259,127.525108
442.135559,155.849854,159.048080,102.913460
442.540100,162.897049,158.287079,102.421051
308.622467,273.018433,199.805008,129.285583
459.083923,89.788979,159.048080,102.913460
464.693726,253.686874,163.310303,105.671371
462.720703,264.161652,163.195206,105.596901
458.928589,269.851440,162.736465,105.300072
442.134949,161.910797,158.178955,102.351089
441.371521,163.040878,158.287079,102.421051
423.660461,116.300621,156.892960,101.518967
442.464294,161.118149,158.287079,102.421051
443.826874,161.258072,158.395355,102.491112
631.461914,334.223328,110.378456,71.421356
443.035156,162.751297,158.287079,102.421051
444.880646,159.628372,158.395355,102.491112
443.147675,332.882355,184.668259,119.491226
445.354645,335.131256,183.062454,118.452171
442.455994,160.933075,158.287079,102.421051
461.585388,329.848389,180.073090,116.517883
444.117157,161.401428,158.395355,102.491112
301.603638,224.474731,172.046066,111.323921
303.562866,224.794769,171.918335,111.241280
337.558685,342.316345,191.383469,123.836365
337.367889,336.002930,194.763672,126.023552
342.254517,331.836029,194.110641,125.601006
346.109894,330.299591,194.110641,125.601006
350.185425,330.457062,190.304550,123.138245
354.270813,330.891235,186.573090,120.723763
355.712799,329.026611,182.914795,118.356636
357.309845,325.614807,182.914795,118.356636
362.981110,324.155151,179.328232,116.035912
367.160553,320.849304,175.811996,113.760704
372.084961,317.102570,175.811996,113.760704
382.169464,315.031647,172.364700,111.530098
386.831543,312.172668,172.364700,111.530098
389.406952,310.001709,172.364700,111.530098
397.368683,306.221588,172.364700,111.530098
401.512024,302.255463,172.364700,111.530098
403.858887,296.393219,172.364700,111.530098
407.365967,288.133667,172.364700,111.530098
410.424988,286.878204,172.364700,111.530098
412.299011,284.432251,172.364700,111.530098
413.190216,279.842896,172.364700,111.530098
417.053253,274.538483,172.364700,111.530098
425.721161,270.779663,172.364700,111.530098
438.053619,262.109772,172.364700,111.530098
449.225189,254.656067,172.364700,111.530098
463.625488,249.137436,168.985001,109.343231
475.699951,245.047348,168.985001,109.343231
482.180603,238.650375,168.985001,109.343231
490.845276,233.218002,168.985001,109.343231
499.315125,228.718674,168.985001,109.343231
507.267578,222.670425,168.985001,109.343231
516.650696,217.283493,165.671570,107.199249
529.707031,213.807159,162.423111,105.097305
535.131836,213.050629,159.238342,103.036575
539.364868,209.440582,159.238342,103.036575
545.556580,210.077423,162.423111,105.097305
553.390869,210.831955,165.671570,107.199249
566.912659,242.477264,162.423111,105.097305
568.335510,234.630035,162.423111,105.097305
574.370361,238.337616,159.238342,103.036575
583.313232,237.641724,159.238342,103.036575
593.116272,237.020508,159.238342,103.036575
606.017944,239.261841,156.116013,101.016243
613.080017,239.199432,156.116013,101.016243
616.803528,242.010315,156.116013,101.016243
618.820190,240.546051,153.054916,99.035538
628.373779,230.810471,150.053848,97.093666
628.890137,228.038879,147.111603,95.189865
679.753174,234.791016,112.251091,72.633057
683.439026,235.244446,111.979691,72.457443
674.337402,218.581833,111.655739,72.247833
630.937073,286.414581,111.173309,71.935669
568.798828,243.752426,203.850357,131.903168
572.890381,232.982178,206.026688,133.311386
571.804138,222.868378,204.390121,132.252426
573.052490,211.131897,202.424820,130.980774
593.863342,215.570892,204.209869,132.135803
595.563232,207.188049,206.393936,133.549026
597.732910,197.845917,210.139740,135.972778
631.588623,297.808533,111.333656,72.039421
426.784149,111.580894,162.622192,105.226120
793.719910,179.207581,66.697578,43.157257
632.769653,295.957367,111.925568,72.422424
783.116943,47.853626,150.053848,97.093666
518.879517,105.791199,196.082977,126.877220
516.256226,105.764076,199.977554,129.397232
516.326477,119.260109,199.977554,129.397232
517.905884,119.090324,202.071548,130.752182
503.636719,115.833328,203.492096,131.671356
500.507812,115.706047,204.390121,132.252426
498.958649,118.817780,206.578049,133.668152
496.894836,121.610451,209.949234,135.849503
497.128510,126.189407,211.870087,137.092407
503.542023,133.359039,215.417679,139.387909
379.410095,189.514725,214.420364,138.742599
379.877472,196.459442,216.424301,140.039246
380.193115,209.738510,218.466034,141.360382
276.387177,123.370384,162.280304,105.004906
503.340057,171.655457,191.383469,123.836365
381.567566,213.907806,212.064102,137.217941
382.327545,240.829102,212.064102,137.217941
385.006836,258.451080,212.064102,137.217941
375.259094,272.955078,216.305389,139.962311
416.937836,272.388306,216.305389,139.962311
415.473114,268.404755,216.305389,139.962311
416.095856,266.974121,216.305389,139.962311
417.169708,266.498444,216.305389,139.962311
420.905396,267.833618,212.064102,137.217941
396.054626,320.226349,212.064102,137.217941
407.837555,323.641266,207.905975,134.527405
414.970306,336.895569,203.829391,131.889603
425.772217,340.182190,199.832733,129.303543
431.764282,349.041595,195.914444,126.768173
445.820679,350.574219,195.914444,126.768173
457.000549,353.134674,195.914444,126.768173
463.809998,354.534668,195.914444,126.768173
463.388000,357.263092,195.914444,126.768173
454.327026,358.142517,195.914444,126.768173
442.148804,356.002380,195.914444,126.768173
427.260925,347.826691,195.914444,126.768173
413.352661,337.471405,195.914444,126.768173
402.062897,325.238373,195.914444,126.768173
393.228394,310.958832,195.914444,126.768173
383.129456,297.844116,195.914444,126.768173
371.663483,287.694122,195.914444,126.768173
365.053925,279.747986,195.914444,126.768173
357.594086,277.121643,195.914444,126.768173
354.074249,268.029907,195.914444,126.768173
339.956879,263.329041,195.914444,126.768173
337.455444,261.148438,195.914444,126.768173
336.804077,260.688934,195.914444,126.768173
349.074524,264.739746,195.914444,126.768173
349.407959,267.491760,195.914444,126.768173
344.778778,262.384613,195.914444,126.768173
348.983337,265.440765,195.914444,126.768173
346.947662,264.495148,195.914444,126.768173
346.449982,263.746246,195.914444,126.768173
343.145996,262.224609,195.914444,126.768173
340.946503,261.236267,199.832733,129.303543
339.275543,257.236481,199.832733,129.303543
338.391815,255.317780,199.832733,129.303543
338.345490,254.446350,199.832733,129.303543
340.639893,251.592377,199.832733,129.303543
343.853333,249.608368,199.832733,129.303543
348.130493,248.539825,199.832733,129.303543
352.676849,245.542694,195.914444,126.768173
360.033691,240.522583,195.914444,126.768173
371.150269,241.971954,192.072998,124.282524
380.310699,243.440536,188.306854,121.845612
390.338226,245.782196,184.614563,119.456482
399.342529,245.028625,180.994675,117.114197
407.695496,242.632019,180.994675,117.114197
410.294708,241.451202,180.994675,117.114197
413.141052,243.975784,177.445755,114.817841
414.038727,246.661209,177.445755,114.817841
413.779053,249.091568,177.445755,114.817841
412.541260,250.775253,177.445755,114.817841
411.815979,253.169479,177.445755,114.817841
411.273163,256.292603,177.445755,114.817841
412.587006,259.150879,177.445755,114.817841
411.857300,262.390686,177.445755,114.817841
413.027222,268.036499,177.445755,114.817841
411.872192,274.697998,173.966431,112.566513
410.076569,280.120758,177.445755,114.817841
407.686127,281.481598,180.994675,117.114197
405.531586,285.526978,180.994675,117.114197
402.532349,286.207947,184.614563,119.456482
396.443329,286.683960,188.306854,121.845612
382.246063,284.623627,195.914444,126.768173
382.528320,284.578308,195.914444,126.768173
382.721436,283.843170,195.914444,126.768173
378.856293,283.163574,195.914444,126.768173
469.885437,245.094711,202.957062,131.325150
788.163513,177.614822,65.397911,42.316296
788.648010,178.167892,65.360992,42.292408
788.255432,217.457092,67.045166,43.382164
776.190247,219.767273,65.601700,42.448158
342.568176,314.616699,174.904831,113.173714
788.094055,216.470291,67.514282,43.685715
345.351379,15.367175,170.024963,110.016151
790.791138,167.052490,65.397911,42.316296
789.631531,179.599106,65.397911,42.316296
806.763489,148.181549,69.437485,44.930134
790.102112,177.377899,65.379448,42.304348
789.190918,216.723129,67.455284,43.647537
788.272339,213.110825,67.239838,43.508129
786.131104,216.072586,67.731499,43.826263
329.584930,324.643127,173.204193,112.073296
788.829895,178.228165,65.397911,42.316296
320.221893,228.139160,200.323532,129.621109
322.377258,229.471466,204.390121,132.252426
325.577820,228.617538,205.114258,132.720993
314.234680,215.222809,189.349136,122.520035
315.693176,212.534546,191.541763,123.938789
323.541138,207.395020,188.578171,122.021172
346.240540,185.123642,184.227524,119.206047
369.323425,172.555466,160.592239,103.912621
366.544891,170.794418,160.592239,103.912621
372.496674,170.070786,160.592239,103.912621
375.163147,173.533768,157.443359,101.875122
371.817780,174.643311,157.443359,101.875122
365.808716,179.004852,157.443359,101.875122
355.037933,180.882416,157.443359,101.875122
348.169189,184.215195,157.443359,101.875122
334.800110,189.310669,157.443359,101.875122
333.599365,191.670654,157.443359,101.875122
330.351318,190.763855,157.443359,101.875122
329.229218,189.195297,157.443359,101.875122
330.915833,189.906143,157.443359,101.875122
332.366577,193.875397,157.443359,101.875122
329.113312,202.727844,157.443359,101.875122
333.821808,213.792511,154.356247,99.877571
333.018127,212.689819,154.356247,99.877571
331.008636,213.666290,154.356247,99.877571
332.405609,216.862213,154.356247,99.877571
331.210052,218.467529,154.356247,99.877571
328.887756,220.760773,154.356247,99.877571
329.052582,225.489807,154.356247,99.877571
327.984741,227.273254,154.356247,99.877571
326.355774,227.111603,154.356247,99.877571
324.457489,228.553894,157.443359,101.875122
322.881165,231.809174,157.443359,101.875122
323.545898,234.250244,157.443359,101.875122
320.286713,234.202148,157.443359,101.875122
320.260498,240.687897,157.443359,101.875122
323.172485,244.260498,157.443359,101.875122
323.488617,246.988281,157.443359,101.875122
321.091034,249.323975,157.443359,101.875122
318.480988,250.696777,157.443359,101.875122
316.016022,252.940887,157.443359,101.875122
311.626434,253.729782,160.592239,103.912621
310.069153,255.874619,160.592239,103.912621
307.921997,256.836426,160.592239,103.912621
307.768005,258.663727,160.592239,103.912621
311.753540,262.547943,160.592239,103.912621
312.720734,263.459656,163.804077,105.990875
316.473999,266.724884,163.804077,105.990875
319.091248,268.619415,167.080154,108.110695
321.580048,267.617859,170.421768,110.272903
326.321472,270.237640,170.421768,110.272903
331.155029,272.067291,170.421768,110.272903
336.275116,274.684906,170.421768,110.272903
344.618439,280.219940,170.421768,110.272903
344.554169,281.312897,170.421768,110.272903
350.488678,282.121338,170.421768,110.272903
350.520691,289.327362,170.421768,110.272903
355.317535,295.431152,167.080154,108.110695
356.999664,298.731934,170.421768,110.272903
358.640533,300.910034,170.421768,110.272903
361.199677,302.247131,170.421768,110.272903
364.351440,305.328827,170.421768,110.272903
366.801971,307.704590,170.421768,110.272903
367.428986,310.919373,170.421768,110.272903
368.808167,311.385986,170.421768,110.272903
369.988861,313.771545,170.421768,110.272903
373.314545,317.670776,167.080154,108.110695
374.885315,320.136139,167.080154,108.110695
374.032532,321.642029,167.080154,108.110695
372.604126,323.942963,163.804077,105.990875
371.380310,326.006653,163.804077,105.990875
370.573090,326.904633,163.804077,105.990875
372.130035,330.332092,163.804077,105.990875
373.147369,333.826660,163.804077,105.990875
446.096985,264.267700,163.804077,105.990875
452.281494,276.587189,163.804077,105.990875
449.261993,284.922821,167.080154,108.110695
449.094482,290.549011,170.421768,110.272903
451.705872,296.337402,170.421768,110.272903
429.885742,307.518066,170.421768,110.272903
430.293396,312.866180,170.421768,110.272903
430.820740,313.650787,170.421768,110.272903
430.801941,317.487854,170.421768,110.272903
429.869568,321.469208,170.421768,110.272903
428.298462,322.776154,170.421768,110.272903
427.031250,328.142303,170.421768,110.272903
217.726105,167.739441,95.850166,62.020695
787.933716,181.393204,65.232109,42.209015
377.545227,231.610123,203.135086,131.440353
379.483246,232.225220,204.570679,132.369263
387.406097,233.297531,206.210144,133.430099
376.612457,226.125259,205.843552,133.192886
382.848969,222.806290,207.132385,134.026840
379.592468,225.222275,207.132385,134.026840
399.616943,284.166077,207.876129,134.508072
393.917480,286.075562,206.947281,133.907059
418.442566,233.053741,212.064102,137.217941
420.861115,236.019836,212.453217,137.469727
423.267700,237.088181,204.932739,132.603546
429.000732,245.066391,213.432251,138.103226
390.664062,238.542130,201.719513,130.524384
392.079010,245.619247,202.071548,130.752182
434.483734,266.601715,212.258484,137.343719
430.865387,270.026276,212.258484,137.343719
395.297272,271.025848,202.248032,130.866379
394.222961,275.496552,200.844757,129.958374
400.228882,277.720612,202.248032,130.866379
400.274170,284.196960,199.289154,128.951813
401.743896,287.504730,203.313431,131.555756
403.116669,293.888489,200.844757,129.958374
430.891296,307.362244,206.947281,133.907059
428.590271,313.430145,206.947281,133.907059
428.911346,318.877808,204.751541,132.486298
428.710754,326.654266,202.957062,131.325150
186.052704,198.998474,155.627686,100.700272
453.308411,249.682236,192.657242,124.660568
189.713470,198.612961,156.999329,101.587799
302.369720,245.734085,185.556091,120.065704
190.248657,196.230789,155.837143,100.835800
434.828766,235.641998,185.704895,120.161987
431.959229,231.385269,192.657242,124.660568
417.814087,305.825287,201.719513,130.524384
433.985657,244.594513,191.859161,124.144157
432.486237,248.369614,197.504471,127.797012
184.877380,204.524475,156.257767,101.107964
432.553253,242.503235,194.110641,125.601006
431.245789,237.274460,198.605484,128.509430
432.040039,237.782700,196.082977,126.877220
432.588013,235.340775,197.757477,127.960716
431.789612,234.678635,201.193741,130.184189
437.877228,236.084808,201.019104,130.071182
441.541779,234.293488,200.323532,129.621109
441.645355,230.998566,198.775970,128.619736
449.793945,230.128616,197.926498,128.070084
451.258392,224.156967,194.273483,125.706375
331.736664,254.390213,201.368698,130.297394
335.028839,252.248260,199.632751,129.174133
331.978302,251.041382,199.632751,129.174133
333.243561,250.118134,199.632751,129.174133
339.773438,248.309570,199.632751,129.174133
341.165649,247.001862,199.632751,129.174133
340.424774,244.576111,199.632751,129.174133
339.567047,242.451172,199.632751,129.174133
339.462860,243.479004,199.632751,129.174133
340.197144,245.099091,199.632751,129.174133
342.271454,246.915955,199.632751,129.174133
345.051270,244.764008,199.632751,129.174133
347.707092,242.176453,199.632751,129.174133
350.330231,241.853134,195.718384,126.641312
358.354614,247.670151,195.718384,126.641312
366.872711,249.962067,191.880768,124.158150
368.045258,238.443024,191.880768,124.158150
374.720093,237.785172,188.118408,121.723679
380.376129,236.006180,184.429810,119.336937
382.997192,234.137619,184.429810,119.336937
388.288910,231.280212,180.813538,116.996994
392.380432,229.579285,177.268173,114.702934
394.794403,227.501526,177.268173,114.702934
401.341980,227.904999,180.813538,116.996994
408.844086,228.940445,184.429810,119.336937
417.016998,233.820084,184.429810,119.336937
429.293365,237.116516,180.813538,116.996994
437.415436,239.304840,180.813538,116.996994
440.512482,231.543762,180.813538,116.996994
446.455475,234.008057,180.813538,116.996994
449.921539,225.812897,180.813538,116.996994
454.024078,225.498077,180.813538,116.996994
461.254303,226.023560,180.813538,116.996994
466.466034,227.580444,180.813538,116.996994
471.043915,228.688721,180.813538,116.996994
478.677155,226.221893,180.813538,116.996994
484.886932,224.352264,180.813538,116.996994
491.576263,220.703125,180.813538,116.996994
497.382599,214.768158,180.813538,116.996994
500.904572,206.999420,180.813538,116.996994
505.395294,197.566345,180.813538,116.996994
511.640778,187.342224,180.813538,116.996994
512.906433,179.185547,184.429810,119.336937
514.396851,171.344269,184.429810,119.336937
515.519348,162.152176,184.429810,119.336937
516.345032,154.536743,184.429810,119.336937
515.512939,146.603470,184.429810,119.336937
513.005371,138.308151,184.429810,119.336937
506.641632,134.860275,180.813538,116.996994
564.518677,167.930145,180.813538,116.996994
563.833130,163.230927,180.813538,116.996994
549.184204,154.510162,180.813538,116.996994
535.162659,144.718246,180.813538,116.996994
521.112793,139.383911,180.813538,116.996994
474.894562,194.906464,180.813538,116.996994
483.271820,232.338959,180.813538,116.996994
473.570038,231.442657,180.813538,116.996994
465.687469,229.926514,180.813538,116.996994
458.711029,229.095428,180.813538,116.996994
455.627655,233.266418,180.813538,116.996994
456.229462,233.722443,180.813538,116.996994
458.529388,231.913147,180.813538,116.996994
463.576111,231.324646,177.268173,114.702934
466.202637,228.776886,177.268173,114.702934
466.605621,224.715149,180.813538,116.996994
467.108673,223.158325,180.813538,116.996994
470.802277,221.108154,180.813538,116.996994
474.443268,220.034576,180.813538,116.996994
478.790619,220.520996,180.813538,116.996994
484.864258,206.523651,177.268173,114.702934
495.093750,267.372467,174.509415,112.917862
532.024353,288.955963,75.529678,48.872147
531.911499,290.298340,71.872749,46.505898
530.301636,289.365631,70.752823,45.781239
528.955322,285.999634,69.188530,44.769047
523.673828,239.506851,67.278908,43.533409
523.431274,242.329926,66.967613,43.331985
152.887909,179.202118,109.233017,70.680191
385.285217,488.362823,115.469460,74.715530
398.715088,493.535767,92.611076,59.924816
378.437622,486.248993,130.244095,84.275589
415.612183,229.263550,114.075859,73.813789
420.121033,228.376541,109.336166,70.746933
433.499420,215.644897,66.013115,42.714367
436.123810,214.593018,66.013115,42.714367
440.135925,215.391479,64.718735,41.876831
443.377655,214.781433,64.718735,41.876831
448.280457,215.560913,63.449741,41.055717
451.775604,214.834091,63.449741,41.055717
456.660614,214.743973,63.449741,41.055717
463.372711,214.734711,63.449741,41.055717
470.142120,215.646072,63.449741,41.055717
475.350128,213.627899,63.449741,41.055717
477.538544,209.159012,63.449741,41.055717
478.240601,205.173416,63.449741,41.055717
478.301025,200.239761,63.449741,41.055717
477.449036,196.182724,63.449741,41.055717
477.578125,194.063034,63.449741,41.055717
477.657593,193.316528,63.449741,41.055717
477.247772,193.008530,63.449741,41.055717
477.903503,194.201553,63.449741,41.055717
478.085480,195.227341,63.449741,41.055717
479.179413,196.756577,63.449741,41.055717
479.058044,197.142822,63.449741,41.055717
478.618439,198.570267,62.205631,40.250702
478.890198,199.449646,62.205631,40.250702
478.040985,199.400833,62.205631,40.250702
475.936401,199.743759,62.205631,40.250702
474.759247,199.747955,62.205631,40.250702
474.205292,200.462784,62.205631,40.250702
473.983643,201.269302,62.205631,40.250702
474.239502,201.922318,62.205631,40.250702
474.840698,202.879379,62.205631,40.250702
476.289917,203.974655,62.205631,40.250702
477.767273,205.922409,60.985912,39.461472
478.656586,208.713425,59.790112,38.687717
480.189453,210.225311,59.790112,38.687717
479.804779,212.016510,59.790112,38.687717
479.260376,213.440918,59.790112,38.687717
477.300232,216.916122,59.790112,38.687717
476.921173,217.961090,58.617756,37.929134
475.548431,220.415421,58.617756,37.929134
474.769348,220.977310,58.617756,37.929134
471.477722,223.293991,58.617756,37.929134
470.867950,224.203506,58.617756,37.929134
470.005585,225.253326,58.617756,37.929134
470.033569,227.114914,58.617756,37.929134
470.110504,230.582108,58.617756,37.929134
470.338531,235.886017,58.617756,37.929134
473.392395,237.629272,58.617756,37.929134
477.068604,238.199768,58.617756,37.929134
480.428650,237.842407,58.617756,37.929134
483.857819,238.318268,58.617756,37.929134
485.249603,238.253662,58.617756,37.929134
488.125702,235.911057,58.617756,37.929134
487.812958,235.677841,58.617756,37.929134
487.877045,235.651642,58.617756,37.929134
488.793427,235.804199,59.790112,38.687717
489.539520,234.618668,59.790112,38.687717
490.361420,234.769806,59.790112,38.687717
490.134979,234.535751,59.790112,38.687717
489.685211,236.232437,59.790112,38.687717
488.613190,237.051239,60.985912,39.461472
487.098602,239.603043,62.205631,40.250702
487.596893,242.641525,62.205631,40.250702
490.897003,246.070816,62.205631,40.250702
494.653107,247.195023,62.205631,40.250702
497.352325,247.077087,63.449741,41.055717
498.516754,246.379364,63.449741,41.055717
498.740448,245.477631,63.449741,41.055717
498.055481,243.703064,64.718735,41.876831
498.029419,243.764526,64.718735,41.876831
499.553040,242.568726,64.718735,41.876831
502.993896,242.526611,64.718735,41.876831
503.565857,246.209991,64.718735,41.876831
505.036133,250.681976,64.718735,41.876831
506.019287,254.714874,64.718735,41.876831
507.494934,256.725403,64.718735,41.876831
507.957825,258.072937,64.718735,41.876831
503.814514,257.199677,64.718735,41.876831
502.047363,257.503479,64.718735,41.876831
503.072845,259.009308,63.449741,41.055717
504.273651,259.106628,62.205631,40.250702
504.198151,259.459412,62.205631,40.250702
505.735382,261.604706,60.985912,39.461472
506.717438,263.229492,60.985912,39.461472
506.809113,265.055573,60.985912,39.461472
506.693024,267.086487,60.985912,39.461472
507.335602,268.257690,60.985912,39.461472
507.632904,270.944519,60.985912,39.461472
508.187042,272.666046,60.985912,39.461472
507.922638,274.727356,60.985912,39.461472
507.644440,275.902283,60.985912,39.461472
506.313385,276.815826,60.985912,39.461472
506.196075,276.931793,60.985912,39.461472
505.492584,276.846985,60.985912,39.461472
504.956207,276.450562,60.985912,39.461472
504.448273,276.297363,60.985912,39.461472
504.297272,276.012909,60.985912,39.461472
504.083832,276.290039,60.985912,39.461472
504.249237,275.885437,60.985912,39.461472
504.323395,275.744751,60.985912,39.461472
503.345428,276.382385,60.985912,39.461472
504.176544,276.107208,59.790112,38.687717
508.918976,244.041977,59.790112,38.687717
507.962128,244.359207,59.790112,38.687717
508.033112,243.709030,59.790112,38.687717
507.381805,244.425980,59.790112,38.687717
506.692413,245.537735,59.790112,38.687717
506.543488,246.368301,59.790112,38.687717
507.675140,249.033752,58.617756,37.929134
507.482880,249.439514,58.617756,37.929134
507.294586,249.696838,58.617756,37.929134
507.249908,251.792389,58.617756,37.929134
505.946320,253.556580,58.617756,37.929134
505.616119,253.741150,58.617756,37.929134
506.119232,254.967499,58.617756,37.929134
504.803986,255.439468,59.790112,38.687717
505.441376,255.942505,58.617756,37.929134
505.310455,256.380829,58.617756,37.929134
505.415619,256.283447,58.617756,37.929134
505.960297,256.120361,58.617756,37.929134
505.916473,255.464478,58.617756,37.929134
499.058258,225.546494,58.617756,37.929134
496.118744,229.321991,59.790112,38.687717
498.024811,230.652969,59.790112,38.687717
501.265533,231.285461,59.790112,38.687717
501.130524,231.787552,60.985912,39.461472
502.362701,232.460068,62.205631,40.250702
501.865448,231.974747,63.449741,41.055717
502.570831,231.995499,63.449741,41.055717
505.227570,231.408020,63.449741,41.055717
508.927399,232.011673,63.449741,41.055717
509.579224,231.895599,64.718735,41.876831
510.836182,232.530853,64.718735,41.876831
511.051544,232.870071,66.013115,42.714367
511.200775,232.605927,66.013115,42.714367
512.227905,233.194611,66.013115,42.714367
515.819946,235.547333,66.013115,42.714367
521.837463,240.271545,64.718735,41.876831
523.951965,242.462952,66.013115,42.714367
525.222107,245.956390,66.013115,42.714367
526.133362,247.000549,67.333374,43.568653
525.995178,249.583069,67.333374,43.568653
526.328979,249.826843,67.333374,43.568653
536.730469,308.592224,65.750710,42.544579
536.854919,309.091431,65.788071,42.568748
457.220245,247.691574,78.128883,50.553982
491.005829,248.020660,77.011642,49.831062
493.096375,248.699112,73.213402,47.373379
446.537109,243.178833,78.419914,50.742294
476.429199,242.064484,78.419914,50.742294
476.492004,244.021393,78.419914,50.742294
475.930664,243.205261,78.419914,50.742294
447.148926,243.329712,78.419914,50.742294
445.994690,243.733490,78.419914,50.742294
445.982635,244.400177,78.419914,50.742294
445.994171,246.350861,78.419914,50.742294
446.544708,247.582703,78.419914,50.742294
447.169037,249.633789,78.419914,50.742294
447.265533,250.267548,78.419914,50.742294
447.606934,252.527618,78.419914,50.742294
449.921417,254.211594,76.882263,49.747349
449.040344,254.347504,78.419914,50.742294
449.260559,256.281189,78.419914,50.742294
450.205505,256.764313,78.419914,50.742294
451.729614,256.498230,78.419914,50.742294
453.093170,257.122314,78.419914,50.742294
452.784363,257.500153,78.419914,50.742294
453.042297,258.368805,78.419914,50.742294
451.005127,259.480408,78.419914,50.742294
450.281677,260.508881,78.419914,50.742294
449.233643,261.342407,78.419914,50.742294
447.829742,261.271759,78.419914,50.742294
446.792389,261.020874,78.419914,50.742294
446.110596,260.478180,78.419914,50.742294
446.705750,260.739807,78.419914,50.742294
447.119995,260.060181,78.419914,50.742294
446.993256,260.115997,78.419914,50.742294
447.140869,259.253510,78.419914,50.742294
447.884674,258.727264,78.419914,50.742294
448.345917,256.959351,78.419914,50.742294
449.214813,256.211243,78.419914,50.742294
449.431152,256.100464,78.419914,50.742294
449.940887,255.769440,78.419914,50.742294
449.712799,254.720917,78.419914,50.742294
450.906677,253.339996,78.419914,50.742294
450.550781,252.461670,78.419914,50.742294
451.003387,250.650269,78.419914,50.742294
450.585419,247.265656,78.419914,50.742294
451.927338,245.367584,78.419914,50.742294
452.001099,242.804504,78.419914,50.742294
452.334991,238.848724,78.419914,50.742294
454.696014,236.116867,76.882263,49.747349
455.675110,235.699814,76.882263,49.747349
455.641968,234.409134,76.882263,49.747349
456.695190,234.942520,76.882263,49.747349
458.130859,235.589737,76.882263,49.747349
458.446991,234.702530,66.277618,42.885517
460.386963,236.423752,66.277618,42.885517
456.841827,240.154434,66.277618,42.885517
458.074158,240.403473,67.603172,43.743229
456.579834,240.311188,68.955238,44.618092
456.609192,241.076599,68.955238,44.618092
455.733246,242.617218,68.955238,44.618092
453.631256,245.078125,68.955238,44.618092
457.067841,245.968964,68.955238,44.618092
454.542389,250.133453,68.955238,44.618092
455.209595,251.628235,68.955238,44.618092
472.462524,238.048965,70.334343,45.510456
472.511383,240.081573,68.955238,44.618092
344.039856,270.678436,82.089333,53.116627
336.394043,203.913483,79.551353,51.474407
346.356049,272.056122,82.264297,53.229839
397.162231,327.473053,67.122902,43.432465
327.473938,371.361328,84.239357,54.507820
541.547791,388.908752,72.502815,46.913589
542.214600,388.831665,72.502815,46.913589
541.811035,388.886719,72.502815,46.913589
541.515686,389.096802,72.502815,46.913589
541.851929,389.212006,72.502815,46.913589
541.382996,389.351562,72.502815,46.913589
541.937744,389.436340,72.502815,46.913589
541.781311,389.449951,72.502815,46.913589
541.433411,389.700958,72.502815,46.913589
540.717041,387.934937,73.952873,47.851860
540.890930,388.503571,73.952873,47.851860
540.996643,388.313110,73.952873,47.851860
541.026184,388.174103,73.952873,47.851860
541.480530,388.780212,72.502815,46.913589
540.875000,388.005219,73.952873,47.851860
541.082153,388.759735,73.952873,47.851860
541.526978,389.219574,72.502815,46.913589
540.799622,388.443237,73.952873,47.851860
540.807678,388.141632,73.952873,47.851860
540.825623,388.053253,73.952873,47.851860
540.852234,388.555237,73.952873,47.851860
540.933167,388.416260,73.952873,47.851860
540.954346,388.253204,73.952873,47.851860
540.960938,387.851135,73.952873,47.851860
541.048889,388.363403,73.952873,47.851860
541.477478,388.869751,72.502815,46.913589
540.796326,388.072296,73.952873,47.851860
540.850952,388.654083,73.952873,47.851860
540.876648,388.469757,73.952873,47.851860
540.941223,388.139954,73.952873,47.851860
540.851807,387.816071,73.952873,47.851860
540.974670,388.253418,73.952873,47.851860
541.053040,387.944885,73.952873,47.851860
541.556458,389.296600,72.502815,46.913589
540.835571,388.507202,73.952873,47.851860
540.684875,388.120361,73.952873,47.851860
540.585510,387.874268,73.952873,47.851860
540.567932,388.490326,73.952873,47.851860
540.526855,388.072754,73.952873,47.851860
540.600098,388.613892,73.952873,47.851860
540.654480,388.236938,73.952873,47.851860
540.696533,387.856110,73.952873,47.851860
540.636292,388.340698,73.952873,47.851860
540.636047,388.031097,73.952873,47.851860
540.627930,388.541351,73.952873,47.851860
540.632690,388.168945,73.952873,47.851860
540.538269,387.878052,73.952873,47.851860
540.517151,388.297791,73.952873,47.851860
540.450256,387.795929,73.952873,47.851860
540.358337,388.200317,73.952873,47.851860
540.234924,387.919769,73.952873,47.851860
540.122375,388.541260,73.952873,47.851860
540.044678,388.195679,73.952873,47.851860
539.922607,387.792572,73.952873,47.851860
538.686157,386.997894,78.479385,50.780777
540.863770,388.104462,73.952873,47.851860
540.871155,387.728302,73.952873,47.851860
540.884033,388.246307,73.952873,47.851860
540.711304,387.738251,73.952873,47.851860
540.657410,388.172943,73.952873,47.851860
540.417175,387.777679,73.952873,47.851860
540.353271,388.301727,73.952873,47.851860
540.184998,387.936890,73.952873,47.851860
540.140747,388.361176,73.952873,47.851860
539.971619,388.058624,73.952873,47.851860
539.857605,388.149506,76.940567,49.785076
539.547607,387.258057,76.940567,49.785076
540.054688,387.602234,75.431931,48.808895
540.693054,387.736572,73.952873,47.851860
540.692627,388.219818,73.952873,47.851860
540.508606,387.832214,73.952873,47.851860
540.295837,388.265228,73.952873,47.851860
540.120483,387.843933,73.952873,47.851860
539.905151,388.117554,73.952873,47.851860
539.650269,387.426575,76.940567,49.785076
539.920898,387.759247,75.431931,48.808895
540.374023,387.993347,73.952873,47.851860
540.319824,388.301819,73.952873,47.851860
539.964050,387.873718,73.952873,47.851860
539.915955,387.854950,76.940567,49.785076
540.197144,388.185791,75.431931,48.808895
540.733093,387.960327,73.952873,47.851860
540.573303,388.366089,73.952873,47.851860
540.408691,387.988525,73.952873,47.851860
540.240906,388.259369,73.952873,47.851860
539.995728,387.751770,73.952873,47.851860
539.904663,387.880219,76.940567,49.785076
540.229248,388.104706,75.431931,48.808895
540.669800,388.158447,73.952873,47.851860
540.489502,387.773773,73.952873,47.851860
540.301514,388.086365,73.952873,47.851860
540.022827,387.744812,73.952873,47.851860
539.832825,387.608185,76.940567,49.785076
540.014404,388.046783,75.431931,48.808895
540.530518,387.963562,73.952873,47.851860
540.320557,388.281616,73.952873,47.851860
540.092712,387.828033,73.952873,47.851860
539.929504,388.053131,73.952873,47.851860
539.827759,387.985840,76.940567,49.785076
539.924988,388.134583,75.431931,48.808895
540.368042,388.117737,73.952873,47.851860
540.151917,387.526947,73.952873,47.851860
539.929138,387.778870,73.952873,47.851860
539.681030,387.688904,76.940567,49.785076
539.914978,387.821014,75.431931,48.808895
540.243896,387.654785,73.952873,47.851860
540.078125,387.868073,73.952873,47.851860
539.898926,388.117645,73.952873,47.851860
539.577454,387.197357,76.940567,49.785076
539.875854,387.313507,75.431931,48.808895
540.552246,388.070587,73.952873,47.851860
540.330566,388.403809,73.952873,47.851860
540.031494,387.954712,73.952873,47.851860
539.814331,388.142670,73.952873,47.851860
539.355835,387.260345,76.940567,49.785076
540.542908,387.750916,73.952873,47.851860
540.398315,388.007782,73.952873,47.851860
540.234131,388.257721,73.952873,47.851860
539.761902,387.591614,73.952873,47.851860
539.493896,387.330841,76.940567,49.785076
540.634094,387.819153,73.952873,47.851860
540.304626,388.083221,73.952873,47.851860
539.825134,387.496918,73.952873,47.851860
539.654419,387.316345,76.940567,49.785076
539.863892,387.635132,75.431931,48.808895
540.155640,387.411591,73.952873,47.851860
540.060608,387.585083,73.952873,47.851860
539.774231,387.737762,73.952873,47.851860
539.408325,387.516083,76.940567,49.785076
540.579590,387.912689,73.952873,47.851860
540.314880,388.173065,73.952873,47.851860
539.898499,387.621521,73.952873,47.851860
539.464417,387.433655,76.940567,49.785076
540.584778,387.910522,73.952873,47.851860
540.151917,388.005646,73.952873,47.851860
539.863953,388.096741,73.952873,47.851860
539.295105,387.054016,76.940567,49.785076
540.598328,388.198395,73.952873,47.851860
540.244995,387.585052,73.952873,47.851860
539.956787,387.827759,73.952873,47.851860
539.767944,387.728638,76.940567,49.785076
539.853455,387.905670,75.431931,48.808895
540.250183,387.860413,73.952873,47.851860
539.967102,388.075745,73.952873,47.851860
539.624329,387.188049,76.940567,49.785076
539.157898,386.840088,76.940567,49.785076
540.310974,388.057587,73.952873,47.851860
540.000183,388.276886,73.952873,47.851860
539.609619,387.239746,76.940567,49.785076
539.734070,387.250458,75.431931,48.808895
540.136353,387.803833,73.952873,47.851860
539.763489,387.872162,73.952873,47.851860
539.755493,387.541534,76.940567,49.785076
539.203796,387.069244,76.940567,49.785076
540.426758,388.304962,73.952873,47.851860
540.138428,387.643646,73.952873,47.851860
539.795715,387.790527,73.952873,47.851860
539.498169,387.492279,76.940567,49.785076
540.596863,387.852814,73.952873,47.851860
540.270569,388.075775,73.952873,47.851860
539.799561,387.392334,73.952873,47.851860
539.424866,387.169067,76.940567,49.785076
540.444397,387.429779,73.952873,47.851860
540.215637,387.619415,73.952873,47.851860
539.890259,387.702179,73.952873,47.851860
539.454102,387.321442,76.940567,49.785076
540.458374,387.676941,73.952873,47.851860
540.123474,387.825043,73.952873,47.851860
539.802734,387.899506,73.952873,47.851860
539.435547,387.491455,76.940567,49.785076
540.441650,387.589142,73.952873,47.851860
540.131165,387.395691,73.952873,47.851860
539.638000,387.477478,73.952873,47.851860
539.037598,387.071625,76.940567,49.785076
540.190002,388.136047,73.952873,47.851860
539.637268,387.245911,73.952873,47.851860
539.293945,386.869781,76.940567,49.785076
540.386536,387.905823,73.952873,47.851860
540.006775,387.865814,73.952873,47.851860
539.569153,387.353668,76.940567,49.785076
538.904541,386.674286,76.940567,49.785076
540.022034,387.621033,73.952873,47.851860
539.481567,387.176727,76.940567,49.785076
540.382874,387.311493,73.952873,47.851860
540.155457,387.339294,73.952873,47.851860
539.698608,387.396729,73.952873,47.851860
539.261536,386.786194,76.940567,49.785076
540.364990,387.895447,73.952873,47.851860
539.925476,387.879517,73.952873,47.851860
539.432373,387.395813,76.940567,49.785076
540.419128,387.243835,73.952873,47.851860
539.907898,387.173157,73.952873,47.851860
539.380127,386.715881,76.940567,49.785076
540.452271,387.465912,73.952873,47.851860
540.000244,387.485199,73.952873,47.851860
539.541321,386.942169,76.940567,49.785076
539.718079,387.804199,73.952873,47.851860
539.144348,387.093201,76.940567,49.785076
540.212708,387.908264,73.952873,47.851860
539.814575,387.857300,73.952873,47.851860
539.210144,387.187012,76.940567,49.785076
540.157837,387.206543,73.952873,47.851860
539.795959,387.209076,73.952873,47.851860
539.405396,386.574890,76.940567,49.785076
540.475891,387.449493,73.952873,47.851860
539.946167,387.368744,73.952873,47.851860
539.587036,386.774872,76.940567,49.785076
539.671936,387.509552,73.952873,47.851860
539.068848,386.800323,76.940567,49.785076
540.075867,387.729095,73.952873,47.851860
539.708984,387.571686,73.952873,47.851860
539.112427,386.928406,76.940567,49.785076
540.128967,387.817413,73.952873,47.851860
539.658081,387.721863,73.952873,47.851860
539.203613,387.041260,76.940567,49.785076
540.276794,387.848297,73.952873,47.851860
539.895996,387.719147,73.952873,47.851860
539.240540,386.955933,76.940567,49.785076
540.229858,387.716034,73.952873,47.851860
539.715149,387.581818,73.952873,47.851860
539.174255,386.995056,76.940567,49.785076
540.329834,387.894440,73.952873,47.851860
539.817993,387.682343,73.952873,47.851860
539.292542,387.081879,76.940567,49.785076
540.423218,387.939514,73.952873,47.851860
540.012268,387.681152,73.952873,47.851860
539.570312,387.072845,76.940567,49.785076
539.838440,387.763184,73.952873,47.851860
539.161804,387.083313,76.940567,49.785076
540.193970,387.805237,73.952873,47.851860
539.781860,387.577576,73.952873,47.851860
539.277283,386.991425,76.940567,49.785076
540.317444,387.797455,73.952873,47.851860
539.983398,387.624084,73.952873,47.851860
539.534607,386.895599,76.940567,49.785076
539.633057,387.522675,73.952873,47.851860
539.035339,386.599670,76.940567,49.785076
540.110962,387.211823,73.952873,47.851860
539.684082,386.863647,73.952873,47.851860
539.080872,386.894073,76.940567,49.785076
540.230591,387.657227,73.952873,47.851860
539.763916,387.432098,73.952873,47.851860
539.375549,386.708374,76.940567,49.785076
540.530884,387.427765,73.952873,47.851860
540.160950,387.294067,73.952873,47.851860
539.838928,387.070892,73.952873,47.851860
539.365967,387.060089,76.940567,49.785076
540.530518,387.852753,73.952873,47.851860
540.043030,387.669891,73.952873,47.851860
539.665955,387.403992,73.952873,47.851860
539.121582,386.569794,76.940567,49.785076
540.255859,387.301056,73.952873,47.851860
539.860901,387.091003,73.952873,47.851860
539.227295,386.289825,76.940567,49.785076
540.339844,387.101257,73.952873,47.851860
539.916016,386.938751,73.952873,47.851860
539.409485,386.845520,76.940567,49.785076
540.466309,387.515076,73.952873,47.851860
540.052979,387.286469,73.952873,47.851860
539.761780,387.107483,73.952873,47.851860
539.204041,386.370544,76.940567,49.785076
540.308044,387.032379,73.952873,47.851860
539.938171,387.504761,73.952873,47.851860
539.433899,386.752380,76.940567,49.785076
540.561096,387.334167,73.952873,47.851860
540.108704,387.202026,73.952873,47.851860
539.799255,386.963776,73.952873,47.851860
539.310730,387.002655,76.940567,49.785076
540.376221,387.728943,73.952873,47.851860
539.927490,387.399139,73.952873,47.851860
539.448608,386.488617,76.940567,49.785076
540.586121,387.125214,73.952873,47.851860
540.189697,386.704926,73.952873,47.851860
539.889099,387.022217,73.952873,47.851860
539.302917,386.947937,76.940567,49.785076
540.510925,387.600616,73.952873,47.851860
540.102905,387.256958,73.952873,47.851860
539.777100,386.993347,73.952873,47.851860
539.245605,387.009644,76.940567,49.785076
540.438843,387.972382,73.952873,47.851860
540.284180,388.041473,73.952873,47.851860
540.284058,387.862335,73.952873,47.851860
539.906982,387.498688,73.952873,47.851860
539.332581,386.573639,76.940567,49.785076
540.496948,387.248840,73.952873,47.851860
540.123962,387.044525,73.952873,47.851860
539.750122,387.603363,73.952873,47.851860
539.109253,386.756897,76.940567,49.785076
540.267944,387.374390,73.952873,47.851860
539.900635,387.074799,73.952873,47.851860
539.170105,386.187897,76.940567,49.785076
540.368347,386.868774,73.952873,47.851860
539.985229,387.255951,73.952873,47.851860
539.381042,386.372620,76.940567,49.785076
540.530701,387.064850,73.952873,47.851860
540.074646,387.625824,73.952873,47.851860
539.733398,387.370239,73.952873,47.851860
539.007263,386.581207,76.940567,49.785076
540.051453,387.114349,73.952873,47.851860
539.587952,386.775116,73.952873,47.851860
538.823730,386.881256,76.940567,49.785076
539.802063,387.461731,73.952873,47.851860
539.010986,386.588196,76.940567,49.785076
540.131958,387.214203,73.952873,47.851860
539.763306,386.875885,73.952873,47.851860
539.031677,386.796570,76.940567,49.785076
540.309570,387.658142,73.952873,47.851860
540.563599,386.681976,73.952873,47.851860
593.796753,322.252045,73.952873,47.851860
538.308716,386.730072,77.229950,49.972321
538.685730,386.612854,77.229950,49.972321
540.092896,387.648895,74.231018,48.031834
540.037048,387.690460,74.231018,48.031834
539.986572,387.771484,74.231018,48.031834
539.908875,387.679993,74.231018,48.031834
540.288818,387.798187,74.231018,48.031834
540.492737,389.438202,74.231018,48.031834
383.228516,293.478058,263.451660,170.468719
410.830109,271.134094,258.165009,167.047943
-211.079773,-626.600342,1809.171875,1170.640625
558.361450,270.969055,74.231018,48.031834
577.235168,230.526810,74.231018,48.031834
569.061584,284.494507,74.231018,48.031834
577.951111,242.369888,74.231018,48.031834
507.750519,269.734650,74.231018,48.031834
453.826721,343.851685,74.231018,48.031834
540.310669,260.241608,74.231018,48.031834
518.217712,297.481079,74.231018,48.031834
497.072235,230.462616,74.231018,48.031834
541.642700,387.483612,74.231018,48.031834
540.644653,387.427765,74.231018,48.031834
540.562988,387.506836,74.231018,48.031834
540.482422,387.512115,74.231018,48.031834
540.451294,387.615051,74.231018,48.031834
540.439697,387.630676,74.231018,48.031834
540.353027,387.668701,74.231018,48.031834
540.280151,387.636566,74.231018,48.031834
540.239075,387.677368,74.231018,48.031834
540.159607,387.725891,74.231018,48.031834
540.163025,387.759796,74.231018,48.031834
540.222900,387.838470,74.231018,48.031834
540.190430,387.918640,74.231018,48.031834
540.198059,387.948975,74.231018,48.031834
540.188477,387.975189,74.231018,48.031834
540.097351,388.064056,74.231018,48.031834
540.055542,387.283020,74.231018,48.031834
540.037537,387.382385,74.231018,48.031834
539.918030,387.593109,74.231018,48.031834
539.885803,387.666199,74.231018,48.031834
539.843323,387.697357,74.231018,48.031834
538.764526,386.615631,77.229950,49.972321
540.174011,387.549530,74.231018,48.031834
540.104797,387.604187,74.231018,48.031834
540.069702,387.597321,74.231018,48.031834
540.061584,387.578857,74.231018,48.031834
