227.33,82.2,54.333,198
226.43,80.313,54,198
225.95,80.173,54,198
225.59,79.641,54,198
223.98,79.657,54,198
224.65,78.321,54,198
223.04,78.442,54,198
222.72,77.789,54,198
223.51,79.335,54,198
222.33,77.16,54,198
222.75,79.374,54,198
222.52,77.082,54,198
221.84,78.82,54,198
222.89,78.521,54,198
221.83,78.404,54,198
222.94,78.745,54,198
221.74,78.619,54,198
222.09,78.086,54,198
220.21,77.224,54,198
222.1,78.356,54,198
220.08,76.958,54,198
221.82,79.874,54,198
221.73,76.78,54,198
223.1,79.684,54,198
222.18,77.935,54,198
223.39,78.691,54,198
224.23,78.155,54,198
225.27,77.976,54,198
225.39,77.06,54,198
225.49,76.912,54,198
226.17,78.238,54,198
224.95,77.068,54,198
227.93,78.407,54,198
225.6,77.248,54,198
227.13,77.448,54,198
224.98,77.501,54,198
227.44,77.556,54,198
224.67,77.462,54,198
226.79,78.4,54,198
225.81,77.493,54,198
226.88,77.244,54,198
227.09,78.742,54,198
226.03,77.832,54,198
227.6,78.733,54,198
226.93,78.031,54,198
228.1,78.386,54,198
226.51,78.453,54,198
227.71,79.044,54,198
227.18,77.617,54,198
226.62,79.427,54,198
227.95,79.574,54,198
228.1,78.293,54,198
225.81,79.119,54,198
229.28,78.116,54,198
225.44,79.129,54,198
229.19,79.106,54,198
226.53,78.312,54,198
229.06,78.947,54,198
226.43,78.354,54,198
228.64,78.31,54,198
227.02,78.352,54,198
227.47,79.031,54,198
227.49,77.808,54,198
227.74,80.314,54,198
227.65,78.11,54,198
227.7,78.624,54,198
227.73,78.439,54,198
227.55,78.506,54,198
226.7,77.787,54,198
228.31,79.527,54,198
226.59,77.299,54,198
228.37,78.982,54,198
225.87,78.415,54,198
229.26,78.099,54,198
225.27,77.063,54,198
228.52,78.659,54,198
226.34,77.617,54,198
227.95,79.297,54,198
227.01,77.6,54,198
227.02,78.854,54,198
226.5,77.737,54,198
228.23,79.718,54,198
225.48,77.704,54,198
228.77,78.788,54,198
226.2,77.309,54,198
227.52,78.325,54,198
226.73,77.197,54,198
228.29,78.305,54,198
225.53,77.139,54,198
228.93,78.957,54,198
226.42,78.337,54,198
227.81,78.916,54,198
227.58,79.518,54,198
226.42,77.809,54,198
227.89,80.452,54,198
226.59,76.313,54,198
228.99,79.717,54,198
227.41,76.268,54,198
227.95,77.723,54,198
228.05,77.321,54,198
226.87,76.153,54,198
229.16,76.556,54,198
225.84,75.229,54,198
228.29,67.581,56.7,207.9
225.38,68.305,56.7,207.9
227.14,66.919,56.7,207.9
226.17,68.792,56.7,207.9
226.32,66.244,56.7,207.9
227.23,66.991,56.7,207.9
226.63,67.651,56.7,207.9
227.43,66.243,56.7,207.9
226.76,66.387,56.7,207.9
226.54,66.262,56.7,207.9
227.87,66.544,56.7,207.9
226.06,66.171,56.7,207.9
227.4,66.079,56.7,207.9
227.33,66.171,56.7,207.9
227.04,66.541,56.7,207.9
226.6,66.812,56.7,207.9
227.26,67.239,56.7,207.9
226.95,66.082,56.7,207.9
226.64,66.867,56.7,207.9
227.85,68.132,56.7,207.9
225.74,65.744,56.7,207.9
227.35,69.335,56.7,207.9
226.23,65.943,56.7,207.9
227.24,69.425,56.7,207.9
225.75,66.158,56.7,207.9
226.13,67.952,56.7,207.9
226.04,68.07,56.7,207.9
224.86,66.199,56.7,207.9
225.41,68.132,56.7,207.9
224.63,65.714,56.7,207.9
225.02,68.308,56.7,207.9
222.03,65.565,56.7,207.9
223.71,68.199,56.7,207.9
219.63,65.397,56.7,207.9
222.81,68.064,56.7,207.9
218.75,65.609,56.7,207.9
220.43,68.407,56.7,207.9
220.93,66.125,56.7,207.9
219.38,67.979,56.7,207.9
164.41,66.862,56.7,207.9
204.26,68.183,56.7,207.9
168.26,65.333,56.7,207.9
196.28,68.109,56.7,207.9
168.36,65.199,56.7,207.9
187.34,67.956,56.7,207.9
170.78,65.581,56.7,207.9
160.76,67.722,56.7,207.9
142.71,66.871,56.7,207.9
148.47,67.126,56.7,207.9
142.99,64.606,56.7,207.9
144.09,66.815,56.7,207.9
139.34,63.568,56.7,207.9
140.81,64.97,56.7,207.9
135.28,63.735,56.7,207.9
135.41,63.461,56.7,207.9
131.52,62.315,56.7,207.9
127.82,61.514,56.7,207.9
115.45,63.135,56.7,207.9
113.75,60.689,56.7,207.9
112.5,62.132,56.7,207.9
112.97,59.299,56.7,207.9
111.18,61.26,56.7,207.9
112.11,59.21,56.7,207.9
111.59,59.393,56.7,207.9
112.03,58.874,56.7,207.9
111.7,59.338,56.7,207.9
111,57.44,56.7,207.9
112.08,58.871,56.7,207.9
112.34,57.546,56.7,207.9
113.39,57.416,56.7,207.9
113,56.919,56.7,207.9
113.08,57.103,56.7,207.9
113.18,55.064,56.7,207.9
113.35,55.856,56.7,207.9
113.42,56.059,56.7,207.9
113.77,54.688,56.7,207.9
112.37,56.229,56.7,207.9
113.83,54.407,56.7,207.9
112.41,54.951,56.7,207.9
114.08,54.369,56.7,207.9
111.73,53.13,56.7,207.9
112.52,52.12,56.7,207.9
113.02,50.78,56.7,207.9
111.06,51.031,56.7,207.9
111.86,49.141,56.7,207.9
110.85,47.818,56.7,207.9
110.28,48.913,56.7,207.9
111.33,47.208,56.7,207.9
109.41,46.721,56.7,207.9
109.8,48.117,56.7,207.9
108.58,45.181,56.7,207.9
109.38,47.599,56.7,207.9
108.06,46.763,56.7,207.9
107.63,49.145,56.7,207.9
108.63,47.6,56.7,207.9
106.64,50.074,56.7,207.9
108.17,47.459,56.7,207.9
105.81,51.357,56.7,207.9
107.12,48.718,56.7,207.9
105.95,53.467,56.7,207.9
106.55,50.174,56.7,207.9
107.19,54.738,56.7,207.9
105.69,53.954,56.7,207.9
106.14,57.232,56.7,207.9
105.52,55.181,56.7,207.9
107.08,58.808,56.7,207.9
104.59,58.833,56.7,207.9
107.11,60.562,56.7,207.9
103.75,58.957,56.7,207.9
105.93,61.593,56.7,207.9
104.58,58.809,56.7,207.9
106.81,60.752,56.7,207.9
104.14,58.801,56.7,207.9
106.55,58.645,56.7,207.9
105.25,57.286,56.7,207.9
105.47,56.507,56.7,207.9
105.33,55.666,56.7,207.9
105.17,54.842,56.7,207.9
104.31,54.156,56.7,207.9
104.94,51.967,56.7,207.9
102.34,54.084,56.7,207.9
105.42,49.363,56.7,207.9
100.43,53.144,56.7,207.9
104.87,47.915,56.7,207.9
97.122,52.754,56.7,207.9
106.97,49.513,56.7,207.9
94.759,49.435,56.7,207.9
103.25,50.578,56.7,207.9
99.47,50.914,56.7,207.9
100.4,49.956,56.7,207.9
98.923,50.998,56.7,207.9
97.938,49.141,56.7,207.9
96.269,47.37,56.7,207.9
92.882,47.503,56.7,207.9
59.221,35.968,56.7,207.9
80.591,45.523,56.7,207.9
61.198,35.203,56.7,207.9
73.598,43.516,56.7,207.9
63.39,36.094,56.7,207.9
65.1,38.647,56.7,207.9
63.114,38.689,56.7,207.9
60.621,38.023,56.7,207.9
58.112,37.535,56.7,207.9
54.728,36.751,56.7,207.9
49.485,37.488,56.7,207.9
43.497,34.602,56.7,207.9
34.705,34.176,56.7,207.9
33.225,35.173,56.7,207.9
29.416,35.223,56.7,207.9
25.247,36.585,56.7,207.9
20.869,38.236,56.7,207.9
15.303,37.389,56.7,207.9
11.686,39.864,56.7,207.9
3.6411,40.841,56.7,207.9
2.4445,43.5,56.7,207.9
-3.6028,42.309,56.7,207.9
-5.0815,44.975,56.7,207.9
-10.698,45.11,56.7,207.9
-9.5287,46.104,56.7,207.9
-12.508,47.653,56.7,207.9
-13.092,47.968,56.7,207.9
-15.185,50.525,56.7,207.9
-14.249,48.492,56.7,207.9
-15.699,51.829,56.7,207.9
-11.893,50.697,56.7,207.9
-14.833,53.144,56.7,207.9
-11.78,50.93,56.7,207.9
-13.288,55.572,56.7,207.9
-10.746,50.933,56.7,207.9
-12.487,55.604,56.7,207.9
-8.6438,51,56.7,207.9
-13.17,55.978,56.7,207.9
-8.9846,50.376,56.7,207.9
-12.497,54.887,56.7,207.9
-8.3222,51.002,56.7,207.9
-13.98,54.722,56.7,207.9
-8.3222,50.516,56.7,207.9
-13.956,54.125,56.7,207.9
-8.3754,48.886,56.7,207.9
-13.65,55.175,56.7,207.9
-9.2108,45.971,56.7,207.9
-11.918,57.592,56.7,207.9
-11.044,42.869,56.7,207.9
-11.553,57.796,56.7,207.9
-10.497,40.728,56.7,207.9
-10.981,56.255,56.7,207.9
-11.273,39.831,56.7,207.9
-11.431,53.68,56.7,207.9
-10.473,39.279,56.7,207.9
-10.808,51.438,56.7,207.9
-12.106,40.293,56.7,207.9
-9.5457,50.233,56.7,207.9
-10.052,44.397,56.7,207.9
-12.178,49.262,56.7,207.9
-9.5728,44.931,56.7,207.9
-11.284,49.887,56.7,207.9
-8.8545,45.672,56.7,207.9
-10.44,48.423,56.7,207.9
-7.4763,44.88,56.7,207.9
-8.564,48.711,56.7,207.9
-5.9912,46.213,56.7,207.9
-6.7329,45.663,56.7,207.9
-5.3527,46.476,56.7,207.9
-3.1484,43.833,56.7,207.9
-4.7169,48.058,56.7,207.9
-1.7465,38.93,59.535,218.3
-3.4303,43.293,59.535,218.3
3.7986,39.538,59.535,218.3
3.6813,44.183,59.535,218.3
11.26,39.43,59.535,218.3
10.692,45.582,59.535,218.3
21.409,40.97,59.535,218.3
20.893,42.748,59.535,218.3
30.96,43.097,59.535,218.3
31.028,40.576,59.535,218.3
37.897,41.932,59.535,218.3
41.905,38.934,59.535,218.3
45.728,40.152,59.535,218.3
51.511,38.233,59.535,218.3
53.661,39.867,59.535,218.3
60.135,36.628,59.535,218.3
61.808,39.763,59.535,218.3
67.447,36.647,59.535,218.3
68.741,39.597,59.535,218.3
76.072,36.219,59.535,218.3
76.763,38.355,59.535,218.3
82.444,36.359,59.535,218.3
84.006,38.342,59.535,218.3
89.764,36.918,59.535,218.3
90.034,38.453,59.535,218.3
95.682,37.542,59.535,218.3
95.352,38.738,59.535,218.3
100.17,37.367,59.535,218.3
101.95,38.146,59.535,218.3
104.43,37.128,59.535,218.3
105.07,38.699,59.535,218.3
109.47,37.736,59.535,218.3
108.4,39.372,59.535,218.3
113.05,36.401,59.535,218.3
113.02,37.759,59.535,218.3
115.73,36.12,59.535,218.3
115.83,35.201,59.535,218.3
117.71,34.739,59.535,218.3
116.86,35.893,59.535,218.3
118.2,32.789,59.535,218.3
119.06,36.81,59.535,218.3
117.36,33.355,59.535,218.3
117.22,35.918,59.535,218.3
118.48,35.23,59.535,218.3
117.32,34.669,59.535,218.3
117.46,36.657,59.535,218.3
114.09,35.577,59.535,218.3
114.25,38.469,59.535,218.3
108.2,37.437,59.535,218.3
111.25,41.986,59.535,218.3
99.98,41.264,59.535,218.3
108.38,41.724,59.535,218.3
97.394,42.867,59.535,218.3
103.26,39.001,59.535,218.3
95.942,40.518,59.535,218.3
100.49,39.861,59.535,218.3
92.994,39.551,59.535,218.3
96.282,40.424,59.535,218.3
89.218,39.751,59.535,218.3
93.504,40.863,59.535,218.3
84.353,38.63,59.535,218.3
87.644,41.686,59.535,218.3
84.434,40.102,59.535,218.3
83.128,40.21,59.535,218.3
84.078,40.666,59.535,218.3
81.836,41.348,59.535,218.3
81.314,40.061,59.535,218.3
79.936,40.862,59.535,218.3
81.877,40.194,59.535,218.3
80.179,40.902,59.535,218.3
80.961,40.489,59.535,218.3
80.156,41.657,59.535,218.3
81.086,41.459,59.535,218.3
80.296,41.692,59.535,218.3
79.304,41.789,59.535,218.3
79.666,41.907,59.535,218.3
79.844,40.316,59.535,218.3
80.179,43.033,59.535,218.3
79.782,39.892,59.535,218.3
79.355,42.437,59.535,218.3
78.643,41.372,59.535,218.3
79.386,42.605,59.535,218.3
78.203,41.781,59.535,218.3
79.973,42.736,59.535,218.3
78.563,42.073,59.535,218.3
78.644,41.765,59.535,218.3
78.391,43.256,59.535,218.3
78.227,41.57,59.535,218.3
79.611,43.356,59.535,218.3
77.737,41.333,59.535,218.3
79.052,43.08,59.535,218.3
78.798,41.359,59.535,218.3
78.484,43.341,59.535,218.3
78.206,41.687,59.535,218.3
79.356,43.755,59.535,218.3
77.351,42.242,59.535,218.3
78.987,42.414,59.535,218.3
78.639,42.424,59.535,218.3
78.354,42.65,59.535,218.3
77.993,42.963,59.535,218.3
79.104,41.352,59.535,218.3
78.79,43.642,59.535,218.3
78.391,42.125,59.535,218.3
78.298,42.492,59.535,218.3
77.952,42.971,59.535,218.3
79.294,41.585,59.535,218.3
77.623,43.987,59.535,218.3
78.818,40.768,59.535,218.3
78.627,44.957,59.535,218.3
78.112,40.094,59.535,218.3
79.527,44.269,59.535,218.3
77.542,41.118,59.535,218.3
78.971,43.418,59.535,218.3
78.433,42.451,59.535,218.3
78.003,43.185,59.535,218.3
78.963,41.836,59.535,218.3
78.433,44.491,59.535,218.3
77.874,41.605,59.535,218.3
79.004,44.308,59.535,218.3
78.471,41.686,59.535,218.3
77.897,44.266,59.535,218.3
78.513,41.572,59.535,218.3
77.784,44.109,59.535,218.3
78.428,41.346,59.535,218.3
77.432,44.013,59.535,218.3
77.839,41.367,59.535,218.3
78.372,43.857,59.535,218.3
77.21,41.166,59.535,218.3
79.294,43.847,59.535,218.3
76.445,42.858,59.535,218.3
78.514,42.041,59.535,218.3
77.539,42.967,59.535,218.3
78.033,41.987,59.535,218.3
78.585,43.095,59.535,218.3
77.444,42.164,59.535,218.3
77.926,43.116,59.535,218.3
78.441,42.206,59.535,218.3
77.419,43.133,59.535,218.3
77.861,42.34,59.535,218.3
78.395,43.554,59.535,218.3
77.136,42.916,59.535,218.3
79.072,42.257,59.535,218.3
77.746,43.269,59.535,218.3
78.031,42.265,59.535,218.3
78.213,43.305,59.535,218.3
78.353,42.565,59.535,218.3
77.101,43.861,59.535,218.3
78.978,41.336,59.535,218.3
77.353,44.084,59.535,218.3
77.242,41.576,59.535,218.3
77.418,44.599,59.535,218.3
77.652,42.321,59.535,218.3
77.67,43.573,59.535,218.3
77.571,42.868,59.535,218.3
77.472,42.298,59.535,218.3
77.314,43.492,59.535,218.3
77.221,43.064,59.535,218.3
78.588,42.719,59.535,218.3
76.869,44.134,59.535,218.3
78.179,41.817,59.535,218.3
78.054,45.019,59.535,218.3
77.559,41.069,59.535,218.3
77.157,44.227,59.535,218.3
78.26,41.905,59.535,218.3
76.186,43.207,59.535,218.3
78.826,42.667,59.535,218.3
76.477,43.685,59.535,218.3
77.246,42.9,59.535,218.3
76.187,41.919,59.535,218.3
78.855,42.671,59.535,218.3
76.534,43.45,59.535,218.3
77.658,42.205,59.535,218.3
77.214,42.502,59.535,218.3
78.27,42.644,59.535,218.3
76.03,43.026,59.535,218.3
78.865,40.821,59.535,218.3
76.584,44.497,59.535,218.3
77.512,40.58,59.535,218.3
76.783,43.852,59.535,218.3
77.859,41.714,59.535,218.3
77.145,43.141,59.535,218.3
77.921,40.877,59.535,218.3
77.122,42.042,59.535,218.3
78.061,42.002,59.535,218.3
77.484,41.43,59.535,218.3
76.896,42.75,59.535,218.3
78.079,42.402,59.535,218.3
77.694,41.637,59.535,218.3
77.144,42.759,59.535,218.3
78.334,42.151,59.535,218.3
76.507,41.605,59.535,218.3
77.782,42.548,59.535,218.3
77.642,41.535,59.535,218.3
77.421,42.712,59.535,218.3
77.38,41.749,59.535,218.3
77.11,42.581,59.535,218.3
78.827,41.459,59.535,218.3
77.234,42.126,59.535,218.3
77.405,40.734,59.535,218.3
77.703,42.647,59.535,218.3
78.144,41.404,59.535,218.3
78.583,41.459,59.535,218.3
77.677,41.473,59.535,218.3
78.238,41.342,59.535,218.3
77.695,40.953,59.535,218.3
79.079,40.43,59.535,218.3
79.205,41.534,59.535,218.3
79.524,40.787,59.535,218.3
78.281,41.297,59.535,218.3
78.608,39.499,59.535,218.3
79.35,41.315,59.535,218.3
78.715,39.342,59.535,218.3
79.688,40.365,59.535,218.3
79.397,39.838,59.535,218.3
79.331,40.507,59.535,218.3
79.379,39.638,59.535,218.3
79.555,40.706,59.535,218.3
79.757,39.632,59.535,218.3
80.191,40.186,59.535,218.3
80.61,38.761,59.535,218.3
79.888,40.687,59.535,218.3
80.831,38.75,59.535,218.3
80.026,40.623,59.535,218.3
80.76,38.424,59.535,218.3
80.032,39.752,59.535,218.3
80.699,39.531,59.535,218.3
79.845,38.803,59.535,218.3
80.628,39.886,59.535,218.3
79.912,36.956,59.535,218.3
80.587,38.598,59.535,218.3
79.703,38.615,59.535,218.3
80.37,38.357,59.535,218.3
79.499,38.199,59.535,218.3
80.147,37.791,59.535,218.3
80.862,39.018,59.535,218.3
80.034,37.138,59.535,218.3
80.849,38.455,59.535,218.3
79.94,38.345,59.535,218.3
80.639,38.309,59.535,218.3
79.585,38.359,59.535,218.3
80.115,38.385,59.535,218.3
80.568,38.474,59.535,218.3
79.501,38.75,59.535,218.3
79.804,39.097,59.535,218.3
80.081,37.966,59.535,218.3
80.331,38.763,59.535,218.3
79.079,39.476,59.535,218.3
80.895,38.573,59.535,218.3
79.707,39.737,59.535,218.3
80.079,38.732,59.535,218.3
80.462,39.824,59.535,218.3
79.236,39.589,59.535,218.3
79.496,39.189,59.535,218.3
79.677,38.895,59.535,218.3
79.866,38.579,59.535,218.3
80.028,40.098,59.535,218.3
80.114,38.064,59.535,218.3
80.072,39.808,59.535,218.3
80.107,39.888,59.535,218.3
80.131,38.734,59.535,218.3
80.026,40.834,59.535,218.3
79.626,39.573,59.535,218.3
79.105,40.186,59.535,218.3
80.071,38.972,59.535,218.3
79.462,39.364,59.535,218.3
78.507,39.805,59.535,218.3
78.923,40.147,59.535,218.3
79.405,38.876,59.535,218.3
78.332,39.673,59.535,218.3
78.67,40.648,59.535,218.3
78.833,39.855,59.535,218.3
78.854,38.887,59.535,218.3
78.8,39.798,59.535,218.3
78.737,40.67,59.535,218.3
78.566,39.609,59.535,218.3
78.35,40.72,59.535,218.3
78.232,39.897,59.535,218.3
79.866,39.273,59.535,218.3
78.245,40.319,59.535,218.3
77.953,39.872,59.535,218.3
79.397,39.329,59.535,218.3
77.511,40.983,59.535,218.3
78.592,39.339,59.535,218.3
78.086,40.735,59.535,218.3
78.963,40.423,59.535,218.3
78.253,40.09,59.535,218.3
77.345,40.057,59.535,218.3
77.963,40.243,59.535,218.3
78.519,40.173,59.535,218.3
77.303,40.405,59.535,218.3
77.447,40.433,59.535,218.3
77.824,40.66,59.535,218.3
78.133,40.684,59.535,218.3
78.279,40.697,59.535,218.3
76.533,40.756,59.535,218.3
78.103,40.817,59.535,218.3
78.031,40.874,59.535,218.3
77.778,39.711,59.535,218.3
77.67,41.438,59.535,218.3
77.514,40.089,59.535,218.3
77.393,40.369,59.535,218.3
77.281,40.66,59.535,218.3
76.966,40.975,59.535,218.3
78.421,39.567,59.535,218.3
76.648,41.711,59.535,218.3
77.917,40.14,59.535,218.3
77.647,40.488,59.535,218.3
77.481,40.736,59.535,218.3
76.994,40.88,59.535,218.3
78.187,39.753,59.535,218.3
77.696,41.955,59.535,218.3
77.262,38.934,59.535,218.3
76.887,40.978,59.535,218.3
78.001,39.78,59.535,218.3
77.372,42.21,59.535,218.3
76.778,39.475,59.535,218.3
77.885,42.253,59.535,218.3
77.235,39.448,59.535,218.3
76.685,41.777,59.535,218.3
77.865,41.114,59.535,218.3
77.313,40.439,59.535,218.3
76.903,41.692,59.535,218.3
78.163,41.265,59.535,218.3
77.889,40.893,59.535,218.3
77.885,40.792,59.535,218.3
78.28,42.663,59.535,218.3
77.341,41.41,59.535,218.3
78.104,41.604,59.535,218.3
79.426,41.6,59.535,218.3
77.729,42.277,59.535,218.3
80.055,41.068,59.535,218.3
79.516,41.314,59.535,218.3
80.192,41.692,59.535,218.3
81.748,42.22,59.535,218.3
81.157,41.192,59.535,218.3
83.513,41.693,59.535,218.3
82.397,42.422,59.535,218.3
85.009,41.41,59.535,218.3
85.76,41.949,59.535,218.3
87.163,40.943,59.535,218.3
89.259,41.099,59.535,218.3
89.215,35.02,62.512,229.21
92.334,35.673,62.512,229.21
93.156,27.83,65.637,240.67
97.128,29.259,65.637,240.67
101.7,28.021,65.637,240.67
104.48,28.49,65.637,240.67
108.18,28.999,65.637,240.67
110.66,27.436,65.637,240.67
114.46,29.412,65.637,240.67
114.63,27.578,65.637,240.67
118.68,29.78,65.637,240.67
119.13,27.086,65.637,240.67
122.86,29.748,65.637,240.67
123.51,26.916,65.637,240.67
125.72,28.487,65.637,240.67
127.44,28.342,65.637,240.67
131.49,28.641,65.637,240.67
135.92,28.271,65.637,240.67
139.67,26.824,65.637,240.67
144.09,27.01,65.637,240.67
147.6,27.672,65.637,240.67
148.41,26.232,65.637,240.67
150.43,28.13,65.637,240.67
152.55,26.935,65.637,240.67
154.61,26.793,65.637,240.67
156.47,26.868,65.637,240.67
157.91,27.013,65.637,240.67
160.72,26.817,65.637,240.67
162.26,27.312,65.637,240.67
163.48,28.1,65.637,240.67
165.54,28.086,65.637,240.67
167.91,27.778,65.637,240.67
169.08,27.906,65.637,240.67
170.86,28.697,65.637,240.67
171.65,27.166,65.637,240.67
173.32,28.92,65.637,240.67
173.32,27.693,65.637,240.67
173.96,28.072,65.637,240.67
176.82,28.379,65.637,240.67
176.34,28.163,65.637,240.67
176.7,28.004,65.637,240.67
178.83,27.94,65.637,240.67
179.26,28.037,65.637,240.67
179.65,27.797,65.637,240.67
182.01,28.177,65.637,240.67
183.58,28.219,65.637,240.67
183.67,29.229,65.637,240.67
186.42,28.753,65.637,240.67
186.62,28.096,65.637,240.67
189.34,29.479,65.637,240.67
189.32,29.847,65.637,240.67
191.8,28.933,65.637,240.67
193.5,29.477,65.637,240.67
194.33,30.434,65.637,240.67
195.68,30.205,65.637,240.67
197.87,30.353,65.637,240.67
199.07,29.897,65.637,240.67
200.58,29,65.637,240.67
201.02,29.664,65.637,240.67
203.26,30.249,65.637,240.67
202.54,29.222,65.637,240.67
205.32,30.763,65.637,240.67
205.41,29.499,65.637,240.67
206.45,31.552,65.637,240.67
207.29,31.108,65.637,240.67
207.54,30.01,65.637,240.67
208.66,31.071,65.637,240.67
208.02,30.849,65.637,240.67
209.47,30.616,65.637,240.67
206.61,32.005,65.637,240.67
208.58,30.261,65.637,240.67
207.29,32.11,65.637,240.67
206.68,30.779,65.637,240.67
207.91,31.536,65.637,240.67
207.77,32.674,65.637,240.67
207.66,30.153,65.637,240.67
207.62,32.906,65.637,240.67
207.91,30.527,65.637,240.67
207.89,33.636,65.637,240.67
209.06,31.681,65.637,240.67
208.82,31.764,65.637,240.67
209.36,31.893,65.637,240.67
208.38,31.996,65.637,240.67
209.39,32.253,65.637,240.67
208.98,32.802,65.637,240.67
210.74,31.183,65.637,240.67
209.27,33.029,65.637,240.67
210.09,31.733,65.637,240.67
210.69,31.864,65.637,240.67
210.6,32.176,65.637,240.67
210.8,32.872,65.637,240.67
211.55,32.09,65.637,240.67
211.34,33.254,65.637,240.67
211.14,32.843,65.637,240.67
213.43,32.675,65.637,240.67
211.17,32.269,65.637,240.67
214.21,33.453,65.637,240.67
211.38,32.622,65.637,240.67
213.53,33.722,65.637,240.67
213.11,31.272,65.637,240.67
214.42,33.746,65.637,240.67
212.58,31.515,65.637,240.67
214.3,34.054,65.637,240.67
213.3,31.824,65.637,240.67
214.48,32.938,65.637,240.67
213.89,32.173,65.637,240.67
215.56,33.087,65.637,240.67
214.03,32.324,65.637,240.67
215.92,33.213,65.637,240.67
214.69,32.692,65.637,240.67
214.93,31.96,65.637,240.67
215.2,33.027,65.637,240.67
214.24,32.9,65.637,240.67
214.94,32.357,65.637,240.67
215.29,34.112,65.637,240.67
214.76,32.563,65.637,240.67
215.41,34.184,65.637,240.67
214.87,32.69,65.637,240.67
215.69,32.549,65.637,240.67
215.14,34.76,65.637,240.67
216.29,31.313,65.637,240.67
213.9,35.249,65.637,240.67
216.94,32.097,65.637,240.67
214.42,34.189,65.637,240.67
215.65,32.842,65.637,240.67
215.49,32.959,65.637,240.67
216,33.178,65.637,240.67
217.03,33.038,65.637,240.67
216.66,32.762,65.637,240.67
215.74,32.889,65.637,240.67
216.5,33.04,65.637,240.67
215.23,32.885,65.637,240.67
215.22,32.738,65.637,240.67
214.85,32.48,65.637,240.67
215.55,33.194,65.637,240.67
214.18,32.338,65.637,240.67
214.26,32.886,65.637,240.67
213.85,31.591,65.637,240.67
215.83,33.539,65.637,240.67
215.12,32.467,65.637,240.67
216.2,32.77,65.637,240.67
214.9,31.438,65.637,240.67
217.59,33.588,65.637,240.67
216.97,32.327,65.637,240.67
219.13,32.784,65.637,240.67
219.27,30.988,65.637,240.67
219.47,32.801,65.637,240.67
221.37,31,65.637,240.67
221.93,32.451,65.637,240.67
224.43,32.024,65.637,240.67
224.1,31.723,65.637,240.67
228.79,30.972,65.637,240.67
228.73,31.294,65.637,240.67
232.78,31.451,65.637,240.67
233.31,31.23,65.637,240.67
235.24,30.693,65.637,240.67
238.44,29.778,65.637,240.67
239.68,30.29,65.637,240.67
243.11,30.098,65.637,240.67
244.34,29.759,65.637,240.67
245.21,29.24,65.637,240.67
247.11,30.116,65.637,240.67
249.21,29.523,65.637,240.67
248.24,30.332,65.637,240.67
250.86,29.669,65.637,240.67
251.78,29.081,65.637,240.67
252.95,30.544,65.637,240.67
253.9,29.796,65.637,240.67
255.33,29.286,65.637,240.67
255.39,30.36,65.637,240.67
256.57,29.406,65.637,240.67
257.77,30.577,65.637,240.67
258.78,29.678,65.637,240.67
259.66,28.783,65.637,240.67
260.5,29.734,65.637,240.67
261.03,28.956,65.637,240.67
262.44,29.507,65.637,240.67
261.7,30.663,65.637,240.67
262.84,29.496,65.637,240.67
263.77,30.337,65.637,240.67
263.47,29.721,65.637,240.67
263.52,28.646,65.637,240.67
264.48,31.084,65.637,240.67
264.09,28.481,65.637,240.67
265.97,31.065,65.637,240.67
264.61,28.655,65.637,240.67
265.53,31.574,65.637,240.67
264.36,29.267,65.637,240.67
264.99,30.56,65.637,240.67
265.99,29.893,65.637,240.67
265.28,29.204,65.637,240.67
264.21,30.174,65.637,240.67
265.06,29.49,65.637,240.67
265.84,30.541,65.637,240.67
265.13,29.556,65.637,240.67
266.04,30.91,65.637,240.67
265.1,28.449,65.637,240.67
266.17,31.479,65.637,240.67
264.9,29.391,65.637,240.67
265.63,31.841,65.637,240.67
264.2,28.529,65.637,240.67
265.84,32.97,65.637,240.67
265,27.957,65.637,240.67
267.28,31.653,65.637,240.67
264.83,29.094,65.637,240.67
267.86,30.981,65.637,240.67
265.71,29.018,65.637,240.67
266.78,30.894,65.637,240.67
265.71,29.228,65.637,240.67
265.44,31.714,65.637,240.67
264.53,29.288,65.637,240.67
265.84,32.172,65.637,240.67
265.14,30.186,65.637,240.67
266.01,32.002,65.637,240.67
264.61,30.312,65.637,240.67
264.67,32.055,65.637,240.67
264.65,30.132,65.637,240.67
264.37,31.433,65.637,240.67
264.14,31.142,65.637,240.67
265.67,30.501,65.637,240.67
264.54,31.258,65.637,240.67
264.36,30.372,65.637,240.67
264.24,31.252,65.637,240.67
264.24,30.374,65.637,240.67
263.96,31.072,65.637,240.67
265.1,30.246,65.637,240.67
264.87,31.022,65.637,240.67
264.42,30.38,65.637,240.67
263.92,31.61,65.637,240.67
264.67,31.114,65.637,240.67
263.93,30.703,65.637,240.67
264.49,30.269,65.637,240.67
263.69,31.366,65.637,240.67
263.92,31.01,65.637,240.67
264.17,30.511,65.637,240.67
264.49,31.48,65.637,240.67
263.56,31.004,65.637,240.67
263.85,30.449,65.637,240.67
264.26,31.616,65.637,240.67
263.44,31.208,65.637,240.67
263.91,30.569,65.637,240.67
264.43,31.399,65.637,240.67
263.26,30.823,65.637,240.67
263.72,30.199,65.637,240.67
264.27,31.188,65.637,240.67
263.14,30.569,65.637,240.67
265.15,31.442,65.637,240.67
263.91,30.621,65.637,240.67
264.44,31.399,65.637,240.67
263.59,30.251,65.637,240.67
264.25,31.146,65.637,240.67
263.51,30.006,65.637,240.67
264.35,30.792,65.637,240.67
263.54,29.964,65.637,240.67
264.61,30.663,65.637,240.67
264.27,31.329,65.637,240.67
263.7,30.199,65.637,240.67
264.86,30.782,65.637,240.67
264.76,29.82,65.637,240.67
264.86,30.336,65.637,240.67
265.16,30.99,65.637,240.67
265.22,30.02,65.637,240.67
264.41,30.308,65.637,240.67
265.42,30.868,65.637,240.67
265.1,29.465,65.637,240.67
266.93,31.532,65.637,240.67
265.69,30.012,65.637,240.67
266.35,30.311,65.637,240.67
265.94,30.428,65.637,240.67
267.27,30.841,65.637,240.67
265.52,29.176,65.637,240.67
267.29,31.694,65.637,240.67
266.11,28.527,65.637,240.67
268.47,32.791,65.637,240.67
265.8,27.938,65.637,240.67
268.72,32.043,65.637,240.67
265.64,29.283,65.637,240.67
268.24,31.959,65.637,240.67
265.66,29.259,65.637,240.67
268.53,32.143,65.637,240.67
265.95,29.485,65.637,240.67
268.58,32.928,65.637,240.67
265.86,28.398,65.637,240.67
268.4,32.922,65.637,240.67
265.43,28.449,65.637,240.67
267.65,32.936,65.637,240.67
266.01,28.498,65.637,240.67
268.23,33.026,65.637,240.67
264.49,28.612,65.637,240.67
267.99,33.688,65.637,240.67
265.73,27.683,65.637,240.67
267.21,32.278,65.637,240.67
264.9,29.927,65.637,240.67
267.58,31.811,65.637,240.67
265.13,29.502,65.637,240.67
267.69,33.12,65.637,240.67
264.53,29.087,65.637,240.67
266.53,32.873,65.637,240.67
264.8,29.095,65.637,240.67
266.91,32.393,65.637,240.67
265.06,30.353,65.637,240.67
266.64,31.662,65.637,240.67
264.64,31.052,65.637,240.67
266.09,30.665,65.637,240.67
265.76,31.631,65.637,240.67
265.58,31.032,65.637,240.67
265.35,30.787,65.637,240.67
265.23,30.178,65.637,240.67
265.01,31.188,65.637,240.67
266.4,30.726,65.637,240.67
264.5,30.256,65.637,240.67
266.12,31.439,65.637,240.67
266.08,30.627,65.637,240.67
266.12,31.577,65.637,240.67
266.26,30.842,65.637,240.67
264.82,30.03,65.637,240.67
266.8,31.037,65.637,240.67
265.25,30.095,65.637,240.67
266.08,30.791,65.637,240.67
266.57,29.674,65.637,240.67
265.82,30.231,65.637,240.67
266.74,30.941,65.637,240.67
266.09,29.564,65.637,240.67
267.32,31.649,65.637,240.67
265.56,30.124,65.637,240.67
267.28,31.074,65.637,240.67
266.03,29.703,65.637,240.67
268.04,30.299,65.637,240.67
267.45,30.613,65.637,240.67
266.82,31.06,65.637,240.67
267.78,29.95,65.637,240.67
267.31,30.366,65.637,240.67
267.33,30.702,65.637,240.67
267.29,29.393,65.637,240.67
267.34,31.47,65.637,240.67
267.49,30.208,65.637,240.67
267.67,30.763,65.637,240.67
267.85,29.604,65.637,240.67
268.19,31.873,65.637,240.67
266.93,29.224,65.637,240.67
269.27,31.758,65.637,240.67
266.27,28.965,65.637,240.67
268.56,31.645,65.637,240.67
267.58,30.573,65.637,240.67
268.19,31.398,65.637,240.67
266.8,30.461,65.637,240.67
269.24,31.636,65.637,240.67
266.39,30.742,65.637,240.67
268.31,30.217,65.637,240.67
267.04,31.189,65.637,240.67
268.82,30.706,65.637,240.67
267.23,29.654,65.637,240.67
267.13,32.746,65.637,240.67
268.21,28.873,65.637,240.67
266.19,32.052,65.637,240.67
267.14,30.255,65.637,240.67
268.07,31.878,65.637,240.67
267.19,29.891,65.637,240.67
266.29,31.406,65.637,240.67
267.13,31,65.637,240.67
267.78,30.419,65.637,240.67
267.06,31.719,65.637,240.67
267.77,29.361,65.637,240.67
267.21,32.11,65.637,240.67
266.28,29.617,65.637,240.67
267.21,32.624,65.637,240.67
266.3,29.862,65.637,240.67
267.14,30.972,65.637,240.67
268.03,30.422,65.637,240.67
267.74,30.986,65.637,240.67
267.31,29.916,65.637,240.67
266.94,30.562,65.637,240.67
268.25,31.191,65.637,240.67
266.38,30.112,65.637,240.67
267.7,30.867,65.637,240.67
267.5,29.729,65.637,240.67
267.51,29.976,65.637,240.67
267.32,30.196,65.637,240.67
267.05,30.406,65.637,240.67
268.16,30.936,65.637,240.67
267.64,29.532,65.637,240.67
267.3,31.709,65.637,240.67
266.74,28.333,65.637,240.67
267.78,32.24,65.637,240.67
266.9,29.171,65.637,240.67
267.56,31.603,65.637,240.67
266.77,30.254,65.637,240.67
267.43,31.036,65.637,240.67
266.42,29.726,65.637,240.67
266.94,30.439,65.637,240.67
267.21,31.21,65.637,240.67
265.95,30.078,65.637,240.67
267.94,30.836,65.637,240.67
266.2,30.095,65.637,240.67
266.04,30.808,65.637,240.67
267.75,30.072,65.637,240.67
266.03,30.774,65.637,240.67
267.13,30.01,65.637,240.67
266.54,31.062,65.637,240.67
265.73,30.566,65.637,240.67
266.68,31.459,65.637,240.67
265.56,30.861,65.637,240.67
266.21,29.777,65.637,240.67
264.86,30.974,65.637,240.67
266.91,30.652,65.637,240.67
265.74,31.573,65.637,240.67
266.49,30.502,65.637,240.67
265.15,31.564,65.637,240.67
267.1,31.18,65.637,240.67
265.99,30.556,65.637,240.67
266.57,31.557,65.637,240.67
265.41,30.796,65.637,240.67
265.99,30.341,65.637,240.67
266.49,31.375,65.637,240.67
265.64,30.498,65.637,240.67
266.19,31.754,65.637,240.67
265.08,28.926,65.637,240.67
267.56,31.768,65.637,240.67
265.07,29.011,65.637,240.67
267.77,31.668,65.637,240.67
265.5,28.992,65.637,240.67
266.73,31.426,65.637,240.67
266.17,30.557,65.637,240.67
267.3,31.104,65.637,240.67
265.14,30.236,65.637,240.67
267.97,30.948,65.637,240.67
265.99,29.726,65.637,240.67
267.18,30.402,65.637,240.67
265.37,31.007,65.637,240.67
266.93,29.827,65.637,240.67
266.9,29.929,65.637,240.67
267.08,30.2,65.637,240.67
267.42,30.356,65.637,240.67
266.06,30.332,65.637,240.67
267.95,30.471,65.637,240.67
266.65,30.318,65.637,240.67
266.91,30.387,65.637,240.67
267.34,30.238,65.637,240.67
266.31,29.796,65.637,240.67
266.81,29.127,65.637,240.67
267.79,29.677,65.637,240.67
267.22,28.455,65.637,240.67
267.21,30.124,65.637,240.67
267.07,28.616,65.637,240.67
269.31,30.394,65.637,240.67
266.92,28.711,65.637,240.67
269.84,29.12,65.637,240.67
267.92,29.062,65.637,240.67
269.3,29.695,65.637,240.67
267.61,28.109,65.637,240.67
269.42,30.43,65.637,240.67
267.47,29.952,65.637,240.67
269.32,30.614,65.637,240.67
267.7,31.662,65.637,240.67
269.01,31.957,65.637,240.67
267.92,32.557,65.637,240.67
267.52,33.476,65.637,240.67
265.84,33.384,65.637,240.67
265.12,31.98,65.637,240.67
263.24,31.125,65.637,240.67
258.6,28.747,65.637,240.67
258.94,27.528,65.637,240.67
256.83,30.063,65.637,240.67
256.9,27.868,65.637,240.67
257.4,29.675,65.637,240.67
251.57,27.774,65.637,240.67
252.49,25.696,65.637,240.67
248.86,21.11,68.919,252.7
254.85,22.139,68.919,252.7
256.12,22.067,68.919,252.7
260.81,21.842,68.919,252.7
259.09,23.253,68.919,252.7
260.46,24.335,68.919,252.7
260.36,23.155,68.919,252.7
259.42,21.053,68.919,252.7
263.95,22.594,68.919,252.7
265.29,23.077,68.919,252.7
266.67,21.226,68.919,252.7
264.09,20.829,68.919,252.7
262.1,17.821,68.919,252.7
259.37,19.33,68.919,252.7
259.36,22.184,68.919,252.7
256.15,22.712,68.919,252.7
257.32,24.181,68.919,252.7
256.29,22.227,68.919,252.7
263.86,27.078,68.919,252.7
260.72,23.265,68.919,252.7
263.82,28.46,68.919,252.7
266.05,28.963,68.919,252.7
265.48,29.166,68.919,252.7
266.1,28.977,68.919,252.7
264.66,29.373,68.919,252.7
265.06,27.115,68.919,252.7
263.47,24.906,68.919,252.7
