0.04624
0.15055
0.15224
0.14946
0.15167
0.16482
0.1498
0.15158
0.17752
0.14715
0.14967
0.1473
0.14746
0.15071
0.16461
0.15054
0.15199
0.146
0.14985
0.14732
0.14856
0.15092
0.14934
0.15209
0.1498
0.14641
0.14625
0.15046
0.17142
0.14697
0.14785
0.14764
0.16299
0.15029
0.15789
0.15805
0.1473
0.1499
0.14576
0.14541
0.14776
0.14957
0.1431
0.14912
0.16785
0.15294
0.14893
0.14858
0.147
0.15141
0.17955
0.16023
0.17225
0.14481
0.14484
0.14959
0.14746
0.14618
0.14906
0.15254
0.18215
0.14883
0.15212
0.15195
0.1603
0.1534
0.15012
0.1935
0.1497
0.14653
0.15351
0.14598
0.1487
0.14949
0.14994
0.18278
0.14778
0.14893
0.1471
0.16611
0.14646
0.14664
0.1497
0.1482
0.16369
0.15471
0.16945
0.1588
0.14703
0.18562
0.14754
0.14866
0.15077
0.1495
0.1557
0.14852
0.14817
0.161
0.17712
0.1481
0.14996
0.15026
0.14625
0.14452
0.15877
0.14521
0.16335
0.14887
0.14824
0.14599
0.14765
0.14541
0.14917
0.15081
0.14955
0.14643
0.14935
0.15242
0.16875
0.15545
0.17031
0.15285
0.15978
0.15481
0.16652
0.15205
0.1495
0.16033
0.1609
0.15402
0.1485
0.15278
0.16052
0.16927
0.15239
0.15167
0.16755
0.15875
0.15054
0.15088
0.15293
0.14978
0.15292
0.15448
0.15488
0.15347
0.16252
0.15092
0.15228
0.15991
0.17232
0.15041
0.14916
0.14707
0.14894
0.15044
0.15269
0.15091
0.15184
0.14828
0.1473
0.15064
0.14753
0.14794
0.14939
0.14782
0.14801
0.14601
0.14759
0.148
0.14652
0.15011
0.1453
0.14639
0.14992
0.14775
0.14604
0.14653
0.14627
0.14804
0.14845
0.14961
0.14977
0.15159
0.16112
0.15639
0.16439
0.14908
0.1495
0.15603
0.1502
0.15221
0.14994
0.15787
0.15166
0.15036
0.16899
0.14586
0.15113
0.1483
0.16068
0.15545
0.14754
0.14908
0.14947
0.14969
0.15001
0.14645
0.14874
0.15373
0.14948
0.14745
0.14868
0.14714
0.14861
0.14848
0.14561
0.14696
0.14773
0.14873
0.17882
0.14633
0.15237
0.15002
0.15039
0.15153
0.14976
0.14728
0.161
0.14903
0.14823
0.14833
0.15918
0.18096
0.15196
0.15301
0.16191
0.15027
0.15072
0.15416
0.15267
0.15069
0.14964
0.18549
0.14955
0.14871
0.15349
0.1519
0.15126
0.15288
0.15387
0.1511
0.15329
0.15394
0.1536
0.15232
0.14969
0.15408
0.15117
0.16298
0.17951
0.15316
0.15126
0.15046
0.14988
0.15057
0.1549
0.15545
0.16692
0.15019
0.18224
0.15487
0.15171
0.16897
0.15218
0.15446
0.15737
0.15272
0.15341
0.15303
0.15454
0.15367
0.15069
0.15356
0.15141
0.15459
0.15299
0.16788
0.15268
0.17102
0.14734
0.14595
0.16293
0.14495
0.14702
0.14987
0.14942
0.14747
0.14802
0.14643
0.15426
0.14872
0.14731
0.14824
0.14626
0.14547
0.15002
0.14697
0.14741
0.14612
0.14934
0.15861
0.16167
0.1765
0.15667
0.15226
0.14769
0.1533
0.14829
0.16058
0.14939
0.15556
0.14795
0.15001
0.14832
0.14776
0.15067
0.152
0.15074
0.17033
0.14951
0.15089
0.14827
0.15151
0.15024
0.14725
0.14976
0.1474
0.15055
0.1486
0.15315
0.14909
0.1491
0.15348
0.14875
0.15232
0.14991
0.15246
0.15231
0.15151
0.15013
0.15093
0.15287
0.15077
0.16344
0.15384
0.15147
0.15094
0.15341
0.15445
0.1519
0.16735
0.1717
0.15003
0.15487
0.15048
0.15137
0.16546
0.15014
0.15238
0.1521
0.15215
0.15225
0.15455
0.1515
0.15054
0.15284
0.15051
0.15066
0.15238
0.15092
0.15357
0.15283
0.15277
0.1537
0.15471
0.15282
0.1536
0.15315
0.15348
0.15123
0.15223
0.15487
0.15148
0.15489
0.17112
0.1683
0.14963
0.15343
0.1511
0.14761
0.14997
0.14814
0.14933
0.15123
0.15034
0.14983
0.1538
0.19005
0.15005
0.15082
0.14828
0.16615
0.16029
0.14851
0.14902
0.14869
0.18459
0.15229
0.15158
0.14966
0.15313
0.14837
0.15238
0.14968
0.15067
0.15093
0.14967
0.15058
0.15462
0.151
0.15362
0.15192
0.15421
0.15284
0.15044
0.15519
0.15079
0.15005
0.15279
0.1503
0.15587
0.15433
0.15223
0.1728
0.15809
0.14722
0.15005
0.14878
0.14518
0.14881
0.14598
0.14708
0.14468
0.14701
0.14897
0.14924
0.14973
0.14943
0.14429
0.14965
0.14609
0.15156
0.14892
0.14941
0.16046
0.14525
0.14811
0.14565
0.14898
0.14706
0.14566
0.14808
0.14437
0.14815
0.15416
0.15059
0.14836
0.14611
0.14831
0.14848
0.14995
0.15153
0.14927
0.15623
0.15487
0.14965
0.14584
0.15753
0.14971
0.14622
0.15103
0.14542
0.14895
0.14641
0.14617
0.14735
0.15904
0.15109
0.14964
0.14449
0.15
0.15064
0.1471
0.14908
0.14748
0.14672
0.15101
0.14587
0.14668
0.14931
0.149
0.15611
0.14735
0.14794
0.14804
0.15081
0.14689
0.14704
0.14879
0.14887
0.14911
0.14712
0.15053
0.14801
0.14973
0.14747
0.15096
0.14885
0.14838
0.14852
0.15158
0.14915
0.14948
0.14556
0.14657
0.15133
0.14637
0.1527
0.1475
0.15866
0.1486
0.14933
0.15213
0.15368
0.14898
0.1506
0.14781
0.15185
0.15122
0.15078
0.14919
0.15262
0.15108
0.15179
0.1522
0.15145
0.1525
0.15215
0.15295
0.15394
0.14906
0.15043
0.16075
0.15388
0.15035
0.15135
0.15141
0.15403
0.15344
0.15598
0.15093
0.1503
0.16796
0.15437
0.15271
0.16273
0.15552
0.15203
0.14927
0.15122
0.14958
0.15368
0.15467
0.14947
0.15438
0.15514
0.15233
0.15669
0.14941
0.1587
0.1552
0.15171
0.15426
0.16124
0.15173
0.14721
0.15002
0.14642
0.14668
0.14516
0.14689
0.14797
0.14736
0.14795
0.14616
0.14519
0.14628
0.14862
0.14822
0.14899
0.14796
0.14772
0.14899
0.14624
0.15055
0.14658
0.15041
0.14515
0.14685
0.14649
0.14687
0.14463
0.14662
0.14583
0.14694
0.14774
0.16301
0.14691
0.15314
0.1481
0.14728
0.14747
0.14758
0.14957
0.14646
0.14661
0.14911
0.1475
0.14819
0.14946
0.1676
0.15266
0.1465
0.14955
0.16176
0.14907
0.14778
0.15023
0.14458
0.14956
0.14651
0.14763
0.1493
0.14712
0.14678
0.15027
0.14452
0.14707
0.14732
0.14625
0.14724
0.14586
0.1508
0.14997
0.14704
0.14765
0.14671
0.14997
0.14823
0.14488
0.15169
0.14619
0.14926
0.1459
0.14647
0.14925
0.14686
0.14756
0.1496
0.14569
0.15056
0.15015
0.15235
0.14676
0.14992
0.14799
0.14627
0.14831
0.1491
0.15041
0.15165
0.14893
0.14836
0.15007
0.14968
0.14777
0.15181
0.15052
0.14915
0.14933
0.15295
0.14991
0.1481
0.15243
0.15309
0.14723
0.14989
0.15219
0.14871
0.15424
0.15059
0.14872
0.14829
0.16072
0.15303
0.15684
0.15417
0.15125
0.15377
0.15788
0.15137
0.15547
0.15317
0.15305
0.15065
0.15217
0.1524
0.15084
0.15217
0.16217
0.17222
0.15281
0.15278
0.15242
0.15324
0.15334
0.15465
0.15016
0.15102
0.15068
0.15005
0.15401
0.15154
0.15103
0.15309
0.15189
0.15193
0.15081
0.15193
0.15134
0.15164
0.15683
0.15353
0.15322
0.1534
0.15311
0.16985
0.14693
0.14768
0.1475
0.15224
0.14708
0.14713
0.14518
0.14628
0.14521
0.14509
0.14647
0.15018
0.14516
0.14543
0.14625
0.14764
0.14707
0.14798
0.1465
0.1457
0.14612
0.14734
0.14583
0.14867
0.14669
0.14929
0.14661
0.14844
0.1479
0.14853
0.1557
0.14532
0.14794
0.14621
0.14284
0.14601
0.15121
0.15459
0.14539
0.14695
0.14964
0.14649
0.14477
0.14897
0.14599
0.14588
0.14893
0.14838
0.15017
0.14595
0.14647
0.14572
0.15168
0.14897
0.1476
0.14878
0.14765
0.1482
0.14376
0.15053
0.14665
0.145
0.14558
0.14704
0.14563
0.14806
0.14782
0.14616
0.14491
0.14573
0.15822
0.14791
0.14583
0.15008
0.14904
0.14993
0.14729
0.1482
0.14902
0.14722
0.14905
0.14815
0.14773
0.15011
0.14685
0.14593
0.15582
0.14914
0.14872
0.14569
0.15068
0.14986
0.14756
0.1475
0.14629
0.15005
0.15109
0.15152
0.14819
0.14831
0.14816
0.14784
0.14955
0.14653
0.14774
0.15172
0.14903
0.14946
0.15082
0.15648
0.14933
0.15127
0.15194
0.14888
0.14846
0.15014
0.1523
0.15128
0.15046
0.15278
0.14951
0.15431
0.16722
0.15155
0.15268
0.15097
0.15096
0.15008
0.15092
0.14973
0.15039
0.15114
0.15412
0.15267
0.15345
0.15388
0.15579
0.15503
0.15147
0.15062
0.15224
0.15135
0.15039
0.15117
0.15321
0.15107
0.15077
0.15315
0.15358
0.155
0.15353
0.15219
0.15514
0.153
0.17325
0.1481
0.15104
0.14567
0.14558
0.14807
0.14885
0.14693
0.14534
0.14638
0.14803
0.1465
0.14752
0.14677
0.14445
0.14718
0.1475
0.14803
0.14795
0.14973
0.14786
0.1456
0.14791
0.14769
0.14497
0.14905
0.14983
0.14673
0.15072
0.15097
0.14734
0.14928
0.15135
0.14885
0.14651
0.14879
0.14779
0.14951
0.14722
0.14864
0.1479
0.14703
0.14915
0.14744
0.15113
0.14953
0.14751
0.14988
0.14929
0.15021
0.15005
0.14801
0.14738
0.15003
0.14666
0.15448
0.15783
0.1507
0.14854
0.14809
0.152
0.1531
0.14891
0.14832
0.14667
0.14919
0.15012
0.14773
0.14782
0.14768
0.15185
0.15511
0.14969
0.1533
0.14975
0.15403
0.15183
0.15332
0.14959
0.15063
0.15074
0.14943
0.15423
0.14934
0.14953
0.15159
0.15059
0.1499
0.15298
0.15125
0.15002
0.15142
0.15447
0.1502
0.15049
0.15032
0.15133
0.1547
0.15256
0.15275
0.15287
0.15308
0.15128
0.15326
0.15552
0.15333
0.15233
0.1502
0.14919
0.14982
0.15075
0.15179
0.15253
0.15376
0.15432
0.15168
0.15156
0.15302
0.16746
0.15085
0.15192
0.15262
0.15132
0.15099
0.15123
0.15185
0.15394
0.15169
0.17557
0.1532
0.1508
0.15282
0.15227
0.15291
0.15452
0.15211
0.15258
0.15347
0.15285
0.15007
0.15149
0.15103
0.15067
0.1516
0.15111
0.14954
0.15112
0.15004
0.15077
0.15282
0.15206
0.15068
0.15459
0.15492
0.1547
0.15338
0.1497
0.15181
0.15272
0.1525
0.1518
0.15142
0.15311
0.15291
0.1558
0.17526
0.14974
0.14812
0.14855
0.14769
0.14854
0.14872
0.14722
0.14785
0.14582
0.14632
0.15313
0.14844
0.14835
0.14729
0.14692
0.15138
0.14664
0.14595
0.14702
0.1468
0.14689
0.14771
0.14725
0.1504
0.1446
0.14965
0.14581
0.15392
0.15784
0.14565
0.14642
0.14592
0.14787
0.14671
0.14838
0.14699
0.14809
0.14744
0.14948
0.14771
0.14808
0.14661
0.14491
0.15016
0.15535
0.14563
0.14652
0.14583
0.15282
0.14616
0.14612
0.15058
0.14809
0.14542
0.14541
0.14847
0.14637
0.14441
0.14436
0.14747
0.14628
0.14725
0.14538
0.14533
0.1458
0.1509
0.1462
0.14852
0.14619
0.14781
0.14586
0.14844
0.14968
0.14705
0.1487
0.14748
0.14658
0.14985
0.14664
0.15001
0.14763
0.14856
0.15124
0.14775
0.14698
0.15
0.15111
0.1502
0.14739
0.14906
0.14626
0.14951
0.14885
0.14742
0.15047
0.15069
0.14866
0.15048
0.14861
0.15187
0.15001
0.14832
0.15366
0.14838
0.1489
0.14774
0.147
0.14872
0.15285
0.14749
0.14778
0.14815
0.14855
0.14901
0.1516
0.14899
0.15103
0.15079
0.15149
0.15003
0.15125
0.15131
0.14973
0.18336
0.14986
0.15047
0.15246
0.14947
0.15084
0.15156
0.15153
0.15187
0.15068
0.15143
0.15234
0.14897
0.15129
0.15092
0.15012
0.15321
0.15209
0.14983
0.15027
0.15186
0.15115
0.15143
0.15169
0.15177
0.15287
0.15282
0.15022
0.1576
0.15473
0.15479
0.15824
0.15375
0.14885
0.14712
0.14582
0.14746
0.14897
0.14596
0.14906
0.14644
0.1445
0.14821
0.1489
0.14342
0.14912
0.14924
0.14965
0.16921
0.1619
0.16064
0.16659
0.15846
0.16455
0.15828
0.15097
0.14775
0.14705
0.14993
0.15072
0.14837
0.14595
0.14696
0.14964
0.14643
0.15017
0.14691
0.14744
0.15365
0.15494
0.14896
0.14655
0.1455
0.14757
0.14447
0.14844
0.14862
0.14837
0.14753
0.14578
0.15167
0.14505
0.15026
0.14456
0.14817
0.14946
0.14826
0.15044
0.14826
0.14597
0.14703
0.1482
0.14636
0.14698
0.14824
0.15005
0.14535
0.1485
0.14662
0.14783
0.14899
0.15099
0.15029
0.14702
0.1473
0.14739
0.14762
0.15028
0.1471
0.14832
0.14858
0.1491
0.1485
0.15149
0.14748
0.14934
0.14837
0.14807
0.14924
0.15
0.1479
0.15052
0.14859
0.14813
0.15001
0.14816
0.14631
0.14692
0.14942
0.14722
0.14821
0.14965
0.15056
0.15203
0.14809
0.14952
0.14708
0.1493
0.14861
0.14901
0.15144
0.14851
0.14683
0.15073
0.14852
0.1522
0.1486
0.14938
0.15001
0.14922
0.1473
0.15227
0.14915
0.14955
0.15398
0.15215
0.15098
0.15181
0.15302
