100
0.83858
0.76373
0.73623
0.70405
0.67185
0.62505
0.65809
0.62991
0.62501
0.63956
0.63412
0.67795
0.61433
0.59182
0.65556
0.67896
0.72721
0.68324
0.67116
0.65036
0.68871
0.7115
0.67595
0.69016
0.67127
0.66619
0.67793
0.6904
0.70102
0.71193
0.69711
0.71413
0.65525
0.64763
0.60465
0.60086
0.57449
0.57357
0.57195
0.59304
0.61528
0.62484
0.63586
0.6357
0.61656
0.58174
0.56026
0.52577
0.51826
0.52445
0.52732
0.51698
0.50472
0.50252
0.49638
0.51777
0.52937
0.52221
0.50695
0.51109
0.49403
0.48186
0.4567
0.44982
0.46869
0.48193
0.49425
0.48907
0.48237
0.4942
0.49362
0.47975
0.46098
0.46096
0.43513
0.41645
0.39582
0.4109
0.41074
0.40731
0.42854
0.45659
0.4687
0.47347
0.47099
0.47237
0.48883
0.49648
0.48972
0.48181
0.4614
0.47738
0.44711
0.46538
0.46093
0.46978
0.48005
0.46775
0.45719
0.41799
0.39941
0.36068
0.32552
0.30743
0.30663
0.29161
0.26125
0.21816
0.19334
0.19063
0.17225
0.15278
0.13254
0.13282
0.14396
0.15478
0.16121
0.17681
0.1721
0.17732
0.16257
0.18048
0.19144
0.17946
0.19129
0.1805
0.19705
0.19259
0.19805
0.20825
0.22196
0.21514
0.22117
0.22801
0.2243
0.21985
0.25181
0.25473
0.24609
0.25442
0.26404
0.26848
0.25534
0.2432
0.25545
0.24258
0.24159
0.24377
0.23277
0.22965
0.21925
0.20498
0.20364
0.19084
0.19719
0.19587
0.21659
0.21541
0.22746
0.25087
0.24644
0.26311
0.26139
0.28142
0.2687
0.28906
0.30966
0.31227
0.32503
0.31263
0.31002
0.29312
0.29099
0.26669
0.26543
0.24955
0.23212
0.21494
0.21025
0.19645
0.1964
0.19517
0.19713
0.20156
0.20616
0.20632
0.20302
0.20352
0.20669
0.21065
0.21815
0.21932
0.22766
0.22328
0.22992
0.23054
0.23208
0.23439
0.24837
0.24256
0.24298
0.24536
0.24463
0.24853
0.25626
0.25156
0.25607
0.25751
0.26975
0.27909
0.28727
0.30176
0.29966
0.2967
0.26176
0.23834
0.21638
0.19452
0.17884
0.19215
0.20107
0.20352
0.2101
0.20687
0.21321
0.20638
0.20398
0.2054
0.19764
0.19201
0.19403
0.19594
0.2002
0.19828
0.20154
0.20302
0.20325
0.20639
0.21818
0.21444
0.23823
0.23637
0.24959
0.25491
0.25175
0.25529
0.25178
0.2415
0.25467
0.26508
0.27074
0.26618
0.26743
0.26346
0.25959
0.25866
0.27213
0.27186
0.27642
0.2787
0.28925
0.30468
0.30751
0.31598
0.30255
0.29706
0.31288
0.29905
0.31086
0.31377
0.31624
0.31259
0.30901
0.30466
0.30192
0.29363
0.29147
0.28093
0.26776
0.25968
0.24264
0.24519
0.24432
0.25056
0.2388
0.21909
0.19772
0.17581
0.15362
0.11235
0.10805
0.13255
0.11425
0.12154
0.096455
0.1069
0.11582
0.12978
0.13801
0.1613
0.17457
0.17976
0.1847
0.18766
0.18526
0.19019
0.18977
0.19351
0.19334
0.19727
0.2033
0.20973
0.20805
0.21266
0.21418
0.22033
0.21587
0.21619
0.20854
0.20976
0.20823
0.21509
0.21636
0.22059
0.22891
0.23674
0.23478
0.24425
0.24597
0.24878
0.25346
0.26036
0.26799
0.26951
0.27
0.28178
0.27461
0.27187
0.26051
0.25558
0.24843
0.23729
0.23518
0.23911
0.23993
0.25317
0.25867
0.25917
0.25701
0.2573
0.24601
0.23323
0.22776
0.21755
0.16239
0.14415
0.11807
0.11893
0.16646
0.15833
0.15556
0.14662
0.1623
0.17419
0.18965
0.18619
0.19086
0.19418
0.19617
0.19967
0.19837
0.19817
0.2115
0.21297
0.2198
0.22547
0.21337
0.22197
0.21852
0.2159
0.21676
0.21443
0.22051
0.21596
0.21609
0.214
0.19388
0.18281
0.18045
0.1784
0.18906
0.19326
0.18877
0.19329
0.19468
0.192
0.18879
0.1901
0.18613
0.18816
0.19321
0.19159
0.184
0.19405
0.18271
0.18655
0.17658
0.18114
0.19257
0.21064
0.22207
0.22852
0.22222
0.22497
0.23151
0.2345
0.23344
0.23093
0.23254
0.22821
0.23929
0.23067
0.23645
0.21549
0.21142
0.20191
0.2012
0.19817
0.20462
0.18738
0.17304
0.1639
0.1727
0.17256
0.17686
0.16358
0.15934
0.14765
0.15262
0.16419
0.15865
0.16297
0.15655
0.16249
0.16445
0.1537
0.16418
0.16296
0.16711
0.17495
0.18169
0.19009
0.19608
0.20627
0.20831
0.19928
0.19919
0.18411
0.20065
0.20556
0.20391
0.19374
0.19029
0.17977
0.18662
0.18758
0.19627
0.19445
0.19624
0.19898
0.20008
0.19871
0.20466
0.20105
0.20547
0.20917
0.21163
0.21526
0.22027
0.22494
0.22386
0.2294
0.23087
0.23312
0.23912
0.24196
0.24495
0.24351
0.24844
0.25898
0.26285
0.26139
0.26795
0.26923
0.27035
0.27029
0.27263
0.27153
0.27046
0.27248
0.27532
0.27417
0.28177
0.28941
0.29161
0.29794
0.30301
0.31285
0.32103
0.32352
0.32333
0.33247
0.32124
0.31621
0.2962
0.27566
0.26399
0.25672
0.24937
0.26112
0.279
0.29662
0.29945
0.31033
0.31777
0.31788
0.33129
0.32946
0.33299
0.33646
0.34797
0.35046
0.34689
0.34869
0.34794
0.35268
0.3545
0.35896
0.36971
0.37272
0.36935
0.36902
0.3653
0.37753
0.37394
0.38161
0.37818
0.3837
0.39517
0.40839
0.42109
0.42774
0.40883
0.38148
0.3485
0.32918
0.30645
0.29595
0.27921
0.26685
0.25979
0.26397
0.26774
0.27924
0.26728
0.26259
0.2666
0.25893
0.25591
0.26324
0.26265
0.2545
0.24052
0.23147
0.22047
0.21869
0.20771
0.20331
0.19997
0.20142
0.18716
0.1916
0.18989
0.19706
0.1972
0.20943
0.20959
0.21695
0.2296
0.23531
0.23272
0.24406
0.24462
0.25254
0.258
0.26639
0.26386
0.26819
0.27169
0.27608
0.27672
0.27531
0.2664
0.24449
0.20981
0.1924
0.18852
0.18173
0.18097
0.17817
0.16829
0.16026
0.16323
0.15929
0.14882
0.13486
0.11592
0.10455
0.097779
0.088926
0.092396
0.091835
0.09223
0.087574
0.097392
0.096768
0.10056
0.10165
0.099871
0.10521
0.11187
0.10588
0.10689
0.11044
0.10742
0.11908
0.11802
0.1224
0.12817
0.12876
0.13436
0.14068
0.14144
0.13761
0.14134
0.13849
0.16333
0.20097
0.21097
0.20148
0.17271
0.15403
0.15814
0.16268
0.1665
0.17827
0.18527
0.19221
0.19857
0.20933
0.21537
0.22629
0.22765
0.236
0.2489
0.2538
0.26344
0.26678
0.27225
0.28228
0.28683
0.29591
0.29791
0.30586
0.31193
0.31353
0.31111
0.31159
0.31774
0.3196
0.3218
0.32016
0.32007
0.31733
0.31555
0.31974
0.32445
0.32985
0.34005
0.34157
0.35351
0.36087
0.35976
0.35928
0.35384
0.34435
0.34413
0.33917
0.33736
0.34594
0.34641
0.36425
0.3654
0.38311
0.3915
0.3987
0.4007
0.3804
0.37047
0.37539
0.36527
0.35552
0.32333
0.29331
0.25711
0.23273
0.23255
0.23071
0.22547
0.23322
0.23782
0.23161
0.22428
0.2231
0.22521
0.22812
0.24169
0.2557
0.25879
0.26753
0.26342
0.26231
0.26232
0.25717
0.28145
0.27607
0.2807
0.27894
0.27997
0.29446
0.2945
0.26729
0.24985
0.2422
0.2319
0.21925
0.20916
0.20718
0.21448
0.21519
0.2251
0.22906
0.24974
0.2399
0.25929
0.24906
0.27171
0.26243
0.27523
0.27393
0.28698
0.27655
0.28473
0.27738
0.28562
0.27986
0.28846
0.2884
0.29779
0.29661
0.30724
0.30643
0.32342
0.32713
0.33951
0.34799
0.34988
0.33523
0.33033
0.31767
0.31398
0.31907
0.318
0.32621
0.33119
0.33133
0.3286
0.31022
0.30151
0.29046
0.27761
0.27373
0.27436
0.27944
0.27712
0.29557
0.29662
0.29824
0.27489
0.28825
0.30733
0.31038
0.31337
0.30411
0.28234
0.27199
0.26602
0.27866
0.28085
0.29331
0.30537
0.3115
0.31812
0.3288
0.32997
0.34074
0.3434
0.34995
0.35493
0.36039
0.36174
0.36549
0.36369
0.36961
0.37642
0.37372
0.37454
0.36771
0.37352
0.37427
0.36122
0.36221
0.3577
0.36701
0.35979
0.36569
0.35721
0.34932
0.34412
0.34034
0.32518
0.31204
0.30057
0.29412
0.2879
0.28681
0.28835
0.28774
0.29578
0.30171
0.31356
0.31409
0.31773
0.31186
0.31012
0.31375
0.32471
0.3285
0.31353
0.3065
0.31448
0.32778
0.34626
0.36785
0.37632
0.37215
0.31518
0.24445
0.25308
0.27787
0.27227
0.2723
0.24827
0.2588
0.24171
0.23167
0.23093
0.23284
0.21659
0.22105
0.21591
0.22861
0.232
0.23337
0.24008
0.24356
0.24653
0.27418
0.25895
0.2411
0.20662
0.16362
0.16487
0.17695
0.17337
0.17143
0.16387
0.13217
0.16828
0.16697
0.18383
0.18008
0.18757
0.19662
0.19773
0.20473
0.19933
0.2086
0.20085
0.21185
0.21218
0.22747
0.22402
0.23799
0.22581
0.24162
0.22572
0.22699
0.21809
0.21799
0.21735
0.22293
0.23159
0.24061
0.23979
0.25244
0.25242
0.26045
0.26035
0.27128
0.26806
0.28166
0.28229
0.29073
0.29195
0.30013
0.30072
0.30998
0.3111
0.32444
0.32394
0.32995
0.33143
0.34156
0.33826
0.34619
0.34246
0.34276
0.34408
