0.35719
0.050409
0.033612
0.032826
0.029704
0.031894
0.036671
0.035119
0.030187
0.031789
0.040257
0.039715
0.039796
0.036419
0.037448
0.037994
0.031318
0.045854
0.042012
0.053381
0.032822
0.038942
0.058407
0.068591
0.046015
0.036257
0.034295
0.044212
0.047897
0.030508
0.031188
0.048188
0.038889
0.038822
0.031046
0.047559
0.033262
0.030121
0.032246
0.031298
0.03498
0.034924
0.034303
0.044827
0.045317
0.038883
0.029562
0.03327
0.027266
0.044097
0.04702
0.04728
0.041298
0.041274
0.039574
0.037012
0.049254
0.027108
0.027279
0.046333
0.027277
0.041922
0.032797
0.044048
0.027568
0.047932
0.026903
0.027411
0.030424
0.033898
0.044981
0.027585
0.036366
0.027118
0.026789
0.049816
0.027764
0.027253
0.03946
0.027015
0.02719
0.040699
0.027186
0.02712
0.027146
0.032831
0.049278
0.0435
0.026588
0.047414
0.043851
0.046281
0.026424
0.0269
0.048017
0.027141
0.026601
0.040598
0.027945
0.026752
0.038715
0.027037
0.026727
0.048301
0.031452
0.046111
0.026384
0.04073
0.026946
0.043808
0.040175
0.026913
0.026789
0.026614
0.026933
0.026339
0.028464
0.04125
0.026997
0.026683
0.026405
0.02648
0.026168
0.043637
0.026572
0.027217
0.040162
0.04088
0.041668
0.027032
0.026885
0.0481
0.027174
0.039809
0.026259
0.026889
0.026863
0.04934
0.026391
0.026512
0.0268
0.027117
0.026839
0.029169
0.027008
0.047039
0.026796
0.026665
0.026435
0.033669
0.026165
0.026286
0.02673
0.026969
0.026602
0.027001
0.038776
0.026663
0.027424
0.026545
0.02704
0.026652
0.027
0.027179
0.040584
0.029383
0.02697
0.026667
0.027083
0.026812
0.041265
0.02659
0.038214
0.03501
0.026367
0.026588
0.027285
0.02661
0.026702
0.026929
0.030145
0.031766
0.046321
0.029713
0.043399
0.038261
0.046342
0.02644
0.026771
0.037873
0.026407
0.040627
0.026556
0.03997
0.04411
0.026545
0.040728
0.044741
0.029637
0.026603
0.026905
0.040462
0.027065
0.026705
0.02961
0.026741
0.026383
0.052951
0.029548
0.040583
0.026423
0.026876
0.027152
0.026869
0.026731
0.02684
0.036807
0.03827
0.026434
0.02689
0.027366
0.048309
0.043664
0.039748
0.026483
0.02662
0.033385
0.02653
0.02665
0.031375
0.026262
0.026619
0.026767
0.029911
0.026498
0.02854
0.03616
0.03641
0.042675
0.027056
0.02668
0.038335
0.026903
0.026353
0.040444
0.045959
0.043549
0.027494
0.026633
0.026491
0.026669
0.026202
0.044269
0.026307
0.026594
0.026632
0.043816
0.041641
0.026551
0.034226
0.044768
0.026554
0.026362
0.037289
0.0266
0.026699
0.04944
0.043222
0.026379
0.046341
0.033138
0.029311
0.026498
0.035117
0.02704
0.033148
0.043702
0.026537
0.02667
0.027011
0.03399
0.043962
0.044739
0.026588
0.026732
0.026228
0.027003
0.027089
0.027038
0.03358
0.026361
0.039224
0.02715
0.026666
0.039431
0.03315
0.026683
0.027083
0.026818
0.034842
0.031103
0.027
0.026643
0.02694
0.026726
0.027224
0.02662
0.026626
0.026585
0.027124
0.026604
0.026787
0.036023
0.030679
0.035285
0.02643
0.031359
0.032251
0.026183
0.026378
0.026819
0.041595
0.026609
0.026241
0.045661
0.032952
0.036151
0.026888
0.043776
0.026181
0.026494
0.026823
0.034428
0.026308
0.026596
0.028995
0.044343
0.027984
0.026559
0.026768
0.032461
0.03076
0.026854
0.043541
0.026403
0.047626
0.026613
0.026233
0.026695
0.041133
0.026951
0.046571
0.04871
0.027041
0.043123
0.036399
0.026382
0.034095
0.026944
0.030705
0.036869
0.026132
0.039342
0.039249
0.041556
0.026803
0.027115
0.027515
0.027496
0.047106
0.026524
0.027144
0.026617
0.039619
0.026285
0.026642
0.027197
0.041418
0.026531
0.038398
0.026621
0.026743
0.026594
0.027456
0.026311
0.026759
0.041636
0.034307
0.026894
0.026251
0.035711
0.028989
0.042214
0.02876
0.048335
0.029627
0.0448
0.027187
0.026936
0.042767
0.027643
0.028125
0.030089
0.031668
0.026784
0.0265
0.02667
0.026397
0.026843
0.033989
0.032602
0.027064
0.047131
0.026486
0.027713
0.026982
0.026914
0.043629
0.047367
0.026434
0.026702
0.027122
0.035653
0.045408
0.027449
0.02698
0.027974
0.027057
0.029078
0.028611
0.028738
0.029063
0.038022
0.026617
0.043662
0.028343
0.027387
0.028589
0.030943
0.049052
0.027632
0.047837
0.026937
0.049151
0.049099
0.027808
0.026942
0.02698
0.028569
0.027619
0.027272
0.026723
0.027026
0.027656
0.026648
0.026484
0.043792
0.046221
0.027256
0.026702
0.027763
0.026878
0.026651
0.026886
0.02623
0.03006
0.03667
0.041034
0.026321
0.026925
0.034475
0.026619
0.026938
0.027287
0.040335
0.035321
0.026848
0.027087
0.049285
0.039872
0.026702
0.026604
0.027231
0.03231
0.036878
0.027075
0.026956
0.026878
0.036095
0.027384
0.026368
0.026319
0.026367
0.027151
0.02661
0.026728
0.026407
0.026601
0.026351
0.026916
0.026652
0.047423
0.026546
0.026208
0.026515
0.026716
0.026597
0.02692
0.026603
0.026258
0.029826
0.02695
0.047197
0.026617
0.026726
0.037807
0.026975
0.026363
0.026443
0.026932
0.027166
0.030819
0.026569
0.026927
0.026887
0.038935
0.027054
0.026809
0.026626
0.036536
0.039051
0.027024
0.026835
0.026546
0.03493
0.02682
0.026548
0.043288
0.026254
0.054237
0.026876
0.026539
0.026432
0.045681
0.036816
0.026802
0.026744
0.026937
0.026933
0.036292
0.026071
0.026597
0.026479
0.038518
0.03498
0.027069
0.026753
0.035535
0.02652
0.026696
0.026694
0.034882
0.02716
0.026605
0.026356
0.026552
0.037436
0.026949
0.026334
0.026881
0.026879
0.026844
0.027172
0.026713
0.039175
0.039284
0.036595
0.041256
0.046928
0.02755
0.026836
0.026705
0.026861
0.026511
0.026862
0.0266
0.026587
0.026387
0.038619
0.026528
0.026835
0.027125
0.027043
0.027606
0.026543
0.026504
0.027397
0.026967
0.026642
0.026369
0.026745
0.029245
0.026997
0.026439
0.040855
0.029201
0.026667
0.043199
0.039213
0.026475
0.033114
0.035149
0.026412
0.035559
0.03347
0.035077
0.026362
0.026668
0.044534
0.026689
0.026787
0.045359
0.055804
0.027327
0.026628
0.041801
0.026777
0.027773
0.043016
0.033035
0.026994
0.048108
0.026881
0.045237
0.026885
0.026668
0.04784
0.026611
0.03115
0.027361
0.026725
0.034771
0.037326
0.032423
0.027111
0.026783
0.046966
0.026981
0.027148
0.026952
0.026418
0.026829
0.026637
0.026499
0.036131
0.043717
0.02656
0.026919
0.046676
0.026544
0.026728
0.032083
0.027293
0.026872
0.038516
0.039335
0.026773
0.049691
0.03484
0.028851
0.027222
0.026799
0.026993
0.027397
0.039108
0.026462
0.026879
0.030187
0.026848
0.049227
0.026604
0.027324
0.038583
0.026569
0.027064
0.027342
0.026906
0.035776
0.02686
0.026361
0.043159
0.026488
0.056223
0.028943
0.032995
0.027472
0.02721
0.027048
0.028027
0.04021
0.033424
0.035891
0.027184
0.033855
0.036727
0.033879
0.027378
0.032995
0.027178
0.032067
0.04891
0.03885
0.039647
0.029275
0.027628
0.029292
0.043458
0.040263
0.027619
0.026821
0.039301
0.029274
0.044497
0.039276
0.029338
0.026792
0.039578
0.03288
0.02759
0.02707
0.039676
0.027332
0.048142
0.035296
0.027306
0.043996
0.027575
0.027574
0.027302
0.027243
0.027515
0.02706
0.049264
0.027131
0.041843
0.026432
0.02691
0.026841
0.027289
0.042865
0.039656
0.03761
0.026364
0.026923
0.026563
0.027084
0.026347
0.026732
0.02614
0.026185
0.026762
0.026537
0.026574
0.026579
0.038221
0.030223
0.02708
0.027944
0.027424
0.043015
0.027777
0.027402
0.044262
0.028122
0.041073
0.036859
0.028356
0.026905
0.028471
0.040216
0.028793
0.029607
0.027119
0.029189
0.028978
0.033905
0.02683
0.0273
0.028735
0.028218
0.027123
0.028756
0.043472
0.039628
0.028606
0.031461
0.039755
0.05249
0.030149
0.028738
0.030948
0.037161
0.028351
0.033051
0.046085
0.028577
0.03035
0.032081
0.047973
0.047148
0.0301
0.039359
0.036941
0.040405
0.043047
0.042184
0.028556
0.028692
0.05547
0.036278
0.043277
0.029354
0.028744
0.043854
0.045479
0.0501
0.044236
0.02858
0.036302
0.032608
0.031254
0.027533
0.029377
0.039816
0.041057
0.046815
0.03574
0.04725
0.038843
0.027074
0.02709
0.026975
0.040999
0.043351
0.047983
0.027018
0.050564
0.028546
0.031575
0.027064
0.026965
0.030609
0.027729
0.042988
0.036414
0.030468
0.028223
0.028397
0.034324
0.028736
0.030705
0.028594
0.041237
0.041956
0.033345
0.032299
0.047034
0.038892
0.039002
0.048239
0.028305
0.040643
0.04296
0.032074
0.031624
0.032108
0.032211
0.03599
0.032546
0.031059
0.045023
0.042135
0.030239
0.032222
0.032496
0.032194
0.032444
0.030932
0.053087
0.032475
0.044918
0.038088
0.031091
0.032366
0.029252
0.030486
0.033294
0.030226
0.038286
0.030281
0.041265
0.032521
0.035842
0.028477
0.029231
0.030437
0.029203
0.04694
0.032164
0.030651
0.032736
0.030984
0.041654
0.028651
0.029491
0.031802
0.031882
0.031278
0.030362
0.02889
0.032684
0.031065
0.032319
0.038699
0.028207
0.030652
0.030838
0.046661
0.028601
0.032737
0.030529
0.028947
0.030121
0.028572
0.028495
0.030313
0.030738
0.028844
0.029256
0.028307
0.049743
0.028438
0.028765
0.027924
0.029491
0.030812
0.029155
0.028862
0.037212
0.043765
0.048222
0.028616
0.044048
0.028932
0.028636
0.046874
0.029165
0.029407
0.028951
0.028739
0.02884
0.029438
0.034751
0.028642
0.030867
0.02874
0.032843
0.033441
0.031646
0.030537
0.031936
0.031637
0.043583
0.031
0.031286
0.039108
0.029476
0.031629
0.029277
0.038782
0.032708
0.028727
0.031791
0.041784
0.02818
0.031374
0.028665
0.040058
0.029428
0.028132
0.028778
0.030104
0.028618
0.0302
0.028143
0.040713
0.041677
0.033781
0.034721
0.03413
0.035024
0.050759
0.03452
0.041455
0.03966
0.032706
0.046023
0.041115
0.035903
0.037206
0.036418
0.036101
0.035828
0.038963
0.036139
0.034019
0.035921
0.035885
0.034485
0.042215
0.034
0.04349
0.034116
0.034812
0.042896
0.042722
0.034504
0.033449
0.03416
0.028396
0.033982
0.033371
0.035476
0.028408
0.042443
0.028216
0.056011
0.03336
0.028771
0.028207
0.028468
0.047863
0.053972
0.034918
0.042362
0.033138
0.029314
0.05036
0.027986
0.033077
0.033557
0.033764
0.029316
0.041257
0.028255
0.033288
0.034325
0.037749
0.051422
0.034636
0.037051
0.034593
0.034888
0.036342
0.035881
0.031081
0.033909
0.034263
0.035152
0.035382
0.043482
0.036622
0.034942
0.050154
0.041709
0.035101
0.038486
0.035487
0.033663
0.042001
0.033401
