1000
4.2861e-05
4.276e-05
4.2567e-05
4.2348e-05
4.2685e-05
4.2556e-05
4.2882e-05
4.2741e-05
4.2504e-05
4.2573e-05
4.2144e-05
4.2486e-05
4.2908e-05
4.3065e-05
4.4183e-05
4.6059e-05
4.601e-05
4.6116e-05
4.5762e-05
4.7991e-05
5.1546e-05
5.3952e-05
4.6457e-05
4.668e-05
4.7229e-05
4.6578e-05
4.6761e-05
4.6895e-05
4.5972e-05
4.5156e-05
4.5897e-05
4.4142e-05
4.388e-05
4.3333e-05
4.2979e-05
4.3105e-05
4.2735e-05
4.2076e-05
4.1988e-05
4.2138e-05
4.175e-05
4.1539e-05
4.1615e-05
4.1653e-05
4.1827e-05
4.2249e-05
4.1719e-05
4.1602e-05
4.1422e-05
4.148e-05
4.1159e-05
4.0202e-05
4.0078e-05
3.9541e-05
3.8876e-05
3.8797e-05
3.9401e-05
3.8796e-05
3.8449e-05
3.8594e-05
3.8614e-05
3.7792e-05
3.7634e-05
3.8598e-05
3.9563e-05
3.9037e-05
3.9733e-05
3.9643e-05
3.9773e-05
3.8832e-05
3.9491e-05
3.9123e-05
3.9217e-05
3.9122e-05
3.899e-05
3.8509e-05
3.8166e-05
3.7745e-05
3.7419e-05
3.7681e-05
3.7676e-05
3.7146e-05
3.7171e-05
3.7299e-05
3.721e-05
3.6867e-05
3.7055e-05
3.6894e-05
3.6621e-05
3.6399e-05
3.6699e-05
3.609e-05
3.572e-05
3.6039e-05
3.5939e-05
3.5657e-05
3.5483e-05
3.5096e-05
3.4719e-05
3.4306e-05
3.4002e-05
3.4353e-05
3.4204e-05
3.4026e-05
3.3994e-05
3.3936e-05
3.368e-05
3.4473e-05
3.4092e-05
3.399e-05
3.4118e-05
3.3865e-05
3.3938e-05
3.394e-05
3.385e-05
3.394e-05
3.418e-05
3.4049e-05
3.3876e-05
3.4329e-05
3.4012e-05
3.4276e-05
3.4425e-05
3.4883e-05
3.5246e-05
3.5769e-05
3.5386e-05
3.5432e-05
3.5749e-05
3.58e-05
3.6099e-05
3.5569e-05
3.5872e-05
3.5439e-05
3.511e-05
3.5361e-05
3.5953e-05
3.6215e-05
3.6661e-05
3.7841e-05
3.8362e-05
3.8658e-05
3.821e-05
3.7577e-05
3.7846e-05
3.6755e-05
3.6882e-05
3.7343e-05
3.7831e-05
3.7415e-05
3.6664e-05
3.6672e-05
3.6661e-05
3.6263e-05
3.5993e-05
3.5508e-05
3.4972e-05
3.5441e-05
3.5507e-05
3.6596e-05
3.5602e-05
3.6132e-05
3.6057e-05
3.5352e-05
3.5703e-05
3.5774e-05
3.5544e-05
3.5716e-05
3.5994e-05
3.5446e-05
3.5313e-05
3.5417e-05
3.6889e-05
3.6345e-05
3.5792e-05
3.5575e-05
3.6887e-05
3.6568e-05
3.6514e-05
3.6498e-05
3.8133e-05
3.809e-05
3.7349e-05
3.8188e-05
3.735e-05
3.7059e-05
3.7266e-05
3.7282e-05
3.6983e-05
3.6818e-05
3.786e-05
3.6867e-05
3.721e-05
3.7401e-05
3.7284e-05
3.7489e-05
3.7569e-05
3.7747e-05
3.7434e-05
3.845e-05
3.8068e-05
3.7127e-05
3.7796e-05
3.7161e-05
3.7412e-05
3.7653e-05
3.7986e-05
3.802e-05
3.7088e-05
3.7357e-05
3.7058e-05
3.6539e-05
3.5907e-05
3.5919e-05
3.6624e-05
3.8807e-05
3.8305e-05
3.8879e-05
3.8921e-05
3.856e-05
3.8914e-05
3.9088e-05
3.9112e-05
3.9099e-05
3.9408e-05
3.9563e-05
3.9464e-05
3.8656e-05
3.9012e-05
3.8629e-05
3.8972e-05
3.8885e-05
3.8884e-05
3.9218e-05
3.9145e-05
4.0191e-05
3.9867e-05
3.9917e-05
4.1081e-05
4.0897e-05
4.1023e-05
4.063e-05
4.0768e-05
4.0853e-05
4.0543e-05
4.0336e-05
4.0559e-05
4.047e-05
4.0707e-05
4.063e-05
4.0663e-05
4.0487e-05
4.0335e-05
4.0298e-05
4.0487e-05
4.0311e-05
4.1078e-05
4.1047e-05
4.0824e-05
4.034e-05
3.9902e-05
3.9376e-05
3.8869e-05
3.7925e-05
3.7578e-05
3.7431e-05
3.6737e-05
3.651e-05
3.5695e-05
3.6064e-05
3.5613e-05
3.5678e-05
3.5896e-05
3.6448e-05
3.5677e-05
3.7061e-05
3.6476e-05
3.7291e-05
3.76e-05
3.7569e-05
3.7218e-05
3.6669e-05
3.621e-05
3.6075e-05
3.6214e-05
3.5802e-05
3.5871e-05
3.5491e-05
3.6137e-05
3.5832e-05
3.5875e-05
3.5785e-05
3.6025e-05
3.6308e-05
3.5951e-05
3.6625e-05
3.6513e-05
3.6778e-05
3.7272e-05
3.7934e-05
3.7885e-05
3.786e-05
3.745e-05
3.792e-05
3.838e-05
3.8984e-05
3.8166e-05
3.8675e-05
3.8587e-05
3.8492e-05
3.8172e-05
3.753e-05
3.7742e-05
3.7848e-05
3.7103e-05
3.7113e-05
3.7435e-05
3.718e-05
3.7135e-05
3.6802e-05
3.6607e-05
3.6734e-05
3.6832e-05
3.6784e-05
3.655e-05
3.6359e-05
3.6407e-05
3.6494e-05
3.6769e-05
3.6978e-05
3.7164e-05
3.6837e-05
3.727e-05
3.7226e-05
3.701e-05
3.7078e-05
3.7167e-05
3.6814e-05
3.7269e-05
3.692e-05
3.6901e-05
3.6832e-05
3.6541e-05
3.6236e-05
3.5927e-05
3.5948e-05
3.5824e-05
3.5647e-05
3.5291e-05
3.5297e-05
3.4992e-05
3.4868e-05
3.4664e-05
3.4699e-05
3.4863e-05
3.4777e-05
3.4807e-05
3.4887e-05
3.4616e-05
3.4368e-05
3.4334e-05
3.3961e-05
3.4368e-05
3.4456e-05
3.4645e-05
3.4838e-05
3.4946e-05
3.5199e-05
3.5452e-05
3.5646e-05
3.5848e-05
3.5733e-05
3.6549e-05
3.6899e-05
3.7277e-05
3.7364e-05
3.7533e-05
3.7631e-05
3.804e-05
3.8085e-05
3.8284e-05
3.8506e-05
3.834e-05
3.8214e-05
3.8505e-05
3.8275e-05
3.8091e-05
3.847e-05
3.8358e-05
3.8398e-05
3.8484e-05
3.852e-05
3.848e-05
3.8477e-05
3.8361e-05
3.8031e-05
3.796e-05
3.8563e-05
3.8443e-05
3.7951e-05
3.766e-05
3.72e-05
3.7065e-05
3.7455e-05
3.7661e-05
3.7538e-05
3.7422e-05
3.7899e-05
3.8093e-05
3.8208e-05
3.8929e-05
3.892e-05
3.9011e-05
3.924e-05
3.9216e-05
3.9163e-05
3.9301e-05
3.9169e-05
3.9143e-05
3.9537e-05
3.9425e-05
3.9344e-05
3.9133e-05
3.9137e-05
3.8937e-05
3.8853e-05
3.8691e-05
3.8699e-05
3.8667e-05
3.8586e-05
3.8319e-05
3.8497e-05
3.9417e-05
3.9102e-05
3.931e-05
3.9655e-05
3.9506e-05
3.9634e-05
3.9786e-05
3.9879e-05
3.9907e-05
4.0186e-05
4.0096e-05
4.0317e-05
4.0016e-05
3.9553e-05
3.9196e-05
3.8464e-05
3.8506e-05
3.8156e-05
3.7992e-05
3.7418e-05
3.6904e-05
3.7013e-05
3.6556e-05
3.6566e-05
3.6383e-05
3.6316e-05
3.6362e-05
3.6508e-05
3.6474e-05
3.6548e-05
3.6456e-05
3.6669e-05
3.6673e-05
3.6503e-05
3.6555e-05
3.6279e-05
3.6255e-05
3.6286e-05
3.6245e-05
3.6195e-05
3.6232e-05
3.6266e-05
3.6322e-05
3.6362e-05
3.6196e-05
3.6183e-05
3.6064e-05
3.6098e-05
3.6158e-05
3.6067e-05
3.5941e-05
3.5884e-05
3.5876e-05
3.6109e-05
3.5874e-05
3.5831e-05
3.6019e-05
3.5984e-05
3.5926e-05
3.5856e-05
3.5658e-05
3.6018e-05
3.6248e-05
3.5908e-05
3.5939e-05
3.5743e-05
3.5744e-05
3.6071e-05
3.6018e-05
3.6202e-05
3.6194e-05
3.6461e-05
3.6869e-05
3.7805e-05
3.7783e-05
3.7789e-05
3.8346e-05
3.8485e-05
3.8838e-05
3.8958e-05
3.9653e-05
3.9618e-05
3.9214e-05
3.918e-05
3.9396e-05
3.9173e-05
3.9033e-05
3.9216e-05
3.9175e-05
3.8886e-05
3.8823e-05
3.8646e-05
3.8674e-05
3.8924e-05
3.8172e-05
3.8471e-05
3.9071e-05
3.8963e-05
3.9116e-05
3.8144e-05
3.8757e-05
3.8385e-05
3.796e-05
3.8182e-05
3.8193e-05
3.8334e-05
3.8018e-05
3.7802e-05
3.7826e-05
3.7269e-05
3.6989e-05
3.7347e-05
3.7748e-05
3.7384e-05
3.7282e-05
3.7347e-05
3.6114e-05
3.6637e-05
3.6164e-05
3.5982e-05
3.5356e-05
3.5207e-05
3.4969e-05
3.4707e-05
3.4761e-05
3.4861e-05
3.4535e-05
3.5401e-05
3.5715e-05
3.6627e-05
3.5617e-05
3.5916e-05
3.5667e-05
3.5228e-05
3.5226e-05
3.6076e-05
3.5739e-05
3.5728e-05
3.5726e-05
3.5336e-05
3.5253e-05
3.4982e-05
3.4963e-05
3.4092e-05
3.4202e-05
3.3818e-05
3.3604e-05
3.3336e-05
3.3654e-05
3.4371e-05
3.3778e-05
3.3957e-05
3.4408e-05
3.4229e-05
3.4413e-05
3.5661e-05
3.5367e-05
3.6217e-05
3.6319e-05
3.7116e-05
3.6903e-05
3.6818e-05
3.7055e-05
3.7276e-05
3.7411e-05
3.7125e-05
3.6582e-05
3.6922e-05
3.6695e-05
3.6823e-05
3.6102e-05
3.6157e-05
3.5617e-05
3.5601e-05
3.5817e-05
3.6074e-05
3.5793e-05
3.5814e-05
3.591e-05
3.5951e-05
3.5831e-05
3.5866e-05
3.6007e-05
3.5832e-05
3.5788e-05
3.6099e-05
3.5953e-05
3.5953e-05
3.6025e-05
3.5861e-05
3.6057e-05
3.5983e-05
3.6131e-05
3.607e-05
3.5957e-05
3.6022e-05
3.5771e-05
3.5682e-05
3.5564e-05
3.5369e-05
3.5214e-05
3.5165e-05
3.509e-05
3.4793e-05
3.4431e-05
3.4063e-05
3.4014e-05
3.3986e-05
3.4177e-05
3.3791e-05
3.3407e-05
3.3653e-05
3.358e-05
3.3603e-05
3.3807e-05
3.3647e-05
3.3886e-05
3.5251e-05
3.487e-05
3.4756e-05
3.4749e-05
3.4881e-05
3.4776e-05
3.4744e-05
3.4772e-05
3.4942e-05
3.4728e-05
3.4744e-05
3.4421e-05
3.4558e-05
3.4828e-05
3.4966e-05
3.5064e-05
3.5089e-05
3.5066e-05
3.5142e-05
3.469e-05
3.4505e-05
3.4195e-05
3.3873e-05
3.4128e-05
3.41e-05
3.3815e-05
3.3799e-05
3.386e-05
3.3498e-05
3.315e-05
3.4071e-05
3.3589e-05
3.3126e-05
3.2914e-05
3.3229e-05
3.4138e-05
3.3491e-05
3.409e-05
3.4057e-05
3.4193e-05
3.4491e-05
3.4411e-05
3.4566e-05
3.4395e-05
3.4263e-05
3.4909e-05
3.5058e-05
3.4801e-05
3.5559e-05
3.5347e-05
3.6374e-05
3.5923e-05
3.6258e-05
3.6359e-05
3.6035e-05
3.5716e-05
3.5895e-05
3.6498e-05
3.6701e-05
3.6225e-05
3.589e-05
3.6185e-05
3.6525e-05
3.5981e-05
3.6088e-05
3.6077e-05
3.6062e-05
3.6317e-05
3.6597e-05
3.6452e-05
3.6357e-05
3.6534e-05
3.6495e-05
3.6589e-05
3.6492e-05
3.6585e-05
3.662e-05
3.6565e-05
3.6838e-05
3.6829e-05
3.6631e-05
3.6638e-05
3.657e-05
3.6941e-05
3.6671e-05
3.6846e-05
3.6817e-05
3.6755e-05
3.6532e-05
3.6512e-05
3.6528e-05
3.6516e-05
3.6532e-05
3.6605e-05
3.6429e-05
3.5774e-05
3.5878e-05
3.5751e-05
3.5567e-05
3.5747e-05
3.5783e-05
3.5878e-05
3.5894e-05
3.5786e-05
3.5914e-05
3.5999e-05
3.5966e-05
3.5808e-05
3.6071e-05
3.6232e-05
3.6246e-05
3.6193e-05
3.6204e-05
3.6135e-05
3.6039e-05
3.611e-05
3.6038e-05
3.6058e-05
3.6139e-05
3.6255e-05
3.6112e-05
3.6339e-05
3.6252e-05
3.6358e-05
3.6266e-05
3.6406e-05
3.6248e-05
3.6197e-05
3.6591e-05
3.6567e-05
3.6561e-05
3.6419e-05
3.66e-05
3.672e-05
3.6766e-05
3.6831e-05
3.6743e-05
3.6605e-05
3.6422e-05
3.6127e-05
3.6144e-05
3.5846e-05
3.5884e-05
3.586e-05
3.5862e-05
3.5975e-05
3.5878e-05
3.6042e-05
3.5975e-05
3.5988e-05
3.6186e-05
3.5932e-05
3.605e-05
3.6167e-05
3.6182e-05
3.6034e-05
3.693e-05
3.7498e-05
3.7324e-05
3.7038e-05
3.7672e-05
3.7858e-05
3.8662e-05
3.9563e-05
4.0376e-05
4.0643e-05
4.1488e-05
4.1105e-05
4.0355e-05
4.0131e-05
4.0953e-05
4.0972e-05
4.1224e-05
4.0768e-05
4.0552e-05
4.0489e-05
3.9652e-05
3.9692e-05
3.9766e-05
3.9259e-05
3.933e-05
3.941e-05
3.9124e-05
3.9556e-05
3.9343e-05
3.9427e-05
3.9632e-05
3.9784e-05
3.9762e-05
3.9833e-05
3.9635e-05
3.89e-05
3.8446e-05
3.8092e-05
3.7214e-05
3.7346e-05
3.6976e-05
3.6511e-05
3.6098e-05
3.6159e-05
3.5939e-05
3.6011e-05
3.6001e-05
3.5878e-05
3.6001e-05
3.5631e-05
3.5247e-05
3.6053e-05
3.5981e-05
3.5983e-05
3.6044e-05
3.6273e-05
3.597e-05
3.595e-05
3.6942e-05
3.654e-05
3.6329e-05
3.691e-05
3.6967e-05
3.6404e-05
3.6747e-05
3.7036e-05
3.7142e-05
3.7384e-05
3.769e-05
3.7114e-05
3.7663e-05
3.8322e-05
3.7853e-05
3.8092e-05
3.8573e-05
3.8473e-05
3.836e-05
3.8796e-05
3.9202e-05
3.9464e-05
3.8254e-05
3.8973e-05
3.8535e-05
3.8097e-05
3.8588e-05
3.9348e-05
4.0177e-05
4.0312e-05
3.998e-05
3.9986e-05
3.9577e-05
4.088e-05
4.055e-05
4.0514e-05
4.0083e-05
4.0117e-05
4.0034e-05
4.0187e-05
4.0849e-05
4.0942e-05
4.0998e-05
4.0752e-05
4.0532e-05
4.0116e-05
4.0094e-05
4.0439e-05
4.0689e-05
4.0565e-05
4.1102e-05
3.9379e-05
3.8703e-05
3.9353e-05
3.8427e-05
3.8201e-05
3.812e-05
3.7573e-05
3.7211e-05
3.6597e-05
3.6683e-05
3.6732e-05
3.6413e-05
3.6401e-05
3.6289e-05
3.5976e-05
3.6533e-05
3.6679e-05
3.5529e-05
3.5743e-05
3.5878e-05
3.5607e-05
3.5527e-05
3.5382e-05
3.5518e-05
3.5714e-05
3.5572e-05
3.5631e-05
3.6345e-05
3.5665e-05
3.5604e-05
3.5001e-05
3.4827e-05
3.5394e-05
3.6181e-05
3.573e-05
3.5298e-05
3.5238e-05
3.6074e-05
3.6853e-05
3.7049e-05
3.6397e-05
3.5702e-05
3.7141e-05
3.5858e-05
3.5619e-05
3.5608e-05
3.5971e-05
3.564e-05
3.5487e-05
3.5279e-05
3.5628e-05
3.5622e-05
3.596e-05
3.5377e-05
3.4945e-05
3.5758e-05
3.5762e-05
3.5117e-05
3.5495e-05
3.5531e-05
3.6102e-05
3.6527e-05
3.7217e-05
3.7693e-05
3.8636e-05
3.9414e-05
3.9073e-05
3.9352e-05
3.9618e-05
3.9754e-05
3.9736e-05
3.9049e-05
3.9276e-05
3.9666e-05
4.0517e-05
4.0538e-05
4.048e-05
4.0195e-05
4.0129e-05
3.9597e-05
3.8832e-05
3.805e-05
3.8681e-05
3.8743e-05
3.8949e-05
3.9124e-05
3.7727e-05
3.6686e-05
3.6841e-05
3.6387e-05
3.6691e-05
3.6519e-05
3.6391e-05
3.635e-05
3.6524e-05
3.6082e-05
3.5846e-05
3.5988e-05
3.6309e-05
3.5852e-05
3.6159e-05
3.7001e-05
3.7215e-05
3.7329e-05
3.7496e-05
3.7601e-05
3.7508e-05
3.7597e-05
3.7492e-05
3.7386e-05
3.8407e-05
3.8823e-05
3.8191e-05
3.8601e-05
3.8718e-05
3.9841e-05
3.9557e-05
4.037e-05
3.9542e-05
3.9872e-05
3.9765e-05
3.9866e-05
4.0264e-05
4.0594e-05
4.0243e-05
4.0209e-05
3.9927e-05
3.9785e-05
3.9356e-05
3.9111e-05
3.8809e-05
3.8618e-05
3.8616e-05
3.8934e-05
3.8664e-05
3.8037e-05
3.7992e-05
3.7792e-05
3.7418e-05
3.7204e-05
3.6779e-05
3.6423e-05
3.6368e-05
3.607e-05
3.6383e-05
3.657e-05
3.6875e-05
3.6636e-05
3.7433e-05
3.8463e-05
3.7511e-05
3.8136e-05
3.7628e-05
3.7319e-05
3.6901e-05
3.6912e-05
3.6851e-05
3.63e-05
3.6481e-05
3.6517e-05
3.6563e-05
3.6433e-05
3.6418e-05
3.6474e-05
3.6408e-05
3.6484e-05
3.6547e-05
3.6621e-05
3.6393e-05
3.6203e-05
3.5939e-05
3.571e-05
3.5131e-05
3.4863e-05
3.4766e-05
3.5693e-05
3.4873e-05
3.4716e-05
3.4904e-05
3.4895e-05
3.4031e-05
3.4275e-05
3.4553e-05
3.4245e-05
3.4236e-05
3.4384e-05
3.5038e-05
3.6257e-05
3.551e-05
3.6209e-05
3.5315e-05
3.5726e-05
3.6275e-05
3.6202e-05
3.688e-05
3.6801e-05
3.6825e-05
3.6791e-05
3.6682e-05
3.6706e-05
3.675e-05
3.6681e-05
3.5878e-05
3.6125e-05
3.5571e-05
3.5485e-05
3.529e-05
3.5205e-05
3.493e-05
3.4568e-05
3.4649e-05
3.4205e-05
3.4315e-05
3.4158e-05
3.3935e-05
3.3614e-05
3.3528e-05
3.3321e-05
3.3385e-05
3.3638e-05
3.3088e-05
3.3589e-05
3.2594e-05
3.3012e-05
3.2987e-05
3.3089e-05
3.2949e-05
3.2987e-05
3.2908e-05
3.297e-05
3.2122e-05
3.2525e-05
3.2487e-05
3.2565e-05
3.2584e-05
3.2616e-05
3.2692e-05
3.2606e-05
3.2697e-05
3.2828e-05
3.2865e-05
3.2847e-05
3.2855e-05
3.2947e-05
3.2621e-05
3.2589e-05
3.2507e-05
3.2303e-05
3.2265e-05
3.2143e-05
3.2583e-05
3.2327e-05
3.2599e-05
3.2639e-05
3.2668e-05
3.2725e-05
3.2894e-05
3.2886e-05
3.2823e-05
3.2821e-05
3.357e-05
3.3548e-05
3.3449e-05
3.3432e-05
3.3453e-05
3.343e-05
3.3269e-05
3.3403e-05
3.3337e-05
3.2663e-05
3.2631e-05
3.2186e-05
3.2115e-05
3.1566e-05
3.1215e-05
3.1277e-05
3.1697e-05
3.1846e-05
3.2065e-05
3.2258e-05
3.2614e-05
3.3096e-05
3.3215e-05
3.3382e-05
3.3405e-05
3.3136e-05
3.2687e-05
3.233e-05
3.2804e-05
3.2938e-05
3.2894e-05
3.276e-05
3.2324e-05
3.2278e-05
3.2603e-05
3.2124e-05
3.2453e-05
3.2225e-05
3.2223e-05
3.1853e-05
3.1897e-05
3.1826e-05
3.1901e-05
3.183e-05
3.1869e-05
3.1905e-05
3.1977e-05
3.1918e-05
3.1715e-05
3.1897e-05
3.1686e-05
3.1619e-05
3.1905e-05
3.1835e-05
3.1718e-05
3.1632e-05
3.15e-05
3.1645e-05
3.1553e-05
3.1555e-05
3.153e-05
3.1538e-05
3.1622e-05
3.155e-05
3.1513e-05
3.1549e-05
3.1229e-05
3.1281e-05
3.119e-05
3.1288e-05
3.1336e-05
3.1177e-05
3.1354e-05
3.1374e-05
3.0444e-05
3.0822e-05
3.057e-05
3.0158e-05
3.1058e-05
3.0112e-05
3.0891e-05
3.0208e-05
3.085e-05
3.0399e-05
3.0416e-05
3.0701e-05
3.0497e-05
3.0531e-05
3.0713e-05
3.0426e-05
3.044e-05
3.0448e-05
3.0412e-05
3.0348e-05
3.0328e-05
3.0649e-05
3.0289e-05
3.0276e-05
3.0111e-05
2.9933e-05
3.0109e-05
3.0512e-05
3.0475e-05
3.0011e-05
3.0218e-05
2.9931e-05
3.0359e-05
2.9746e-05
3.0252e-05
2.9595e-05
2.9748e-05
2.9665e-05
2.9426e-05
2.941e-05
2.9366e-05
2.9405e-05
2.9526e-05
2.9361e-05
2.9505e-05
2.9346e-05
2.9355e-05
2.9603e-05
2.9583e-05
3.0402e-05
3.0398e-05
3.0304e-05
3.1069e-05
3.1197e-05
3.8626e-05
3.827e-05
3.8267e-05
3.8646e-05
3.823e-05
3.8228e-05
3.8252e-05
3.8795e-05
3.8922e-05
3.9019e-05
3.9732e-05
3.9764e-05
3.982e-05
3.9525e-05
3.9514e-05
3.945e-05
3.9483e-05
3.9498e-05
3.9536e-05
3.9597e-05
3.9699e-05
3.9473e-05
3.9584e-05
3.963e-05
3.9601e-05
3.9607e-05
3.9574e-05
3.9588e-05
3.9503e-05
3.9574e-05
3.9571e-05
3.9634e-05
3.962e-05
3.9679e-05
3.9653e-05
3.9681e-05
3.9624e-05
3.9608e-05
3.9653e-05
3.9652e-05
3.9545e-05
3.9638e-05
3.9653e-05
3.9702e-05
3.9735e-05
3.9799e-05
3.982e-05
3.9827e-05
3.981e-05
3.9839e-05
3.9804e-05
3.9814e-05
3.9739e-05
3.9743e-05
3.977e-05
3.9825e-05
3.9788e-05
3.9877e-05
3.9809e-05
3.9785e-05
3.9788e-05
3.9869e-05
4.0015e-05
4.0128e-05
4.0143e-05
4.0065e-05
4.0049e-05
3.9947e-05
3.9903e-05
3.9803e-05
3.9774e-05
3.9707e-05
3.9729e-05
3.9703e-05
3.9709e-05
3.9693e-05
3.959e-05
3.9478e-05
3.9378e-05
3.9279e-05
3.9133e-05
3.8931e-05
3.8733e-05
3.8577e-05
3.8524e-05
3.8428e-05
3.8409e-05
3.8603e-05
3.858e-05
3.8302e-05
3.8385e-05
3.8622e-05
3.8697e-05
3.8747e-05
3.8889e-05
3.892e-05
3.8986e-05
3.8967e-05
3.8983e-05
3.8893e-05
3.8893e-05
3.8744e-05
3.8727e-05
3.8654e-05
3.8639e-05
3.8641e-05
3.852e-05
3.8515e-05
3.844e-05
3.8432e-05
3.842e-05
3.8427e-05
3.8513e-05
3.843e-05
3.8401e-05
3.8085e-05
3.8028e-05
3.7946e-05
3.7822e-05
3.7627e-05
3.7652e-05
3.7574e-05
3.7491e-05
3.7407e-05
3.7362e-05
3.7296e-05
3.7232e-05
3.7156e-05
3.7127e-05
3.716e-05
3.7133e-05
3.7143e-05
3.7115e-05
3.7203e-05
3.718e-05
3.7215e-05
3.7262e-05
3.7432e-05
3.7499e-05
3.7569e-05
3.7591e-05
3.7724e-05
3.7727e-05
3.7818e-05
3.7865e-05
3.7867e-05
3.8032e-05
3.7719e-05
3.7703e-05
3.7999e-05
3.7614e-05
3.726e-05
3.7894e-05
3.8116e-05
3.7629e-05
3.7307e-05
3.8081e-05
3.818e-05
3.7756e-05
3.7375e-05
3.8199e-05
3.8328e-05
3.796e-05
3.7598e-05
3.8321e-05
3.7638e-05
3.8406e-05
3.7768e-05
3.8153e-05
3.8158e-05
3.7689e-05
3.7658e-05
3.7707e-05
3.7746e-05
3.7793e-05
3.766e-05
3.7933e-05
3.778e-05
3.8122e-05
3.7833e-05
3.7786e-05
3.7767e-05
3.7849e-05
3.7858e-05
3.788e-05
3.7908e-05
3.7867e-05
3.7947e-05
3.7871e-05
3.7934e-05
3.8039e-05
3.8e-05
3.8043e-05
3.812e-05
3.8113e-05
3.8172e-05
3.8196e-05
3.8246e-05
3.8322e-05
3.8286e-05
3.8298e-05
3.8255e-05
3.8491e-05
3.8263e-05
3.8475e-05
3.8283e-05
3.8504e-05
3.8213e-05
3.8529e-05
3.8327e-05
3.8569e-05
3.8585e-05
3.8517e-05
3.8579e-05
3.8415e-05
3.8532e-05
3.8317e-05
3.8474e-05
3.8377e-05
3.8567e-05
3.8304e-05
3.8393e-05
3.8397e-05
3.8689e-05
3.8513e-05
3.8622e-05
3.8482e-05
3.8518e-05
3.8767e-05
3.8642e-05
3.857e-05
3.9083e-05
3.9004e-05
3.9424e-05
4.0417e-05
4.0824e-05
4.026e-05
4.0471e-05
4.0637e-05
4.1254e-05
4.3258e-05
4.1872e-05
4.2028e-05
4.2545e-05
4.2523e-05
4.2362e-05
4.1984e-05
4.1273e-05
3.9605e-05
3.9491e-05
4.008e-05
4.045e-05
4.0357e-05
4.0401e-05
4.1455e-05
4.1591e-05
4.0919e-05
4.0962e-05
4.1066e-05
4.154e-05
4.1801e-05
4.3202e-05
4.2649e-05
4.2425e-05
4.2961e-05
4.3152e-05
4.3681e-05
4.3573e-05
4.3697e-05
4.3799e-05
4.4519e-05
4.4846e-05
4.587e-05
4.5509e-05
4.5906e-05
4.6585e-05
4.5917e-05
4.5285e-05
4.4988e-05
4.4456e-05
4.437e-05
4.431e-05
4.5175e-05
4.4397e-05
4.4501e-05
4.5621e-05
4.6498e-05
4.6671e-05
4.6693e-05
4.6537e-05
4.6107e-05
4.6115e-05
4.645e-05
4.6869e-05
4.5793e-05
4.5253e-05
4.407e-05
4.4391e-05
4.4913e-05
4.3993e-05
4.3909e-05
4.2234e-05
4.0133e-05
3.8919e-05
3.8852e-05
4.088e-05
4.0439e-05
3.9521e-05
3.8721e-05
3.8287e-05
3.7972e-05
3.7877e-05
3.7725e-05
3.7732e-05
3.7784e-05
3.8163e-05
3.8167e-05
3.8323e-05
3.8332e-05
3.8378e-05
3.8341e-05
3.8352e-05
3.8291e-05
3.8234e-05
3.8401e-05
3.8374e-05
3.8369e-05
3.8386e-05
3.8347e-05
3.8457e-05
3.8381e-05
3.8388e-05
3.8384e-05
3.8236e-05
3.8311e-05
3.8403e-05
3.8524e-05
3.8379e-05
3.8283e-05
3.8222e-05
3.8343e-05
