0.36109
0.062158
0.04936
0.043784
0.048565
0.042537
0.046136
0.041748
0.046814
0.039413
0.044353
0.041361
0.036067
0.048428
0.039747
0.040447
0.03642
0.036682
0.038968
0.04274
0.041738
0.036637
0.046534
0.04067
0.040767
0.035228
0.035654
0.042114
0.038862
0.041406
0.034388
0.047308
0.039323
0.042906
0.037074
0.040341
0.038623
0.041966
0.039672
0.037638
0.034103
0.042223
0.03444
0.044204
0.046604
0.038694
0.047733
0.047624
0.034125
0.038081
0.042235
0.040226
0.034702
0.048374
0.046096
0.034333
0.034407
0.034526
0.041318
0.046725
0.034614
0.047264
0.036658
0.044452
0.045605
0.050772
0.03687
0.034495
0.040994
0.034156
0.046559
0.034808
0.039322
0.036724
0.034254
0.044798
0.03513
0.044289
0.034271
0.043184
0.036513
0.036735
0.04483
0.034321
0.046246
0.034502
0.04547
0.048242
0.036552
0.039721
0.041937
0.050522
0.036694
0.03696
0.03787
0.034803
0.035182
0.038813
0.039062
0.043984
0.043111
0.044426
0.040075
0.044888
0.039884
0.039792
0.040463
0.034755
0.034248
0.034672
0.034294
0.034992
0.047674
0.034547
0.034904
0.03782
0.03748
0.034324
0.046293
0.047049
0.044183
0.042625
0.046126
0.046247
0.036683
0.043521
0.045521
0.039083
0.045774
0.034505
0.035481
0.048215
0.034198
0.043847
0.046796
0.039571
0.036972
0.049318
0.046973
0.034738
0.03876
0.035356
0.043129
0.046638
0.044376
0.039613
0.037475
0.041162
0.040731
0.043631
0.042372
0.038673
0.045373
0.042107
0.035219
0.045922
0.045256
0.035605
0.039252
0.037674
0.047288
0.037197
0.04159
0.036589
0.039295
0.035442
0.043423
0.034935
0.044322
0.044795
0.048177
0.038429
0.042298
0.04261
0.042984
0.035128
0.041282
0.042547
0.047486
0.04486
0.036949
0.047274
0.04756
0.035485
0.044176
0.039938
0.047433
0.04816
0.04128
0.04078
0.042853
0.03472
0.034937
0.044125
0.034558
0.0369
0.048847
0.037298
0.048922
0.036863
0.035022
0.048447
0.035422
0.045576
0.043356
0.034563
0.046683
0.04451
0.046187
0.038578
0.034377
0.038244
0.042034
0.044571
0.040396
0.044017
0.034436
0.036865
0.035651
0.050717
0.039255
0.038418
0.044335
0.042839
0.041338
0.039154
0.038231
0.034415
0.045558
0.034852
0.046025
0.035094
0.04319
0.034683
0.043781
0.040221
0.045446
0.037126
0.03506
0.036312
0.045828
0.037669
0.047588
0.035774
0.036537
0.042921
0.034487
0.035263
0.044434
0.034813
0.041667
0.046318
0.043321
0.043882
0.050634
0.040835
0.050434
0.039016
0.042593
0.034848
0.043585
0.03652
0.046832
0.0464
0.043992
0.045944
0.048973
0.038438
0.049964
0.042546
0.034471
0.040735
0.041434
0.050901
0.036658
0.04377
0.042657
0.03725
0.047299
0.038149
0.037412
0.043384
0.037128
0.043967
0.041755
0.035203
0.036802
0.036628
0.038061
0.044117
0.047346
0.035354
0.039637
0.036227
0.048896
0.042159
0.043984
0.050601
0.039123
0.041596
0.047237
0.044701
0.043664
0.049407
0.036766
0.037251
0.044719
0.034301
0.050124
0.071478
0.046127
0.049621
0.048329
0.037118
0.049463
0.043518
0.037323
0.045692
0.036282
0.038147
0.034316
0.040331
0.035184
0.036486
0.036852
0.034263
0.037644
0.048381
0.046591
0.045951
0.047506
0.046844
0.041908
0.047715
0.041641
0.034748
0.041699
0.034042
0.034945
0.039069
0.04301
0.047051
0.046283
0.049115
0.03837
0.037255
0.034217
0.037069
0.034303
0.047307
0.034679
0.034332
0.041183
0.033737
0.037687
0.036939
0.035332
0.037969
0.034025
0.038856
0.039264
0.03404
0.040924
0.034881
0.040606
0.043997
0.038569
0.046375
0.040752
0.041755
0.033776
0.042687
0.04457
0.037972
0.048082
0.039396
0.045841
0.044259
0.039694
0.039894
0.039856
0.044582
0.039928
0.036067
0.047935
0.036785
0.033823
0.040443
0.044793
0.034592
0.043318
0.034329
0.034262
0.034123
0.042097
0.036543
0.038992
0.033912
0.044062
0.03418
0.034199
0.034577
0.0386
0.036169
0.042208
0.04153
0.041596
0.043066
0.034192
0.038757
0.039648
0.039711
0.047968
0.034462
0.034179
0.042542
0.039599
0.040139
0.047712
0.042904
0.04265
0.04062
0.043972
0.04913
0.034312
0.046926
0.034127
0.034828
0.036972
0.037548
0.034191
0.044201
0.043342
0.046343
0.034672
0.034722
0.034335
0.048259
0.036659
0.039857
0.03834
0.034083
0.037952
0.048339
0.041205
0.046577
0.03414
0.034228
0.056584
0.037972
0.044391
0.033871
0.041926
0.047306
0.038717
0.046099
0.044645
0.037422
0.034818
0.034272
0.046518
0.056905
0.043969
0.039383
0.039712
0.045183
0.033817
0.042055
0.043479
0.034352
0.042363
0.033909
0.039526
0.038307
0.040963
0.033856
0.043545
0.037806
0.044527
0.035302
0.034154
0.041049
0.045503
0.049312
0.034425
0.043154
0.045429
0.045116
0.045423
0.034079
0.034161
0.042935
0.048332
0.042166
0.046036
0.038462
0.04468
0.03773
0.042875
0.033921
0.034592
0.041883
0.03926
0.046164
0.042485
0.03398
0.034092
0.043085
0.037283
0.037603
0.04417
0.042759
0.042505
0.036606
0.041734
0.036827
0.039764
0.040803
0.043964
0.034006
0.034401
0.037931
0.048494
0.046461
0.034443
0.045255
0.034547
0.042198
0.034668
0.037241
0.034025
0.037374
0.042446
0.03389
0.04444
0.04275
0.042997
0.040384
0.040595
0.034193
0.039657
0.036643
0.043345
0.044988
0.045971
0.044462
0.034878
0.034198
0.034196
0.043967
0.035466
0.040751
0.033787
0.039357
0.038795
0.0422
0.034135
0.043275
0.03974
0.03398
0.034105
0.047971
0.044949
0.044214
0.037749
0.034233
0.034002
0.034187
0.03395
0.03462
0.042727
0.046875
0.04452
0.03405
0.042207
0.041162
0.044768
0.038204
0.048139
0.046699
0.046011
0.039059
0.034495
0.0468
0.036237
0.040518
0.034298
0.038476
0.044154
0.03471
0.047606
0.046208
0.034737
0.033938
0.046557
0.039974
0.042559
0.040239
0.033815
0.043107
0.034202
0.035069
0.035263
0.034249
0.037384
0.043046
0.034321
0.04508
0.034551
0.043312
0.034708
0.039673
0.040695
0.042601
0.035356
0.034051
0.044317
0.04704
0.045124
0.035376
0.041227
0.041517
0.037457
0.035266
0.043291
0.040466
0.034141
0.034673
0.041371
0.034783
0.034072
0.036207
0.046085
0.044593
0.034039
0.046275
0.040203
0.034508
0.042638
0.034763
0.034184
0.03365
0.046114
0.034608
0.040144
0.040377
0.042096
0.04054
0.041892
0.039664
0.03433
0.042218
0.035476
0.046621
0.047734
0.033958
0.034248
0.05675
0.039761
0.034157
0.037889
0.043323
0.034599
0.047031
0.043339
0.034493
0.045589
0.034149
0.034056
0.036305
0.04171
0.045231
0.034144
0.034056
0.04068
0.042371
0.043805
0.039749
0.041017
0.045796
0.045628
0.041648
0.033965
0.040928
0.046618
0.044973
0.037093
0.04605
0.034229
0.042899
0.038543
0.042984
0.041538
0.043626
0.044579
0.046377
0.041515
0.043836
0.03393
0.047723
0.04253
0.041828
0.037777
0.036179
0.043546
0.034599
0.034144
0.033916
0.046654
0.034102
0.041546
0.041405
0.036904
0.047301
0.041528
0.044538
0.034155
0.034147
0.038423
0.047018
0.04641
0.034301
0.038759
0.04043
0.033786
0.045593
0.034132
0.040307
0.033873
0.03372
0.038332
0.045595
0.033702
0.04397
0.039898
0.047534
0.043074
0.040084
0.042127
0.040052
0.035038
0.034433
0.047212
0.04724
0.044553
0.045535
0.034919
0.045829
0.0344
0.042632
0.035669
0.044659
0.037366
0.04691
0.037962
0.034263
0.038462
0.046249
0.034559
0.042158
0.038922
0.034244
0.040693
0.034225
0.042085
0.044536
0.060128
0.034574
0.03419
0.03918
0.033933
0.036266
0.044746
0.034793
0.034134
0.057876
0.039681
0.034318
0.041639
0.034331
0.033777
0.037896
0.034354
0.039597
0.041546
0.036608
0.038852
0.044833
0.034305
0.046696
0.03423
0.034326
0.040239
0.041609
0.04197
0.043856
0.0432
0.041426
0.040862
0.039664
0.044509
0.047749
0.046199
0.039368
0.04618
0.040689
0.034118
0.042888
0.042025
0.035239
0.034517
0.044952
0.045303
0.041588
0.046748
0.044156
0.038252
0.044685
0.033781
0.034253
0.033925
0.033931
0.034797
0.040038
0.033971
0.037642
0.04173
0.042479
0.03941
0.037255
0.034434
0.034071
0.033904
0.046304
0.03434
0.037296
0.040765
0.048862
0.038577
0.036184
0.034575
0.047133
0.044568
0.043396
0.046902
0.039876
0.043673
0.034553
0.044484
0.038318
0.043482
0.034009
0.037818
0.034526
0.039324
0.053603
0.043115
0.036134
0.03521
0.038541
0.045027
0.034198
0.034815
0.037585
0.034723
0.034507
0.044741
0.040657
0.042546
0.041988
0.046158
0.047006
0.045393
0.033818
0.045597
0.034244
0.038659
0.04081
0.034189
0.038927
0.03962
0.035727
0.033649
0.038914
0.046497
0.043212
0.044726
0.039642
0.037695
0.044601
0.043081
0.037231
0.0454
0.039064
0.038391
0.046694
0.039309
0.044463
0.036898
0.049209
0.047482
0.046666
0.053884
0.043053
0.043287
0.039046
0.042305
0.049749
0.040081
0.050563
0.052134
0.040836
0.041653
0.042828
0.042285
0.034912
0.047959
0.044183
0.034233
0.051488
0.039625
0.046551
0.043116
0.048095
0.050439
0.044228
0.041702
0.034609
0.047843
0.044313
0.034106
0.039377
0.044709
0.042864
0.039943
0.04234
0.045342
0.040759
0.034483
0.034681
0.046385
0.04699
0.036693
0.034927
0.041061
0.03654
0.035418
0.034358
0.04439
0.04123
0.037816
0.046452
0.045725
0.037483
0.039821
0.03934
0.035226
0.045716
0.034399
0.036437
0.04242
0.042919
0.045854
0.039591
0.046959
0.035823
0.035723
0.044768
0.040539
0.041633
0.03567
0.04628
0.045802
0.040144
0.034915
0.034984
0.050861
0.044532
0.045022
0.041685
0.035109
0.041773
0.034104
0.034654
0.034852
0.045612
0.038425
0.043459
0.039198
0.047137
0.040379
0.034701
0.047222
0.034369
0.040693
0.050053
0.044769
0.036936
0.039629
0.035151
0.034122
0.039456
0.049873
0.039628
0.039162
0.052205
0.04608
0.042378
0.04464
0.044481
0.04798
0.047797
0.045463
0.034468
0.045968
0.040441
0.041855
0.035232
0.042764
0.039437
0.034481
0.034913
0.041811
0.040189
0.035919
0.041241
0.035934
0.049967
0.034512
0.035808
0.0347
0.034593
0.034366
0.047964
0.042235
0.041983
0.034347
0.046656
0.042549
0.058167
0.034862
0.040739
0.040339
0.04089
0.045905
0.04351
0.047439
0.039982
0.033681
0.044742
0.035157
0.03462
0.033994
0.040334
0.033958
0.040727
0.041739
0.039234
0.03817
0.033947
0.038714
0.046547
0.042441
0.039935
0.041524
0.041858
0.034185
0.033693
0.039237
0.040899
0.040717
0.048066
0.038447
0.039441
0.034775
0.043791
0.04381
0.033953
0.033912
0.033883
0.034956
0.033717
0.042336
0.043502
0.038325
0.047264
0.042557
0.047517
0.042415
0.043599
0.041554
0.039375
0.038792
0.033986
0.039481
0.033737
0.038307
0.035088
0.04093
0.056591
0.03395
0.034058
0.033866
0.03404
0.047824
0.043811
0.04466
0.036658
0.034297
0.039614
0.034323
0.036845
0.045341
0.044027
0.041379
0.038899
0.034167
0.041547
0.045481
0.037651
0.039468
0.050614
0.047977
0.041541
0.044377
0.038677
0.037516
0.041324
0.046562
0.034774
0.043074
0.042086
0.046829
0.037936
0.038988
0.045728
0.045171
0.037356
0.039124
0.041931
0.034294
0.036789
0.033827
0.037887
0.033699
0.036725
0.034377
0.039062
0.048867
0.04052
0.043716
0.046323
0.041052
0.052114
0.047212
0.046272
0.034252
0.045443
0.042869
0.044953
0.043925
0.034551
0.039708
0.03482
0.036131
0.040333
0.039569
0.047033
0.047444
0.040012
0.034441
0.047117
0.034334
0.041417
0.033968
0.038203
0.033943
0.034961
0.034115
0.03559
0.034707
0.045369
0.046314
0.045954
0.037252
0.043072
0.042887
0.03398
0.035991
0.044614
0.034413
0.034321
0.040319
0.038786
0.040634
0.037012
0.033935
0.041533
0.04216
0.036718
0.036789
0.041733
0.047441
0.047886
0.034099
0.045537
0.033665
0.045237
0.035554
0.041795
0.046074
0.04358
0.038107
0.039706
0.033972
0.043068
0.039127
0.045929
0.039915
0.037439
0.033603
0.040343
0.0426
0.033621
0.046018
0.043356
0.034092
0.033958
0.042755
0.043854
0.037762
0.043515
0.039685
0.04455
0.038822
0.038716
0.040835
0.03393
0.047166
0.04083
0.035039
0.046391
0.03391
0.046838
0.043898
0.033849
0.038316
0.037609
0.034327
0.042738
0.037871
0.042926
0.034315
0.033916
0.040389
0.045514
0.040949
0.045563
0.050132
0.038293
0.048922
0.041608
0.037845
0.04621
0.042413
0.037594
0.042101
0.034167
0.044618
0.043296
0.045971
0.042022
0.034644
0.034169
0.041047
0.039548
0.043629
0.041576
0.041386
0.039429
0.034193
0.03603
0.041347
0.042913
0.041506
0.042348
0.03418
0.044716
0.040521
0.044018
0.037723
0.040382
0.0349
0.046676
0.035563
0.046761
0.034053
0.034393
0.047131
0.034384
0.034459
0.034245
0.043095
0.040763
0.034138
0.044153
0.04197
0.041604
0.040778
0.035376
0.04366
0.041451
0.034397
0.041223
0.03487
0.034413
0.034577
0.035464
0.036804
0.035232
0.047292
0.039425
0.046203
0.042427
0.040023
0.043206
0.039677
0.041743
0.047139
0.034482
0.034929
0.041053
0.045298
0.035506
0.037722
0.050199
0.034759
0.039579
0.047673
0.040069
0.043266
0.039077
0.037637
0.047004
0.046574
0.035145
0.038617
0.039267
0.047399
0.04241
0.034595
0.034107
0.034961
0.036877
0.042172
0.03756
0.045761
0.04185
0.038138
0.044312
0.048306
0.034663
0.03481
0.04804
0.036272
0.046716
0.035589
0.04686
0.049247
0.034983
0.035176
0.040828
0.034897
0.03481
0.034644
0.035439
0.03725
0.039507
0.041965
0.046388
0.042837
0.046088
0.047121
0.038617
0.043127
0.037885
0.046565
0.039243
0.047765
0.044188
0.034708
0.037787
0.042454
0.048515
0.036845
0.046191
0.034998
0.043352
0.040309
0.047987
0.047105
0.048432
0.041234
0.043188
0.035175
0.047724
0.040673
0.04348
0.037988
0.044437
0.044348
0.045373
0.038872
0.043369
0.041553
0.047169
0.036936
0.034741
0.046094
0.034779
0.0468
0.035153
0.050389
0.039793
0.035312
0.043962
0.045853
0.034638
0.042724
0.038767
0.068092
0.03978
0.037538
0.047215
0.03457
0.034487
0.045367
0.034258
0.03474
0.034642
0.04598
0.04493
0.050445
0.04571
0.04211
0.038136
0.042376
0.039848
0.040652
0.034894
0.04003
0.034335
0.040926
0.037441
0.041269
0.041522
0.034769
0.040162
0.041593
0.042428
0.037049
0.045095
0.034135
0.039024
0.034504
0.034385
0.040475
0.044039
0.036592
0.044974
0.039909
0.041151
0.044918
0.034197
0.042902
0.03973
0.04213
0.03986
0.040538
0.042242
0.03744
0.039386
0.047782
0.040976
0.039683
0.05161
0.045517
0.03639
0.043453
0.034775
0.034578
0.034978
0.04624
0.034796
0.03546
0.035082
0.045695
0.034712
0.044277
0.034869
0.048862
0.040171
0.045772
0.039023
0.035904
0.045976
0.052756
0.040802
0.040151
0.042278
0.045997
0.040425
0.034626
0.055913
0.042419
0.04488
0.052546
0.052905
0.039023
0.041382
0.040886
0.045297
0.041512
0.040347
0.03928
0.04619
0.034723
0.042882
0.047869
0.044608
0.039978
0.03472
0.040334
0.038472
0.043516
0.040467
0.046642
0.039457
0.037948
0.043728
0.035664
0.038253
0.045359
0.050823
0.04195
0.053564
0.042626
0.068739
0.036344
0.042094
0.049591
0.058076
0.046051
0.045766
0.058265
0.043675
0.047998
0.03718
0.059624
0.046657
0.039933
0.040866
0.049069
0.036909
0.052367
0.043988
0.03678
0.040803
0.037105
0.050924
0.036386
0.047944
0.059693
0.050187
0.047747
0.051737
0.06121
0.057878
0.052975
0.048551
0.048342
0.039866
0.041759
0.042894
0.041263
0.052358
0.04428
0.042006
0.044478
0.037464
0.045516
0.037924
0.046113
0.048373
0.050495
0.044609
0.043092
0.036449
0.051453
0.053481
0.045401
0.037907
0.036896
0.040743
0.051738
0.055275
0.046335
0.04184
0.049405
0.049325
0.04124
0.051322
0.046027
0.044827
0.052639
0.042677
0.048535
0.036484
0.047411
0.051086
0.045106
0.04627
0.045704
0.059819
0.045386
0.039973
0.052586
0.036481
0.036906
0.049019
0.052296
0.0403
0.046898
0.043841
0.049481
0.048737
0.046682
0.050241
0.04507
0.036979
0.043732
0.046497
0.044299
0.049824
0.037953
0.039249
0.046124
0.047816
0.046044
0.039952
0.043433
0.043205
0.036507
0.051504
0.04447
0.044376
0.036793
0.049421
0.041383
0.041454
0.046965
0.040867
0.044948
0.044263
0.039832
0.048143
0.041111
0.046289
0.03988
0.051741
0.053521
0.041742
0.047501
0.04891
0.03983
0.04695
0.04091
0.047283
0.045395
0.048185
0.035525
0.040776
0.041637
0.050175
0.04297
0.042353
0.039511
0.04083
0.050562
0.038916
0.039417
0.052177
0.045198
0.048567
0.044711
0.050516
0.045292
0.046124
0.038151
0.039561
0.047447
0.049403
0.040254
0.048785
0.053373
0.047189
0.039381
0.035793
0.046636
0.040771
0.053746
0.046058
0.046645
0.051631
0.044405
0.045288
0.049251
0.048117
0.039878
0.043258
0.040297
0.052356
0.040096
0.045817
0.040635
0.035972
0.041804
0.055905
0.047573
0.045218
0.042645
0.051097
0.046865
0.057974
0.042165
0.045589
0.05005
0.04426
0.038442
0.039148
0.056994
0.049663
0.039461
0.042479
0.043676
