0.0018626
0.0070589
0.0073257
0.0073618
0.0071743
0.0072912
0.006946
0.007229
0.0072678
0.0074565
0.0068931
0.0076623
0.0072542
0.0073705
0.0072404
0.0073068
0.0074465
0.0073345
0.0071566
0.0072059
0.0072224
0.0071962
0.00725
0.0072939
0.0073092
0.007128
0.0072608
0.0072738
0.0072344
0.0069505
0.007177
0.0070196
0.0070965
0.0072482
0.0070277
0.0073146
0.0070749
0.0072056
0.0072533
0.0071746
0.0070854
0.0070776
0.0069342
0.0072224
0.007019
0.0070364
0.0068853
0.007302
0.0071545
0.0077446
0.0073516
0.007302
0.0072365
0.0071683
0.0071938
0.0069153
0.0071653
0.0069778
0.0071827
0.007125
0.0072458
0.0071178
0.0071316
0.0070289
0.0071884
0.0070076
0.0071404
0.007199
0.0071698
0.0071962
0.0069805
0.0071782
0.0072338
0.0072732
0.007077
0.007287
0.0071166
0.0069144
0.007174
0.0071764
0.00701
0.0086914
0.0072233
0.0071908
0.0071698
0.0071371
0.0070166
0.0070725
0.007135
0.0070649
0.0072678
0.0072224
0.0071809
0.007092
0.0072341
0.0071389
0.0071028
0.007211
0.0072221
0.0070974
0.0071536
0.0069994
0.0072179
0.0074763
0.0070806
0.0070295
0.0069529
0.0071289
0.0070223
0.0069577
0.0071238
0.0071277
0.0070499
0.0070412
0.0071235
0.0074384
0.007101
0.0071686
0.0070214
0.0068318
0.0070268
0.0073381
0.0070337
0.0070181
0.0069865
0.0072359
0.0073777
0.0070451
0.0071806
0.0072377
0.0071193
0.007034
0.0069625
0.00708
0.0068474
0.0069559
0.0071193
0.007665
0.0068453
0.0069973
0.0071383
0.0071929
0.0070298
0.0068056
0.0069868
0.007119
0.0070953
0.0068582
0.0070325
0.0070427
0.0069571
0.0071449
0.0070965
0.0069916
0.0069907
0.0070151
0.0070012
0.0071157
0.0072104
0.0072074
0.007134
0.007144
0.0070995
0.0068399
0.0067729
0.0069351
0.0071001
0.006857
0.0070983
0.006924
0.0070256
0.007125
0.0073068
0.0071821
0.0070935
0.0071578
0.0069892
0.0070526
0.007083
0.0069619
0.0071368
0.0072107
0.0068146
0.0069532
0.0071851
0.0069583
0.0069159
0.0071208
0.0071626
0.0068841
0.0068579
0.0071395
0.0072855
0.0071716
0.006927
0.0071211
0.0071037
0.0070685
0.0070232
0.0070076
0.0071857
0.0071365
0.0073224
0.0074874
0.0069523
0.0071356
0.0070911
0.0071395
0.0070722
0.0070127
0.0070637
0.0071434
0.0070415
0.0071944
0.0072047
0.0071557
0.0071434
0.0071241
0.0070959
0.007186
0.0070553
0.0069012
0.0071088
0.006994
0.0070725
0.0070851
0.0070217
0.0069111
0.0071638
0.0071926
0.0068137
0.0071896
0.007089
0.0070842
0.0071106
0.0090967
0.0072999
0.0071262
0.0069096
0.0071503
0.0070388
0.007046
0.0069048
0.0071821
0.0071127
0.0071058
0.0068483
0.0069601
0.007067
0.0070758
0.0072113
0.0069706
0.006936
0.007192
0.0070956
0.0069661
0.0081508
0.0071905
0.0074042
0.0070716
0.0069375
0.0070758
0.0071812
0.0070746
0.0072149
0.0068696
0.0071647
0.0075394
0.0070664
0.0070358
0.0070965
0.0070511
0.0070833
0.0068621
0.0070947
0.007067
0.0069877
0.0069832
0.0071151
0.0071334
0.0076112
0.007278
0.0069769
0.0069502
0.0070088
0.0070616
0.0068459
0.0072212
0.007086
0.0070364
0.0072119
0.0071181
0.007134
0.0070863
0.0071082
0.0071025
0.0071226
0.0070178
0.0070514
0.0070607
0.0070217
0.0071917
0.007034
0.0067864
0.0072431
0.0070187
0.0071455
0.0071623
0.0068916
0.0071103
0.0067741
0.0069784
0.0071956
0.0073711
0.0070094
0.0071836
0.0071319
0.0070926
0.0070661
0.0071184
0.0069904
0.0070643
0.0069715
0.0070755
0.0068107
0.007092
0.007138
0.0069192
0.0070172
0.0072374
0.0070634
0.0068817
0.0069937
0.0071545
0.0070899
0.0072215
0.0070761
0.0070193
0.0070703
0.0070175
0.0068705
0.0071365
0.0071368
0.0070523
0.0071716
0.0071368
0.0071614
0.0070568
0.0071575
0.0070166
0.0070637
0.0069183
0.0071307
0.0071256
0.0070451
0.007119
0.0071307
0.0073979
0.007433
0.007067
0.0070187
0.0071052
0.0072017
0.0071013
0.0071764
0.0070857
0.0071494
0.0071407
0.0073405
0.007134
0.0070015
0.0071136
0.0071482
0.0070887
0.0069532
0.0072269
0.0073564
0.0072326
0.0071773
0.0069384
0.0068201
0.0071815
0.007198
0.0070589
0.0069375
0.0070884
0.0072864
0.0071965
0.0072197
0.0074661
0.0073621
0.0071758
0.0071866
0.0071785
0.0071827
0.0072636
0.0071301
0.0070289
0.0070127
0.0073486
0.0072611
0.0071398
0.0070616
0.0072491
0.0071941
0.0071289
0.0071061
0.0071356
0.0071521
0.0070592
0.0071674
0.007275
0.007125
0.007211
0.0071647
0.0071064
0.006921
0.0071151
0.0071704
0.0072482
0.0070496
0.0071401
0.0071716
0.0071734
0.0070322
0.0071581
0.0071037
0.0072461
0.0071244
0.0071362
0.0070409
0.0073191
0.0073549
0.0072104
0.0073813
0.0089723
0.0075066
0.0072533
0.0073348
0.0071259
0.0073471
0.0072648
0.0074276
0.0071812
0.0072284
0.007208
0.0072566
0.0070307
0.0073363
0.0071353
0.0072984
0.0072224
0.0071722
0.007305
0.0081923
0.0077756
0.0076491
0.007927
0.0076932
0.0088599
0.0078645
0.0072669
0.0071256
0.0072443
0.0069682
0.0078984
0.0072807
0.0070971
0.0073164
0.0072491
0.006952
0.0072227
0.0071431
0.0072176
0.0071488
0.0069574
0.0076758
0.0071392
0.0071956
0.0072005
0.0070941
0.0071178
0.0071563
0.0072338
0.0071842
0.0070223
0.0072819
0.0071217
0.0069634
0.0072056
0.006833
0.0071755
0.0068901
0.0069228
0.0070863
0.0072344
0.0071443
0.0072254
0.0074078
0.0074198
0.0072605
0.0072275
0.0071398
0.0072362
0.007162
0.007052
0.0071993
0.0073507
0.0069267
0.0077843
0.007311
0.0072581
0.0071374
0.0070767
0.0072593
0.0071142
0.0072071
0.0070971
0.0071343
0.0072654
0.007424
0.0083008
0.0076304
0.0071325
0.0071488
0.0072467
0.00704
0.007232
0.0070235
0.007287
0.007369
0.0071193
0.0071863
0.0069874
0.0071716
0.0072377
0.0069327
0.0074547
0.0073681
0.0071214
0.00701
0.00736
0.0073513
0.0070956
0.007165
0.0072107
0.0071362
0.0072332
0.0071103
0.007144
0.0069997
0.0072002
0.0073038
0.007263
0.007198
0.0072407
0.0072699
0.0072614
0.0070352
0.007141
0.0072335
0.0069529
0.0073582
0.0073236
0.0072131
0.0071764
0.0071707
0.0072614
0.0072458
0.0072969
0.0071316
0.0073026
0.0072164
0.007263
0.0071283
0.0072527
0.0071689
0.007217
0.0072783
0.0072984
0.0071244
0.007302
0.0071407
0.0070884
0.0069988
0.0076106
0.0074261
0.0069835
0.0072185
0.0071782
0.0072539
0.0072269
0.0072086
0.0072338
0.0072137
0.0072984
0.0073834
0.0069249
0.0072167
0.0072356
0.0073627
0.0066133
0.006994
0.0071518
0.0072377
0.0071524
0.0070346
0.007077
0.0071734
0.007235
0.0070884
0.0071343
0.0072479
0.0071181
0.007174
0.007238
0.0072611
0.0074417
0.0075129
0.0073125
0.0075547
0.0071512
0.0069751
0.0072401
0.0071743
0.0070836
0.0072092
0.0071665
0.0072846
0.0071169
0.0072407
0.0071605
0.0071548
0.0070054
0.0071635
0.0070776
0.0072272
0.0070382
0.0075721
0.007357
0.007205
0.0069778
0.0071965
0.007293
0.0070076
0.0070163
0.0072248
0.0071854
0.0070734
0.0071848
0.0071845
0.0072392
0.0070406
0.0071458
0.0069363
0.0071872
0.0071437
0.0071869
0.0070935
0.0073495
0.0072759
0.0076028
0.0071932
0.0074033
0.0073092
0.0069643
0.0071839
0.0069514
0.0073032
0.0072843
0.0071208
0.0071283
0.0074249
0.0071298
0.0072611
0.0069892
0.0070896
0.0073065
0.0071322
0.007205
0.0071434
0.007211
0.0071983
0.0072329
0.0071987
0.0072425
0.0073005
0.0072614
0.0071689
0.0071707
0.0071632
0.0071809
0.0071611
0.0078038
0.0080027
0.0071581
0.0073441
0.0072353
0.0072605
0.0071683
0.0072158
0.0072882
0.0071797
0.0071752
0.0073537
0.0072801
0.0069739
0.0070782
0.0072068
0.0071956
0.0071536
0.0070205
0.0071971
0.0067801
0.0072209
0.0069763
0.0072002
0.0071752
0.0072017
0.0071824
0.0073498
0.0068585
0.0072377
0.0071803
0.0073239
0.0071416
0.0072065
0.0072356
0.0072515
0.0072575
0.0071241
0.0072753
0.0073095
0.0072479
0.0072416
0.00704
0.0071965
0.0072984
0.007525
0.0073702
0.0085384
0.0075373
0.0072044
0.007223
0.0069475
0.0072729
0.0071001
0.0072587
0.0071596
0.0089161
0.0077888
0.0073098
0.0072735
0.0071034
0.0073029
0.0071779
0.0074267
0.0070634
0.0072648
0.0069216
0.0072969
0.0072113
0.0072083
0.0073507
0.0069511
0.0072885
0.0072239
0.0068014
0.0072729
0.008155
0.0070454
0.0071977
0.0072302
0.0073282
0.0072714
0.0070746
0.0072212
0.0071566
0.0070262
0.0073212
0.0074171
0.0072407
0.0072948
0.0071905
0.0071205
0.007037
0.0071752
0.0071223
0.0072446
0.007138
0.0072071
0.0071313
0.0071121
0.0071061
0.0069847
0.007217
0.0072062
0.007217
0.0071803
0.0071464
0.0070292
0.0072182
0.0070054
0.0070688
0.0071007
0.0071557
0.0071286
0.0073849
0.0072092
0.0071356
0.0068035
0.0072747
0.007064
0.0079435
0.0072771
0.0071064
0.0071734
0.0072329
0.0072458
0.0071941
0.0072762
0.0070941
0.007256
0.0073116
0.0077185
0.0072455
0.0072026
0.0072617
0.0071067
0.0073303
0.0071647
0.0071004
0.0073411
0.0072611
0.0072158
0.0073684
0.0072969
0.007378
0.0073053
0.0072717
0.0072807
0.0072927
0.0074036
0.0073119
0.0073357
0.0078945
0.0074036
0.0072915
0.007427
0.0072651
0.0070664
0.0073173
0.0072179
0.0073155
0.0072458
0.0073119
0.0072879
0.0072482
0.0070241
0.0072789
0.0071794
0.0072308
0.0073041
0.0073041
0.0071283
0.007244
0.0071662
0.0073804
0.0072467
0.0073011
0.0072398
0.0074108
0.007223
0.0072882
0.0073191
0.0069183
0.0072071
0.0072975
0.0072654
0.0071764
0.0072068
0.0068005
0.0069892
0.0071091
0.0070094
0.0072338
0.0071548
0.0071695
0.0070544
0.007217
0.0073994
0.0074129
0.0072278
0.0071058
0.0071788
0.007177
0.0070713
0.0070586
0.0072047
0.0072807
0.0071866
0.0072131
0.0071872
0.0072783
0.0070682
0.0072753
0.0073008
0.0072993
0.0071425
0.0072239
0.0070598
0.0070682
0.0071298
0.0073997
0.0072587
0.0071398
0.0072506
0.0072269
0.0070989
0.0069423
0.0071911
0.0075226
0.0073372
0.0072197
0.0068916
0.0071713
0.0071085
0.0070725
0.0070085
0.0071265
0.0071007
0.0071214
0.0071088
0.0071999
0.0070746
0.007006
0.0070968
0.007141
0.0069727
0.0071668
0.0070036
0.0070003
0.0071368
0.0071968
0.0071698
0.0070283
0.0071614
0.0070094
0.0071106
0.0069754
0.0068579
0.0069649
0.0070731
0.0070556
0.0069099
0.007
0.0072071
0.0070373
0.0071319
0.0070445
0.0071893
0.0069538
0.0068582
0.0071803
0.0071151
0.0067705
0.0080661
0.0072648
0.0071983
0.0067224
0.0069153
0.0070406
0.0070517
0.006891
0.0070815
0.00711
0.0070728
0.006939
0.0067699
0.0071232
0.0069198
0.0070376
0.007089
0.0070785
0.0070541
0.0071238
0.006857
0.0072852
0.0068537
0.0069616
0.0069883
0.006936
0.0071842
0.0072017
0.0070851
0.0071343
0.0071587
0.0070761
0.007113
0.0073594
0.0072233
0.007083
0.0067837
0.007049
0.0070806
0.0071362
0.0071052
0.0070286
0.0069261
0.0070577
0.0072092
0.0068943
0.0070463
0.0070887
0.007083
0.0070688
0.0071025
0.0071013
0.0069481
0.0071452
0.0067494
0.006836
0.0071148
0.0071325
0.0071028
0.0070791
0.0070646
0.0069159
0.007031
0.0070307
0.0071157
0.0072524
0.0070562
0.006787
0.0070505
0.0071178
0.0069496
0.006997
0.0071599
0.0068811
0.0066915
0.0071007
0.0070463
0.0072443
0.0073432
0.0078014
0.0069976
0.0070953
0.0070589
0.0070562
0.0070839
0.0070962
0.006943
0.0071407
0.0070397
