380,310,426,393
383,314,423,393
383,315,424,394
384,314,422,392
384,314,423,392
383,316,424,394
383,316,422,391
384,316,421,395
382,314,424,392
383,316,423,394
383,316,423,393
383,316,423,392
382,314,424,394
383,315,424,393
383,314,423,393
383,314,425,393
383,315,424,393
383,316,423,393
384,315,423,394
383,317,425,393
384,315,425,392
383,316,425,394
382,316,425,392
382,314,424,394
381,313,425,392
379,310,424,393
380,311,424,391
379,314,426,392
381,314,424,393
380,312,422,392
381,314,426,392
383,314,425,393
384,316,424,394
382,314,424,392
383,314,424,392
381,315,425,391
383,313,422,393
383,316,425,394
382,315,427,391
383,313,423,392
383,314,423,393
382,315,424,393
381,314,424,393
381,314,423,393
382,315,424,394
379,315,422,392
379,315,424,391
377,313,424,391
378,311,421,392
375,314,421,391
371,315,420,391
360,312,417,393
356,315,414,393
351,313,419,390
347,318,412,390
337,314,392,388
337,312,377,388
338,312,377,390
339,304,376,388
338,306,378,386
336,307,376,387
334,306,374,389
331,305,373,389
331,305,370,389
331,303,370,388
331,307,370,387
330,306,370,389
331,302,369,390
327,304,367,389
324,307,363,391
326,304,363,391
327,298,362,391
328,293,361,390
321,295,358,391
317,296,357,390
312,302,355,391
309,306,353,391
309,308,353,391
308,310,352,394
308,310,354,388
308,310,355,391
309,309,354,389
308,307,355,392
306,310,356,389
309,310,358,390
308,306,355,390
306,308,354,391
302,304,353,391
302,306,350,391
303,309,350,390
303,307,349,392
304,306,348,391
304,310,347,390
304,306,349,392
303,310,349,392
303,307,349,391
302,307,350,391
301,310,350,392
300,309,345,391
299,309,344,391
297,311,343,389
296,312,340,390
296,312,342,390
297,310,341,389
297,308,343,391
293,308,342,390
291,309,342,390
287,309,344,390
287,308,343,390
288,310,343,392
289,309,343,390
285,312,346,392
289,312,343,390
288,312,344,391
287,311,347,390
288,310,340,390
286,309,343,390
285,308,346,389
290,308,343,389
