313,155,44,55
312.99,154.98,44,55
313.74,154.96,44,55
313.72,154.95,44,55
313.67,154.94,44,55
313.64,154.92,44,55
313.62,154.9,44,55
313.61,154.88,44,55
313.59,154.86,44,55
313.59,154.83,44,55
313.56,154.81,44,55
313.52,154.79,44,55
313.5,154.77,44,55
313.48,154.76,44,55
313.44,154.75,44,55
313.42,154.72,44,55
313.42,154.71,44,55
313.41,154.69,44,55
313.41,154.66,44,55
313.41,154.63,44,55
313.38,154.6,44,55
313.35,154.59,44,55
313.35,154.58,44,55
313.34,154.56,44,55
313.31,154.53,44,55
313.3,154.52,44,55
313.28,154.51,44,55
313.28,154.48,44,55
311.96,153.62,46.693,58.366
313.28,155.25,44,55
313.28,155.24,44,55
313.29,155.29,44,55
313.35,155.46,44,55
313.42,155.8,44,55
313.44,155.68,44,55
313.41,155.88,44,55
313.48,156.47,44,55
313.1,156.92,44.88,56.1
313.61,157.97,44,55
313.63,157.99,44,55
313.65,158.41,44,55
313.7,159.15,44,55
313.71,159.4,44,55
313.77,160.08,44,55
313.74,160.22,44,55
313.8,160.77,44,55
313.77,160.83,44,55
313.79,161.3,44,55
313.83,162.2,44,55
313.85,162.5,44,55
313.82,162.41,44,55
314.23,164.1,43.137,53.922
313.82,163.37,44,55
313.78,164.36,44,55
313.78,164.85,44,55
313.72,164.88,44,55
313.71,165.27,44,55
313.76,166.07,44,55
313.76,166.33,44,55
313.78,166.95,44,55
313.72,167.06,44,55
313.74,167.59,44,55
313.72,167.65,44,55
313.7,168.09,44,55
313.76,168.88,44,55
313.73,169.15,44,55
313.73,169.82,44,55
313.67,170.01,44,55
313.69,170.57,44,55
313.71,170.67,44,55
313.72,171.15,44,55
313.74,172,44,55
313.71,172.39,44,55
313.7,173.17,44,55
313.71,173.43,44,55
313.78,174.07,44,55
313.79,174.2,44,55
313.81,174.71,44,55
313.85,174.76,44,55
313.88,175.17,44,55
313.93,175.93,44,55
313.99,176.21,44,55
314.06,176.87,44,55
313.34,177.06,44,55
313.38,177.68,44,55
313.38,177.78,44,55
313.41,178.26,44,55
313.46,179.14,44,55
313.47,179.48,44,55
313.5,180.15,44,55
313.53,180.4,44,55
313.6,180.99,44,55
313.61,181.13,44,55
313.62,181.64,44,55
313.65,181.66,44,55
313.66,182.01,44,55
313.68,182.76,44,55
313.71,183.02,44,55
313.78,183.68,44,55
313.81,183.84,44,55
313.9,184.39,44,55
313.94,185.31,44,55
313.98,185.72,44,55
314.02,185.72,44,55
313.24,186.07,44,55
313.3,186.77,44,55
313.36,187.05,44,55
313.41,187.73,44,55
313.47,187.9,44,55
313.46,188.45,44,55
313.6,189.38,44,55
313.72,189.82,44,55
313.8,189.77,44,55
313.86,190.08,44,55
313.91,190.78,44,55
313.91,191.01,44,55
313.96,191.67,44,55
314,191.81,44,55
314.09,192.34,44,55
313.48,193.26,44,55
313.55,193.7,44,55
313.64,193.69,44,55
313.69,194.01,44,55
313.77,194.74,44,55
313.88,194.98,44,55
313.93,195.54,44,55
313.97,195.67,44,55
314.03,196.18,44,55
312.86,196.44,44.88,56.1
313.36,197.32,44,55
313.4,198.05,44,55
313.46,198.27,44,55
313.51,198.91,44,55
313.68,198.99,44,55
313.75,199.08,44,55
313.91,199.14,44,55
314.02,199.23,44,55
313.3,199.3,44,55
313.46,199.38,44,55
313.63,199.45,44,55
313.77,199.54,44,55
313.43,198.24,44.88,56.1
314.04,198.86,44,55
313.34,198.94,44,55
313.44,199.03,44,55
313.57,199.11,44,55
313.74,199.18,44,55
313.86,199.23,44,55
313.96,199.31,44,55
314.14,199.39,44,55
313.41,199.48,44,55
313.53,199.52,44,55
313.22,198.25,44.88,56.1
313.79,198.88,44,55
313.92,198.95,44,55
314.01,199.01,44,55
313.35,199.06,44,55
313.48,199.12,44,55
313.6,199.18,44,55
313.77,199.24,44,55
313.91,199.27,44,55
314.03,199.3,44,55
313.36,199.36,44,55
313.53,199.41,44,55
313.64,199.51,44,55
313.31,198.36,44.88,56.1
313.86,199.2,44,55
313.98,199.71,44,55
314.12,199.72,44,55
313.42,200.18,44,55
313.56,201.14,44,55
313.69,202.06,44,55
313.84,202.9,44,55
313.99,203.62,44,55
314.11,204.18,44,55
313.52,205.63,44,55
313.65,206,44,55
313.8,207.21,44,55
313.95,208.21,44,55
314.17,209.13,44,55
313.58,209.97,44,55
313.73,210.71,44,55
313.9,211.27,44,55
314.13,212.78,44,55
313.53,213.17,44,55
313.76,214.34,44,55
313.93,215.42,44,55
314.12,216.39,44,55
313.55,217.22,44,55
313.72,218.06,44,55
313.95,218.7,44,55
314.16,219.29,44,55
313.12,220.28,44.88,56.1
313.79,221.21,44,55
314.01,222.3,44,55
313.41,222.98,44,55
313.61,222.81,44,55
313.89,222.59,44,55
314.16,222.46,44,55
313.03,222.49,44.88,56.1
313.72,222.84,44,55
313.99,222.64,44,55
314.29,222.43,44,55
313.58,222.52,44.88,56.1
314.05,222.89,44,55
314.32,222.68,44,55
314.9,222.47,44,55
315.71,222.55,44.88,56.1
316.57,222.87,44,55
317.82,222.64,44,55
318.98,222.45,44,55
319.6,222.42,44.88,56.1
320.35,222.71,44,55
321.44,222.52,44,55
322.48,222.3,44,55
324.07,223.37,43.137,53.922
324.62,222.63,44,55
325.55,222.42,44,55
325.96,222.43,44.88,56.1
327.32,222.76,44,55
328.2,222.52,44,55
329.03,222.3,44,55
329.31,222.31,44.88,56.1
331.55,222.66,44,55
332.28,222.42,44,55
332.53,222.42,44.88,56.1
334.75,222.75,44,55
335.39,222.48,44,55
335.58,222.52,44.88,56.1
336.67,222.81,44,55
338.29,222.56,44,55
338.85,222.35,44,55
339.85,222.43,44.88,56.1
340.8,222.74,44,55
342.18,222.5,44,55
342.12,222.55,44.88,56.1
343.92,222.9,44,55
345.24,222.65,44,55
345.59,222.43,44,55
346.33,222.48,44.88,56.1
347.95,222.83,44,55
349.07,222.61,44,55
349.34,222.4,44,55
350.43,222.97,44,55
351.46,222.75,44,55
352.48,222.53,44,55
353.45,222.32,44,55
354.41,222.95,44,55
355.34,222.74,44,55
356.2,222.51,44,55
357.03,222.31,44,55
357.85,222.93,44,55
359.66,222.72,44,55
360.39,222.51,44,55
361.11,222.27,44,55
361.32,222.26,44.88,56.1
363.47,222.6,44,55
364.13,222.36,44,55
364.74,222.95,44,55
366.27,222.77,44,55
366.79,222.54,44,55
368.22,222.37,44,55
368.67,222.95,44,55
370.07,222.75,44,55
370.49,222.54,44,55
371.79,222.35,44,55
373.07,222.92,44,55
373.36,222.74,44,55
374.56,222.53,44,55
375.59,222.31,44,55
376.74,222.87,44,55
377.75,222.69,44,55
378.71,222.5,44,55
379.65,223.06,44,55
380.56,222.82,44,55
381.36,222.6,44,55
382.21,222.4,44,55
382.9,223.01,44,55
383.84,222.82,44,55
383.79,222.64,44,55
383.66,222.52,44,55
383.63,222.33,44,55
384.09,223.43,43.137,53.922
383.65,222.78,44,55
383.62,222.61,44,55
383.7,222.42,44,55
384.22,223.6,43.137,53.922
383.79,222.87,44,55
383.85,222.67,44,55
383.91,222.49,44,55
384.36,223.56,43.137,53.922
383.98,222.74,44,55
384.05,222.39,44,55
383.72,223.25,43.137,53.922
383.3,222.2,44,55
383.34,222.35,44,55
383.4,222.34,44,55
383.42,222.33,44,55
383.42,222.26,44,55
383.47,222.04,44,55
383.46,221.78,44,55
383.39,221.4,44,55
383.44,221.69,44,55
383.44,221.11,44,55
383.47,221.24,44,55
383.46,221.25,44,55
383.43,221.15,44,55
383.39,220.98,44,55
383.38,220.73,44,55
383.3,220.38,44,55
383.28,220.73,44,55
383.23,220.25,44,55
383.18,220.45,44,55
383.07,220.58,44,55
383.39,220.3,43.137,53.922
384.07,220.24,43.137,53.922
383.97,220.05,43.137,53.922
383.88,219.77,43.137,53.922
383.29,219.69,44,55
383.58,219.78,43.137,53.922
382.97,219.47,44,55
383.54,219.62,44,55
383.79,219.44,43.137,53.922
383.57,219.42,43.137,53.922
383.34,219.35,43.137,53.922
383.84,219.17,43.137,53.922
383.58,218.85,43.137,53.922
383.34,219.27,43.137,53.922
384.28,219.35,42.291,52.864
383.6,219,43.137,53.922
383.27,219.16,43.137,53.922
384.16,218.93,42.291,52.864
383.37,218.35,43.137,53.922
383.8,218.26,43.137,53.922
383.4,218.21,43.137,53.922
383.8,218.14,43.137,53.922
383.45,218.07,43.137,53.922
383.09,217.99,43.137,53.922
383.04,218.16,44,55
383.11,218.61,43.137,53.922
383.47,218.52,43.137,53.922
383.1,218.43,43.137,53.922
383.53,218.34,43.137,53.922
383.17,218.23,43.137,53.922
383.52,218.12,43.137,53.922
383.12,218.03,43.137,53.922
383.07,218.17,44,55
383.06,218.6,43.137,53.922
383.25,218.54,43.137,53.922
383.25,218.49,43.137,53.922
383.03,218.39,43.137,53.922
382.48,218.32,43.137,53.922
381.45,218.24,43.137,53.922
380.63,218.18,43.137,53.922
379.88,218.12,43.137,53.922
379.16,218.09,43.137,53.922
378.47,217.97,43.137,53.922
376.01,217.53,44.88,56.1
376.34,218.51,43.137,53.922
375.77,218.4,43.137,53.922
374.35,218.25,43.137,53.922
373.86,218.15,43.137,53.922
372.54,217.97,43.137,53.922
370.3,217.46,44.88,56.1
370.89,218.39,43.137,53.922
369.67,218.23,43.137,53.922
368.59,218.08,43.137,53.922
367.52,217.93,43.137,53.922
365.61,217.39,44.88,56.1
365.46,218.32,43.137,53.922
364.46,218.16,43.137,53.922
363.53,217.99,43.137,53.922
362.25,218.02,44,55
361.76,218.37,43.137,53.922
360.89,218.2,43.137,53.922
360.15,218.03,43.137,53.922
359.04,218.08,44,55
357.71,218.37,43.137,53.922
357.02,218.22,43.137,53.922
356.41,218.03,43.137,53.922
355.36,218.05,44,55
354.6,218.4,43.137,53.922
353.81,218.27,43.137,53.922
353.24,218.15,43.137,53.922
352.96,218.18,43.137,53.922
352.11,218.4,43.137,53.922
351.58,218.87,43.137,53.922
350.04,219.32,44,55
349.67,220.48,43.137,53.922
349.2,220.78,43.137,53.922
348.96,221.62,43.137,53.922
348.2,222.18,43.137,53.922
347.68,222.37,43.137,53.922
346.63,223.05,43.137,53.922
345.93,223.45,43.137,53.922
345.51,224.33,43.137,53.922
344.53,224.89,43.137,53.922
343.39,225.45,44,55
342.93,226.19,44,55
343.22,227.22,43.137,53.922
342.52,227.37,43.137,53.922
341.09,227.97,43.137,53.922
340.51,228.77,44,55
340.28,229.35,43.137,53.922
339.8,229.85,43.137,53.922
338.48,230.41,44,55
337.8,231.15,44,55
337.79,232.14,43.137,53.922
336.79,232.31,43.137,53.922
336.19,232.85,43.137,53.922
335.38,233.43,44,55
334.38,234.2,44,55
333.71,234.65,44,55
333.75,235.35,43.137,53.922
332.89,236.03,43.137,53.922
332.75,237.81,42.291,52.864
331.98,237.4,43.137,53.922
330.52,237.39,44,55
329.87,238.44,44,55
329.44,239.22,44,55
328.47,239.66,44,55
327.76,239.8,44,55
327.33,240.46,44,55
325.79,241.13,44.88,56.1
325.49,241.69,44,55
325.06,242.3,44,55
324.15,243.41,44,55
323.48,244.17,44,55
323.03,244.64,44,55
322.03,244.78,44,55
321.31,245.37,44,55
320.98,246.15,44,55
320.84,246.09,44,55
319.98,246.01,44,55
319.24,245.92,44,55
317.52,245.81,44,55
317.33,245.78,44,55
317.29,245.81,44,55
317.27,245.74,44,55
317.22,245.74,44,55
317.14,245.73,44,55
317.08,245.68,44,55
317.02,245.65,44,55
316.92,245.64,44,55
317.54,245.64,44,55
317.44,245.62,44,55
317.31,245.62,44,55
317.16,245.58,44,55
317.09,245.57,44,55
316.99,245.52,44,55
317.55,245.52,44,55
317.37,245.5,44,55
318.08,247.3,42.291,52.864
317.02,246.2,44,55
316.73,246.16,44,55
317.19,246.15,44,55
316.87,246.1,44,55
317.2,246.1,44,55
316.66,246.02,44,55
316.78,245.96,44,55
316.77,245.9,44,55
316.61,245.85,44,55
316.25,245.71,44,55
315.72,245.66,44,55
315.86,245.61,44,55
315.88,245.51,44,55
315.76,245.46,44,55
316.34,247.25,42.291,52.864
315.08,246.1,44,55
314.66,246.01,44,55
314.8,245.93,44,55
314.74,245.88,44,55
314.66,245.81,44,55
314.45,245.71,44,55
314.11,245.65,44,55
313.56,245.62,44,55
313.74,245.54,44,55
313.79,245.43,44,55
314.5,247.22,42.291,52.864
313.31,246.11,44,55
312.87,245.99,44,55
313.16,245.97,44,55
312.48,245.88,44,55
312.45,245.8,44,55
312.32,245.77,44,55
312.14,245.71,44,55
311.75,245.66,44,55
312.13,245.63,44,55
311.6,245.61,44,55
312.04,245.56,44,55
311.86,245.5,44,55
313.6,247.39,42.291,52.864
312.92,246.27,44,55
313.37,246.2,44,55
313.51,246.09,44,55
314.18,245.92,44,55
314.82,245.74,44,55
316.42,245.58,44,55
316.97,245.35,44,55
318.61,245.9,44,55
319.06,245.58,44,55
319.58,245.28,44,55
321.04,245.78,44,55
321.42,245.38,44,55
322.7,245.77,44,55
323.76,245.36,44,55
324.85,245.73,44,55
325.76,245.32,44,55
326.54,245.64,44,55
327.07,245.14,44,55
327.49,245.37,44,55
328.67,245.62,44,55
329.65,245.09,44,55
330.43,245.26,44,55
331.13,245.43,44,55
331.62,245.54,44,55
332.81,244.88,44,55
333.88,244.99,44,55
334.77,245.08,44,55
335.46,245.16,44,55
336,245.22,44,55
337.24,245.19,44,55
337.45,245.14,44,55
338.38,245.09,44,55
339.14,244.99,44,55
339.82,244.86,44,55
341.16,244.76,44,55
341.42,244.53,44,55
342.38,244.34,44,55
343.09,244.91,44,55
343.55,244.54,44,55
344.96,244.15,44,55
346.07,244.51,44,55
346.08,243.99,44,55
346.75,244.31,44,55
348.26,244.54,44,55
348.6,243.96,44,55
349.75,244.15,44,55
350.72,244.3,44,55
351.48,244.36,44,55
351.97,244.4,44,55
352.84,244.42,44,55
352.64,244.39,44,55
352.34,244.38,44,55
352.13,244.39,44,55
351.97,244.31,44,55
352.69,244.35,44,55
352.47,244.35,44,55
352.3,244.27,44,55
352.17,244.26,44,55
352.04,244.24,44,55
351.9,244.21,44,55
352.69,244.26,44,55
352.56,244.22,44,55
352.49,244.18,44,55
352.35,244.18,44,55
352.23,244.15,44,55
352.13,244.12,44,55
352.05,244.1,44,55
352.02,244.13,44,55
352.05,244.24,44,55
352.12,244.37,44,55
352.38,244.49,44,55
352.71,244.65,44,55
353.61,244.64,43.137,53.922
353.01,244.37,44,55
353.11,244.68,44,55
353.43,244.35,44,55
354.07,245,44,55
354.19,244.9,44,55
354.42,244.91,44,55
354.96,245.03,44,55
355.76,245.2,44,55
355.93,245.45,44,55
356.37,245.82,44,55
356.26,245.47,44,55
356.41,246,44,55
356.88,245.86,44,55
357.52,245.78,44,55
357.59,245.85,44,55
357.91,246,44,55
358.89,246.7,43.137,53.922
358.87,246.99,43.137,53.922
359.09,247.31,43.137,53.922
359.61,246.99,43.137,53.922
359.5,247.54,43.137,53.922
359.67,247.43,43.137,53.922
360.07,247.39,43.137,53.922
360.77,247.42,43.137,53.922
360.82,247.56,43.137,53.922
361.12,247.72,43.137,53.922
361.69,248.04,43.137,53.922
361.74,248.41,43.137,53.922
361.92,248.08,43.137,53.922
362.37,247.95,43.137,53.922
363.07,248.63,43.137,53.922
363.08,248.66,43.137,53.922
363.3,248.77,43.137,53.922
363.75,248.94,43.137,53.922
363.71,249.17,43.137,53.922
363.89,248.82,43.137,53.922
364.3,249.27,43.137,53.922
365.48,249.63,42.291,52.864
365.55,249.54,42.291,52.864
364.89,249.29,44,55
366.28,250.41,42.291,52.864
366.29,250.51,42.291,52.864
366.52,250.71,42.291,52.864
366.95,250.23,42.291,52.864
366.82,250.6,42.291,52.864
367.78,250.35,42.291,52.864
367.49,250.23,43.137,53.922
367.14,250.5,42.291,52.864
367.15,250.96,42.291,52.864
367.23,250.63,42.291,52.864
367.28,250.39,42.291,52.864
366.85,250.37,43.137,53.922
367.37,250.63,42.291,52.864
367.46,250.4,42.291,52.864
367.08,250.39,43.137,53.922
367.59,250.65,42.291,52.864
367.71,250.43,42.291,52.864
367.35,250.39,43.137,53.922
367.85,250.68,42.291,52.864
367.95,250.45,42.291,52.864
366.34,249.89,44,55
367.32,250.72,42.291,52.864
367.47,250.51,42.291,52.864
367.23,250.45,43.137,53.922
367.89,250.65,42.291,52.864
367.3,250.35,42.291,52.864
367.19,250.24,43.137,53.922
368.06,250.41,42.291,52.864
367.29,250.29,43.137,53.922
368.41,250.52,42.291,52.864
367.95,250.35,43.137,53.922
368.51,250.56,42.291,52.864
368.24,250.46,43.137,53.922
369.06,250.64,42.291,52.864
368.86,250.28,42.291,52.864
368.23,250.14,43.137,53.922
369.45,250.27,42.291,52.864
369.1,250.09,43.137,53.922
369.76,250.24,42.291,52.864
369.62,250.02,43.137,53.922
369.27,250.35,43.137,53.922
370.31,250.45,42.291,52.864
369.8,250.21,43.137,53.922
370.3,250.31,42.291,52.864
369.97,250.15,43.137,53.922
370.75,250.21,42.291,52.864
370.77,250.02,43.137,53.922
370.05,249.78,44,55
370.89,250.33,42.291,52.864
370.56,250.1,43.137,53.922
371.26,250.18,42.291,52.864
371.16,249.96,43.137,53.922
371.61,250.27,43.137,53.922
371.88,250.27,42.291,52.864
371.47,250,43.137,53.922
371.62,250.31,43.137,53.922
372.32,250.37,42.291,52.864
372.25,250.12,43.137,53.922
373.16,250.15,42.291,52.864
372.58,249.9,43.137,53.922
372.54,250.13,43.137,53.922
373,250.18,42.291,52.864
372.76,249.99,43.137,53.922
373.08,250.28,43.137,53.922
374.01,250.28,42.291,52.864
373.38,250.01,43.137,53.922
374.06,250.28,43.137,53.922
374.5,250.29,42.291,52.864
374.22,250.02,43.137,53.922
374.49,250.26,43.137,53.922
374.62,250.26,42.291,52.864
374.75,249.95,43.137,53.922
374.63,250.14,43.137,53.922
375.11,250.17,42.291,52.864
374.72,249.88,43.137,53.922
374.86,250.13,43.137,53.922
375.5,250.16,42.291,52.864
375.14,249.91,43.137,53.922
375.23,250.15,43.137,53.922
375.81,250.16,42.291,52.864
375.45,249.9,43.137,53.922
374.75,250.12,43.137,53.922
375.31,250.14,42.291,52.864
374.93,249.86,43.137,53.922
374.95,250.07,43.137,53.922
375.46,250.08,42.291,52.864
375.08,249.79,43.137,53.922
375.1,250,43.137,53.922
375.12,250.22,43.137,53.922
375.66,250.35,42.291,52.864
375.35,250.3,43.137,53.922
375.89,250.79,42.291,52.864
374.8,250.55,43.137,53.922
374.96,251.26,43.137,53.922
375.09,251.82,43.137,53.922
375.27,253.16,43.137,53.922
376,253.99,42.291,52.864
375.07,254.49,43.137,53.922
375.34,255.47,43.137,53.922
375.64,256.26,43.137,53.922
375.18,256.91,43.137,53.922
375.6,258.47,43.137,53.922
375.22,258.8,43.137,53.922
375.69,259.95,43.137,53.922
375.4,261.03,43.137,53.922
375.97,261.92,43.137,53.922
375.85,262.65,43.137,53.922
375.74,263.36,43.137,53.922
375.63,263.85,43.137,53.922
375.58,265.2,43.137,53.922
375.64,265.54,43.137,53.922
375.7,266.52,43.137,53.922
375.81,267.47,43.137,53.922
375.97,268.32,43.137,53.922
376.15,268.95,43.137,53.922
376.36,270.55,43.137,53.922
376.57,270.83,43.137,53.922
375.97,271.06,43.137,53.922
376.19,270.47,43.137,53.922
376.41,270.78,43.137,53.922
376.54,270.97,43.137,53.922
375.99,271.2,43.137,53.922
376.19,270.69,43.137,53.922
376.3,270.87,43.137,53.922
376.48,271.13,43.137,53.922
375.87,270.61,43.137,53.922
376.02,270.83,43.137,53.922
376.17,271.09,43.137,53.922
376.37,270.52,43.137,53.922
376.53,270.76,43.137,53.922
375.93,270.99,43.137,53.922
376.13,271.23,43.137,53.922
376.35,270.64,43.137,53.922
376.5,270.86,43.137,53.922
375.92,271.1,43.137,53.922
376.17,270.52,43.137,53.922
376.35,270.72,43.137,53.922
376.53,270.98,43.137,53.922
375.91,271.14,43.137,53.922
376.06,270.58,43.137,53.922
376.16,270.85,43.137,53.922
376.2,271.04,43.137,53.922
376.26,271.25,43.137,53.922
376.29,270.71,43.137,53.922
376.31,270.9,43.137,53.922
376.32,271.15,43.137,53.922
376.25,270.64,43.137,53.922
376.21,270.88,43.137,53.922
376.17,271.08,43.137,53.922
376.06,270.52,43.137,53.922
375.95,270.71,43.137,53.922
375.84,270.9,43.137,53.922
375.67,271.09,43.137,53.922
375.48,270.52,43.137,53.922
375.32,270.72,43.137,53.922
375.92,270.98,43.137,53.922
375.68,271.15,43.137,53.922
374.88,270.05,44,55
375.76,270.87,43.137,53.922
375.42,271.01,43.137,53.922
375.82,271.22,43.137,53.922
374.92,270.1,44,55
375.73,270.86,43.137,53.922
375.22,271.09,43.137,53.922
375.5,270.55,43.137,53.922
374.98,270.71,43.137,53.922
375.23,270.93,43.137,53.922
375.46,271.17,43.137,53.922
374.3,269.97,44,55
374.84,270.72,43.137,53.922
374.9,270.94,43.137,53.922
374.92,271.11,43.137,53.922
374.86,270.55,43.137,53.922
374.84,270.8,43.137,53.922
374.77,271,43.137,53.922
374.64,271.21,43.137,53.922
374.41,270.65,43.137,53.922
375.07,270.93,43.137,53.922
374.82,271.11,43.137,53.922
374.38,270.57,43.137,53.922
374.83,270.86,43.137,53.922
374.38,271.08,43.137,53.922
374.72,270.59,43.137,53.922
374.28,270.81,43.137,53.922
374.67,271.12,43.137,53.922
374.18,270.55,43.137,53.922
374.6,270.86,43.137,53.922
374.17,271.06,43.137,53.922
374.59,270.55,43.137,53.922
374.18,270.75,43.137,53.922
374.57,271.01,43.137,53.922
374.15,271.24,43.137,53.922
374.51,270.72,43.137,53.922
373.98,270.78,43.137,53.922
374.27,270.7,43.137,53.922
374.45,270.45,43.137,53.922
373.61,269.73,43.137,53.922
373.57,269.42,43.137,53.922
373.27,268.47,43.137,53.922
373.57,267.84,43.137,53.922
372.81,267.14,43.137,53.922
372.7,265.7,43.137,53.922
372.51,265.35,43.137,53.922
372.07,264.14,43.137,53.922
372.27,263.25,43.137,53.922
372.28,262.46,43.137,53.922
372.03,261.79,43.137,53.922
371.66,261.27,43.137,53.922
370.98,259.85,43.137,53.922
371.04,259.57,43.137,53.922
370.84,258.6,43.137,53.922
370.43,257.81,43.137,53.922
370.74,257.16,43.137,53.922
369.87,255.52,43.137,53.922
369.72,255.19,43.137,53.922
369.28,253.93,43.137,53.922
369.6,253.83,43.137,53.922
368.77,253,43.137,53.922
368.63,252.3,43.137,53.922
368.75,251.01,42.291,52.864
369.18,250.62,42.291,52.864
368.41,249.13,42.291,52.864
368.37,248.97,42.291,52.864
368.12,248.18,42.291,52.864
367.65,247.42,42.291,52.864
367.82,246.93,42.291,52.864
367.77,245.57,42.291,52.864
367.52,244.24,42.291,52.864
367.08,244.11,42.291,52.864
366.4,243.24,42.291,52.864
366.41,242.53,42.291,52.864
366.22,242.07,42.291,52.864
365.79,240.71,42.291,52.864
365.98,239.55,42.291,52.864
365.2,239.43,42.291,52.864
365.04,238.7,42.291,52.864
364.55,236.88,42.291,52.864
364.72,236.46,42.291,52.864
364.81,236.21,42.291,52.864
364.69,235.03,42.291,52.864
364.26,234.06,42.291,52.864
363.75,233.38,42.291,52.864
363.83,232.85,42.291,52.864
363.61,231.43,42.291,52.864
363.32,231.22,42.291,52.864
362.78,230.17,42.291,52.864
362.87,229.38,42.291,52.864
361.93,228.8,42.291,52.864
361.62,227.35,42.291,52.864
361.92,227.05,42.291,52.864
361.24,226.03,42.291,52.864
361.2,225.15,42.291,52.864
360.98,224.47,42.291,52.864
360.56,224,42.291,52.864
360.97,222.43,41.462,51.828
360.61,221.72,42.291,52.864
360.43,220.84,42.291,52.864
360.07,220.1,42.291,52.864
359.5,219.53,42.291,52.864
359.56,219.08,42.291,52.864
359.43,217.81,42.291,52.864
359.14,216.74,42.291,52.864
358.61,215.98,42.291,52.864
358.76,215.4,42.291,52.864
358.66,214.96,42.291,52.864
358.3,213.75,42.291,52.864
357.86,212.74,42.291,52.864
357.19,211.96,42.291,52.864
357.17,211.38,42.291,52.864
357,210.94,42.291,52.864
356.56,209.72,42.291,52.864
356.89,208.79,41.462,51.828
357.42,209.49,40.649,50.811
357.59,209.87,40.649,50.811
357.11,208.85,41.462,51.828
357.64,209.7,40.649,50.811
357.21,208.77,41.462,51.828
357.66,209.55,40.649,50.811
357.78,209.91,40.649,50.811
356.48,208.85,41.462,51.828
356.97,209.67,40.649,50.811
356.55,208.72,41.462,51.828
357.03,209.51,40.649,50.811
357.15,209.82,40.649,50.811
356.71,208.89,41.462,51.828
357.19,209.66,40.649,50.811
356.78,208.72,41.462,51.828
357.26,209.53,40.649,50.811
357.35,209.83,40.649,50.811
356.93,208.88,41.462,51.828
357.41,209.64,40.649,50.811
357.02,208.73,41.462,51.828
357.5,209.54,40.649,50.811
357.61,209.84,40.649,50.811
357.2,208.94,41.462,51.828
357.73,209.77,40.649,50.811
356.53,208.75,42.291,52.864
356.98,208.96,41.462,51.828
357.56,209.92,40.649,50.811
357.29,209.23,41.462,51.828
356.59,208.94,42.291,52.864
357.15,209.45,41.462,51.828
357.39,209.53,41.462,51.828
356.77,209.66,41.462,51.828
357,209.9,41.462,51.828
357.21,210.24,41.462,51.828
357.31,209.88,41.462,51.828
356.7,210.4,41.462,51.828
356.92,210.29,41.462,51.828
357.13,210.21,41.462,51.828
357.3,210.2,41.462,51.828
356.69,210.24,41.462,51.828
356.88,210.37,41.462,51.828
357.04,210.61,41.462,51.828
357.27,210.93,41.462,51.828
356.75,211.26,41.462,51.828
356.97,210.98,41.462,51.828
357.28,211.6,41.462,51.828
356.79,211.47,41.462,51.828
357.11,211.51,41.462,51.828
357.44,211.64,41.462,51.828
356.98,211.77,41.462,51.828
357.36,212,41.462,51.828
356.95,212.34,41.462,51.828
357.26,212.05,41.462,51.828
357.64,212.55,41.462,51.828
357.26,212.37,41.462,51.828
357.66,212.28,41.462,51.828
357.3,212.24,41.462,51.828
357.02,212.27,41.462,51.828
357.45,212.46,41.462,51.828
357.18,212.66,41.462,51.828
357.67,213.06,41.462,51.828
357.38,213.5,41.462,51.828
357.09,213.23,41.462,51.828
357.53,213.14,41.462,51.828
357.25,213.08,41.462,51.828
358.34,214.54,40.649,50.811
357.72,214.19,41.462,51.828
357.55,213.62,41.462,51.828
357.45,214.01,41.462,51.828
357.38,214.51,41.462,51.828
357.26,214.25,41.462,51.828
358.06,214.14,41.462,51.828
358.07,214.1,41.462,51.828
358.12,214.19,41.462,51.828
358.21,214.42,41.462,51.828
358.34,214.7,41.462,51.828
357.66,214.95,41.462,51.828
357.9,215.47,41.462,51.828
358.05,215.25,41.462,51.828
358.22,215.1,41.462,51.828
358.41,215.02,41.462,51.828
357.91,215.89,41.462,51.828
358.18,216.06,41.462,51.828
358.44,216.35,41.462,51.828
357.83,215.88,42.291,52.864
358.41,216.01,42.291,52.864
358.24,216.16,42.291,52.864
358.11,216.29,42.291,52.864
357.95,216.37,42.291,52.864
357.8,216.5,42.291,52.864
358.45,216.73,41.462,51.828
357.88,216.33,42.291,52.864
357.74,216.46,42.291,52.864
358.34,216.57,42.291,52.864
357.59,215.31,43.137,53.922
357.85,215.97,42.291,52.864
358.42,216.1,42.291,52.864
358.23,216.2,42.291,52.864
358.07,216.29,42.291,52.864
357.9,216.39,42.291,52.864
357.71,216.49,42.291,52.864
358.29,216.6,42.291,52.864
357.6,215.37,43.137,53.922
357.83,216.01,42.291,52.864
358.4,216.15,42.291,52.864
358.25,216.25,42.291,52.864
358.05,216.37,42.291,52.864
357.88,216.47,42.291,52.864
357.71,216.56,42.291,52.864
358.3,216.68,42.291,52.864
357.11,214.95,44,55
357.78,216.12,42.291,52.864
358.35,216.24,42.291,52.864
358.16,216.33,42.291,52.864
357.98,216.42,42.291,52.864
357.8,216.5,42.291,52.864
358.37,216.62,42.291,52.864
357.21,214.91,44,55
357.88,216.05,42.291,52.864
357.72,216.16,42.291,52.864
358.34,216.27,42.291,52.864
358.17,216.33,42.291,52.864
358.02,216.41,42.291,52.864
357.83,216.51,42.291,52.864
358.4,216.63,42.291,52.864
357.24,214.89,44,55
357.92,216.05,42.291,52.864
357.73,216.14,42.291,52.864
358.34,216.25,42.291,52.864
358.17,216.34,42.291,52.864
358.11,216.42,42.291,52.864
358.26,216.5,42.291,52.864
358.61,216.62,42.291,52.864
358.19,214.91,44,55
359.25,216.14,42.291,52.864
359.96,216.25,42.291,52.864
360.58,216.39,42.291,52.864
361.95,216.52,42.291,52.864
362.63,216.59,42.291,52.864
363.52,214.96,44,55
365.85,216.12,42.291,52.864
368.43,216.15,42.291,52.864
369.93,216.27,42.291,52.864
371.97,216.24,42.291,52.864
374.79,216.3,42.291,52.864
378.51,216.39,42.291,52.864
381.5,216.4,42.291,52.864
384.54,216.44,42.291,52.864
387.61,216.44,42.291,52.864
390.69,216.39,42.291,52.864
393.88,216.37,42.291,52.864
395.91,216.31,42.291,52.864
398.98,216.17,42.291,52.864
402.12,216.06,42.291,52.864
405.25,215.95,42.291,52.864
408.2,215.8,42.291,52.864
411.04,215.69,42.291,52.864
413.7,215.5,42.291,52.864
416.72,216.16,41.462,51.828
417.92,215.59,41.462,51.828
419.69,215.9,41.462,51.828
420.62,216.08,41.462,51.828
421.04,216.28,41.462,51.828
421.47,215.65,41.462,51.828
421.11,215.79,41.462,51.828
421.51,216.05,41.462,51.828
421.14,216.19,41.462,51.828
421.52,215.57,41.462,51.828
421.12,215.75,41.462,51.828
421.54,215.96,41.462,51.828
421.21,216.12,41.462,51.828
421.57,215.52,41.462,51.828
421.19,215.66,41.462,51.828
421.65,215.89,41.462,51.828
421.33,216.06,41.462,51.828
420.98,216.18,41.462,51.828
421.38,215.57,41.462,51.828
421.08,215.73,41.462,51.828
421.56,215.92,41.462,51.828
421.24,216.06,41.462,51.828
421.73,216.28,41.462,51.828
421.3,215.59,42.291,52.864
421.31,215.45,42.291,52.864
421.43,216.11,41.462,51.828
421.04,215.4,42.291,52.864
421.16,216.06,41.462,51.828
421.65,216.29,41.462,51.828
421.23,215.58,42.291,52.864
421.24,215.4,42.291,52.864
421.37,216.04,41.462,51.828
421.09,216.15,41.462,51.828
421.6,215.54,41.462,51.828
421.49,215.73,41.462,51.828
421.5,215.87,41.462,51.828
421.71,216.03,41.462,51.828
422.22,216.26,41.462,51.828
423.08,215.63,42.291,52.864
423.1,215.42,42.291,52.864
423.68,216.1,41.462,51.828
424.74,215.42,42.291,52.864
426.19,216.16,41.462,51.828
427.6,215.42,42.291,52.864
428.76,216.07,41.462,51.828
430.19,216.22,41.462,51.828
432.85,215.38,42.291,52.864
434.77,216,41.462,51.828
436.91,215.93,41.462,51.828
439.68,215.87,41.462,51.828
442.2,215.68,41.462,51.828
445.37,215.61,41.462,51.828
447.14,215.56,41.462,51.828
450.68,215.39,41.462,51.828
452.9,215.11,41.462,51.828
455.57,214.83,41.462,51.828
457.31,215.9,40.649,50.811
459.38,215.47,40.649,50.811
460.48,215.99,40.649,50.811
460.96,215.18,41.462,51.828
461.45,214.89,41.462,51.828
461.58,215.76,40.649,50.811
461.38,214.96,41.462,51.828
461.11,215.83,40.649,50.811
460.78,214.99,41.462,51.828
461.11,215.89,40.649,50.811
460.38,215.05,41.462,51.828
460.2,215.91,40.649,50.811
459.73,215.11,41.462,51.828
459.19,214.8,41.462,51.828
459.3,215.71,40.649,50.811
458,214.91,41.462,51.828
457.55,215.87,40.649,50.811
456.08,215.02,41.462,51.828
455.07,215.94,40.649,50.811
452.48,215.23,41.462,51.828
450.49,215.14,41.462,51.828
448.66,214.89,41.462,51.828
446.85,216.14,40.649,50.811
443.5,215.59,41.462,51.828
440.79,215.58,41.462,51.828
438.39,215.63,41.462,51.828
435.3,215.66,41.462,51.828
432.41,215.72,41.462,51.828
429.69,215.87,41.462,51.828
427.2,215.95,41.462,51.828
424.97,216.14,41.462,51.828
421.83,215.46,42.291,52.864
419.25,216.19,41.462,51.828
416.37,215.57,42.291,52.864
413.04,215.49,42.291,52.864
409.91,216.25,41.462,51.828
407.35,215.69,42.291,52.864
404.22,215.61,42.291,52.864
401.16,215.56,42.291,52.864
398.23,216.41,42.291,52.864
395.14,216.38,42.291,52.864
392.1,216.38,42.291,52.864
388.91,216.36,42.291,52.864
385.75,216.38,42.291,52.864
383.55,216.47,42.291,52.864
380.26,216.51,42.291,52.864
376.9,216.64,42.291,52.864
372.5,214.93,44,55
370.31,215.64,43.137,53.922
367.98,216.31,42.291,52.864
364.22,216.45,42.291,52.864
361.31,216.63,42.291,52.864
357.51,215.46,43.137,53.922
354.17,215.66,43.137,53.922
352.15,216.37,42.291,52.864
348.57,216.51,42.291,52.864
345.96,216.59,42.291,52.864
341.09,214.86,44,55
338.31,215.51,43.137,53.922
336.28,216.13,42.291,52.864
332.69,216.16,42.291,52.864
329.78,216.29,42.291,52.864
326.46,216.37,42.291,52.864
322.97,216.44,42.291,52.864
319.43,216.45,42.291,52.864
317.01,216.71,42.291,52.864
313.81,215.59,43.137,53.922
313.11,216.12,42.291,52.864
311.54,216.06,42.291,52.864
311.09,216.1,42.291,52.864
310.45,216.06,42.291,52.864
310.79,216.08,42.291,52.864
311.13,216.15,42.291,52.864
310.65,216.14,42.291,52.864
310.99,216.26,42.291,52.864
310.53,216.23,42.291,52.864
310.89,216.31,42.291,52.864
310.41,216.31,42.291,52.864
310.71,216.31,42.291,52.864
311.1,216.36,42.291,52.864
310.63,216.35,42.291,52.864
310.94,216.33,42.291,52.864
310.43,216.2,42.291,52.864
310.69,215.87,42.291,52.864
310.79,215.27,42.291,52.864
310.83,215.07,42.291,52.864
310.65,214.14,42.291,52.864
310.39,213.28,42.291,52.864
309.99,212.33,42.291,52.864
309.49,211.35,42.291,52.864
309.6,210.36,42.291,52.864
309.49,209.4,42.291,52.864
309.28,208.43,42.291,52.864
308.97,207.38,42.291,52.864
308.51,206.39,42.291,52.864
308.66,205.3,42.291,52.864
308.65,204.12,42.291,52.864
308.51,203.04,42.291,52.864
308.23,201.89,42.291,52.864
307.87,200.82,42.291,52.864
307.37,199.87,42.291,52.864
307.44,198.92,42.291,52.864
307.33,197.9,42.291,52.864
307.23,197.2,41.462,51.828
307.37,196.18,41.462,51.828
306.66,196.1,41.462,51.828
306.74,195.99,41.462,51.828
306.72,196.68,41.462,51.828
306.8,196.51,41.462,51.828
306.85,196.39,41.462,51.828
306.92,196.22,41.462,51.828
307.05,196.1,41.462,51.828
307.07,195.99,41.462,51.828
307.07,196.67,41.462,51.828
307.13,196.5,41.462,51.828
307.16,196.38,41.462,51.828
307.25,196.35,41.462,51.828
307.35,196.47,41.462,51.828
306.72,196.99,41.462,51.828
307.03,197.81,41.462,51.828
307.43,198.3,41.462,51.828
307.16,198.79,41.462,51.828
307.86,200.1,41.462,51.828
307.86,200.43,41.462,51.828
308.02,201.76,41.462,51.828
308.32,202.99,41.462,51.828
307.95,204.27,42.291,52.864
308.16,205.04,42.291,52.864
308.54,205.86,42.291,52.864
309.07,206.69,42.291,52.864
308.93,207.57,42.291,52.864
308.98,208.48,42.291,52.864
309,210.65,42.291,52.864
309.34,210.75,42.291,52.864
309.89,211.69,42.291,52.864
309.83,212.72,42.291,52.864
310.78,213.89,42.291,52.864
311.04,215.06,42.291,52.864
310.71,216.13,42.291,52.864
311.31,217.42,42.291,52.864
311.44,218.64,42.291,52.864
311.54,219.08,42.291,52.864
311.92,220.5,42.291,52.864
311.2,221.29,43.137,53.922
311.92,221.75,43.137,53.922
312.15,223.13,43.137,53.922
312.34,223.7,43.137,53.922
312.76,225.29,43.137,53.922
312.45,225.66,43.137,53.922
312.18,226.07,43.137,53.922
312.72,225.67,43.137,53.922
312.46,226.05,43.137,53.922
312.18,225.67,43.137,53.922
312.71,226.09,43.137,53.922
312.4,225.72,43.137,53.922
312.92,226.15,43.137,53.922
312.64,225.74,43.137,53.922
312.52,226.13,43.137,53.922
312.45,225.71,43.137,53.922
312.5,226,43.137,53.922
312.77,226.28,43.137,53.922
313.13,225.81,43.137,53.922
313.7,226.07,43.137,53.922
313.54,225.56,43.137,53.922
313.57,225.86,43.137,53.922
313.75,226.13,43.137,53.922
314.02,225.57,43.137,53.922
314.41,225.95,43.137,53.922
314.97,226.25,43.137,53.922
314.26,225.33,44,55
314.23,225.74,44,55
314.23,225.41,44,55
314.56,225.92,44,55
314.95,225.49,44,55
315.55,226.07,44,55
315.04,225.26,44.88,56.1
315.04,224.95,44.88,56.1
315.11,225.5,44.88,56.1
315.46,225.27,44.88,56.1
315.84,225.06,44.88,56.1
315.61,224.91,44.88,56.1
316.09,226.02,44,55
315.8,225.27,44.88,56.1
316.14,225.11,44.88,56.1
316.62,224.89,44.88,56.1
316.57,225.3,44.88,56.1
316.6,224.9,44.88,56.1
317.35,225.98,44,55
317.89,225.58,44,55
318.58,225.13,44,55
318.62,225.47,44,55
318.84,225.8,44,55
319.23,225.39,44,55
319.02,225.64,44,55
318.39,224.47,44.88,56.1
319.66,225.32,44,55
319.84,225.58,44,55
320.08,225.04,44,55
319.74,225.37,44,55
320.52,225.8,44,55
320.51,225.38,44,55
320.68,225.73,44,55
321,225.3,44,55
320.73,225.79,44,55
321.42,225.55,44,55
321.34,225.38,44,55
321.31,226.04,44,55
321.36,225.94,44,55
321.48,225.8,44,55
321.59,225.67,44,55
321.65,225.54,44,55
321.71,225.43,44,55
322.12,226.62,43.137,53.922
321.78,225.95,44,55
321.89,225.83,44,55
321.96,225.69,44,55
322.04,225.57,44,55
321.37,225.43,44,55
321.8,226.59,43.137,53.922
321.43,225.92,44,55
321.53,225.78,44,55
321.62,225.65,44,55
321.71,225.55,44,55
321.79,225.45,44,55
322.19,226.63,43.137,53.922
321.87,225.96,44,55
321.92,225.86,44,55
322.01,225.73,44,55
321.34,225.59,44,55
321.45,225.49,44,55
321.84,226.63,43.137,53.922
321.51,225.96,44,55
321.6,225.84,44,55
321.7,225.71,44,55
321.78,225.6,44,55
321.84,225.49,44,55
322.24,226.57,43.137,53.922
321.82,225.77,44,55
321.62,225.2,44,55
321.31,225.1,44,55
320.82,224.57,44,55
320.79,223.36,44,55
320.49,222.96,44,55
319.89,221.5,44,55
319.77,220.84,44,55
319.34,219.04,44,55
318.56,218.26,44,55
318.86,217.88,43.137,53.922
318.32,216.79,43.137,53.922
318.37,215.55,43.137,53.922
318.12,214.18,43.137,53.922
317.59,212.59,43.137,53.922
317.21,212.52,42.291,52.864
316.88,211.79,42.291,52.864
316.48,209.78,41.462,51.828
315.9,209.29,41.462,51.828
315.94,207.54,41.462,51.828
315.74,206.96,42.291,52.864
315.74,206.5,42.291,52.864
315.63,206.8,42.291,52.864
315.49,206.31,42.291,52.864
315.37,206.65,42.291,52.864
315.27,206.19,42.291,52.864
315.17,206.53,42.291,52.864
315.09,206.85,42.291,52.864
314.97,206.4,42.291,52.864
314.87,206.75,42.291,52.864
314.76,206.27,42.291,52.864
315.49,206.62,42.291,52.864
315.39,206.16,42.291,52.864
315.3,206.46,42.291,52.864
315.2,206.77,42.291,52.864
315.09,206.31,42.291,52.864
315.04,206.59,42.291,52.864
314.98,206.12,42.291,52.864
314.91,206.41,42.291,52.864
314.85,206.7,42.291,52.864
315.6,206.31,42.291,52.864
315.53,206.59,42.291,52.864
315.48,206.12,42.291,52.864
315.44,206.43,42.291,52.864
315.37,206.73,42.291,52.864
315.3,206.25,42.291,52.864
315.23,206.54,42.291,52.864
315.16,206.82,42.291,52.864
315.1,206.36,42.291,52.864
315.08,206.62,42.291,52.864
315.02,206.16,42.291,52.864
315.01,206.44,42.291,52.864
314.99,206.7,42.291,52.864
314.97,206.22,42.291,52.864
314.93,206.56,42.291,52.864
314.91,206.98,42.291,52.864
314.87,206.87,42.291,52.864
314.75,207.14,42.291,52.864
315.39,207.86,42.291,52.864
315.14,208.34,42.291,52.864
315.06,209.83,42.291,52.864
314.8,210.32,42.291,52.864
315.41,212.08,42.291,52.864
315.23,212.67,42.291,52.864
315.18,213.41,42.291,52.864
314.88,215.44,42.291,52.864
314.91,216.44,42.291,52.864
314.99,217.48,42.291,52.864
314.97,218.6,42.291,52.864
314.37,218.39,43.137,53.922
315.1,220.1,43.137,53.922
314.96,220.65,43.137,53.922
314.65,222.66,43.137,53.922
314.41,223.47,43.137,53.922
314.99,224.35,43.137,53.922
314.92,225.37,43.137,53.922
314.81,226.33,43.137,53.922
314.1,227.05,44,55
313.98,228.09,44,55
314.63,229.37,44,55
314.59,230.59,44,55
314.58,231.09,44,55
314.45,232.19,44,55
314.44,232.48,44,55
314.35,232.79,44,55
314.26,232.37,44,55
314.18,232.67,44,55
314.09,232.23,44,55
314.13,232.5,44,55
314.13,232.8,44,55
314.08,232.34,44,55
314,232.65,44,55
313.92,232.25,44,55
314.65,232.63,44,55
314.56,232.2,44,55
314.48,232.51,44,55
314.41,232.09,44,55
314.38,232.38,44,55
314.37,232.67,44,55
314.32,232.22,44,55
314.33,232.51,44,55
314.26,232.09,44,55
314.19,232.39,44,55
313.91,232.73,44,55
313.61,231.87,44.88,56.1
313.25,232.65,44,55
312.99,232.21,44,55
313.07,232.5,44,55
312.28,233.18,43.137,53.922
311.4,232.17,44,55
309.9,232.33,44,55
309.22,232.52,44,55
306.21,231.61,44.88,56.1
305.72,232.3,44,55
303.48,232.62,44,55
300.1,231.74,44.88,56.1
298.18,232.6,44,55
294.19,231.65,44.88,56.1
291.88,232.4,44,55
288.72,232.58,44,55
284.79,231.61,44.88,56.1
281.64,232.21,44,55
278.5,232.29,44,55
275.02,232.31,44,55
271.26,232.24,44,55
268.13,232.17,44,55
264.73,232.08,44,55
261.99,231.99,44,55
258.96,231.82,44,55
255.53,231.51,44,55
251.94,231.22,44,55
249.39,232.13,43.137,53.922
245.65,231.23,44,55
242.56,232.01,43.137,53.922
238.9,232.15,43.137,53.922
235.6,231.13,44,55
233.82,231.81,43.137,53.922
231.67,231.88,43.137,53.922
230.15,231.89,43.137,53.922
229.6,231.84,43.137,53.922
228.57,231.8,43.137,53.922
228.47,231.75,43.137,53.922
228.55,231.74,43.137,53.922
228.56,231.71,43.137,53.922
228.61,231.7,43.137,53.922
228.65,231.67,43.137,53.922
228.63,231.54,43.137,53.922
228.64,231.53,43.137,53.922
228.65,231.48,43.137,53.922
228.67,231.41,43.137,53.922
228.74,231.36,43.137,53.922
228.75,231.3,43.137,53.922
228.8,231.24,43.137,53.922
228.79,231.21,43.137,53.922
228.78,231.16,43.137,53.922
228.8,231.14,43.137,53.922
228.85,231.07,43.137,53.922
228.83,231.02,43.137,53.922
229.36,232.2,41.462,51.828
228.54,231.12,43.137,53.922
228.56,231.06,43.137,53.922
228.53,231,43.137,53.922
229.09,232.17,41.462,51.828
229.1,231.06,43.137,53.922
229.1,230.99,43.137,53.922
229.64,232.17,41.462,51.828
228.81,231.01,43.137,53.922
229.36,232.14,41.462,51.828
228.55,231.09,43.137,53.922
228.55,231,43.137,53.922
229.1,232.13,41.462,51.828
229.11,231.06,43.137,53.922
229.15,230.99,43.137,53.922
229.71,232.14,41.462,51.828
228.91,231.01,43.137,53.922
229.49,232.13,41.462,51.828
228.67,230.99,43.137,53.922
229.27,232.13,41.462,51.828
228.45,230.98,43.137,53.922
229.05,232.11,41.462,51.828
229.09,231.01,43.137,53.922
229.66,232.09,41.462,51.828
228.85,230.95,43.137,53.922
229.43,232.07,41.462,51.828
229.21,232.11,41.462,51.828
229.25,231.01,43.137,53.922
229.82,232.16,41.462,51.828
229.01,230.99,43.137,53.922
229.63,232.12,41.462,51.828
228.84,230.99,43.137,53.922
229.4,232.07,41.462,51.828
229.2,232.15,41.462,51.828
229.26,231,43.137,53.922
229.81,232.08,41.462,51.828
229.53,232.17,41.462,51.828
228.54,231.04,43.137,53.922
228.25,230.97,43.137,53.922
229.17,232.26,41.462,51.828
228.93,231.84,42.291,52.864
227.86,232.03,42.291,52.864
227.29,232.46,42.291,52.864
226.97,233.17,41.462,51.828
226.47,232.85,42.291,52.864
225.74,233.29,42.291,52.864
225.2,234.01,41.462,51.828
224.51,234.51,41.462,51.828
223.09,234.51,42.291,52.864
222.32,235.33,41.462,51.828
221.35,235.07,42.291,52.864
221.06,235.69,41.462,51.828
220.57,236.06,41.462,51.828
219.98,237.12,40.649,50.811
219.01,236.57,41.462,51.828
219.42,236.63,41.462,51.828
219.12,236.56,41.462,51.828
219.56,236.6,41.462,51.828
219.26,236.56,41.462,51.828
219.99,236.51,41.462,51.828
220.06,236.29,41.462,51.828
220.27,236,41.462,51.828
220.55,236.65,40.649,50.811
221.36,235.47,42.291,52.864
221.83,235.75,41.462,51.828
222.4,235.18,41.462,51.828
222.83,234.37,42.291,52.864
224.4,234.58,41.462,51.828
224.41,233.93,42.291,52.864
225.51,233.51,42.291,52.864
226.4,233.68,41.462,51.828
226.64,232.94,42.291,52.864
227.42,232.17,43.137,53.922
228.35,231.56,43.137,53.922
229.67,231.84,42.291,52.864
229.87,230.93,43.137,53.922
230.74,231.51,42.291,52.864
231.92,231.25,42.291,52.864
231.57,230.25,43.137,53.922
231.66,229.03,44,55
233.5,229.35,43.137,53.922
233.7,228.82,43.137,53.922
235.12,229.14,42.291,52.864
235.39,228.27,43.137,53.922
236.27,227.28,44,55
237.01,227.61,43.137,53.922
237.98,227.1,43.137,53.922
238.17,225.97,44,55
239.19,226.22,43.137,53.922
239.8,225.33,44,55
241.76,226.31,42.291,52.864
242.15,225.41,43.137,53.922
242.25,224.33,44,55
243.16,224.75,43.137,53.922
244.21,224.41,43.137,53.922
244.49,223.34,44,55
245.61,223.71,43.137,53.922
246.04,223.25,43.137,53.922
246.75,222.12,44,55
248.12,222.42,43.137,53.922
248.38,221.42,44,55
249.41,221.95,43.137,53.922
250.82,221.65,43.137,53.922
250.49,220.62,44,55
251.3,219.78,44,55
251.92,219.51,44,55
253.23,218.97,44,55
254.02,219.26,43.137,53.922
254.55,218.31,44,55
255.84,218.8,43.137,53.922
256.44,218.44,43.137,53.922
256.35,217.4,44,55
258,217.8,43.137,53.922
258.89,217.34,43.137,53.922
259.01,216.2,44,55
260,216.48,43.137,53.922
260.68,215.52,44,55
261.64,214.82,44,55
262.41,214.63,44,55
263.01,214.05,44,55
263.97,214.42,43.137,53.922
264.7,213.53,44,55
265.55,212.91,44,55
266.77,213.22,43.137,53.922
266.89,212.29,44,55
268.78,212.78,43.137,53.922
268.56,212.01,44,55
269.41,211.48,44,55
270.7,211.81,43.137,53.922
270.72,210.98,44,55
272.05,210.4,44,55
272.26,210.25,44,55
273.07,209.81,44,55
273.84,209.06,44,55
275.45,208.83,44,55
275.79,208.27,44,55
276.9,208.22,44,55
277.83,207.85,44,55
278.6,207.21,44,55
279.15,206.97,44,55
279.57,206.42,44,55
280.67,206.49,44,55
281.26,206.37,44,55
280.86,206.28,44,55
281.19,206.19,44,55
280.82,206.09,44,55
281.29,205.95,44,55
280.95,205.87,44,55
281.36,205.79,44,55
281.04,205.67,44,55
280.76,205.58,44,55
281.21,205.46,44,55
281.95,206.94,42.291,52.864
280.83,205.79,44,55
281.34,205.65,44,55
281.02,205.58,44,55
280.8,205.48,44,55
282.49,206.97,42.291,52.864
281.34,205.82,44,55
281.14,205.74,44,55
281.01,205.62,44,55
280.9,205.55,44,55
281.67,205.55,44,55
281.71,205.47,44,55
282.31,206.66,43.137,53.922
281.95,206.08,44,55
282.11,206,44,55
281.48,205.94,44,55
281.76,205.93,44,55
282.05,205.88,44,55
281.62,205.83,44,55
282.05,205.84,44,55
281.68,205.78,44,55
282.21,205.83,44,55
281.98,205.86,44,55
282.64,205.94,44,55
282.48,206.01,44,55
282.41,206.06,44,55
282.36,206.07,44,55
282.3,206.13,44,55
282.38,206.22,44,55
282.52,206.31,44,55
282.66,206.4,44,55
282.88,206.54,44,55
282.6,205.41,44.88,56.1
281.98,205.71,44.88,56.1
282.73,206.44,44,55
283.07,206.58,44,55
282.02,205.54,44.88,56.1
282.84,206.22,44,55
283.15,206.36,44,55
282.12,206.09,44.88,56.1
281.91,205.16,45.778,57.222
283.13,206.41,44,55
282.14,206.11,44.88,56.1
281.93,205.19,45.778,57.222
283.11,206.43,44,55
282.16,206.13,44.88,56.1
281.96,205.21,45.778,57.222
283.16,206.45,44,55
282.2,206.17,44.88,56.1
281.98,205.24,45.778,57.222
283.21,206.49,44,55
282.23,206.18,44.88,56.1
282.04,205.27,45.778,57.222
283.27,206.52,44,55
281.76,205.08,45.778,57.222
282.98,206.35,44,55
283.33,206.47,44,55
282.35,206.17,44.88,56.1
282.19,205.24,45.778,57.222
282.06,206.04,44.88,56.1
281.85,205.07,45.778,57.222
283.08,206.21,44,55
282.01,205.76,44.88,56.1
282.73,206.32,44,55
283.09,206.21,44,55
282.11,205.62,44.88,56.1
282.41,205.53,44.88,56.1
282.68,205.32,44.88,56.1
282.11,204.98,44.88,56.1
282.39,204.59,44.88,56.1
283.2,205.33,44,55
282.77,205.37,44,55
283.08,205.4,44,55
282.61,205.28,44,55
282.95,205.09,44,55
283.2,204.8,44,55
282.27,204.03,44.88,56.1
282.58,203.76,44.88,56.1
282.11,204.12,44.88,56.1
282.31,203.66,44.88,56.1
283.05,204.32,44,55
282.14,203.83,44.88,56.1
282.94,204.31,44,55
283.31,204.14,44,55
282.39,203.41,44.88,56.1
282.75,203.21,44.88,56.1
282.31,202.93,44.88,56.1
283.18,203.8,44,55
282.35,202.78,44.88,56.1
283.3,203.45,44,55
282.93,203.44,44,55
283.33,203.4,44,55
283.03,203.23,44,55
282.75,202.98,44,55
283.25,202.68,44,55
282.99,202.29,44,55
283.55,202.69,44,55
283.35,202.09,44,55
283.19,202.2,44,55
283,202.17,44,55
283.63,202.15,44,55
283.45,201.89,44,55
283.28,201.64,44,55
283.16,201.29,44,55
283.18,201.7,44,55
283.12,201.21,44,55
283.17,201.39,44,55
283.15,201.47,44,55
283.17,201.46,44,55
283.26,201.33,44,55
283.49,201.12,44,55
283.57,200.85,44,55
283.64,200.51,44,55
283.79,200.04,44,55
284.51,200.77,43.137,53.922
284.06,200.82,43.137,53.922
284.49,200.81,43.137,53.922
284.04,200.61,43.137,53.922
284.52,200.44,43.137,53.922
284.12,200.12,43.137,53.922
284.65,199.84,43.137,53.922
284.42,200.18,43.137,53.922
284.97,199.72,43.137,53.922
284.8,199.9,43.137,53.922
284.65,200.01,43.137,53.922
284.6,200.06,43.137,53.922
284.04,198.68,44,55
284.55,199.08,43.137,53.922
284.66,198.81,43.137,53.922
284.79,199.24,43.137,53.922
284.87,198.75,43.137,53.922
285.03,199.03,43.137,53.922
285.16,199.26,43.137,53.922
285.22,198.59,43.137,53.922
285.36,198.87,43.137,53.922
285.51,199.09,43.137,53.922
284.78,198.48,43.137,53.922
284.94,198.71,43.137,53.922
285.1,198.95,43.137,53.922
285.25,199.16,43.137,53.922
285.32,198.5,43.137,53.922
285.46,198.72,43.137,53.922
284.79,198.9,43.137,53.922
284.94,199.12,43.137,53.922
285.05,198.5,43.137,53.922
285.22,198.71,43.137,53.922
285.37,198.93,43.137,53.922
285.51,199.13,43.137,53.922
284.25,198.02,44,55
284.8,198.77,43.137,53.922
284.94,198.99,43.137,53.922
285.09,199.19,43.137,53.922
285.2,198.58,43.137,53.922
285.34,198.8,43.137,53.922
285.53,198.97,43.137,53.922
285.09,199.14,43.137,53.922
285.61,198.52,43.137,53.922
285.58,198.72,43.137,53.922
285.85,198.91,43.137,53.922
286.51,199.07,43.137,53.922
286.89,198.35,43.137,53.922
288.14,198.44,43.137,53.922
289.27,198.53,43.137,53.922
290.3,198.63,43.137,53.922
291.24,198.74,43.137,53.922
292.1,198.8,43.137,53.922
292.88,198.84,43.137,53.922
293.66,198.87,43.137,53.922
294.38,198.86,43.137,53.922
296.03,198.82,43.137,53.922
296.62,198.82,43.137,53.922
297.22,198.81,43.137,53.922
298.7,198.77,43.137,53.922
299.16,198.7,43.137,53.922
300.51,198.67,43.137,53.922
300.97,198.57,43.137,53.922
302.21,198.46,43.137,53.922
303.35,198.32,43.137,53.922
304.51,198.19,43.137,53.922
304.77,198.09,43.137,53.922
305.78,198.01,43.137,53.922
306.77,198.73,43.137,53.922
307.69,198.55,43.137,53.922
308.51,198.46,43.137,53.922
309.29,198.28,43.137,53.922
311.1,198.12,43.137,53.922
311.85,197.91,43.137,53.922
312.61,198.54,43.137,53.922
313.25,198.32,43.137,53.922
314.87,198.12,43.137,53.922
315.42,197.85,43.137,53.922
316.81,198.38,43.137,53.922
317.33,198.09,43.137,53.922
318.73,197.8,43.137,53.922
318.71,197.73,44,55
320.36,197.89,43.137,53.922
321.62,198.35,43.137,53.922
321.97,197.98,43.137,53.922
323.15,198.43,43.137,53.922
324.22,198.06,43.137,53.922
325.28,197.69,43.137,53.922
325.83,197.59,44,55
327.28,197.69,43.137,53.922
327.78,197.5,44,55
329.19,197.65,43.137,53.922
329.56,197.43,44,55
330.38,197.78,44,55
331.63,197.86,43.137,53.922
332.01,197.6,44,55
333.19,197.73,43.137,53.922
334.96,198.03,43.137,53.922
335.21,197.72,44,55
336.36,197.81,43.137,53.922
338.09,198.07,43.137,53.922
338.74,197.51,43.137,53.922
338.87,197.26,44,55
340.36,197.47,44,55
340.88,197.63,44,55
342.82,197.57,43.137,53.922
342.9,197.23,44,55
344.23,197.42,44,55
344.6,197.51,44,55
346.42,197.37,43.137,53.922
347.25,197.01,44,55
347.54,197.11,44,55
348.78,197.18,44,55
349.98,197.33,44,55
351.19,197.39,44,55
351.51,197.44,44,55
352.64,197.54,44,55
354.27,197.3,43.137,53.922
354.88,196.78,44,55
355.93,196.81,44,55
357.02,196.82,44,55
357.16,196.74,44,55
358.08,196.72,44,55
359.07,196.69,44,55
359.99,196.64,44,55
362.05,196.55,44,55
362.1,196.5,44,55
362,196.18,45.778,57.222
364.87,197.14,44,55
365.7,196.98,44,55
366.53,196.8,44,55
367.36,196.69,44,55
368.16,196.52,44,55
369.01,196.38,44,55
369.35,196.6,44.88,56.1
371.73,197.03,44,55
372.52,196.84,44,55
373.24,196.68,44,55
373.93,196.51,44,55
375.85,196.33,44,55
376.14,196.41,44.88,56.1
377.32,196.71,44,55
378.02,196.46,44,55
378.23,196.45,44.88,56.1
380.38,196.72,44,55
381.13,196.48,44,55
381.39,196.39,44.88,56.1
383.5,196.6,44,55
384.03,196.3,44,55
383.57,196.18,44.88,56.1
383.83,196.41,44,55
383.94,196.4,44.88,56.1
384.24,196.62,44,55
384.12,196.27,44,55
383.48,196.17,44.88,56.1
384.59,196.41,44,55
384,196.23,44.88,56.1
384.31,196.46,44,55
383.59,196.26,44.88,56.1
383.75,196.43,44,55
383.82,196.3,44.88,56.1
383.86,196.43,44,55
383.67,196.31,44.88,56.1
383.6,196.55,44,55
383.83,196.21,44,55
383.49,196.12,44.88,56.1
383.98,196.41,44,55
383.42,196.34,44.88,56.1
383.77,196.66,44,55
383.62,196.47,44,55
382.4,195.89,45.778,57.222
382.43,196.27,44.88,56.1
382.75,196.15,44.88,56.1
382.14,195.93,44.88,56.1
381.86,196.06,45.778,57.222
382.35,196.5,44.88,56.1
382.26,196.29,44.88,56.1
382.12,196.16,44.88,56.1
381.88,196.08,44.88,56.1
381.58,195.96,44.88,56.1
381.17,195.96,44.88,56.1
381.5,196.01,44.88,56.1
381.7,196.01,44.88,56.1
380.49,195.47,45.778,57.222
380.53,195.54,45.778,57.222
380.47,195.57,45.778,57.222
380.32,195.67,45.778,57.222
380.08,195.81,45.778,57.222
380.48,195.93,45.778,57.222
380,196.08,45.778,57.222
380.22,196.21,45.778,57.222
379.02,195.74,46.693,58.366
379.05,195.9,46.693,58.366
379.44,195.88,45.778,57.222
378.8,195.49,46.693,58.366
378.57,195.75,46.693,58.366
378.95,195.99,46.693,58.366
378.34,195.42,46.693,58.366
378.53,195.71,46.693,58.366
378.67,196,46.693,58.366
377.77,195.49,46.693,58.366
377.75,195.79,46.693,58.366
377.62,196.11,46.693,58.366
378.09,195.68,46.693,58.366
377.22,195.46,47.627,59.534
377.18,195.73,46.693,58.366
376.86,195.48,47.627,59.534
376.88,195.1,47.627,59.534
376.9,195.58,47.627,59.534
376.83,195.26,47.627,59.534
376.57,194.98,47.627,59.534
376.32,195.57,47.627,59.534
375.93,195.36,47.627,59.534
376.23,195.07,47.627,59.534
375.18,195.08,48.58,60.724
375.79,195.47,47.627,59.534
375.77,195.24,47.627,59.534
375.72,195.15,47.627,59.534
375.1,195.23,48.58,60.724
374.71,195.08,48.58,60.724
375.1,195.06,48.58,60.724
374.58,194.98,48.58,60.724
374.74,194.91,48.58,60.724
374.19,195.1,48.58,60.724
374.54,194.99,48.58,60.724
374.93,194.92,48.58,60.724
374.43,195.02,48.58,60.724
374.62,194.98,48.58,60.724
374.97,194.95,48.58,60.724
374.45,194.95,48.58,60.724
374.55,194.89,48.58,60.724
374.77,194.88,48.58,60.724
374.21,194.86,48.58,60.724
374.37,194.8,48.58,60.724
374.56,194.81,48.58,60.724
374.75,194.81,48.58,60.724
374.17,194.72,48.58,60.724
374.38,194.72,48.58,60.724
374.59,194.71,48.58,60.724
374.79,194.62,48.58,60.724
372.68,193.62,50.542,63.178
374.63,194.5,48.58,60.724
374.75,194.59,48.58,60.724
374.02,194.33,48.58,60.724
374.2,193.57,48.58,60.724
374.34,192.83,48.58,60.724
374.88,191.76,47.627,59.534
374.47,190.53,48.58,60.724
374.52,189.84,48.58,60.724
375,188.74,47.627,59.534
374.52,187.5,48.58,60.724
374.46,186.8,48.58,60.724
374.86,185.76,47.627,59.534
374.34,184.6,48.58,60.724
374.26,183.97,48.58,60.724
374.58,182.93,47.627,59.534
373.96,181.73,48.58,60.724
374.3,180.73,47.627,59.534
373.65,179.55,48.58,60.724
374.18,178.98,48.58,60.724
374.41,178,47.627,59.534
373.62,176.86,48.58,60.724
374.56,175.99,47.627,59.534
373.74,174.79,48.58,60.724
373.81,173.91,47.627,59.534
373.72,172.82,48.58,60.724
373.77,171.9,47.627,59.534
373.63,170.81,48.58,60.724
374.43,169.98,47.627,59.534
373.49,168.85,48.58,60.724
374.28,168.03,47.627,59.534
373.31,166.98,48.58,60.724
373.99,166.13,47.627,59.534
373.71,165.12,48.58,60.724
373.58,164.31,47.627,59.534
373.7,162.94,47.627,59.534
373.36,161.9,48.58,60.724
373.9,161.23,47.627,59.534
373.55,160.21,48.58,60.724
374.05,159.66,47.627,59.534
374.01,158.47,47.627,59.534
374.04,157.22,47.627,59.534
373.57,156.3,48.58,60.724
373.93,155.73,47.627,59.534
373.86,154.52,47.627,59.534
373.77,153.44,47.627,59.534
373.61,152.35,47.627,59.534
373.49,151.23,47.627,59.534
372.86,150.33,48.58,60.724
373.16,149.88,47.627,59.534
373.6,148.86,47.627,59.534
373.3,147.86,47.627,59.534
373.09,146.8,47.627,59.534
373.53,145.74,47.627,59.534
373.23,144.73,47.627,59.534
372.88,143.76,47.627,59.534
373.32,142.84,47.627,59.534
372.97,141.93,47.627,59.534
373.29,141,47.627,59.534
372.89,140.05,47.627,59.534
373.14,139.18,47.627,59.534
373.43,138.31,47.627,59.534
373.92,137.44,45.778,57.222
373.24,135.5,47.627,59.534
372.72,134.65,47.627,59.534
372.92,133.79,47.627,59.534
373.13,133.02,47.627,59.534
