162.666667,124.200000,35.666667,73.800000
163.527710,123.906052,36.000000,74.000000
164.933365,124.786758,36.000000,74.000000
166.683350,125.404144,36.000000,74.000000
167.236252,125.749352,36.720001,75.480003
168.139374,126.954002,36.720001,75.480003
168.827225,128.830521,36.720001,75.480003
168.863419,129.521561,37.454399,76.989601
169.616074,129.458679,38.203487,78.529388
171.157822,131.283890,37.454399,76.989601
172.095871,132.085022,37.454399,76.989601
172.021835,132.254684,38.203487,78.529388
172.003143,132.722046,38.203487,78.529388
173.281403,134.390381,37.454399,76.989601
173.359909,134.628387,38.203487,78.529388
174.361328,136.047195,38.203487,78.529388
175.102173,136.786621,38.967556,80.099983
175.957809,138.321747,38.967556,80.099983
176.376877,137.679077,39.746910,81.701981
177.036484,138.425186,39.746910,81.701981
178.513565,138.897369,39.746910,81.701981
179.169495,139.745392,39.746910,81.701981
178.915207,138.490005,40.541847,83.336021
179.844437,138.041870,40.541847,83.336021
181.942123,139.795975,39.746910,81.701981
182.473221,138.781006,40.541847,83.336021
183.105850,139.218262,40.541847,83.336021
184.637619,142.044876,39.746910,81.701981
184.376465,141.154007,41.352684,85.002739
184.638474,141.711777,41.352684,85.002739
185.180847,142.225220,41.352684,85.002739
185.837387,143.994797,40.541847,83.336021
185.472427,144.454590,40.541847,83.336021
186.307724,144.853134,40.541847,83.336021
186.452835,146.202744,40.541847,83.336021
188.154175,149.443878,39.746910,81.701981
187.340332,147.995010,41.352684,85.002739
187.722885,148.807190,41.352684,85.002739
188.368301,149.432495,41.352684,85.002739
188.537415,151.016678,40.541847,83.336021
189.597488,151.139008,40.541847,83.336021
190.337616,151.661865,40.541847,83.336021
190.647141,150.873169,41.352684,85.002739
191.015457,150.874573,41.352684,85.002739
191.853531,151.343689,41.352684,85.002739
192.395218,151.479553,41.352684,85.002739
192.403320,152.002869,41.352684,85.002739
192.486603,151.917480,41.352684,85.002739
192.945847,152.154175,41.352684,85.002739
193.546829,152.534958,41.352684,85.002739
192.530487,151.398987,42.179737,86.702797
192.636200,153.101318,41.352684,85.002739
192.301758,153.198944,41.352684,85.002739
192.753479,153.289017,41.352684,85.002739
192.115311,153.067810,41.352684,85.002739
191.761292,151.702835,42.179737,86.702797
191.627106,151.090424,42.179737,86.702797
191.393326,151.138962,42.179737,86.702797
190.872314,151.221985,42.179737,86.702797
190.884552,151.339752,42.179737,86.702797
190.655609,151.519669,42.179737,86.702797
190.500671,151.683945,42.179737,86.702797
190.475632,150.962341,42.179737,86.702797
190.650772,150.544785,42.179737,86.702797
191.022751,150.550980,42.179737,86.702797
190.664871,150.229767,42.179737,86.702797
191.274216,149.425140,42.179737,86.702797
191.215851,148.972000,42.179737,86.702797
191.262344,148.198730,42.179737,86.702797
191.004501,147.890732,42.179737,86.702797
190.804611,147.509033,42.179737,86.702797
191.868362,148.591232,41.352684,85.002739
191.688507,147.878510,41.352684,85.002739
191.564514,147.750381,41.352684,85.002739
191.572647,147.629684,41.352684,85.002739
191.866318,147.235428,41.352684,85.002739
192.267685,147.401428,41.352684,85.002739
193.044174,147.361389,41.352684,85.002739
193.121307,147.198502,41.352684,85.002739
193.282501,146.939697,41.352684,85.002739
193.703522,146.456558,41.352684,85.002739
193.448166,146.271225,41.352684,85.002739
193.543869,145.965515,41.352684,85.002739
193.898010,145.358429,41.352684,85.002739
194.404800,145.470505,41.352684,85.002739
194.255936,145.547134,41.352684,85.002739
195.127838,144.972610,41.352684,85.002739
195.244385,145.340134,41.352684,85.002739
195.553925,145.605469,41.352684,85.002739
195.401505,144.972000,41.352684,85.002739
195.388245,145.325333,41.352684,85.002739
195.624588,146.098770,41.352684,85.002739
195.911270,146.514893,41.352684,85.002739
196.330246,146.538269,41.352684,85.002739
196.271011,146.752274,41.352684,85.002739
197.420471,146.979965,41.352684,85.002739
197.065598,147.199387,41.352684,85.002739
197.818466,147.233002,41.352684,85.002739
197.830688,147.029602,41.352684,85.002739
198.114517,146.505264,41.352684,85.002739
198.487823,144.962097,42.179737,86.702797
199.048065,145.765671,41.352684,85.002739
199.763443,145.479279,41.352684,85.002739
200.249039,145.356125,41.352684,85.002739
201.194351,145.053345,41.352684,85.002739
201.314041,144.325211,41.352684,85.002739
201.545135,144.329361,41.352684,85.002739
201.072037,144.293930,41.352684,85.002739
201.530106,144.049469,41.352684,85.002739
201.282166,143.624084,41.352684,85.002739
202.006439,143.036758,41.352684,85.002739
202.072754,142.985413,41.352684,85.002739
202.308624,142.701172,41.352684,85.002739
202.689911,142.250778,41.352684,85.002739
202.675522,142.333786,41.352684,85.002739
202.667328,142.198563,41.352684,85.002739
202.807388,141.921814,41.352684,85.002739
202.871017,141.452133,41.352684,85.002739
202.931488,141.796082,41.352684,85.002739
202.508362,140.451157,42.179737,86.702797
202.886536,141.607239,41.352684,85.002739
202.316605,140.302612,42.179737,86.702797
202.481827,141.608109,41.352684,85.002739
202.355316,141.404343,41.352684,85.002739
202.137711,142.091293,41.352684,85.002739
202.541458,142.208694,41.352684,85.002739
202.200439,142.352585,41.352684,85.002739
202.449188,142.688705,41.352684,85.002739
201.406372,141.588486,42.179737,86.702797
202.097809,143.188492,41.352684,85.002739
202.359879,143.100266,41.352684,85.002739
202.097168,143.031677,41.352684,85.002739
202.730087,142.926529,41.352684,85.002739
202.811798,142.699982,41.352684,85.002739
203.015762,142.373581,41.352684,85.002739
203.138733,142.769958,41.352684,85.002739
203.400467,142.636200,41.352684,85.002739
203.078232,142.624313,41.352684,85.002739
203.729813,142.755066,41.352684,85.002739
203.656387,142.959869,41.352684,85.002739
203.294800,143.109833,41.352684,85.002739
203.606018,143.187790,41.352684,85.002739
202.854431,143.284592,41.352684,85.002739
202.868546,143.401627,41.352684,85.002739
202.714767,143.740433,41.352684,85.002739
201.860794,142.853409,42.179737,86.702797
202.071960,143.043518,42.179737,86.702797
201.950089,144.350388,41.352684,85.002739
202.264709,144.944168,41.352684,85.002739
202.897141,144.854858,41.352684,85.002739
202.693588,144.715408,41.352684,85.002739
202.746765,144.407990,41.352684,85.002739
202.976547,145.080383,40.541847,83.336021
202.833542,144.745377,40.541847,83.336021
202.934250,143.797485,41.352684,85.002739
203.510849,143.756012,41.352684,85.002739
203.530975,143.496155,41.352684,85.002739
203.591675,143.758469,41.352684,85.002739
203.542206,143.458969,41.352684,85.002739
203.162018,144.340729,40.541847,83.336021
203.115753,143.269501,41.352684,85.002739
203.330597,144.254471,40.541847,83.336021
202.983856,144.318436,40.541847,83.336021
202.426437,144.387833,40.541847,83.336021
202.503281,143.194763,41.352684,85.002739
201.886246,144.064865,40.541847,83.336021
201.702179,144.164703,40.541847,83.336021
202.069504,144.322495,40.541847,83.336021
202.188919,145.613098,39.746910,81.701981
201.147095,144.103226,40.541847,83.336021
201.952652,145.046463,39.746910,81.701981
201.523148,143.902084,40.541847,83.336021
201.647156,143.430298,40.541847,83.336021
201.789108,142.767090,40.541847,83.336021
201.677063,143.733032,39.746910,81.701981
201.977600,143.902603,39.746910,81.701981
202.070541,143.979675,39.746910,81.701981
201.799576,143.974258,39.746910,81.701981
201.375793,144.240143,39.746910,81.701981
200.108185,142.838089,40.541847,83.336021
200.794006,145.030228,38.967556,80.099983
200.379868,144.063187,39.746910,81.701981
200.384674,145.414795,38.967556,80.099983
200.472916,144.466187,39.746910,81.701981
200.003723,144.091492,39.746910,81.701981
200.482086,144.734207,38.967556,80.099983
200.144897,143.412811,39.746910,81.701981
199.101593,142.496918,39.746910,81.701981
199.206665,142.029510,39.746910,81.701981
198.350433,141.768982,39.746910,81.701981
198.186295,140.802231,39.746910,81.701981
197.744095,140.041718,39.746910,81.701981
197.920868,139.402832,39.746910,81.701981
197.136765,136.835556,40.541847,83.336021
197.147308,137.195770,39.746910,81.701981
196.501434,135.901337,39.746910,81.701981
196.151581,135.420319,39.746910,81.701981
195.690384,134.022537,39.746910,81.701981
195.512405,133.403641,39.746910,81.701981
194.336044,130.441299,40.541847,83.336021
194.784363,130.339722,39.746910,81.701981
194.368927,129.254547,39.746910,81.701981
193.722305,128.166077,39.746910,81.701981
193.810364,127.008369,39.746910,81.701981
194.018616,127.449860,38.967556,80.099983
193.581757,125.364159,39.746910,81.701981
193.516739,123.809242,39.746910,81.701981
193.270599,122.953575,39.746910,81.701981
193.006958,121.587791,39.746910,81.701981
192.131058,118.256828,40.541847,83.336021
192.725250,119.358536,38.967556,80.099983
192.179230,116.813972,39.746910,81.701981
191.501297,115.604622,39.746910,81.701981
191.376755,114.005363,39.746910,81.701981
190.819809,113.057747,39.746910,81.701981
190.776901,111.896431,39.746910,81.701981
189.508911,109.099571,40.541847,83.336021
189.146347,108.952080,39.746910,81.701981
186.981628,106.641762,40.541847,83.336021
186.374252,104.697578,40.541847,83.336021
185.786957,103.421272,40.541847,83.336021
184.702286,101.652855,40.541847,83.336021
184.657181,100.063942,40.541847,83.336021
184.793839,100.029564,39.746910,81.701981
183.234863,96.979164,40.541847,83.336021
181.967712,95.031349,40.541847,83.336021
180.921844,93.343864,40.541847,83.336021
179.428787,90.414085,40.541847,83.336021
179.551102,89.029778,40.541847,83.336021
180.039108,89.119652,39.746910,81.701981
178.958023,86.935417,40.541847,83.336021
177.718231,85.243225,40.541847,83.336021
177.432816,84.141983,40.541847,83.336021
176.777802,82.802376,40.541847,83.336021
175.389618,80.990669,40.541847,83.336021
174.725784,79.729248,40.541847,83.336021
173.897903,77.781189,40.541847,83.336021
171.178940,76.083122,40.541847,83.336021
170.474411,74.659172,40.541847,83.336021
169.725006,71.638458,41.352684,85.002739
168.627960,69.254494,41.352684,85.002739
167.847168,68.303703,40.541847,83.336021
167.218628,66.681900,40.541847,83.336021
167.113586,64.118446,41.352684,85.002739
166.949280,63.096500,41.352684,85.002739
166.400909,61.879841,41.352684,85.002739
165.493362,60.600330,41.352684,85.002739
164.826508,58.603420,42.179737,86.702797
165.397537,59.209339,41.352684,85.002739
164.687180,58.339718,41.352684,85.002739
164.612671,57.684452,41.352684,85.002739
164.066956,55.727482,42.179737,86.702797
163.759644,54.712017,42.179737,86.702797
164.378082,54.648212,41.352684,85.002739
163.533157,54.143894,41.352684,85.002739
162.946808,54.166843,41.352684,85.002739
162.931427,53.879772,41.352684,85.002739
162.831863,53.153797,41.352684,85.002739
162.554764,52.730190,41.352684,85.002739
162.080078,51.811459,41.352684,85.002739
162.097900,51.329441,41.352684,85.002739
161.782089,51.585232,40.541847,83.336021
161.031464,50.271709,41.352684,85.002739
161.482880,50.132679,41.352684,85.002739
161.414230,49.647251,41.352684,85.002739
161.196396,48.057186,42.179737,86.702797
161.486404,47.931782,42.179737,86.702797
161.949966,47.765560,42.179737,86.702797
161.690140,47.607197,42.179737,86.702797
162.554413,49.036884,41.352684,85.002739
161.942657,48.192692,42.179737,86.702797
161.863251,48.091740,42.179737,86.702797
161.819366,46.690304,43.023331,88.436852
162.006439,48.184071,42.179737,86.702797
161.131317,46.985111,43.023331,88.436852
161.293839,46.976398,43.023331,88.436852
161.474960,47.306705,43.023331,88.436852
161.536957,48.046703,43.023331,88.436852
160.863586,48.444752,43.023331,88.436852
161.071289,49.141689,43.023331,88.436852
161.314041,49.455799,43.023331,88.436852
161.307892,50.118328,43.023331,88.436852
161.038727,50.150379,43.023331,88.436852
160.537689,50.518887,43.023331,88.436852
159.855942,50.954792,43.023331,88.436852
159.903854,50.955524,43.023331,88.436852
159.627472,51.183590,43.023331,88.436852
159.172836,51.854137,43.023331,88.436852
159.107849,52.075153,43.023331,88.436852
158.834946,52.750111,43.023331,88.436852
158.345749,53.844540,43.023331,88.436852
158.936615,53.405369,43.883801,90.205589
158.740295,54.779011,43.883801,90.205589
158.455109,55.995289,43.883801,90.205589
157.593292,55.122593,44.761475,92.009697
157.146133,54.971493,45.656704,93.849892
156.856964,55.847973,46.569839,95.726891
155.253311,55.412060,47.501236,97.641426
154.370865,55.313343,47.501236,97.641426
154.226028,55.589863,47.501236,97.641426
154.734589,56.110394,47.501236,97.641426
154.359116,56.761799,47.501236,97.641426
154.053848,57.065403,47.501236,97.641426
154.460709,57.612682,47.501236,97.641426
154.475662,57.739017,47.501236,97.641426
154.689499,58.158138,47.501236,97.641426
154.851273,59.545040,47.501236,97.641426
155.074921,60.263226,47.501236,97.641426
155.549271,60.624828,47.501236,97.641426
155.741364,61.311710,47.501236,97.641426
155.892548,61.812275,47.501236,97.641426
156.605759,62.671970,47.501236,97.641426
156.797836,63.051434,47.501236,97.641426
157.347198,63.632755,47.501236,97.641426
157.190475,63.501598,47.501236,97.641426
158.318192,63.548855,47.501236,97.641426
158.428116,63.493252,47.501236,97.641426
159.047073,63.581326,47.501236,97.641426
160.111359,64.346931,47.501236,97.641426
161.099503,64.941673,47.501236,97.641426
161.585037,66.183502,47.501236,97.641426
161.540222,65.841591,48.451260,99.594254
162.806641,68.307190,47.501236,97.641426
163.092300,68.834602,47.501236,97.641426
164.059952,69.806396,47.501236,97.641426
164.185699,70.313683,47.501236,97.641426
164.970840,70.620003,47.501236,97.641426
165.009979,70.941452,47.501236,97.641426
165.657516,71.864067,47.501236,97.641426
165.843994,72.506714,47.501236,97.641426
166.431107,72.592896,47.501236,97.641426
166.497650,72.651665,47.501236,97.641426
166.772186,72.833183,47.501236,97.641426
166.905426,73.171158,47.501236,97.641426
167.242706,74.219719,47.501236,97.641426
167.112091,74.423668,47.501236,97.641426
166.983963,74.674713,47.501236,97.641426
167.409943,76.551956,46.569839,95.726891
166.384384,75.715691,47.501236,97.641426
166.215225,77.018326,46.569839,95.726891
165.945618,77.119476,46.569839,95.726891
165.689072,77.155922,46.569839,95.726891
164.552170,73.715057,48.451260,99.594254
164.473785,74.835625,47.501236,97.641426
164.110046,76.164833,46.569839,95.726891
162.761642,74.263885,47.501236,97.641426
162.153290,74.039139,47.501236,97.641426
162.604202,75.907097,46.569839,95.726891
162.361511,76.052681,46.569839,95.726891
162.133667,76.182030,46.569839,95.726891
161.374542,73.920723,47.501236,97.641426
162.449066,75.398041,46.569839,95.726891
162.654419,73.368774,47.501236,97.641426
163.291107,72.718842,47.501236,97.641426
164.899353,73.900070,46.569839,95.726891
166.352859,73.469101,46.569839,95.726891
166.854767,71.127274,47.501236,97.641426
168.536682,72.386826,46.569839,95.726891
168.413071,70.057915,47.501236,97.641426
169.537262,71.709938,46.569839,95.726891
170.011276,70.204910,47.501236,97.641426
170.768417,69.689095,47.501236,97.641426
172.055511,71.247337,46.569839,95.726891
171.279419,69.835503,47.501236,97.641426
172.016296,72.011185,46.569839,95.726891
172.547989,73.001511,46.569839,95.726891
173.356903,73.140961,46.569839,95.726891
172.989487,71.007286,47.501236,97.641426
173.982605,73.732903,45.656704,93.849892
174.191086,74.050644,45.656704,93.849892
173.859421,74.684982,45.656704,93.849892
174.456635,74.514961,45.656704,93.849892
174.914215,74.386276,45.656704,93.849892
176.395416,74.669785,45.656704,93.849892
177.320084,76.319702,44.761475,92.009697
178.767258,76.452332,44.761475,92.009697
179.454605,76.644821,44.761475,92.009697
180.612823,76.878326,44.761475,92.009697
181.730896,77.318298,44.761475,92.009697
181.767227,76.851875,44.761475,92.009697
182.997208,78.372284,43.883801,90.205589
183.888718,76.483315,44.761475,92.009697
184.395676,76.580658,44.761475,92.009697
185.658783,76.794411,44.761475,92.009697
186.533127,78.535522,43.883801,90.205589
187.698196,78.742500,43.883801,90.205589
188.747498,79.059296,43.883801,90.205589
189.250107,78.506493,43.883801,90.205589
189.126740,79.141197,43.883801,90.205589
188.765259,79.273666,43.883801,90.205589
189.136032,79.673340,43.883801,90.205589
189.112488,80.640244,43.883801,90.205589
188.904663,81.297684,43.883801,90.205589
189.462769,81.276619,43.883801,90.205589
188.699829,81.060364,43.883801,90.205589
187.814636,81.177780,43.883801,90.205589
187.009399,81.054382,43.023331,88.436852
187.611862,82.241127,42.179737,86.702797
187.533447,83.250923,42.179737,86.702797
186.593079,82.790741,43.023331,88.436852
185.185211,82.079498,43.883801,90.205589
184.429352,82.295425,43.883801,90.205589
183.521896,82.695488,43.883801,90.205589
182.848129,83.557129,43.023331,88.436852
183.121948,85.180771,42.179737,86.702797
181.719879,84.478798,43.023331,88.436852
182.473389,86.336227,42.179737,86.702797
182.308762,87.276520,42.179737,86.702797
181.520096,87.041542,43.023331,88.436852
181.002075,87.315025,43.023331,88.436852
182.058563,89.223999,42.179737,86.702797
181.746185,89.767014,42.179737,86.702797
181.093979,88.853294,43.023331,88.436852
180.962402,89.085686,43.023331,88.436852
180.968231,89.695015,43.023331,88.436852
180.757019,90.424477,43.023331,88.436852
180.841919,90.807671,43.023331,88.436852
180.833527,90.880501,43.023331,88.436852
180.890732,91.448021,43.023331,88.436852
180.884155,92.249443,43.023331,88.436852
181.278000,92.684853,43.023331,88.436852
181.934479,93.530815,43.023331,88.436852
181.929062,93.555183,43.023331,88.436852
182.062256,93.803780,43.023331,88.436852
182.363022,93.583855,43.023331,88.436852
183.132324,94.319267,43.023331,88.436852
182.963760,94.347725,43.023331,88.436852
182.857788,94.498863,43.023331,88.436852
182.889160,94.716606,43.023331,88.436852
183.158478,95.239433,43.023331,88.436852
183.990372,96.017479,43.023331,88.436852
184.913193,96.445961,43.883801,90.205589
184.838455,94.811508,44.761475,92.009697
185.413055,95.926506,43.883801,90.205589
185.658218,95.071266,43.883801,90.205589
186.157242,94.872032,43.023331,88.436852
186.758636,95.370087,42.179737,86.702797
186.978027,96.482483,41.352684,85.002739
186.506989,96.744095,41.352684,85.002739
185.744293,96.249176,41.352684,85.002739
185.175186,96.477814,41.352684,85.002739
185.048950,96.742355,41.352684,85.002739
184.880554,96.243683,41.352684,85.002739
184.371628,96.619041,40.541847,83.336021
183.977554,96.286842,40.541847,83.336021
184.273056,97.803856,39.746910,81.701981
183.509277,96.686852,40.541847,83.336021
183.798813,96.508934,40.541847,83.336021
183.328705,96.614555,40.541847,83.336021
184.116699,98.184578,39.746910,81.701981
183.267807,97.598732,40.541847,83.336021
183.759567,99.920143,39.746910,81.701981
183.523605,101.662392,39.746910,81.701981
183.280167,102.837227,39.746910,81.701981
183.091217,104.731133,39.746910,81.701981
183.447449,107.198616,39.746910,81.701981
182.996597,108.246284,39.746910,81.701981
183.215378,110.521561,38.967556,80.099983
182.423462,112.674210,38.967556,80.099983
181.868393,114.185379,38.967556,80.099983
181.021362,114.860031,38.967556,80.099983
180.638489,116.232056,38.967556,80.099983
179.428238,115.923653,39.746910,81.701981
178.443375,116.686653,39.746910,81.701981
178.324005,116.748756,39.746910,81.701981
177.455780,117.042458,39.746910,81.701981
177.491257,117.513496,39.746910,81.701981
176.462402,116.406471,40.541847,83.336021
176.385818,116.414619,40.541847,83.336021
176.161209,116.529091,40.541847,83.336021
176.201538,116.757561,40.541847,83.336021
176.646988,117.347496,40.541847,83.336021
176.730530,117.606270,40.541847,83.336021
176.145279,118.299995,40.541847,83.336021
177.590652,120.540169,39.746910,81.701981
177.703400,119.585297,41.352684,85.002739
178.663132,119.562149,41.352684,85.002739
179.257492,119.957428,41.352684,85.002739
180.963654,120.455551,41.352684,85.002739
182.151184,121.101151,41.352684,85.002739
183.147095,120.530060,42.179737,86.702797
184.078354,121.290237,42.179737,86.702797
185.205505,121.293198,42.179737,86.702797
186.201538,121.559418,42.179737,86.702797
188.424667,122.192398,41.352684,85.002739
189.139282,121.065994,42.179737,86.702797
189.743652,119.546532,43.023331,88.436852
192.730042,120.623138,42.179737,86.702797
195.465820,120.879089,42.179737,86.702797
195.346802,119.469963,43.023331,88.436852
199.728912,120.980103,42.179737,86.702797
200.598724,120.220757,43.023331,88.436852
201.810699,122.279572,42.179737,86.702797
203.655258,123.532867,42.179737,86.702797
206.514816,125.718246,41.352684,85.002739
206.900085,125.122681,42.179737,86.702797
210.573196,126.367096,42.179737,86.702797
213.630722,127.763657,41.352684,85.002739
214.980103,127.335861,42.179737,86.702797
218.669830,129.370361,41.352684,85.002739
223.149948,130.563782,41.352684,85.002739
226.669586,129.939514,42.179737,86.702797
230.407974,130.825394,42.179737,86.702797
233.429382,132.129761,42.179737,86.702797
238.106232,133.478424,42.179737,86.702797
243.346634,135.907516,41.352684,85.002739
247.930328,135.941071,42.179737,86.702797
252.962341,136.611145,42.179737,86.702797
257.873505,138.093750,41.352684,85.002739
262.511322,138.362183,41.352684,85.002739
266.760071,138.793488,41.352684,85.002739
270.740204,139.528656,41.352684,85.002739
274.613037,140.249222,41.352684,85.002739
278.255066,141.123566,41.352684,85.002739
281.396637,141.181152,41.352684,85.002739
283.137054,141.604492,41.352684,85.002739
287.187988,141.200729,42.179737,86.702797
290.809387,142.899765,41.352684,85.002739
294.176636,143.159821,41.352684,85.002739
297.246124,143.752991,41.352684,85.002739
299.973206,142.789032,42.179737,86.702797
302.586121,143.206604,41.352684,85.002739
304.459198,143.529236,40.541847,83.336021
308.199219,143.544098,40.541847,83.336021
311.200439,143.883331,40.541847,83.336021
312.708191,144.625259,40.541847,83.336021
316.235260,145.765015,40.541847,83.336021
317.696869,146.454300,40.541847,83.336021
320.469696,146.562973,40.541847,83.336021
322.236237,146.732849,40.541847,83.336021
324.547333,147.276215,40.541847,83.336021
328.453766,148.188370,39.746910,81.701981
328.738373,146.677917,40.541847,83.336021
331.509827,147.386337,39.746910,81.701981
332.827759,146.706787,40.541847,83.336021
334.111420,146.731125,40.541847,83.336021
335.412506,147.027405,40.541847,83.336021
336.472015,147.166000,40.541847,83.336021
336.911804,146.829834,40.541847,83.336021
336.826019,146.322037,40.541847,83.336021
337.589081,147.417221,39.746910,81.701981
337.483490,146.028854,40.541847,83.336021
338.567535,147.415787,39.746910,81.701981
337.963654,146.300507,40.541847,83.336021
338.712891,147.235214,39.746910,81.701981
338.947815,145.807953,40.541847,83.336021
339.903381,146.699020,39.746910,81.701981
340.834839,147.000732,39.746910,81.701981
341.848846,148.270096,39.746910,81.701981
342.563568,147.586563,40.541847,83.336021
343.324921,147.348145,40.541847,83.336021
344.037659,147.550674,40.541847,83.336021
345.258606,148.477264,40.541847,83.336021
346.601807,149.034790,40.541847,83.336021
348.438232,151.287628,39.746910,81.701981
348.055847,150.220963,40.541847,83.336021
349.282532,152.847565,39.746910,81.701981
349.717773,153.744019,39.746910,81.701981
350.386414,154.966324,39.746910,81.701981
350.657227,155.809799,39.746910,81.701981
350.999695,156.395630,39.746910,81.701981
351.486389,156.707565,39.746910,81.701981
351.380402,157.586914,39.746910,81.701981
351.264008,158.054520,39.746910,81.701981
351.502594,159.725021,38.967556,80.099983
351.390381,161.273376,38.203487,78.529388
350.536743,162.267609,38.203487,78.529388
348.600647,166.273300,37.454399,76.989601
346.167511,169.641068,37.454399,76.989601
345.943298,170.540009,37.454399,76.989601
346.216339,172.127884,36.720001,75.480003
347.212372,174.472549,36.000000,74.000000
346.756470,173.262421,36.720001,75.480003
346.721680,172.360107,37.454399,76.989601
348.369507,173.524796,36.720001,75.480003
349.250214,172.941788,36.720001,75.480003
351.108826,174.044785,36.000000,74.000000
350.381042,172.781113,36.720001,75.480003
352.574341,174.655960,36.000000,74.000000
352.732483,174.959549,36.000000,74.000000
353.681793,176.306152,35.294117,72.549019
353.571930,176.229752,35.294117,72.549019
353.330292,176.215714,35.294117,72.549019
353.528290,177.557205,34.602077,71.126488
352.540558,177.492722,34.602077,71.126488
352.468536,177.627411,34.602077,71.126488
352.252289,178.259674,33.923603,69.731850
351.161194,178.206329,33.258434,68.364563
352.197968,179.468643,32.606308,67.024078
352.843170,180.432083,31.966970,65.709885
352.862701,180.723694,31.966970,65.709885
354.156067,183.755280,30.725653,63.158287
353.603729,183.760132,30.725653,63.158287
354.869751,185.722061,30.123190,61.919891
354.436920,186.633102,29.532539,60.705772
355.690826,189.082550,28.385754,58.348495
355.717255,188.885681,28.385754,58.348495
355.482941,188.876984,27.829170,57.204407
356.374054,190.372391,26.748529,54.983089
357.840302,192.171356,26.224049,53.904991
356.729279,191.174622,26.224049,53.904991
357.860565,191.687393,26.224049,53.904991
358.411438,192.397003,26.224049,53.904991
358.179810,191.974899,26.224049,53.904991
358.621582,192.830261,26.224049,53.904991
358.320526,193.059250,26.224049,53.904991
358.190674,192.960983,26.224049,53.904991
358.711792,193.963593,26.224049,53.904991
359.040497,194.007874,26.224049,53.904991
358.710052,194.148849,26.224049,53.904991
358.700714,193.936890,26.224049,53.904991
359.484222,194.782745,26.224049,53.904991
357.830627,195.490662,25.709852,52.848030
359.161377,196.967499,25.205738,51.811794
358.336029,196.958496,24.711508,50.795876
359.373413,198.111176,24.226969,49.799877
357.610077,198.733154,23.751930,48.823410
358.091583,199.290253,23.286205,47.866089
360.380951,199.628830,22.829613,46.927536
360.258545,199.912415,22.829613,46.927536
360.609619,200.666428,22.829613,46.927536
358.894775,201.163315,22.829613,46.927536
358.851318,201.355011,22.829613,46.927536
351.827362,204.931335,22.381973,46.007389
371.379181,144.609390,22.381973,46.007389
365.440826,128.278625,40.879036,84.029129
367.111633,129.414932,40.879036,84.029129
366.725433,128.530411,41.696617,85.709717
366.878082,128.631622,41.696617,85.709717
366.879547,128.473648,41.696617,85.709717
366.793732,128.546600,41.696617,85.709717
366.732025,128.340637,41.696617,85.709717
366.783875,128.320480,41.696617,85.709717
366.740631,128.362991,41.696617,85.709717
366.714722,128.216660,41.696617,85.709717
366.387604,128.049011,41.696617,85.709717
366.446503,128.813873,40.879036,84.029129
366.665039,128.972076,40.879036,84.029129
366.257111,128.932968,40.879036,84.029129
366.461700,129.007614,40.879036,84.029129
366.914825,128.142822,41.696617,85.709717
366.708099,128.885590,40.879036,84.029129
365.995300,128.885117,40.879036,84.029129
366.004883,129.086227,40.879036,84.029129
365.660370,128.170486,41.696617,85.709717
365.973785,128.244064,41.696617,85.709717
366.178558,128.318176,41.696617,85.709717
365.610443,128.152115,41.696617,85.709717
365.738281,128.208267,41.696617,85.709717
365.907532,128.285965,41.696617,85.709717
366.005524,128.510254,41.696617,85.709717
366.062866,128.577682,41.696617,85.709717
366.093689,128.614792,41.696617,85.709717
366.178711,128.860245,41.696617,85.709717
365.614471,128.841156,41.696617,85.709717
365.745605,128.952545,41.696617,85.709717
365.967834,129.055313,41.696617,85.709717
366.090607,129.223618,41.696617,85.709717
365.725189,127.726540,42.530552,87.423912
366.289093,128.707962,41.696617,85.709717
365.858734,128.586258,41.696617,85.709717
366.210938,128.711334,41.696617,85.709717
365.742798,128.705338,41.696617,85.709717
366.347931,128.856873,41.696617,85.709717
365.821838,128.809265,41.696617,85.709717
366.088531,129.059570,41.696617,85.709717
366.242706,129.146637,41.696617,85.709717
364.951447,127.384789,42.530552,87.423912
365.568359,128.301300,41.696617,85.709717
365.916138,128.401443,41.696617,85.709717
365.942139,128.850296,40.879036,84.029129
367.135895,130.560806,40.077488,82.381500
365.499908,129.098114,40.879036,84.029129
365.803040,129.123062,40.879036,84.029129
365.723267,130.184509,40.077488,82.381500
365.665314,130.616440,40.077488,82.381500
365.717621,131.754517,39.291653,80.766182
364.498932,130.501953,40.077488,82.381500
365.291565,132.312180,38.521229,79.182526
365.770538,133.510056,37.765911,77.629929
365.952209,133.418076,37.765911,77.629929
366.477020,133.636536,37.765911,77.629929
367.397156,135.128342,37.025402,76.107773
367.653870,135.079819,37.025402,76.107773
366.993164,134.958725,37.025402,76.107773
367.435516,135.765656,36.299416,74.615463
367.612671,135.879410,36.299416,74.615463
367.583496,135.898178,36.299416,74.615463
367.488007,135.971268,36.299416,74.615463
367.349060,136.011948,36.299416,74.615463
366.863068,135.880829,36.299416,74.615463
366.318695,135.748886,36.299416,74.615463
366.550171,135.877640,36.299416,74.615463
366.298431,135.245529,37.025402,76.107773
366.150208,135.288589,37.025402,76.107773
366.014252,135.268433,37.025402,76.107773
365.351624,135.145325,37.025402,76.107773
365.609955,135.186569,37.025402,76.107773
364.017548,133.744431,37.765911,77.629929
365.465027,135.537079,37.025402,76.107773
364.755737,134.161392,37.765911,77.629929
365.422882,135.690674,37.025402,76.107773
364.701996,134.224808,37.765911,77.629929
364.423462,133.615997,37.765911,77.629929
364.277832,133.752487,37.765911,77.629929
364.105316,133.765472,37.765911,77.629929
364.461670,133.809952,37.765911,77.629929
364.053070,133.709976,37.765911,77.629929
364.470276,133.629974,37.765911,77.629929
364.015045,133.469574,37.765911,77.629929
364.544495,133.497513,37.765911,77.629929
364.326416,133.410919,37.765911,77.629929
364.358002,133.274445,37.765911,77.629929
364.256073,132.978790,37.765911,77.629929
365.369232,134.809937,37.025402,76.107773
365.864685,134.959137,37.025402,76.107773
364.292084,131.924088,38.521229,79.182526
365.890808,134.406693,37.025402,76.107773
365.793793,134.391556,37.025402,76.107773
365.614807,134.349564,37.025402,76.107773
365.459106,134.320175,37.025402,76.107773
366.053711,134.435593,37.025402,76.107773
365.860657,134.421432,37.025402,76.107773
365.661133,134.540909,37.025402,76.107773
365.592438,134.652206,37.025402,76.107773
365.188782,134.701218,37.025402,76.107773
365.685486,134.947861,37.025402,76.107773
364.026184,132.174927,38.521229,79.182526
365.389893,134.566559,37.025402,76.107773
365.671173,134.573425,37.025402,76.107773
364.941040,134.614944,37.025402,76.107773
365.199768,134.621979,37.025402,76.107773
365.340302,134.732712,37.025402,76.107773
365.576538,134.943405,37.025402,76.107773
364.887634,134.922394,37.025402,76.107773
364.867706,135.157791,37.025402,76.107773
363.927643,133.248947,37.765911,77.629929
365.167297,134.387512,37.025402,76.107773
365.155029,134.563675,37.025402,76.107773
365.325531,134.783325,37.025402,76.107773
365.443390,135.026215,37.025402,76.107773
364.649719,133.064560,37.765911,77.629929
365.614777,135.784042,36.299416,74.615463
364.304993,133.138870,37.765911,77.629929
365.326385,135.602005,36.299416,74.615463
364.832977,135.083450,37.025402,76.107773
363.836945,132.419510,38.521229,79.182526
364.695374,134.272034,37.025402,76.107773
364.749084,134.436996,37.025402,76.107773
364.904755,134.540756,37.025402,76.107773
365.029236,134.648590,37.025402,76.107773
365.049103,134.744080,37.025402,76.107773
365.223114,134.863098,37.025402,76.107773
365.393127,134.908218,37.025402,76.107773
365.544098,135.081329,37.025402,76.107773
363.988617,133.049011,37.765911,77.629929
366.024750,135.827744,36.299416,74.615463
364.302582,133.139145,37.765911,77.629929
365.727966,135.696518,36.299416,74.615463
364.952026,133.182816,37.765911,77.629929
366.466553,135.832779,36.299416,74.615463
364.960602,133.111359,37.765911,77.629929
366.346313,135.605774,36.299416,74.615463
365.830200,134.990067,37.025402,76.107773
364.638092,132.865097,37.765911,77.629929
365.971191,135.227814,36.299416,74.615463
365.266754,134.418976,37.025402,76.107773
365.655975,134.336731,37.025402,76.107773
365.314880,134.224243,37.025402,76.107773
365.846161,134.070740,37.025402,76.107773
365.735779,133.791824,37.025402,76.107773
365.988007,135.048035,36.299416,74.615463
365.543549,134.111862,37.025402,76.107773
365.270844,133.888199,37.025402,76.107773
366.537201,135.402023,36.299416,74.615463
365.938629,134.591415,37.025402,76.107773
365.776459,134.621826,37.025402,76.107773
365.701080,134.579025,37.025402,76.107773
365.498932,134.685226,37.025402,76.107773
365.411591,134.721130,37.025402,76.107773
366.120483,134.940750,37.025402,76.107773
366.183746,135.165405,37.025402,76.107773
365.152771,133.196136,37.765911,77.629929
365.604614,134.104126,37.025402,76.107773
365.490692,134.531860,37.025402,76.107773
365.816193,135.591187,36.299416,74.615463
366.604492,136.060654,36.299416,74.615463
366.102631,134.881622,37.025402,76.107773
366.570038,135.961151,36.299416,74.615463
366.216217,134.698883,37.025402,76.107773
366.677643,135.714478,36.299416,74.615463
365.403687,133.160583,37.765911,77.629929
366.557526,136.456650,35.587662,73.152420
364.714630,133.162430,37.765911,77.629929
366.805115,136.776352,35.587662,73.152420
365.176514,133.613937,37.765911,77.629929
365.691925,134.820084,37.025402,76.107773
366.014984,135.140106,37.025402,76.107773
365.231750,133.674545,37.765911,77.629929
365.931244,135.016190,37.025402,76.107773
365.144836,133.589005,37.765911,77.629929
365.661804,134.852737,37.025402,76.107773
366.121735,136.135040,36.299416,74.615463
364.907043,133.809128,37.765911,77.629929
366.851624,135.986191,36.299416,74.615463
364.910278,133.530411,37.765911,77.629929
366.548309,135.562500,36.299416,74.615463
366.712250,136.000504,36.299416,74.615463
366.512878,134.904144,37.025402,76.107773
366.275970,135.923294,36.299416,74.615463
366.270966,134.783478,37.025402,76.107773
366.973175,136.051529,36.299416,74.615463
365.122986,133.472946,37.765911,77.629929
365.829712,134.648636,37.025402,76.107773
366.067139,134.881241,37.025402,76.107773
366.219818,135.124695,37.025402,76.107773
364.764557,132.680267,38.521229,79.182526
364.855499,133.416031,37.765911,77.629929
366.256622,134.606491,37.025402,76.107773
366.805206,135.846207,36.299416,74.615463
366.954742,134.957962,37.025402,76.107773
366.577301,134.783066,37.025402,76.107773
367.056244,136.920349,35.587662,73.152420
367.285156,136.118881,36.299416,74.615463
367.212494,136.173706,36.299416,74.615463
367.073486,136.404495,36.299416,74.615463
367.173553,136.611572,36.299416,74.615463
367.368958,136.948425,36.299416,74.615463
367.552856,136.070389,37.025402,76.107773
367.126556,135.778717,37.025402,76.107773
368.350586,137.363281,36.299416,74.615463
367.284241,136.542252,37.025402,76.107773
367.144012,136.400284,37.025402,76.107773
365.964905,136.076096,37.025402,76.107773
364.826172,135.641113,37.025402,76.107773
364.709198,136.844376,36.299416,74.615463
365.096130,135.621750,37.025402,76.107773
363.578278,135.970917,37.025402,76.107773
362.974762,134.333893,37.765911,77.629929
364.356171,133.954346,37.765911,77.629929
363.911835,134.971359,37.765911,77.629929
366.067322,135.225143,37.765911,77.629929
365.752899,134.340683,38.521229,79.182526
365.552155,135.113098,38.521229,79.182526
366.653473,135.932755,37.765911,77.629929
367.522919,136.120178,37.765911,77.629929
367.741638,136.344208,37.765911,77.629929
368.483124,136.130737,37.765911,77.629929
369.479218,138.044876,37.025402,76.107773
370.592438,136.582077,37.765911,77.629929
371.915070,138.166107,37.025402,76.107773
371.864807,136.773056,37.765911,77.629929
373.184174,138.671066,37.025402,76.107773
372.731049,137.425186,37.765911,77.629929
373.098480,137.139603,37.765911,77.629929
374.234100,139.106216,37.025402,76.107773
372.991058,136.336670,38.521229,79.182526
373.915466,138.987640,37.025402,76.107773
372.858154,136.278687,38.521229,79.182526
373.728516,138.814270,37.025402,76.107773
373.050110,137.692657,37.765911,77.629929
373.976257,137.382614,37.765911,77.629929
374.063904,136.941391,37.765911,77.629929
375.073792,138.650497,37.025402,76.107773
373.732239,137.095779,37.765911,77.629929
374.623016,138.721924,37.025402,76.107773
373.637756,137.146896,37.765911,77.629929
374.393707,138.587311,37.025402,76.107773
373.748108,136.262665,38.521229,79.182526
373.288696,137.008484,37.765911,77.629929
373.147766,136.849258,37.765911,77.629929
373.315674,136.537292,37.765911,77.629929
373.679626,136.354004,37.765911,77.629929
373.931244,136.093384,37.765911,77.629929
375.143555,138.648682,36.299416,74.615463
374.447357,137.892349,37.025402,76.107773
374.717560,137.955551,37.025402,76.107773
373.239105,135.778732,37.765911,77.629929
374.583557,138.357315,36.299416,74.615463
374.762024,137.797562,37.025402,76.107773
374.655579,137.940292,37.025402,76.107773
374.755005,138.853485,36.299416,74.615463
375.181580,137.737305,37.025402,76.107773
375.613373,138.847443,36.299416,74.615463
375.105103,137.772537,37.025402,76.107773
375.678345,139.014633,36.299416,74.615463
375.457092,137.928436,37.025402,76.107773
376.332306,140.266495,35.587662,73.152420
374.919006,139.353317,36.299416,74.615463
375.152039,139.456375,36.299416,74.615463
375.157166,139.435150,36.299416,74.615463
375.233887,139.600449,36.299416,74.615463
375.642975,139.730057,36.299416,74.615463
375.497803,138.233307,37.025402,76.107773
375.525818,139.158371,36.299416,74.615463
376.032410,140.129852,35.587662,73.152420
376.000732,140.456238,35.587662,73.152420
375.397430,138.683472,37.025402,76.107773
375.898163,139.877747,36.299416,74.615463
374.577393,138.688583,37.025402,76.107773
374.998138,139.808533,36.299416,74.615463
374.871063,139.463623,36.299416,74.615463
374.669525,140.884033,35.587662,73.152420
374.406219,139.914734,36.299416,74.615463
373.573761,138.685364,37.025402,76.107773
372.321869,139.779999,36.299416,74.615463
372.049469,138.683472,37.025402,76.107773
372.299988,139.594681,36.299416,74.615463
371.439453,139.912918,36.299416,74.615463
370.780975,138.708923,37.025402,76.107773
371.138214,139.877792,36.299416,74.615463
370.105316,137.492935,37.765911,77.629929
371.119537,138.695267,37.025402,76.107773
370.968384,139.155258,37.025402,76.107773
369.616669,137.462662,37.765911,77.629929
369.965515,138.516464,37.025402,76.107773
370.558868,139.705002,36.299416,74.615463
369.497253,137.410065,37.765911,77.629929
369.660065,138.588409,37.025402,76.107773
369.523254,138.978378,37.025402,76.107773
368.003693,137.221191,37.765911,77.629929
368.996429,138.430969,37.025402,76.107773
368.626984,138.766968,37.025402,76.107773
368.040344,138.941010,37.025402,76.107773
367.929779,138.910309,37.025402,76.107773
367.173523,138.821671,37.025402,76.107773
367.270508,138.774048,37.025402,76.107773
367.206543,138.632263,37.025402,76.107773
366.823029,138.586533,37.025402,76.107773
365.942780,138.442963,37.025402,76.107773
365.957947,138.424255,37.025402,76.107773
365.708160,138.216263,37.025402,76.107773
365.218506,138.042572,37.025402,76.107773
365.381927,137.874496,37.025402,76.107773
365.612823,139.530960,36.299416,74.615463
365.437714,138.668671,37.025402,76.107773
365.471771,138.502075,37.025402,76.107773
365.822021,138.517929,37.025402,76.107773
364.488159,137.415161,37.765911,77.629929
364.664642,137.213287,37.765911,77.629929
364.929932,137.423187,37.765911,77.629929
365.478607,137.611618,37.765911,77.629929
364.675201,137.390106,38.521229,79.182526
365.501984,138.870865,37.765911,77.629929
364.643005,138.293106,38.521229,79.182526
365.090607,138.486374,38.521229,79.182526
364.558228,138.062714,38.521229,79.182526
364.551971,138.761002,38.521229,79.182526
364.683350,138.729828,39.291653,80.766182
363.156067,136.923782,40.879036,84.029129
363.113678,137.838898,40.879036,84.029129
362.942596,138.310898,40.879036,84.029129
362.719543,138.200729,40.879036,84.029129
362.542328,138.008316,41.696617,85.709717
362.756866,139.040451,41.696617,85.709717
362.789581,139.643936,41.696617,85.709717
362.859680,139.896164,41.696617,85.709717
362.837463,140.855392,40.879036,84.029129
362.822693,141.421524,40.879036,84.029129
362.652893,141.823654,40.879036,84.029129
362.112701,142.299515,40.879036,84.029129
362.189178,142.466858,40.879036,84.029129
361.869232,143.158127,40.879036,84.029129
361.316986,143.044159,41.696617,85.709717
360.666138,144.547729,41.696617,85.709717
359.729553,144.836014,41.696617,85.709717
358.607574,145.058853,41.696617,85.709717
357.134613,145.889618,41.696617,85.709717
355.727539,145.279877,42.530552,87.423912
354.475983,145.617462,42.530552,87.423912
351.114563,144.254883,43.381161,89.172386
