29.565641
0.450961
0.445833
0.417111
0.456353
0.387685
0.490975
0.459344
0.440099
0.511933
0.517943
0.456673
0.516735
0.417053
0.498742
0.401470
0.440607
0.434637
0.365557
0.458226
0.579640
0.506286
0.423323
0.472106
0.485102
0.521319
0.434825
0.435551
0.412937
0.501101
0.577113
0.563808
0.442805
0.469704
0.481367
0.497141
0.463948
0.519252
0.475141
0.482533
0.512913
0.426851
0.455611
0.457099
0.482142
0.455142
0.535623
0.423951
0.473392
0.507306
0.522144
0.465651
0.479745
0.519711
0.508455
0.509521
0.455878
0.533381
0.478477
0.460718
0.611613
0.473622
0.523272
0.524502
0.526191
0.493027
0.592368
0.541618
0.580853
0.473755
0.561681
0.512861
0.529068
0.498033
0.515880
0.521773
0.461882
0.541612
0.495515
0.487206
0.535127
0.445759
0.499885
0.431866
0.497570
0.462088
0.497667
0.536456
0.509311
0.501549
0.578313
0.461498
0.551114
0.454907
0.493369
0.471812
0.535375
0.474289
0.515138
0.427768
0.570940
0.441061
0.444467
0.448056
0.448344
0.451362
0.477155
0.417493
0.503912
0.472020
0.616824
0.508330
0.418853
0.464687
0.488204
0.478249
0.483361
0.425837
0.460766
0.452552
0.557722
0.404096
0.485032
0.490552
0.482999
0.470262
0.480232
0.467177
0.444697
0.466370
0.509255
0.488008
0.507821
0.487769
0.529418
0.502934
0.560424
0.471425
0.552536
0.511900
0.536790
0.482299
0.514219
0.448288
0.461834
0.497727
0.408691
0.437609
0.497695
0.426196
0.562569
0.516696
0.418061
0.566347
0.491247
0.494619
0.523069
0.557999
0.431638
0.507909
0.515995
0.467134
0.483752
1.935658
0.375415
0.325137
1.656044
0.914551
0.302309
0.887971
0.366717
0.352899
0.375402
0.355271
0.360221
0.356912
0.387112
0.358947
0.383138
0.383537
0.441462
0.405424
0.422640
0.360011
0.448198
0.429233
0.403982
0.352650
0.401802
0.373431
0.410977
0.405259
0.394198
0.445170
0.396523
0.412429
0.372555
0.432571
0.427503
0.423201
0.478565
0.470997
0.386379
0.435822
0.401536
0.390096
0.400354
0.431153
0.430948
0.446435
0.479794
0.426188
0.405764
0.381067
3.956298
4.024410
4.580275
4.861418
4.552792
5.139957
2.192150
0.326885
0.472265
0.540869
0.537631
0.431458
0.393493
0.420210
0.383947
0.383162
0.426043
0.360797
0.418425
0.418728
0.359312
0.405147
0.433165
0.384218
0.357656
0.392998
0.504995
0.400182
0.366401
0.392599
0.432413
0.374247
0.397053
0.392472
0.412263
0.417256
0.457276
0.431877
0.394943
0.423582
0.383517
0.391979
0.371125
3.133063
1.346304
3.988348
1.980051
1.509023
0.315132
0.317158
0.367600
0.369344
0.358790
0.382131
0.385848
0.401495
0.496029
0.442358
0.442306
0.382204
0.376433
0.443618
0.398688
0.376883
0.395109
0.416282
0.525319
0.433160
0.415920
0.448566
0.440699
0.492873
0.491186
0.521751
0.480239
0.456618
0.523345
0.425709
2.249389
4.350450
4.262265
4.539381
4.533649
4.396930
4.384677
4.461524
4.477249
4.370822
2.067077
0.480911
0.516732
4.534288
2.106095
2.095641
4.262542
0.435677
0.488049
2.398484
0.479949
0.520675
0.482165
0.519956
0.459248
0.444475
0.500338
0.501645
0.593553
0.415519
0.510029
0.531601
0.454352
0.402395
0.493177
0.414947
0.500496
0.489306
0.512129
0.461432
0.505068
0.494668
0.521701
0.392656
0.486552
0.393322
0.459435
0.508488
0.506865
0.506224
0.476619
0.513562
0.487711
0.455773
0.511222
0.477790
0.463416
0.338059
0.548244
0.442125
0.512887
0.420969
0.444758
0.481427
0.509513
0.543271
0.511567
0.466983
0.524450
0.502837
0.474589
0.582747
0.500670
0.466089
0.489038
0.468467
0.501891
0.455573
0.591646
0.422462
0.442191
0.440167
0.469761
0.454364
0.494149
0.511256
0.492812
0.509955
0.553964
0.433280
0.509181
0.510751
0.468408
0.451120
0.438951
0.442939
0.455469
0.530204
0.528386
0.383977
2.067979
2.223831
2.331444
4.596777
4.342191
2.135105
4.740870
4.525363
4.618246
2.099305
1.921847
1.954850
2.248551
2.326399
2.117323
2.145447
2.219100
2.026549
2.215302
2.205539
2.009841
2.369478
2.153536
2.171295
2.210113
2.159614
1.908071
1.944025
2.170972
4.722904
2.128925
0.424587
1.954983
2.448738
0.428332
0.434110
0.377961
1.939005
2.004170
2.033185
1.915274
3.636647
1.969039
1.633009
3.137909
3.026095
1.554556
1.627089
3.217361
3.156463
3.131203
1.579991
3.053337
3.038621
1.477595
1.436691
3.040250
1.619026
3.333073
3.184918
2.983926
1.575096
1.640191
1.575127
1.710420
1.621447
3.057249
1.922889
1.523494
1.682950
1.622931
3.116116
1.624065
3.417761
1.649493
1.570854
1.613830
1.586845
1.722464
0.523336
0.426579
0.425917
0.453606
0.413908
0.448349
0.452773
0.468608
0.471910
0.530494
3.107617
0.489465
0.377138
2.994211
1.395669
3.357269
0.439863
1.568379
1.542652
1.623599
0.472255
0.472298
0.480170
0.479320
0.504638
0.460568
0.511624
0.502237
0.468756
0.612415
0.436731
0.450872
0.480363
0.456948
0.491805
0.470387
0.507008
0.487487
0.516355
0.495771
0.490399
0.423318
0.496532
0.499688
0.484765
0.478377
0.395500
0.553930
0.480795
0.547148
0.474148
0.469164
0.488956
0.505638
0.483067
0.503122
0.395977
0.438447
0.429688
0.475794
0.455790
0.443460
0.397557
0.419218
0.400331
0.498123
0.441122
0.416006
0.400958
0.476354
0.418887
0.412649
0.445783
0.402985
0.415780
0.455825
0.368236
0.465742
0.401126
0.424441
0.435537
0.445892
0.439077
0.412015
0.452918
0.392137
0.393387
0.408668
0.459271
0.519244
0.402302
0.421507
0.363060
0.397828
0.427443
0.454705
0.418672
0.400932
0.419728
0.446572
0.418164
0.427845
0.400036
0.397483
0.409727
0.420766
0.377652
0.404165
0.425749
0.472787
0.414927
0.421878
0.422804
0.453085
0.434902
0.452740
0.417837
0.423437
0.412046
0.482454
0.533359
0.477622
0.412022
0.499698
0.470509
0.415587
0.422820
0.406345
0.505323
0.535472
0.480329
0.457331
0.480332
0.523019
0.460985
0.444969
0.447434
0.511919
0.489927
0.503103
0.418605
0.436325
0.408036
0.440178
0.456699
0.457055
0.455976
0.506254
0.497231
0.472440
0.438498
0.463031
0.542580
0.453656
0.390269
0.445346
0.475905
0.468878
0.480577
0.544857
0.464917
0.486346
0.471961
0.420310
0.468829
0.482418
0.492929
0.444940
0.490026
0.595762
0.506838
0.514937
0.456012
0.492237
0.457806
0.476055
0.434303
0.389706
0.459262
0.520509
0.451230
0.430722
0.526942
0.460443
0.399469
0.488811
0.504621
0.537617
0.484132
0.547739
0.492848
0.523727
0.477806
0.458853
0.508410
0.476120
0.465145
0.505793
0.509473
0.501394
0.454463
0.454655
0.451144
0.375123
0.515166
0.459397
0.440706
0.467392
0.478451
0.522881
0.488829
0.413442
0.500444
0.480707
0.472988
0.471416
0.419745
0.457060
0.465255
0.513218
0.416187
0.488400
0.462324
0.450044
0.428417
0.496907
0.518126
0.468301
0.540514
0.581828
0.435609
0.452224
0.429986
0.420721
0.479923
0.428528
0.519184
0.525439
0.493645
0.544126
0.439080
0.444430
0.505371
0.482634
0.539275
0.439632
0.507397
0.546317
0.459753
0.596220
0.523273
0.414033
0.493293
0.473181
0.455298
0.432642
0.447211
0.443981
0.557712
0.543107
0.488296
0.425455
4.714183
2.246367
2.153204
2.365273
2.462833
2.248795
2.341868
2.219253
4.541284
5.151649
4.695346
4.780832
2.279059
4.619710
2.832830
2.213885
4.573860
4.576208
2.298187
4.803841
2.201632
2.017799
4.551260
4.394449
4.498196
4.333965
4.463686
4.582763
4.546684
2.042968
4.564329
4.703123
4.422342
4.822154
4.666917
4.898782
4.630815
4.555689
2.173791
2.232569
2.302284
2.075917
2.166261
4.500210
4.616836
4.835259
4.457574
4.611504
2.655731
0.492703
0.466185
0.442159
0.529312
0.451435
0.438350
0.536112
0.406570
0.525021
0.522339
0.431565
0.432986
0.466424
0.491149
0.469968
0.451658
0.416504
0.453648
0.491019
0.457026
0.453397
0.435274
0.425850
0.500103
0.421778
0.486138
0.461857
0.442821
0.546649
0.420914
0.463009
0.495826
0.422098
0.412602
0.515830
0.441506
0.441327
0.503187
0.531457
0.436196
0.460028
0.442364
0.519125
0.487558
0.500310
0.459546
0.450691
0.578997
0.548416
0.565475
0.453535
0.508561
0.434329
0.537017
0.520293
0.406298
0.510075
0.492074
0.579514
0.538733
0.463854
0.563731
0.517350
0.476182
0.549078
0.505026
0.450618
0.534219
0.593310
0.459943
