0.57596
0.041072
0.041458
0.041226
0.041145
0.041255
0.04153
0.041993
0.040646
0.014035
0.01358
0.014182
0.01387
0.013986
0.043036
0.014104
0.014844
0.014389
0.013433
0.014579
0.042452
0.015815
0.014751
0.013542
0.014782
0.014564
0.042146
0.015319
0.01434
0.015389
0.013825
0.013888
0.042982
0.015153
0.01391
0.015243
0.013501
0.013603
0.042593
0.013338
0.01453
0.014084
0.014072
0.013811
0.042017
0.014055
0.014079
0.014249
0.014181
0.014167
0.043317
0.015019
0.013473
0.01377
0.01405
0.014264
0.0412
0.013809
0.013608
0.013408
0.014497
0.014175
0.04093
0.01321
0.013311
0.014216
0.013564
0.013993
0.04242
0.014565
0.013509
0.014015
0.014669
0.013966
0.042858
0.014532
0.013563
0.013817
0.013942
0.013936
0.043474
0.0154
0.014628
0.013908
0.013491
0.015724
0.042056
0.014261
0.013547
0.014767
0.013498
0.013733
0.043283
0.014113
0.01374
0.014687
0.013556
0.01375
0.043689
0.013988
0.014001
0.013763
0.014121
0.013964
0.041998
0.015332
0.014127
0.013109
0.01456
0.014181
0.043959
0.013941
0.01356
0.014182
0.013831
0.014033
0.043237
0.013707
0.01415
0.013585
0.015779
0.014153
0.042463
0.014923
0.014581
0.014365
0.013823
0.013761
0.044139
0.015584
0.01419
0.014329
0.013912
0.015209
0.042693
0.014437
0.01561
0.014347
0.014231
0.01462
0.042243
0.013463
0.014263
0.013528
0.014313
0.013804
0.042058
0.014444
0.013252
0.014027
0.013439
0.014284
0.042278
0.013956
0.014203
0.014478
0.013744
0.013539
0.042893
0.014522
0.014274
0.013436
0.014054
0.013453
0.044929
0.014045
0.014934
0.013993
0.013568
0.014692
0.042687
0.014245
0.01445
0.01507
0.014042
0.01453
0.042815
0.014406
0.01471
0.014414
0.014138
0.014709
0.042388
0.014413
0.014346
0.014054
0.013473
0.013776
0.042543
0.01444
0.014127
0.01441
0.01389
0.013511
0.042446
0.014399
0.014014
0.013554
0.01369
0.015492
0.042754
0.014245
0.015418
0.013895
0.014023
0.014372
0.042442
0.015589
0.013964
0.014342
0.013317
0.013548
0.042114
0.016626
0.014661
0.013799
0.013876
0.014219
0.042297
0.01398
0.013791
0.014243
0.014539
0.014294
0.043146
0.013951
0.014225
0.014067
0.014058
0.014222
0.044431
0.014108
0.013825
0.013998
0.014183
0.013404
0.042684
0.014083
0.013891
0.013728
0.014038
0.014737
0.041993
0.01439
0.014652
0.013801
0.013291
0.013253
0.042437
0.013165
0.014041
0.013633
0.014025
0.014244
0.042565
0.013753
0.014212
0.013631
0.013907
0.014752
0.041942
0.014417
0.015419
0.014277
0.015249
0.014066
0.042877
0.014537
0.014591
0.014055
0.014856
0.01421
0.042431
0.014905
0.01445
0.014164
0.014036
0.013786
0.043025
0.01402
0.013897
0.014702
0.014613
0.014516
0.04296
0.014158
0.014099
0.014307
0.013676
0.013921
0.042251
0.01405
0.014552
0.014935
0.01471
0.014565
0.042074
0.014358
0.014362
0.01406
0.014115
0.013841
0.042528
0.014269
0.01429
0.013884
0.013501
0.01437
0.042627
0.014063
0.016535
0.01477
0.01519
0.014272
0.042703
0.013861
0.014487
0.013709
0.015187
0.01483
0.051924
0.016442
0.015283
0.015746
0.013899
0.01426
0.042574
0.014109
0.014191
0.014052
0.014385
0.013821
0.043648
0.015084
0.015176
0.013836
0.014274
0.014727
0.041732
0.013704
0.01374
0.01365
0.013776
0.013573
0.041613
0.013678
0.013553
0.013638
0.012927
0.01386
0.042549
0.013539
0.013632
0.01363
0.013621
0.013275
0.042019
0.013412
0.01339
0.013073
0.013493
0.014171
0.041996
0.013652
0.013641
0.01372
0.01356
0.013283
0.042685
0.01375
0.014006
0.013736
0.013989
0.014332
0.042412
0.014054
0.014052
0.014055
0.014814
0.013713
0.044565
0.014677
0.013653
0.013231
0.014062
0.014008
0.042723
0.01388
0.014058
0.013848
0.014082
0.014248
0.043833
0.013691
0.014086
0.014887
0.013982
0.013698
0.042123
0.015021
0.014841
0.01475
0.013315
0.013995
0.04258
0.014013
0.013327
0.013966
0.013746
0.013503
0.041615
0.013842
0.012805
0.013294
0.013533
0.014085
0.041991
0.013946
0.015381
0.013988
0.014366
0.013962
0.041598
0.013977
0.013766
0.014395
0.013953
0.013281
0.041391
0.013823
0.015716
0.013703
0.014217
0.014523
0.042728
0.013849
0.014575
0.013244
0.013598
0.013349
0.041768
0.014392
0.013634
0.012982
0.01388
0.015434
0.041986
0.013982
0.013005
0.0135
0.014812
0.013632
0.042713
0.013931
0.014061
0.014541
0.018567
0.013171
0.04155
0.013764
0.013488
0.013452
0.01398
0.013645
0.042621
0.013288
0.013375
0.014886
0.014438
0.013717
0.042474
0.013768
0.014874
0.015164
0.015021
0.014116
0.042552
0.014076
0.014365
0.01446
0.013626
0.013752
0.042516
0.013548
0.013942
0.015196
0.013859
0.014081
0.041606
0.014225
0.014216
0.013805
0.014073
0.013673
0.042334
0.015348
0.013706
0.013967
0.014248
0.014922
0.044213
0.013722
0.014889
0.013459
0.013113
0.013696
0.041437
0.013622
0.01368
0.015863
0.013859
0.013569
0.042033
0.01422
0.013983
0.014825
0.014043
0.014002
0.042618
0.014148
0.013975
0.013386
0.013957
0.013574
0.042841
0.014127
0.014252
0.015581
0.014959
0.014119
0.041493
0.013281
0.014245
0.014066
0.013805
0.013186
0.045234
0.013772
0.014101
0.013793
0.013924
0.014388
0.041547
0.013635
0.013117
0.01371
0.014079
0.013504
0.042196
0.015536
0.016345
0.014069
0.013987
0.013654
0.043189
0.01391
0.01435
0.013793
0.013554
0.014028
0.043034
0.014233
0.015138
0.013523
0.013962
0.013792
0.042646
0.01378
0.013951
0.014139
0.013564
0.014624
0.042247
0.013703
0.013493
0.013743
0.01455
0.014774
0.04253
0.013487
0.014467
0.014086
0.014862
0.013234
0.042469
0.013945
0.01403
0.013606
0.013741
0.014553
0.041582
0.013394
0.014046
0.013496
0.01468
0.014127
0.042802
0.013775
0.014499
0.013954
0.013823
0.013822
0.043124
0.014579
0.014032
0.013847
0.013382
0.014005
0.04243
0.013823
0.014005
0.014757
0.014121
0.01413
0.041625
0.014192
0.013456
0.013954
0.015004
0.013991
0.042809
0.013681
0.017999
0.013584
0.013504
0.014321
0.0418
0.014143
0.013586
0.014182
0.013698
0.014183
0.040828
0.014444
0.013719
0.014398
0.015016
0.013718
0.042223
0.013415
0.013314
0.013805
0.014115
0.013136
0.042122
0.014228
0.013676
0.013864
0.013602
0.013576
0.042668
0.014168
0.013767
0.013442
0.01332
0.013329
0.043732
0.013548
0.013988
0.014346
0.014691
0.013436
0.041464
0.013994
0.014054
0.01401
0.014231
0.014341
0.042716
0.013458
0.013977
0.014839
0.013958
0.014738
0.04245
0.0163
0.01352
0.014589
0.013879
0.01453
0.042211
0.013618
0.014335
0.014296
0.014522
0.013748
0.0423
0.014266
0.014657
0.014254
0.014211
0.014813
0.04223
0.014435
0.013952
0.013972
0.013527
0.015439
0.042567
0.014581
0.014033
0.01314
0.014208
0.013828
0.042391
0.014221
0.013997
0.014358
0.014017
0.014404
0.041075
0.01414
0.014349
0.013534
0.014171
0.01412
0.042187
0.013585
0.01393
0.014174
0.014959
0.01397
0.041949
0.014042
0.01442
0.015237
0.014115
0.013996
0.042274
0.013541
0.01346
0.01364
0.013168
0.013763
0.042642
0.013755
0.013183
0.01358
0.013398
0.014475
0.043339
0.014115
0.014034
0.014551
0.014071
0.015641
0.043442
0.014549
0.01407
0.013838
0.016005
0.01396
0.042497
0.013816
0.013575
0.013304
0.014262
0.014736
0.042391
0.013732
0.013653
0.013866
0.013932
0.014068
0.043137
0.013339
0.014392
0.01384
0.013777
0.013762
0.043179
0.013889
0.013889
0.015515
0.014365
0.014274
0.044245
0.013385
0.015326
0.013945
0.014139
0.014097
0.042139
0.013924
0.014171
0.013849
0.013598
0.014356
0.042975
0.014396
0.013805
0.013926
0.013786
0.013682
0.041351
0.013717
0.015184
0.014921
0.013818
0.013469
0.042162
0.013378
0.013079
0.014937
0.013933
0.013631
0.042233
0.014121
0.013467
0.013404
0.014296
0.016279
0.042313
0.01335
0.013733
0.015152
0.013805
0.014651
0.04238
0.013645
0.014032
0.013832
0.014374
0.013655
0.042036
0.013737
0.013615
0.014294
0.013796
0.01377
0.041906
0.01337
0.014585
0.013762
0.020111
0.01383
0.042041
0.014204
0.014732
0.014259
0.013941
0.014169
0.042963
0.013984
0.013484
0.014751
0.013757
0.014529
0.042783
0.01462
0.014396
0.014203
0.013386
0.013322
0.042009
0.013444
0.013794
0.013402
0.013698
0.014019
0.041236
0.013519
0.013218
0.01371
0.014928
0.0136
0.041834
0.013164
0.013885
0.015289
0.015271
0.01363
0.054096
0.014057
0.014042
0.013753
0.014176
0.013483
0.045302
0.013924
0.013974
0.013718
0.013688
0.014896
0.048358
0.013883
0.015093
0.014307
0.014307
0.015323
0.045356
0.016297
0.014786
0.015065
0.015285
0.01548
0.054126
0.015131
0.015594
0.016788
0.015829
0.016217
0.050869
0.01554
0.015518
0.017711
0.016224
0.015914
0.044554
0.015016
0.015862
0.015443
0.015419
0.015961
0.046826
0.014593
0.015158
0.014872
0.013939
0.013676
0.048315
0.014946
0.014989
0.015143
0.014797
0.014405
0.043727
0.013801
0.01456
0.014663
0.013775
0.014687
0.041759
0.014772
0.015829
0.013542
0.01442
0.01467
0.043152
0.014158
0.013933
0.014268
0.014981
0.014848
0.043589
0.013851
0.01387
0.014906
0.014149
0.014622
0.044663
0.014312
0.013392
0.014784
0.017562
0.014063
0.04552
0.014466
0.014568
0.013969
0.014805
0.014414
0.045982
0.014645
0.014295
0.014173
0.014742
0.014256
0.042818
0.01357
0.013595
0.013548
0.01344
0.014377
0.042434
0.013996
0.013916
0.014085
0.013929
0.014194
0.042269
0.013619
0.013622
0.013552
0.013438
0.014591
0.042332
0.013996
0.013898
0.013844
0.013377
0.014035
0.042557
0.013871
0.013896
0.013702
0.013873
0.014072
0.043518
0.013608
0.013847
0.014107
0.014773
0.013966
0.042512
0.013417
0.014137
0.013843
0.014134
0.013912
0.042572
0.013981
0.013887
0.014325
0.015293
0.013687
0.0428
0.015311
0.014021
0.01384
0.015833
0.013902
0.042251
0.014315
0.013344
0.016719
0.013702
0.01455
0.043001
0.013932
0.013896
0.014366
0.014872
0.013972
0.042562
0.01314
0.013327
0.014833
0.013649
0.013735
0.042686
0.014336
0.013566
0.013948
0.013526
0.013811
0.041858
0.01378
0.014014
0.013468
0.013503
0.013018
0.042622
0.013378
0.013773
0.014249
0.013727
0.01399
0.042267
0.01394
0.01358
0.013236
0.013487
0.013651
0.042181
0.013199
0.013394
0.013148
0.013077
0.014379
0.040604
0.013456
0.012916
0.013915
0.014384
0.013492
0.042855
0.013758
0.014084
0.013734
0.014489
0.014465
0.042011
0.014105
0.013607
0.01457
0.014214
0.013323
0.04208
0.01346
0.013903
0.013496
0.014421
0.013757
0.042107
0.013612
0.014012
0.01397
0.014946
0.014398
0.041986
0.01446
0.014463
0.014268
0.01408
0.013916
0.042522
0.013809
0.014712
0.013994
0.014415
0.013788
0.043035
0.013785
0.014575
0.013577
0.015734
0.013664
0.042219
0.013813
0.013906
0.013857
0.014426
0.013728
0.042015
0.013994
0.013811
0.013547
0.01508
0.013757
0.042492
0.013775
0.013749
