2.255810
0.052358
0.052930
0.052226
0.052280
0.052222
0.052416
0.050937
0.051281
0.050624
0.050818
0.050603
0.050615
0.050690
0.050611
0.050627
0.050741
0.052742
0.050884
0.051234
0.096493
0.051057
0.051519
0.052103
0.055840
0.054462
0.052353
0.052729
0.052580
0.052552
0.052215
0.052332
0.052330
0.052420
0.052109
0.052208
0.052460
0.052364
0.052700
0.052166
0.098808
0.052434
0.052629
0.052453
0.052461
0.052409
0.052308
0.052728
0.052138
0.052299
0.052866
0.052808
0.052478
0.052297
0.052346
0.052436
0.052537
0.052530
0.052182
0.052477
0.097792
0.052425
0.052164
0.052339
0.052357
0.051980
0.052118
0.051819
0.052266
0.052244
0.051977
0.052076
0.051904
0.052418
0.051074
0.055251
0.054807
0.054862
0.054515
0.054571
0.100597
0.054709
0.054723
0.055310
0.052146
0.052038
0.051260
0.054520
0.054696
0.054846
0.056010
0.056167
0.054727
0.054976
0.055157
0.055482
0.055166
0.055502
0.055572
0.055065
0.100434
0.055207
0.055827
0.054751
0.055910
0.055028
0.055674
0.055480
0.055468
0.055518
0.055060
0.055630
0.055213
0.055187
0.055087
0.055502
0.055907
0.054824
0.055005
0.055287
0.101588
0.058296
0.055869
0.055314
0.054830
0.054964
0.055257
0.053102
0.051518
0.051584
0.055071
0.055830
0.055075
0.051125
0.051528
0.051472
0.051401
0.051302
0.051365
0.051020
0.096927
0.051084
0.051643
0.057259
0.056769
0.054745
0.062281
0.055875
0.055811
0.054382
0.056006
0.052011
0.054339
0.054338
0.054576
0.054670
0.054640
0.055071
0.054759
0.055481
0.098387
0.054955
0.054610
0.053929
0.053692
0.052897
0.054567
0.052388
0.052355
0.051342
0.052493
0.053835
0.053347
0.056243
0.052217
0.051912
0.052752
0.053761
0.052025
0.055182
0.100355
0.054960
0.054673
0.054722
0.054439
0.055847
0.055628
0.054422
0.055145
0.055441
0.053250
0.055376
0.055283
0.054339
0.054733
0.054501
0.055490
0.054616
0.054419
0.054401
0.100592
0.055027
0.058029
0.056780
0.054272
0.054532
0.054657
0.054674
0.054765
