110	194	75	97
113	195	68	93
112	193	68	96
112	194	69	96
111	196	70	92
109	195	71	94
110	194	68	95
110	194	65	94
110	195	65	95
110	195	67	92
109	198	68	89
107	193	67	97
105	193	68	97
104	192	68	99
103	192	66	98
102	194	66	97
103	193	67	96
103	188	63	102
104	192	63	98
102	188	67	100
102	194	67	90
101	191	67	90
101	190	67	87
102	184	63	92
100	179	70	93
100	177	68	97
101	174	66	100
100	175	69	101
100	176	68	104
102	180	64	101
102	185	65	98
103	185	62	101
103	188	64	101
104	194	62	97
103	195	67	96
104	193	63	99
103	194	70	98
106	192	68	102
110	195	67	95
113	195	65	95
115	201	69	86
119	197	68	90
119	196	71	92
121	198	73	89
124	200	71	86
132	200	71	85
130	201	73	84
129	203	75	80
131	201	72	83
130	200	73	87
127	202	76	84
129	202	75	85
125	200	78	87
126	202	79	83
127	202	76	84
131	200	73	84
129	200	75	85
134	201	70	82
137	198	68	82
142	197	64	80
147	194	58	84
148	191	56	88
148	192	56	86
150	191	54	86
148	195	58	81
149	194	56	81
149	195	57	79
151	191	56	81
152	191	56	81
153	190	55	80
154	188	53	83
154	191	54	77
154	191	56	76
155	189	55	79
156	187	53	82
156	186	54	82
157	187	52	78
157	187	54	77
159	184	51	81
161	182	50	83
161	183	50	80
162	182	48	81
161	185	49	77
161	184	50	78
161	184	50	78
160	183	50	79
161	181	50	82
161	182	50	81
160	186	51	75
161	184	50	78
161	180	49	77
160	180	51	75
160	175	49	76
159	175	51	76
159	172	51	80
161	171	48	82
160	171	49	83
162	174	46	82
160	184	51	73
159	184	52	74
160	179	51	80
160	178	49	80
159	178	48	81
155	180	51	79
152	180	50	79
150	182	50	78
151	179	48	80
151	180	47	79
150	182	49	77
151	185	50	74
152	182	53	76
155	184	52	74
168	180	51	77
168	179	53	79
171	180	51	78
170	184	54	72
174	178	53	79
175	179	52	78
178	177	50	80
178	174	52	83
181	177	53	79
182	177	55	80
184	176	53	80
186	176	55	79
190	174	57	83
196	174	53	80
200	174	51	81
203	171	49	84
206	176	49	78
210	175	47	80
211	180	49	74
213	179	50	73
216	175	50	78
218	175	51	77
223	174	50	77
225	175	53	77
228	176	52	75
231	177	50	74
242	177	49	74
246	172	49	78
249	176	49	75
258	174	48	76
261	173	47	76
264	175	49	73
269	172	48	77
273	174	49	74
279	175	50	73
283	173	48	74
284	173	48	75
285	172	46	76
286	173	46	74
286	173	46	76
286	173	46	75
284	173	48	75
284	172	47	75
283	173	47	74
284	172	47	76
284	173	48	75
286	172	47	76
286	170	45	79
287	172	47	77
289	176	47	72
290	178	47	70
290	176	48	73
291	172	47	76
290	175	48	75
289	171	49	77
289	174	48	74
291	177	46	72
289	177	49	69
289	175	49	72
290	176	47	72
291	176	46	72
289	176	48	73
290	176	47	72
290	174	46	75
290	174	48	75
291	175	46	74
291	177	46	70
290	176	47	73
290	175	47	74
290	176	47	73
290	175	48	74
290	175	48	74
290	177	47	70
290	177	47	71
291	178	46	69
291	176	47	71
289	179	50	70
291	177	46	70
292	180	45	70
290	173	46	76
290	178	47	72
289	176	49	70
288	176	50	73
289	177	48	70
289	176	49	72
290	175	48	73
290	177	47	73
291	178	47	70
290	178	50	70
294	196	50	73
301	289	49	69
310	364	47	70
313	367	49	67
315	366	47	65
315	366	48	66
315	365	47	67
315	368	48	65
