-100
0.84906
0.69306
0.6113
0.63119
0.69467
0.69412
0.63918
0.68117
0.6916
0.68477
0.58753
0.53628
0.57783
0.54122
0.53765
0.55524
0.58228
0.57013
0.52572
0.5651
0.56585
0.49662
0.55634
0.5265
0.50793
0.52578
0.57266
0.50491
0.47832
0.45252
0.40132
0.43248
0.38179
0.40427
0.43768
0.41729
0.41563
0.42783
0.41743
0.43935
0.45709
0.45123
0.42997
0.46545
0.4778
0.47921
0.47513
0.45869
0.46105
0.50566
0.43075
0.46041
0.43661
0.46805
0.46885
0.4686
0.45972
0.45321
0.48335
0.43145
0.48458
0.47101
0.47757
0.51958
0.5128
0.53075
0.53422
0.51068
0.53394
0.51165
0.48903
0.46971
0.46408
0.45232
0.45164
0.42499
0.39747
0.38156
0.36666
0.30592
0.34479
0.37403
0.38203
0.3877
0.38259
0.36162
0.37986
0.39731
0.4158
0.40656
0.40519
0.3754
0.32121
0.33965
0.33937
0.37174
0.40755
0.432
0.44007
0.44307
0.4643
0.43207
0.45474
0.43741
0.38533
0.37662
0.39339
0.36462
0.38155
0.39349
0.32855
0.34224
0.32519
0.30224
0.33357
0.29274
0.28631
0.30519
0.33349
0.33397
0.35775
0.32324
0.31877
0.3177
0.30523
0.30145
0.31638
0.30421
0.26404
0.25399
0.23572
0.27879
0.25363
0.25498
0.27678
0.29305
0.18855
0.18031
0.19964
0.17081
0.16813
0.15894
0.15733
0.14047
0.13604
0.14853
0.1462
0.13609
0.2742
0.2681
0.26576
0.2719
0.27962
0.30139
0.28679
0.30836
0.28235
0.25869
0.23334
0.26385
0.25194
0.25005
0.24434
0.28969
0.28042
0.30501
0.3525
0.33447
0.35447
0.36963
0.37213
0.34616
0.33151
0.35401
0.3379
0.32818
0.34142
0.32003
0.30641
0.33078
0.30351
0.31378
0.31237
0.30094
0.31294
0.30374
0.3437
0.33871
0.33624
0.34428
0.37948
0.39092
0.37099
0.37479
0.38261
0.36634
0.33174
0.36704
0.3303
0.32042
0.28958
0.30419
0.31066
0.3549
0.31407
0.32642
0.35867
0.30417
0.29028
0.33137
0.37114
0.39429
0.38226
0.37557
0.39972
0.4181
0.42012
0.43249
0.41176
0.42259
0.42775
0.43286
0.44488
0.42863
0.4434
0.43896
0.41
0.39232
0.40687
0.4069
0.43744
0.39407
0.3971
0.36849
0.36281
0.37416
0.36097
0.34969
0.37034
0.40226
0.39659
0.39379
0.3973
0.42926
0.39516
0.40744
0.33229
0.32633
0.36902
0.3671
0.35327
0.35745
0.40334
0.40867
0.40104
0.41121
0.42207
0.43925
0.42829
0.4257
0.43311
0.44004
0.42716
0.4208
0.40389
0.39504
0.30838
0.26866
0.24217
0.23726
0.231
0.24513
0.24023
0.23891
0.24182
0.25532
0.24827
0.22869
0.15323
0.13754
0.16451
0.29298
0.31786
0.33837
0.35398
0.36885
0.38723
0.37873
0.38539
0.39498
0.42224
0.43176
0.42089
0.38232
0.39647
0.40388
0.4136
0.36722
0.36595
0.31224
0.23674
0.19079
0.19281
0.22644
0.24219
0.26645
0.26971
0.26298
0.2321
0.23652
0.25568
0.23689
0.2653
0.26643
0.23908
0.22249
0.20062
0.17831
0.15592
0.1607
0.18718
0.19401
0.2923
0.29396
0.30008
0.31241
0.30552
0.29284
0.29301
0.32515
0.31661
0.29109
0.29733
0.31443
0.30673
0.31185
0.30045
0.29538
0.31046
0.27714
0.26418
0.25054
0.2671
0.25614
0.24301
0.28135
0.31004
0.3216
0.31833
0.35428
0.34705
0.3573
0.32596
0.3558
0.35621
0.37086
0.36548
0.34234
0.34584
0.29279
0.2222
0.23919
0.24115
0.17268
0.10765
0.10916
0.12159
0.13661
0.14599
0.15766
0.15009
0.17392
0.17106
0.18082
0.18446
0.18737
0.19107
0.19345
0.20319
0.19464
0.19301
0.15451
0.21342
0.10588
0.15687
0.16363
0.16948
0.16565
0.17408
0.17454
0.18015
0.14604
0.15233
0.19734
0.2102
0.20281
0.20923
0.21908
0.22773
0.22461
0.23166
0.2371
0.23724
0.2429
0.096784
0.10569
0.1349
0.14318
0.20267
0.22473
0.10385
0.20791
0.25179
0.26091
0.26491
0.26657
0.2738
0.27753
0.23467
0.11308
0.12213
0.15548
0.13162
0.21886
0.12416
0.27064
0.28462
0.29291
0.28606
0.29774
0.30211
0.1238
0.10424
0.11688
0.087849
0.095717
0.12292
0.19684
0.15722
0.30152
0.28851
0.2939
0.30164
0.30426
0.31486
0.30885
0.088098
0.10742
0.1103
0.11242
0.12847
0.13466
0.16986
0.17786
0.18531
0.18929
0.19123
0.19796
0.20429
0.21142
0.21187
0.15433
0.13818
0.12503
0.13699
0.16688
0.17262
0.21284
0.22652
0.23212
0.22789
0.23591
0.24055
0.24735
0.24536
0.26418
0.26173
0.23228
0.2162
0.21492
0.20208
0.27093
0.26931
0.26108
0.27832
0.283
0.20365
0.11535
0.10564
0.19542
0.26848
0.29647
0.30863
0.25922
0.20621
0.12659
0.11636
0.22168
0.28923
0.29098
0.31368
0.31489
0.31503
0.31519
0.31383
0.32674
0.33324
0.34147
0.34477
0.34141
0.35263
0.3509
0.34198
0.34682
0.35659
0.35534
0.35317
0.3602
0.36287
0.36574
0.38425
0.37705
0.39419
0.23757
0.18246
0.17247
0.18806
0.22082
0.23773
0.24592
0.31953
0.34187
0.33128
0.33033
0.33269
0.35433
0.35473
0.24022
0.2387
0.34783
0.39856
0.4001
0.38959
0.36639
0.34504
0.32281
0.31337
0.32791
0.35895
0.37462
0.3825
0.39415
0.41738
0.41985
0.42231
0.41813
0.42241
0.39093
0.38201
0.37773
0.38079
0.37848
0.38946
0.39234
0.40767
0.41819
0.43188
0.4298
0.42359
0.42405
0.42392
0.43926
0.44998
0.45383
0.44299
0.44007
0.41269
0.39141
0.39337
0.40651
0.3969
0.37912
0.42321
0.45565
0.46147
0.46556
0.45513
0.47574
0.46836
0.48671
0.47487
0.49051
0.49221
0.49744
0.50501
0.50027
0.4939
0.5004
0.49855
0.49269
0.50157
0.49578
0.48534
0.47685
0.47986
0.48105
0.50622
0.50904
0.51693
0.52475
0.50644
0.4942
0.51892
0.52971
0.52422
0.50951
0.47597
0.46056
0.43274
0.44849
0.45083
0.4423
0.45555
0.4758
0.48621
0.48575
0.51749
0.51452
0.49269
0.47211
0.49846
0.50182
0.52979
0.53173
0.53029
0.53698
0.54147
0.54484
0.55164
0.55363
0.53937
0.50183
0.51894
0.51642
0.53893
0.54401
0.55909
0.55949
0.55233
0.53788
0.54924
0.55321
0.55094
0.56388
0.55694
0.54722
0.53882
0.54357
0.16181
0.12327
0.13264
0.18508
0.25337
0.42133
0.49337
0.52339
0.5398
0.53664
0.53716
0.53398
0.52462
0.50221
0.46115
0.4273
0.34448
0.34703
0.32498
0.31752
0.29163
0.26684
0.26016
0.24508
0.24413
0.23524
0.1092
0.096139
0.2147
0.19937
0.18402
0.19424
0.24751
0.25426
0.25774
0.25367
0.25198
0.25827
0.25976
0.27112
0.28134
0.28042
0.28238
0.2831
0.28495
0.28856
0.29718
0.30426
0.3046
0.29911
0.31412
0.32033
0.31703
0.33139
0.33691
0.34917
0.35033
0.34638
0.33806
0.32723
0.29898
0.28849
0.27274
