100
0.93219
0.91109
0.91767
0.88351
0.87794
0.83946
0.82863
0.78455
0.77668
0.73516
0.7024
0.62999
0.57031
0.59238
0.55687
0.48834
0.45625
0.43608
0.4311
0.42854
0.42297
0.42835
0.44889
0.4377
0.41385
0.4439
0.42788
0.45198
0.44535
0.46256
0.4686
0.45641
0.44736
0.451
0.45688
0.45427
0.43002
0.44719
0.43347
0.41948
0.41457
0.41342
0.40962
0.41496
0.41487
0.40049
0.43193
0.40664
0.41274
0.3943
0.4096
0.40512
0.40031
0.41767
0.42604
0.42992
0.429
0.44817
0.43866
0.45404
0.45756
0.45756
0.4635
0.4774
0.46531
0.47282
0.4592
0.45658
0.45816
0.47592
0.45681
0.44273
0.41234
0.43098
0.41682
0.40265
0.37392
0.39811
0.38037
0.38436
0.38194
0.36781
0.36314
0.38286
0.38292
0.37599
0.39706
0.3883
0.38671
0.38186
0.38988
0.3909
0.41257
0.4102
0.41148
0.42784
0.40831
0.40781
0.41588
0.41975
0.42696
0.43751
0.45593
0.45414
0.44925
0.46754
0.46929
0.4751
0.46177
0.47817
0.46569
0.49609
0.46855
0.48109
0.47419
0.4705
0.48668
0.47529
0.47439
0.47222
0.47616
0.46615
0.48573
0.47424
0.48237
0.49201
0.49362
0.49006
0.49218
0.48651
0.48824
0.48186
0.47258
0.47079
0.4957
0.48705
0.50862
0.4934
0.51066
0.50662
0.52069
0.51287
0.52357
0.51652
0.50826
0.49411
0.46327
0.40382
0.37318
0.32804
0.3009
0.24909
0.21399
0.19255
0.18573
0.17686
0.16811
0.1629
0.15241
0.14909
0.14316
0.15118
0.15905
0.16859
0.16274
0.16895
0.15541
0.14992
0.14331
0.1476
0.14252
0.15123
0.14608
0.14125
0.13883
0.13958
0.13925
0.13234
0.17901
0.19023
0.20227
0.21004
0.22191
0.22419
0.23004
0.23087
0.23624
0.23584
0.24267
0.24472
0.25161
0.25492
0.26137
0.26165
0.27052
0.2699
0.27605
0.25772
0.25978
0.25032
0.25142
0.24868
0.25753
0.26099
0.27256
0.26853
0.2666
0.25545
0.2483
0.25773
0.25648
0.25629
0.26208
0.26819
0.27658
0.27082
0.27756
0.27931
0.28
0.28822
0.29748
0.29762
0.31305
0.3069
0.30314
0.29602
0.29265
0.28188
0.28309
0.27789
0.28244
0.27362
0.27197
0.26521
0.25222
0.25253
0.25508
0.24373
0.2525
0.25286
0.25686
0.25937
0.26661
0.28596
0.2802
0.2825
0.28686
0.29496
0.29639
0.29453
0.29107
0.29922
0.30193
0.31189
0.30439
0.31779
0.31757
0.31969
0.32408
0.33279
0.33984
0.34556
0.35211
0.35563
0.35557
0.36433
0.36461
0.37279
0.37099
0.35621
0.34401
0.33241
0.32082
0.31949
0.30628
0.32073
0.29406
0.30495
0.2779
0.27006
0.247
0.22337
0.21496
0.21311
0.21675
0.22149
0.22005
0.23053
0.23133
0.22444
0.2274
0.23523
0.24441
0.25395
0.25041
0.25101
0.2542
0.25431
0.25562
0.26476
0.27019
0.2782
0.28345
0.28749
0.28382
0.29853
0.29513
0.29177
0.29459
0.28163
0.28053
0.26806
0.27508
0.26484
0.2543
0.26069
0.2422
0.2282
0.21594
0.19309
0.19687
0.19634
0.22074
0.22972
0.23835
0.24444
0.25751
0.25247
0.25295
0.25204
0.24889
0.24756
0.25219
0.25232
0.24836
0.24655
0.23575
0.22965
0.22495
0.21848
0.21664
0.21789
0.21954
0.21844
0.217
0.22928
0.22907
0.23823
0.25036
0.25025
0.25159
0.25601
0.26827
0.26878
0.27095
0.26394
0.26259
0.26392
0.25881
0.25767
0.2462
0.25009
0.236
0.22752
0.2154
0.22624
0.2051
0.19773
0.18794
0.17725
0.1516
0.14787
0.14415
0.14192
0.12682
0.12391
0.11705
0.11631
0.15147
0.15541
0.14973
0.13301
0.13364
0.12686
0.14279
0.14042
0.13933
0.13954
0.1363
0.11692
0.10746
0.11362
0.11281
0.11648
0.11789
0.12034
0.13329
0.13498
0.12896
0.12109
0.11288
0.10855
0.10928
0.11874
0.12498
0.11587
0.10101
0.097733
0.10132
0.076412
0.10289
0.10543
0.1157
0.11042
0.1212
0.1214
0.12515
0.13178
0.13661
0.14543
0.14196
0.15366
0.15482
0.15932
0.1632
0.16714
0.17668
0.18136
0.17749
0.18853
0.18502
0.19886
0.19453
0.20231
0.20384
0.20711
0.21832
0.21342
0.22249
0.22753
0.23459
0.23697
0.23422
0.24439
0.24088
0.24914
0.25272
0.25673
0.2585
0.26329
0.26426
0.27017
0.27883
0.27761
0.27834
0.2835
0.29071
0.28785
0.29652
0.29404
0.30457
0.30941
0.31112
0.30681
0.31817
0.31135
0.32601
0.3164
0.33272
0.32506
0.33742
0.3375
0.33998
0.33902
0.3519
0.34478
0.35291
0.34767
0.36014
0.3639
0.35935
0.36845
0.36232
0.37847
0.37217
0.38207
0.37824
0.38647
0.37946
0.39968
0.39161
0.39648
0.38636
0.39939
0.40015
0.40562
0.4132
0.40282
0.41718
0.41623
0.41687
0.41985
0.42195
0.42468
0.42376
0.4153
0.438
0.41669
0.44053
0.42585
0.44316
0.43394
0.45244
0.43728
0.44714
0.43708
0.45326
0.45321
0.46294
0.46094
0.47774
0.46762
0.47335
0.46839
0.47734
0.46628
0.48211
0.4643
0.49485
0.4783
0.49468
0.47806
0.49048
0.49691
0.48763
0.49777
0.49431
0.50013
0.49911
0.50411
0.50051
0.51141
0.5051
0.52046
0.51462
0.50858
0.52671
0.50327
0.52635
0.51485
0.53029
0.51912
0.52555
0.52068
0.53763
0.52484
0.53958
0.53342
0.53699
0.5306
0.5434
0.53015
0.54507
0.52162
0.55924
0.54424
0.5573
0.53172
0.5533
0.55094
0.55302
0.54662
0.55184
0.55169
0.56285
0.56038
0.55559
0.54894
0.55718
0.55937
0.56151
0.58304
0.56878
0.5869
0.57086
0.58284
0.57797
0.58171
0.58259
0.58488
0.57182
0.58377
0.5824
0.60463
0.60231
0.58969
0.58619
0.58677
0.59679
0.59323
0.59315
0.606
0.5927
0.60908
0.60689
0.61432
0.60832
0.60494
0.59819
0.61756
0.60647
0.631
0.61089
0.63035
0.62033
0.63962
0.61517
0.63458
0.6199
0.63572
0.62495
0.64062
0.62201
0.63836
0.6237
0.62658
0.61718
0.6361
0.62223
0.64472
0.63535
0.64274
0.63263
0.65053
0.64173
0.64787
0.62672
0.65404
0.62991
0.65075
0.62415
0.65158
0.63475
0.67172
0.63986
0.67092
0.63636
0.65601
0.64911
0.66213
0.65905
0.66559
0.6614
0.66851
0.66978
0.67253
0.65912
0.66811
0.66818
0.64793
0.66813
0.66775
0.67761
0.67669
0.6815
0.66891
0.68166
0.65539
0.69455
0.669
0.68569
0.68732
0.70068
0.6763
0.70563
0.66883
0.6879
0.68985
0.68616
0.7003
0.67461
0.68973
0.69064
0.68784
0.69609
0.69921
0.69777
0.69311
0.69125
0.67651
0.698
0.67451
0.70773
0.67807
0.70377
0.70913
0.70041
0.69687
0.71332
0.69114
0.70174
0.68802
0.70479
0.6997
0.7198
0.69497
0.70606
0.72128
0.70578
0.70491
0.70924
0.71556
0.70053
0.72818
0.70897
0.70855
0.7003
0.71832
0.70465
0.74234
0.71477
0.72601
0.70865
0.72933
0.68702
0.74076
0.70851
0.72182
0.6994
0.73427
0.70329
0.7254
0.70675
0.72975
0.72246
0.70959
0.69435
0.73399
0.70263
0.73635
0.69032
0.70567
0.67137
0.66555
0.61526
0.62957
0.61082
0.61591
0.61055
0.61543
0.60883
0.62684
0.63415
0.6262
0.63536
0.63531
0.64611
0.62836
0.65918
0.64463
0.6199
0.50774
0.41663
0.34426
0.29218
0.26011
0.37001
0.48471
0.54133
0.55864
0.59435
0.59439
0.62521
0.60607
0.64566
0.62274
0.62433
0.63416
0.62471
0.63834
0.62945
0.65469
0.64322
0.65451
0.64086
0.63284
0.65323
0.64365
0.66196
0.64351
0.6535
0.63471
0.66682
0.65386
0.67455
0.64215
0.66643
0.64077
0.65996
0.65529
0.66705
0.66168
0.6783
0.64918
0.68536
0.65001
0.67345
0.6712
0.68745
0.68638
0.67892
0.68962
0.6701
0.69201
0.68456
0.68136
0.67672
0.68795
0.68195
0.68675
0.68443
0.67454
0.69142
0.68528
0.68839
0.68832
0.69276
0.69323
0.67237
0.70496
0.67782
0.69519
0.68873
0.72
0.69289
0.68991
0.69009
0.69889
0.6938
0.71209
0.69621
0.7099
0.69069
0.69541
0.69168
0.72191
0.69793
0.71164
0.68577
0.72036
0.68576
0.69688
0.69071
0.72071
0.70269
0.70672
0.69195
0.70901
0.68486
0.72388
0.70766
0.70602
0.70661
0.71708
0.70374
0.71928
0.71944
0.72262
0.69537
0.71399
0.71179
0.70064
0.71513
0.70576
0.69957
0.71046
0.69864
0.70922
0.68504
0.70325
0.70358
0.69943
0.69842
0.70749
0.69294
0.70363
0.69234
0.71707
0.68832
0.70305
0.71525
0.71773
0.72117
0.72801
0.7162
0.71637
0.71527
0.71264
