-100
0.77927
0.8275
0.79632
0.77556
0.72936
0.71229
0.69775
0.64641
0.64775
0.59509
0.55972
0.51927
0.52754
0.52706
0.50531
0.50303
0.44803
0.41405
0.45725
0.41943
0.43848
0.41406
0.42879
0.40573
0.44371
0.46153
0.46699
0.46501
0.42786
0.47177
0.53115
0.55895
0.61422
0.55187
0.58648
0.58303
0.68604
0.65493
0.67549
0.61243
0.62287
0.58968
0.60161
0.60143
0.5332
0.50987
0.46879
0.39464
0.40903
0.36017
0.2706
0.20904
0.21553
0.24693
0.30879
0.28117
0.25196
0.25349
0.25679
0.25612
0.41669
0.40266
0.39944
0.41373
0.4146
0.40159
0.49236
0.47396
0.42677
0.39314
0.36692
0.328
0.40825
0.35058
0.30032
0.21714
0.24783
0.34678
0.35538
0.33271
0.33181
0.32244
0.27466
0.18867
0.14803
0.14898
0.15158
0.15604
0.17606
0.1638
0.34605
0.3179
0.3161
0.31047
0.30941
0.31368
0.46838
0.44356
0.46021
0.45928
0.41561
0.40689
0.38972
0.32521
0.27959
0.40629
0.56225
0.52838
0.54576
0.47738
0.43229
0.39235
0.40335
0.36119
0.37891
0.34096
0.31089
0.25719
0.24174
0.26828
0.29022
0.26619
0.28531
0.27169
0.23453
0.23301
0.24718
0.16941
0.1528
0.29302
0.28018
0.27808
0.31628
0.29516
0.33734
0.29239
0.28126
0.30764
0.40259
0.40976
0.38575
0.40294
0.39841
0.38671
0.49244
0.47719
0.45894
0.464
0.43487
0.45499
0.45802
0.49333
0.39495
0.41515
0.39978
0.40494
0.45792
0.37962
0.38395
0.32533
0.30653
0.26366
0.28575
0.23852
0.17572
0.15134
0.14928
0.14506
0.23766
0.25675
0.26875
0.26783
0.28709
0.36647
0.44021
0.5671
0.5253
0.48393
0.46857
0.5188
0.4495
0.45158
0.47576
0.44365
0.45062
0.46334
0.45688
0.43941
0.45499
0.44118
0.43788
0.44466
0.51141
0.45163
0.44665
0.43814
0.41259
0.41709
0.47895
0.46584
0.47698
0.42632
0.40567
0.3752
0.45395
0.40539
0.40844
0.35998
0.32901
0.35661
0.39338
0.46973
0.40016
0.39671
0.39175
0.38074
0.45748
0.44048
0.46545
0.44588
0.45533
0.43112
0.51735
0.46384
0.44929
0.42132
0.39991
0.3968
0.40522
0.29206
0.20283
0.12761
0.14116
0.16121
0.29079
0.29424
0.27693
0.2389
0.21682
0.21104
0.23906
0.28367
0.3107
0.3065
0.35357
0.37884
0.45441
0.43417
0.45406
0.44428
0.45234
0.48167
0.48813
0.48815
0.51351
0.53316
0.52815
0.49164
0.54517
0.55338
0.55765
0.46729
0.40287
0.40963
0.43473
0.42255
0.41802
0.40137
0.39714
0.36438
0.34546
0.35681
0.3221
0.39248
0.39135
0.33978
0.35647
0.25114
0.19763
0.19997
0.16502
0.14773
0.23394
0.33182
0.45841
0.47651
0.48535
0.52062
0.55434
0.53088
0.49263
0.48797
0.43332
0.44622
0.45919
0.46648
0.51661
0.50547
0.5288
0.53047
0.54041
0.54493
0.52051
0.48301
0.41649
0.43816
0.49111
0.50842
0.52065
0.54734
0.55377
0.5087
0.57025
0.55646
0.56185
0.57469
0.5661
0.35505
0.30912
0.22708
0.24495
0.28623
0.27086
0.30973
0.39289
0.41252
0.43363
0.42255
0.40757
0.39046
0.44699
0.41653
0.41476
0.42834
0.43153
0.44802
0.49734
0.47614
0.46283
0.48369
0.45401
0.44664
0.48473
0.47364
0.46335
0.49758
0.52292
0.5001
0.57827
0.57218
0.55558
0.55281
0.57061
0.61379
0.6415
0.60925
0.63519
0.64369
0.638
0.68286
0.65409
0.67829
0.63646
0.62392
0.59469
0.56907
0.53284
0.51908
0.52105
0.50111
0.42762
0.42728
0.42809
0.41329
0.34533
0.19162
0.2781
0.34075
0.41646
0.4056
0.36848
0.3305
0.38129
0.42401
0.51318
0.52459
0.52909
0.48337
0.47777
0.4634
0.522
0.44035
0.37317
0.37326
0.32474
0.33053
0.37561
0.33806
0.31778
0.35857
0.35418
0.37594
0.44131
0.39371
0.40334
0.38173
0.33778
0.36063
0.41738
0.39921
0.3323
0.32748
0.33115
0.28509
0.41993
0.35556
0.36006
0.34024
0.37468
0.35158
0.45321
0.39006
0.40023
0.33149
0.30115
0.23825
0.26541
0.26569
0.24652
0.28912
0.32441
0.31356
0.39297
0.31386
0.22027
0.18612
0.17085
0.15057
0.20375
0.18889
0.21266
0.28228
0.31659
0.3785
0.42907
0.40206
0.36742
0.33584
0.30996
0.27646
0.33509
0.29699
0.28191
0.25972
0.25031
0.2683
0.35176
0.28941
0.26704
0.18019
0.16702
0.20058
0.27176
0.26425
0.31998
0.2673
0.28011
0.25553
0.39338
0.36614
0.30173
0.30271
0.30395
0.32192
0.41779
0.4294
0.39748
0.4187
0.35151
0.33384
0.4063
0.38099
0.34347
0.33392
0.31786
0.33601
0.40564
0.41525
0.38764
0.40488
0.41113
0.37523
0.44842
0.42692
0.41427
0.37236
0.33875
0.39429
0.46482
0.43908
0.48642
0.47701
0.4799
0.47894
0.52996
0.53409
0.53473
0.56637
0.5601
0.55821
0.58281
0.5419
0.49999
0.44338
0.39129
0.46846
0.48685
0.51455
0.55589
0.5308
0.53159
0.52783
0.56777
0.52861
0.52396
0.49063
0.50938
0.4795
0.50354
0.46542
0.42609
0.43532
0.41118
0.32114
0.37237
0.36058
0.3853
0.42866
0.44521
0.39676
0.44999
0.36342
0.39522
0.28971
0.33047
0.3399
0.40353
0.36036
0.37198
0.36662
0.31954
0.34109
0.40421
0.40974
0.33627
0.2901
0.31342
0.39921
0.41448
0.42283
0.43412
0.37378
0.35197
0.30767
0.32136
0.33761
0.38792
0.33279
0.30116
0.24776
0.24889
0.24191
0.21996
0.2006
0.2375
0.28772
0.39258
0.40279
0.40864
0.4011
0.40982
0.33304
0.43188
0.39692
0.38522
0.33842
0.36133
0.34862
0.45509
0.39694
0.40019
0.35556
0.38517
0.39733
0.39897
0.41477
0.3173
0.37056
0.40793
0.36591
0.42222
0.42533
0.43847
0.42764
0.43173
0.38818
0.45646
0.4485
0.42498
0.42119
0.30362
0.30866
0.33977
0.32191
0.36598
0.31913
0.32901
0.38172
0.42631
0.47892
0.37732
0.29409
0.30209
0.24904
0.38892
0.29156
0.23382
0.25529
0.24387
0.2564
0.28223
0.24811
0.27011
0.26809
0.27055
0.27423
0.26307
0.20326
0.20732
0.17872
0.14469
0.17143
0.25605
0.25259
0.27609
0.27149
0.23042
0.18645
0.3159
0.27725
0.19309
0.20703
0.18547
0.17178
0.21775
0.19532
0.16892
0.16768
0.21098
0.20103
0.16882
0.16911
0.15386
0.34129
0.38703
0.39577
0.41016
0.40265
0.46123
0.5201
0.54595
0.56131
0.49646
0.51681
0.58411
0.49512
0.44569
0.40781
0.40885
0.40633
0.36541
0.4002
0.37355
0.34097
0.35312
0.34217
0.3121
0.29288
0.24916
0.34128
0.38745
0.35501
0.33288
0.30425
0.28139
0.30781
0.33641
0.32597
0.37345
0.31874
0.27949
0.28894
0.33284
0.28352
0.24452
0.21248
0.18817
0.21781
0.28277
0.23302
0.20826
0.20826
0.1798
0.17549
0.23256
0.21887
0.14808
0.16049
0.17113
0.16948
0.17686
0.17729
0.19752
0.21895
0.22399
0.22701
0.27021
0.22908
0.19829
0.18497
0.17638
0.16026
0.21467
0.15916
0.19237
0.25862
0.18845
0.18266
0.19534
0.17568
0.30453
0.31981
0.28451
0.40147
0.37681
0.38703
0.39824
0.39881
0.39282
0.3824
0.40494
0.39453
0.41997
0.42034
0.37175
0.33602
0.29527
0.24723
0.15521
0.17781
0.25361
0.22804
0.36803
0.36729
0.31263
0.3289
0.27338
0.31967
0.44354
0.45059
0.45342
0.49295
0.43435
0.3844
0.33852
0.31127
0.29699
0.26026
0.26244
0.24139
0.30173
0.29404
0.27256
0.28543
0.27896
0.31914
0.45365
0.47685
0.47392
0.53061
0.56425
0.55265
0.50433
0.44547
0.42799
0.34622
0.35364
0.33346
0.3531
0.292
0.25444
0.20801
0.21432
0.18628
0.33237
0.27077
0.25669
0.21581
0.16126
0.16265
0.24829
0.25222
0.27103
0.2482
0.22884
0.14106
0.18741
0.19538
0.19591
0.15277
0.21192
0.1652
0.14256
0.12071
0.13156
0.15808
0.13662
0.12552
0.20394
0.20444
0.2266
0.22568
0.25247
0.22891
0.33565
0.26324
0.14141
0.27276
0.32874
0.43261
0.37435
0.35527
0.39815
0.37134
0.3931
0.4709
0.49071
0.42129
0.36912
0.37046
0.36559
0.36121
0.43117
0.42234
0.33142
0.35216
0.3446
0.3925
0.43268
0.42811
0.47734
0.42853
0.47309
0.49266
0.53954
0.5179
0.51668
0.48174
0.48237
0.44017
0.53586
0.48989
