131.0,173.4,111.333333,69.3
129.87677002,175.448516846,118.702636719,69.8815002441
129.973083496,174.560974121,121.180908203,71.6534118652
129.669265747,174.675888062,124.815475464,72.8395233154
129.136184692,174.256698608,125.769393921,73.1095428467
129.751907349,173.825561523,125.437759399,73.4954681396
129.874206543,174.010864258,127.611022949,73.7808380127
128.862640381,172.879150391,131.406311035,74.5291900635
129.388885498,171.414337158,131.732696533,76.0388641357
129.019897461,171.841033936,128.878692627,76.3890838623
127.644546509,171.753128052,128.4790802,77.1510162354
126.312255859,172.387786865,129.086700439,77.3841400146
126.522094727,172.09979248,127.392944336,77.3724517822
124.845901489,172.573822021,128.580276489,76.9943695068
124.850662231,173.610900879,130.680343628,77.1076202393
125.721160889,172.708007812,128.910736084,77.4652862549
126.007080078,172.783355713,128.799499512,77.3876647949
125.986709595,172.231628418,128.814498901,77.7572784424
125.68862915,172.470092773,128.604705811,78.2868804932
127.305648804,172.497299194,128.858352661,78.201675415
127.808792114,172.648681641,127.211776733,78.7844848633
130.500091553,171.327423096,127.303283691,81.0930480957
132.538223267,170.936309814,124.095687866,82.0054473877
132.134918213,170.465789795,125.377471924,82.6008148193
133.471603394,170.014709473,123.188919067,83.7145385742
134.244216919,167.638946533,122.222640991,86.0161743164
136.324111938,165.430664062,119.844833374,89.0261077881
135.792022705,166.485153198,118.429870605,90.4071807861
137.585067749,165.385757446,116.954086304,90.9020233154
136.962310791,164.726760864,116.138580322,92.6009979248
137.393783569,164.564453125,117.402603149,93.7944641113
135.805969238,164.856552124,119.086669922,95.2650909424
134.39402771,163.6537323,119.222702026,96.3463897705
133.698272705,161.155899048,119.045440674,98.1776885986
131.21282959,162.566375732,122.100250244,98.1325073242
131.76171875,156.17237854,120.308624268,103.944869995
133.599990845,155.588317871,121.052841187,105.609344482
132.484573364,155.885406494,121.112319946,107.036712646
131.261428833,154.092391968,121.322097778,109.656967163
131.777832031,151.027542114,120.275909424,113.453720093
133.175674438,148.510177612,121.852798462,117.679946899
132.427947998,148.759475708,121.976745605,120.275650024
132.578445435,146.615875244,122.565689087,125.832336426
132.235931396,148.009613037,121.410186768,129.127044678
133.246017456,145.455535889,120.664932251,128.489471436
132.121673584,150.901702881,121.516815186,124.875
132.474884033,134.662109375,119.392700195,126.822387695
133.883575439,140.293685913,117.581939697,121.10899353
134.281082153,144.088699341,117.236038208,116.167831421
135.81350708,144.422561646,116.141387939,111.579208374
137.318206787,145.607574463,114.865081787,107.20690918
141.611404419,158.89213562,107.003112793,77.3358001709
137.269897461,153.497589111,110.866851807,83.3177947998
135.684921265,146.745880127,112.248886108,89.5652923584
137.126113892,140.604934692,112.241775513,94.5576782227
137.675628662,140.472320557,113.333374023,94.669418335
139.378005981,138.387176514,113.130691528,95.5858459473
139.723083496,136.976745605,113.610412598,94.4180603027
139.063400269,135.912185669,114.516891479,93.895904541
144.12890625,145.00302124,107.156845093,73.5736541748
142.811340332,139.61239624,106.489990234,78.0319061279
143.864456177,134.792724609,106.966842651,82.3990631104
143.118850708,131.793823242,107.629104614,85.368560791
143.320159912,129.731536865,107.518096924,85.4085998535
142.359924316,127.396781921,109.77053833,86.1341629028
142.867874146,124.873207092,107.301651001,86.2354660034
143.996292114,122.603721619,107.955581665,85.3598556519
144.173660278,120.542770386,110.766738892,86.9515228271
144.628982544,119.565460205,111.991531372,87.3190002441
143.973297119,114.826469421,111.438110352,90.5883255005
145.167114258,113.187057495,112.631256104,92.4071044922
145.239578247,109.856658936,112.722579956,95.0766448975
145.321212769,105.451309204,112.260971069,99.8903198242
145.70715332,102.219024658,111.73348999,103.882705688
147.023147583,102.08631897,113.202163696,105.981765747
143.853744507,103.660400391,114.10295105,103.882476807
146.574249268,101.650756836,112.866607666,103.956329346
144.565307617,102.225265503,115.909667969,103.926803589
146.315231323,100.814178467,116.536239624,104.759002686
145.035491943,102.464874268,117.287353516,103.528869629
146.795303345,100.450485229,118.109603882,105.030685425
147.486206055,101.642349243,118.9637146,104.077346802
148.208786011,102.293548584,120.646194458,103.059326172
148.961669922,101.754333496,119.744262695,102.910095215
149.263031006,101.9400177,118.636566162,102.42527771
149.746154785,100.246780396,118.447540283,102.15713501
152.120162964,101.545440674,118.787155151,100.013595581
152.201522827,100.855270386,118.933334351,100.515792847
153.62512207,101.360641479,118.02230835,100.317977905
154.330947876,101.29624939,118.135940552,99.6677398682
155.230911255,103.321151733,117.637863159,98.9347991943
156.401245117,103.771453857,117.426086426,97.9188232422
157.966506958,103.994110107,118.369888306,96.4684143066
158.492660522,106.252548218,117.829574585,94.4148406982
162.684738159,106.183410645,116.183425903,92.6223144531
164.583572388,105.770217896,113.932022095,94.2165679932
163.23274231,107.331329346,116.28364563,90.2392883301
163.893157959,107.88104248,117.736846924,90.836730957
165.724517822,106.956893921,117.60546875,91.1815338135
164.537628174,107.902038574,122.999633789,89.7049865723
165.996307373,109.40675354,123.019897461,87.2510223389
164.779464722,108.073806763,123.744613647,88.683807373
166.317047119,108.274810791,124.78729248,88.6950073242
168.370040894,107.440414429,123.033218384,89.4576263428
168.600067139,106.752304077,122.946228027,90.4154510498
169.651596069,107.041168213,124.043258667,89.592376709
169.776428223,107.741394043,123.800811768,88.0389556885
170.436782837,108.471176147,122.851669312,87.5456085205
170.925857544,106.771881104,123.726364136,88.7324371338
171.817825317,107.617843628,123.200576782,87.2432861328
171.788635254,107.372192383,124.297790527,85.9546813965
173.083694458,105.979614258,123.878646851,85.7867279053
172.69694519,104.472305298,123.402816772,88.1408996582
173.165130615,104.524230957,127.268096924,90.3444213867
174.526550293,103.527496338,125.556396484,91.3728637695
176.407043457,104.626693726,122.104766846,91.7451934814
167.511749268,106.046707153,120.784393311,90.7530975342
175.2290802,104.719833374,126.993759155,89.356552124
177.589447021,103.167312622,128.992736816,90.5532073975
177.418182373,103.478363037,127.439178467,92.8385009766
179.168487549,101.051513672,125.592681885,95.7163238525
179.649475098,102.360656738,124.157440186,96.4535522461
179.115493774,102.811126709,124.589675903,94.4269256592
180.076461792,103.621444702,124.420822144,92.6260375977
178.195358276,105.442703247,124.715377808,90.3205718994
177.136154175,106.129241943,127.515457153,89.2809295654
175.440963745,105.831573486,127.590499878,91.3276672363
175.76071167,107.061386108,125.908691406,89.0327148438
174.501464844,107.028198242,126.76071167,89.2201690674
173.638748169,106.792678833,126.131027222,89.1347808838
172.508773804,106.298583984,125.587783813,90.3495178223
173.627182007,106.876464844,124.261672974,90.1875915527
174.501785278,108.054870605,120.569076538,89.4653930664
171.410369873,108.236717224,120.856658936,89.6787796021
172.393783569,110.669143677,122.342849731,88.4672241211
174.020812988,113.191207886,118.22467041,86.9021606445
174.883041382,114.478042603,115.728866577,85.6415405273
175.307357788,112.684280396,114.961013794,87.2540130615
174.712387085,114.905807495,115.768630981,84.9065551758
174.688858032,115.066352844,114.727340698,84.2897109985
174.04045105,115.801589966,113.052139282,84.2789154053
173.653747559,116.391998291,114.134429932,84.5111236572
173.619842529,116.311714172,113.727874756,83.5407333374
172.367416382,115.756271362,115.100112915,83.4783325195
171.66468811,115.60912323,117.506698608,82.8291549683
172.391815186,117.767440796,118.584533691,80.1692962646
172.750808716,118.346626282,115.754226685,79.5450973511
171.610198975,119.110031128,116.491607666,79.6092987061
170.627670288,118.954162598,115.831680298,79.2266540527
169.773620605,120.050888062,117.572174072,78.4946594238
168.54788208,118.51776886,117.856842041,80.8358383179
167.718978882,118.612243652,121.214187622,81.5716400146
168.297973633,118.575172424,121.481109619,82.3186264038
167.873382568,118.910552979,121.44418335,83.3560180664
167.163238525,118.966590881,120.075500488,83.9166488647
166.950469971,120.245513916,122.410430908,82.1211242676
169.78729248,120.780319214,120.830108643,82.0662689209
166.839904785,122.053016663,124.478607178,81.3672409058
169.705657959,121.788635254,121.807250977,81.5283050537
168.806900024,123.668830872,120.614089966,80.4856948853
169.118499756,123.579460144,120.359313965,80.6590957642
168.167800903,124.360694885,122.418167114,79.0886306763
169.881881714,124.600814819,120.840713501,78.2638702393
169.828735352,124.012901306,119.949676514,77.9700546265
169.154800415,124.937698364,117.890060425,77.5464019775
169.793258667,125.4246521,115.588088989,77.8666992188
170.477905273,125.880218506,115.121673584,77.6148376465
169.198654175,126.264175415,115.821578979,77.0757446289
168.374313354,127.027587891,115.743545532,76.0926818848
169.533248901,127.693496704,115.293807983,76.0863189697
169.136886597,127.878845215,114.133865356,77.1591796875
187.499603271,116.057952881,114.133850098,77.1591796875
185.50730896,119.101318359,111.456039429,79.9189147949
167.158187866,121.393051147,111.258255005,80.909942627
170.730255127,123.538467407,111.12713623,80.3689880371
172.043609619,125.389259338,111.850097656,79.0576248169
191.47857666,113.272674561,111.850097656,79.0576171875
189.0209198,116.627441406,111.850112915,79.0576171875
167.522766113,119.748962402,111.850097656,79.0576171875
169.329971313,120.773513794,111.565261841,80.6831207275
153.329055786,123.480445862,109.541275024,79.994972229
173.796508789,122.688941956,110.029632568,80.705116272
193.286117554,109.65852356,110.02961731,80.7051086426
173.794418335,114.73563385,111.294631958,81.6329727173
175.673202515,116.61567688,110.20173645,82.7538299561
175.094207764,117.722694397,110.405273438,83.5707015991
173.945785522,118.862480164,111.824813843,83.3215103149
174.744812012,119.696678162,110.668640137,82.6064224243
159.416625977,116.877174377,109.448059082,81.6953353882
142.836288452,118.182846069,109.448059082,81.6953430176
152.081298828,119.914733887,108.319396973,80.8553619385
160.121017456,117.400405884,107.063095093,79.9175872803
145.166168213,119.413917542,107.063110352,79.9175949097
153.27432251,121.746162415,106.709289551,79.300743103
154.747161865,120.077926636,107.102539062,79.5929718018
138.112579346,121.711936951,107.102539062,79.5929641724
145.68711853,122.703125,107.102539062,79.592956543
151.971542358,122.932418823,108.438186646,78.752166748
157.245880127,111.085540771,108.438171387,78.752166748
153.271560669,116.958213806,106.714492798,77.5003738403
150.728240967,116.632125854,108.221710205,78.5949707031
155.616027832,115.918457031,108.324890137,78.6699066162
154.663192749,112.748275757,108.785049438,79.0041046143
161.444671631,113.698020935,108.082366943,78.4937973022
159.774459839,112.555236816,107.722427368,78.2323913574
162.635681152,110.415847778,107.398468018,77.9971160889
164.155670166,108.884384155,107.963409424,78.4073944092
165.095672607,109.59034729,106.876678467,77.6181640625
151.641769409,111.93019104,106.876663208,77.6181640625
159.424041748,107.07283783,107.093231201,77.7754592896
161.785064697,107.109642029,105.146148682,76.3613967896
162.877487183,109.115783691,103.770736694,75.3625183105
160.363525391,107.262718201,104.342468262,75.7777175903
167.167266846,108.429161072,102.251281738,74.2590103149
166.656402588,107.936294556,101.346832275,73.6021575928
165.031982422,105.780235291,100.266235352,72.8173751831
162.402511597,106.991271973,99.6806488037,72.3921051025
167.240737915,106.855911255,96.8646087646,70.3469696045
170.192016602,108.174621582,95.4088134766,69.2897186279
158.725830078,110.023124695,95.4088134766,69.2897109985
172.056732178,105.467102051,95.2350769043,69.1635437012
158.164627075,108.338134766,95.2350769043,69.1635437012
179.483688354,99.4987945557,95.2350616455,69.1635437012
172.56338501,103.651733398,93.7221679688,68.0648193359
158.37399292,107.247116089,93.7221679688,68.0648193359
173.22517395,103.875778198,92.0786895752,66.8712615967
170.705307007,103.766098022,91.1698760986,66.2112579346
157.327362061,106.116294861,91.1698608398,66.2112503052
163.761642456,105.23588562,90.1232452393,65.4511566162
167.688995361,106.111915588,89.1056213379,64.7121200562
169.130081177,104.407394409,90.1120452881,65.4430389404
171.798019409,103.764953613,88.7811737061,64.4765014648
165.495254517,106.989845276,88.7050323486,64.4212112427
173.32901001,110.105728149,88.5191040039,64.2861785889
169.351348877,104.446426392,86.436340332,62.7736053467
168.828979492,105.608421326,85.9715576172,62.4360580444
170.829437256,111.618209839,84.9214172363,61.6734161377
168.892196655,105.567100525,84.9214172363,61.6734085083
171.630859375,118.500411987,86.0029907227,62.4589080811
178.738616943,138.689300537,85.8780517578,62.3681793213
180.822845459,137.922241211,85.8780517578,62.3681640625
183.002822876,136.835876465,85.878036499,62.3681640625
177.774658203,136.316986084,85.8780517578,62.3681640625
179.72442627,134.901565552,85.8780517578,62.3681640625
181.480133057,136.689117432,85.8780517578,62.3681640625
183.226928711,135.892089844,85.8780517578,62.3681640625
176.109649658,133.525512695,85.8780517578,62.3681640625
178.278656006,132.947952271,85.8780517578,62.3681640625
179.913665771,132.674865723,85.8780517578,62.3681640625
181.480575562,132.707244873,85.8780670166,62.3681640625
199.489227295,132.509521484,85.8780517578,62.3681640625
180.794723511,130.261489868,85.8780670166,62.3681640625
177.981506348,134.271362305,85.8780517578,62.3681640625
179.0652771,134.026824951,85.8780517578,62.3681640625
180.802215576,119.309051514,85.8780517578,62.3681640625
198.144821167,105.374725342,85.8780670166,62.3681640625
198.223754883,104.921646118,85.8780517578,62.3681640625
197.044494629,103.244911194,86.8925170898,64.7792739868
216.109588623,90.8903656006,86.8925170898,64.7792663574
233.547332764,78.1762390137,86.8925170898,64.7792663574
233.462249756,103.439285278,86.8925170898,64.7792663574
217.889770508,90.7470245361,86.8925170898,64.7792663574
199.889846802,104.815643311,86.8925018311,64.7792663574
199.999969482,132.103042603,86.8924865723,64.7792663574
183.458267212,119.655349731,86.8925018311,64.7792663574
185.047210693,133.47315979,86.8924865723,64.7792663574
186.293899536,133.410232544,86.8925018311,64.7792663574
187.739196777,120.568054199,86.8925170898,64.7792663574
205.328613281,133.52281189,86.8925170898,64.7792663574
204.76184082,132.802810669,86.8925170898,64.7792663574
187.103012085,133.507095337,86.8925323486,64.7792663574
188.082946777,133.357513428,86.8925170898,64.7792663574
189.302993774,133.318527222,86.8925018311,64.7792663574
190.713775635,132.818222046,86.8925170898,64.7792663574
192.126449585,120.414672852,86.8925323486,64.7792663574
193.12701416,133.70451355,86.8925170898,64.7792663574
194.230697632,133.793243408,86.8925323486,64.7792663574
195.006439209,133.769454956,86.8925170898,64.7792663574
177.358627319,147.018173218,86.8925323486,64.7792663574
178.023803711,160.830734253,86.8925170898,64.7792663574
159.73828125,147.218643188,86.8925170898,64.7792663574
159.66494751,146.911865234,86.8925170898,64.7792663574
159.612075806,146.764511108,86.8925170898,64.7792663574
159.590911865,146.735855103,86.8925170898,64.7792663574
159.14515686,160.462112427,86.8925170898,64.7792663574
158.352539062,146.518615723,86.8925170898,64.7792663574
158.147521973,146.047775269,86.8925170898,64.7792663574
157.792251587,146.185195923,86.8925170898,64.7792663574
176.267578125,145.656661987,86.8925170898,64.7792663574
157.661880493,159.047470093,86.8925170898,64.7792663574
157.29598999,158.669647217,86.8925170898,64.7792663574
157.3956604,158.669235229,86.8925170898,64.7792663574
158.252334595,173.678695679,86.8925170898,64.7792663574
158.619537354,175.003799438,86.8925170898,64.7792663574
177.915618896,176.433670044,86.8925170898,64.7792663574
195.303710938,189.607925415,86.8925170898,64.7792663574
328.54800415,189.631637573,86.8925170898,64.7792663574
332.943084717,189.252670288,86.8925170898,64.7792663574
337.901000977,189.84513855,86.8925170898,64.7792663574
341.562957764,189.854537964,86.8925170898,64.7792663574
342.35635376,189.726852417,86.8925170898,64.7792663574
343.264587402,190.021896362,86.8925170898,64.7792663574
343.476257324,189.831420898,86.8925170898,64.7792663574
343.971160889,190.161026001,86.8925170898,64.7792663574
330.607086182,178.492019653,86.8925170898,64.7792663574
335.345031738,179.80116272,86.8925170898,64.7792663574
320.837738037,181.349609375,86.8925170898,64.7792663574
305.20513916,193.723922729,86.8925170898,64.7792510986
290.36416626,206.538635254,86.8925170898,64.7792358398
272.551605225,190.429656982,86.8925170898,64.7792358398
291.531005859,201.585647583,86.8925170898,64.7792205811
309.383575439,212.473632812,86.8925170898,64.7792358398
294.596832275,198.499359131,86.8925170898,64.7792358398
313.008148193,209.176086426,86.8925170898,64.7792358398
315.076751709,196.283660889,86.8925170898,64.7792358398
316.994171143,183.550048828,86.8925170898,64.7792358398
319.630218506,171.055297852,86.8925170898,64.7792358398
321.814117432,171.870605469,86.8925170898,64.7792358398
324.416107178,173.32409668,86.8925170898,64.7792358398
327.912139893,187.847259521,86.8925170898,64.7792358398
330.904754639,175.667373657,86.8925170898,64.7792358398
334.086517334,177.206970215,86.8925170898,64.7792358398
317.181182861,191.903961182,86.8925170898,64.7792358398
301.867828369,205.315704346,86.8925170898,64.7792358398
320.328704834,216.245498657,86.8925170898,64.7792205811
304.210479736,203.392852783,86.8925170898,64.7792358398
319.840820312,216.132110596,86.8925170898,64.7792358398
305.656951904,201.273590088,86.8925170898,64.7792358398
323.544342041,213.971954346,86.8925170898,64.7792358398
305.953063965,202.190292358,86.8925170898,64.7792510986
323.674133301,188.428924561,86.8925170898,64.7792358398
326.198822021,176.026062012,86.8925170898,64.7792358398
309.556549072,187.844726562,86.8925170898,64.7792358398
330.262054443,174.924072266,86.8925170898,64.7792358398
312.064605713,80.770072937,86.8925170898,64.7792434692
314.441650391,80.9095916748,83.591583252,68.8887634277
318.791046143,81.2044219971,78.8936462402,72.5739746094
321.834991455,80.9446487427,75.1591186523,76.0911636353
324.427734375,80.912109375,73.3299865723,79.3441772461
327.37689209,79.9912567139,70.4688110352,81.4698181152
329.80291748,80.3065719604,68.0826416016,83.1015548706
331.533630371,69.5259170532,67.9095458984,83.2623825073
331.90411377,72.7127914429,68.1502075195,83.0035324097
333.432739258,74.447593689,67.2731323242,83.7182998657
335.423278809,74.8339157104,67.2902832031,85.3452987671
335.752166748,76.9661865234,65.8003234863,84.33934021
336.32635498,75.7981262207,67.1197509766,85.4921417236
337.440673828,60.4029388428,64.9258422852,84.5196990967
337.794494629,62.9520721436,64.3682250977,86.0660858154
339.252441406,65.5758666992,64.1652832031,86.0782012939
338.786346436,66.947479248,63.7771911621,84.1575469971
339.136657715,66.9242248535,63.7851257324,84.5993652344
339.164337158,66.7686157227,63.4862670898,85.6103210449
339.397644043,68.2464752197,63.787902832,84.7427368164
326.359619141,68.7383346558,66.5500793457,83.6639175415
326.367858887,69.4798355103,70.1418151855,83.9574966431
325.20980835,68.0915985107,73.5250549316,84.7713165283
324.157348633,68.5834655762,75.2220458984,86.0213317871
323.66015625,69.02394104,76.6506347656,84.7952880859
323.023742676,68.3093414307,78.0627746582,84.6324005127
322.86932373,67.2890625,79.1161499023,84.0177001953
307.276397705,80.9752731323,79.1161499023,84.0177078247
324.640930176,65.9807357788,78.4347229004,82.3240280151
325.051055908,67.0566558838,78.7164611816,82.7831726074
325.053894043,68.5967178345,79.5698242188,82.5215530396
326.12121582,69.8949279785,79.5698242188,82.5215454102
311.49822998,81.8317337036,79.5698242188,82.5215377808
313.378723145,64.6953353882,79.7184448242,84.2988357544
314.675292969,65.4047088623,81.40234375,85.7012634277
317.447937012,66.6927185059,81.2211914062,86.1267852783
320.822387695,66.0485839844,80.374420166,86.000213623
324.400695801,64.8954467773,77.6502685547,87.5579833984
325.486022949,64.7552032471,76.9111938477,90.6369018555
326.484375,65.2145996094,75.9198608398,89.768737793
327.299072266,64.3094940186,75.9198608398,89.768737793
327.399078369,63.3782196045,75.7169494629,89.8455810547
328.279327393,63.889755249,74.2715759277,88.7832641602
328.831970215,64.0576019287,74.3757019043,90.1702880859
329.985778809,60.8757171631,73.4358520508,91.4731750488
329.429077148,63.9107971191,72.8088378906,90.2732696533
328.843658447,59.7138824463,72.6476135254,95.3940124512
328.75604248,61.5449523926,72.8060913086,97.1139221191
329.58392334,61.0467376709,71.7416992188,98.0425262451
330.136657715,59.4689483643,69.9267272949,99.3371734619
330.28692627,58.44190979,69.1307678223,100.254501343
331.247375488,58.9487609863,69.1307373047,100.254501343
333.122039795,60.9007415771,66.2680053711,95.9038543701
334.187561035,62.3076019287,65.6292419434,95.0711517334
335.107391357,63.0090789795,64.7921142578,94.2002410889
336.976806641,63.8706207275,64.0425720215,94.2462768555
337.063720703,63.8356933594,63.6786804199,93.3436737061
338.725708008,64.8612976074,62.3316345215,92.1893310547
338.394592285,63.1683807373,62.4702148438,93.2115478516
339.473480225,63.1982116699,62.2922058105,93.6756591797
340.365539551,64.1975250244,60.9157104492,93.7198638916
340.629882812,64.9320220947,60.75390625,94.0112915039
342.298614502,65.7082214355,59.8593444824,93.9084320068
342.540740967,65.4750366211,60.1164855957,94.1845245361
343.700439453,65.5725097656,59.8294677734,94.7151489258
345.08895874,61.7342987061,58.7250061035,95.9311065674
345.630310059,61.8278961182,58.1513366699,95.2800445557
335.035461426,61.3531723022,58.1513671875,95.2800369263
347.303192139,64.3524627686,57.3430480957,92.4568481445
347.485595703,66.4320526123,56.9614868164,90.8060302734
347.662261963,68.131362915,55.9743347168,87.8405761719
348.010009766,67.7660369873,55.424407959,86.7364959717
348.361297607,67.446182251,55.8327331543,85.7422485352
347.227539062,67.0651855469,56.4971313477,85.1790771484
345.330841064,68.0283050537,57.3031921387,85.3110656738
345.107116699,68.2957000732,57.7979736328,87.5269775391
345.886535645,67.6330108643,57.6144104004,89.6712341309
345.977661133,67.4898834229,57.6607055664,89.5926361084
345.97052002,65.9924163818,56.7504882812,89.4803161621
345.344055176,66.5992584229,56.0172119141,89.1550140381
345.307312012,68.4970550537,55.3059692383,90.3355560303
345.593933105,67.1707305908,53.989074707,91.1792144775
345.730895996,66.737121582,53.3323974609,91.2195587158
345.87109375,66.4991455078,52.1377563477,90.1363677979
337.091064453,67.3252410889,52.4239501953,90.8187408447
337.786407471,67.7823638916,53.0903320312,88.9783782959
339.198669434,67.6452789307,52.5561218262,90.3535308838
349.451385498,67.5703125,52.0297546387,88.6288452148
338.865783691,64.2205963135,52.413848877,91.8806152344
339.771972656,67.9921112061,52.5732421875,89.2904815674
340.591064453,66.1217956543,52.3834838867,90.3639373779
341.200073242,69.515335083,51.4463500977,88.297744751
332.585388184,68.8890075684,51.9985961914,89.0826873779
334.587554932,67.4666290283,54.0928039551,90.0566101074
335.624572754,66.4330291748,54.0928344727,90.0566101074
337.335296631,66.9940795898,53.9695129395,91.4248809814
337.854370117,68.3306121826,53.9810180664,89.2693328857
328.941192627,69.1846237183,53.9810180664,89.2693252563
330.89944458,68.6827697754,54.8268127441,91.1108093262
331.95501709,68.4109344482,54.8267822266,91.1108093262
332.763244629,68.7113037109,54.8267822266,91.1108093262
333.863555908,53.8339233398,55.0168762207,91.4317321777
334.481170654,72.5287017822,52.830291748,88.7466430664
334.307800293,70.5662460327,52.8303222656,88.7466506958
334.703796387,69.1719055176,52.8303222656,88.7466430664
334.349578857,67.8766937256,52.8569335938,89.2434692383
325.301574707,68.923538208,52.8569335938,89.2434692383
327.337890625,54.5050048828,52.8569335938,89.2434692383
328.271911621,70.2084884644,52.8569335938,89.2434768677
328.759735107,68.3128204346,52.8569335938,89.2434844971
330.480560303,53.6273498535,52.4703979492,90.83934021
321.660461426,56.9195861816,52.4703979492,90.83934021
324.205780029,59.0327987671,52.4703979492,90.8393325806
335.316894531,61.1398468018,53.1209411621,88.0821685791
335.581542969,61.9381713867,54.7098083496,86.6334991455
323.831481934,57.6697921753,56.9963378906,91.2939224243
324.301757812,58.5680198669,56.9963378906,91.2939147949
325.259490967,73.774269104,56.9963378906,91.2939071655
326.287261963,68.8257293701,57.1269226074,91.4414825439
327.163513184,52.3204193115,57.1152954102,90.2720184326
348.616638184,57.8752288818,59.0778808594,84.4712524414
347.497497559,59.4646530151,59.0778808594,84.4712600708
343.980224609,61.3248748779,62.9188842773,83.1587677002
329.566894531,48.095741272,64.639251709,84.2179489136
330.659393311,52.4999542236,64.6075134277,82.461807251
331.120422363,55.0802536011,65.6402587891,83.7276687622
330.028411865,56.0903015137,66.3876647949,82.2086639404
327.471740723,58.8831863403,69.1824951172,80.5423660278
326.60144043,58.138671875,70.0097045898,81.5124206543
325.775909424,59.229598999,71.6956176758,79.7578430176
323.46685791,59.5812454224,74.194152832,80.5074539185
309.132995605,59.0724411011,74.8100280762,83.4282302856
323.122772217,60.1235122681,76.352142334,81.5459671021
322.851135254,61.0810775757,78.3541259766,80.1835403442
322.338989258,49.610496521,80.3020629883,77.0137863159
322.709564209,53.9888076782,81.4788208008,75.2440261841
307.376190186,56.9250869751,79.073638916,74.8747024536
324.19317627,61.2379989624,79.9756469727,73.3185348511
323.549713135,63.253578186,83.3539733887,72.4345016479
322.520782471,64.0453186035,85.3422851562,72.400604248
321.115783691,63.6656723022,86.6064453125,73.3206253052
318.528594971,65.2186737061,88.3637390137,73.3123626709
316.92779541,65.967048645,91.2930908203,72.9516220093
317.717773438,68.0789108276,88.5948486328,70.068107605
315.448364258,68.5411148071,90.4189758301,71.3109664917
315.798858643,69.4744796753,88.0532836914,69.9590530396
294.663513184,69.1689453125,92.183013916,74.5976257324
312.728393555,69.4646987915,92.4204711914,75.6267776489
311.558410645,69.6704406738,94.1563110352,77.1639251709
310.300537109,70.9149627686,95.3403930664,77.2276763916
309.783508301,71.2402572632,96.4853820801,75.9317855835
308.880645752,69.5136413574,98.3471984863,78.5342712402
285.884033203,79.915687561,100.590942383,83.4195175171
279.001617432,74.2290039062,106.432281494,88.550201416
273.149383545,71.7063446045,111.325897217,92.492401123
270.22644043,71.83253479,116.306640625,93.3370666504
268.515380859,71.9543609619,120.814239502,94.3797912598
267.452514648,72.4243621826,124.134979248,95.2364044189
264.084228516,73.584197998,128.585968018,94.7858581543
264.276123047,73.8067779541,132.007537842,94.5386352539
263.202453613,74.7379455566,134.89151001,93.8138122559
262.137054443,75.3282165527,135.035858154,93.647567749
260.766479492,74.8423919678,135.255218506,95.1800994873
261.448547363,75.362121582,135.410217285,95.7351989746
260.486816406,75.8983306885,137.489593506,96.5533752441
258.859985352,76.2550201416,138.5,96.9732513428
258.806274414,74.0800933838,137.32611084,101.104797363
258.07611084,74.7424163818,139.867340088,99.8484039307
257.913696289,74.0027313232,138.505065918,101.411605835
257.046569824,74.0862579346,140.585296631,100.279129028
258.619506836,73.5523834229,138.580810547,100.724639893
258.938262939,71.2261657715,138.991821289,102.510055542
259.858673096,70.5082092285,137.518585205,104.575500488
259.579956055,71.8566894531,139.899536133,104.976226807
260.021484375,71.7314758301,141.311645508,104.965759277
258.39074707,71.9609527588,141.628112793,105.272140503
259.092193604,72.3361358643,142.170013428,104.165512085
261.313110352,73.0479431152,140.628753662,103.866638184
263.314910889,73.9534301758,136.787353516,103.224822998
264.607757568,73.0020751953,133.625579834,103.298828125
264.693664551,72.9803619385,133.856506348,104.051651001
263.907531738,73.2848968506,134.03692627,104.812515259
265.050170898,73.1207580566,132.944244385,105.983825684
264.603912354,73.0832366943,132.713134766,105.422653198
265.755432129,71.6192474365,129.724334717,105.836868286
263.073974609,69.6645050049,129.35647583,107.892318726
264.364929199,67.5905761719,127.087188721,109.992736816
264.989471436,65.4752044678,126.272521973,112.217147827
265.639343262,62.6628570557,123.777282715,113.361434937
267.410400391,61.8745422363,121.351531982,113.694793701
269.909118652,60.0529327393,116.990997314,117.857803345
268.340942383,59.4405822754,117.775634766,119.564147949
270.291656494,57.9743041992,116.792297363,120.796691895
270.910644531,58.188583374,117.813598633,121.644424438
270.24609375,57.4432983398,117.092773438,123.320159912
270.484283447,55.6605987549,116.044189453,124.929458618
273.248474121,54.025177002,113.846679688,125.880859375
272.706054688,56.6330871582,112.701293945,125.899871826
272.79699707,56.9265136719,114.903900146,124.450805664
272.838592529,56.530456543,114.24029541,123.657958984
273.487915039,55.7057800293,113.184875488,124.8644104
273.553161621,56.2891235352,112.961700439,124.238067627
273.490264893,56.0693817139,114.102905273,125.414138794
273.487426758,56.5783691406,113.05480957,126.056518555
272.596466064,56.2593841553,113.177032471,127.154647827
271.457275391,57.6642150879,114.387115479,126.246154785
271.753173828,57.6854400635,113.343566895,125.10218811
272.973388672,58.0401916504,112.92010498,124.10345459
272.794006348,59.4795532227,114.093292236,123.533721924
274.466247559,60.1481628418,113.069549561,123.224884033
273.003723145,61.4651641846,112.414642334,121.979721069
274.208435059,60.9908447266,112.521728516,122.496795654
273.600097656,60.0375061035,112.110473633,124.422912598
273.522735596,58.322769165,111.625823975,126.798446655
273.164398193,59.6126861572,112.056518555,126.644210815
273.550109863,58.7674560547,112.355651855,130.949737549
273.530975342,56.6959228516,110.373565674,131.730438232
272.474304199,58.3711090088,111.86340332,130.421035767
274.035644531,56.8847961426,112.226867676,131.956481934
272.917999268,56.9322357178,111.969665527,131.572097778
272.957092285,58.7753143311,111.551635742,130.710464478
272.571350098,57.5250549316,111.967529297,130.444519043
272.647705078,56.375289917,112.119384766,131.772750854
273.701538086,54.9617004395,110.514129639,134.625549316
273.688751221,54.8609313965,110.580078125,135.525146484
274.631530762,53.6013793945,109.849487305,137.404907227
275.364685059,53.539855957,108.535125732,137.75177002
275.927978516,52.649017334,108.190979004,137.138916016
275.738952637,52.2543792725,108.376251221,137.379653931
275.482727051,51.2953338623,108.305847168,139.298629761
274.928161621,49.3413543701,108.784515381,142.052963257
274.853820801,48.6688995361,110.759185791,141.943954468
274.741851807,48.1443786621,112.247131348,140.887237549
275.004760742,45.3092651367,112.049804688,145.92880249
274.618743896,43.1894989014,113.288787842,145.901901245
274.978881836,44.2147216797,114.500396729,146.168182373
274.788787842,45.5964050293,116.272125244,144.203643799
275.17098999,45.7432403564,117.216705322,145.757064819
274.949157715,45.9624481201,118.769714355,146.247634888
276.157714844,44.6600646973,118.722503662,147.40637207
276.887664795,44.7895355225,119.23538208,147.15296936
276.415740967,47.1565551758,122.744140625,144.828979492
276.525878906,46.7475280762,124.825653076,146.391876221
276.728515625,47.2769622803,127.81362915,145.795181274
276.079650879,47.819229126,129.636383057,144.169570923
275.586181641,48.5771331787,130.519866943,142.66557312
274.831451416,50.7294158936,133.79119873,142.555038452
273.866455078,50.9318389893,135.414276123,141.609786987
273.735900879,51.1811676025,135.673278809,140.143173218
272.841918945,52.1948242188,136.650115967,138.905822754
272.560516357,53.2334899902,138.19317627,136.983093262
271.867218018,54.1493530273,139.467315674,135.279785156
271.610565186,55.0688476562,139.537963867,133.204864502
269.873413086,54.3717498779,139.682067871,134.045150757
269.750549316,54.6747283936,141.124328613,134.547317505
270.06060791,55.1860046387,141.3878479,134.8046875
269.992614746,55.6080474854,141.853790283,134.776351929
269.677490234,55.9158325195,143.838745117,134.662658691
269.369415283,58.6968841553,144.952789307,132.283309937
268.773040771,58.999130249,144.613708496,128.883651733
266.589019775,60.2778015137,146.557281494,127.098449707
265.918792725,61.1286010742,148.031311035,126.892974854
265.065155029,61.1702728271,147.66418457,129.039962769
263.57989502,60.948348999,149.245574951,128.725692749
264.905548096,61.4808502197,148.796905518,130.674362183
263.565216064,61.5861358643,148.786651611,130.371932983
264.200164795,62.1613769531,149.285949707,129.291290283
262.927093506,62.5871734619,149.756011963,128.030288696
264.14276123,64.4091110229,149.755981445,128.030273438
263.62612915,63.2840881348,149.755981445,128.030273438
263.572631836,63.1316299438,149.755981445,128.030273438
262.736083984,63.8833389282,149.755981445,128.030273438
263.941467285,63.9637832642,149.755981445,128.030273438
263.146484375,63.1179351807,149.755981445,128.030273438
262.790893555,64.6338348389,149.755981445,128.030273438
262.001617432,64.3545837402,149.755981445,128.030273438
261.648956299,62.4945297241,149.755981445,128.030273438
260.741668701,64.0438079834,149.755981445,128.030273438
262.163330078,64.8274841309,149.755981445,128.030273438
261.809082031,64.5180969238,149.755981445,128.030273438
263.449676514,64.3557128906,147.465911865,129.747344971
263.135986328,65.0165405273,147.465942383,129.747344971
262.596496582,65.7324981689,147.465942383,129.747344971
261.856201172,66.7040863037,147.465942383,129.747344971
261.25,67.9879608154,147.465942383,129.747344971
262.789428711,66.9332580566,145.445709229,130.655914307
263.000610352,68.2775726318,144.896606445,129.810775757
263.963500977,66.7377166748,144.308197021,130.544235229
264.361236572,68.1546325684,144.039978027,128.799530029
263.851135254,66.5246582031,145.529907227,129.622344971
265.23034668,66.4282684326,145.529907227,129.622344971
264.278625488,66.1654052734,145.529907227,129.622344971
262.990356445,66.0668792725,145.529907227,129.622344971
263.819213867,67.4810638428,143.804168701,129.302871704
265.801879883,65.0418243408,142.363983154,130.105575562
253.49520874,62.0899887085,138.330200195,126.419136047
259.373321533,65.9871520996,138.330200195,126.419128418
255.95211792,60.7773551941,138.7734375,126.824188232
253.46572876,61.0313606262,140.303985596,128.222930908
259.705749512,62.9693145752,140.303955078,128.222930908
256.894226074,61.3949203491,140.303955078,128.222930908
260.84967041,65.5823516846,140.303955078,128.222930908
264.889099121,69.989074707,137.791900635,127.096343994
267.758544922,67.5850067139,135.170501709,125.913589478
267.920959473,69.08203125,134.983734131,124.748077393
269.108032227,67.2627563477,133.956726074,125.339477539
268.470153809,69.2564544678,133.425689697,124.603683472
268.220550537,67.5851287842,134.187652588,125.015548706
269.713989258,67.2297363281,133.466278076,126.759063721
272.536712646,65.3525543213,131.663421631,129.353866577
272.964538574,67.0999450684,132.921905518,129.614807129
272.331542969,67.39012146,134.117675781,129.12550354
273.572784424,66.1633148193,133.274505615,131.740951538
274.726257324,65.2961425781,134.330596924,131.638763428
274.192749023,65.8396759033,136.723968506,129.876266479
274.908874512,63.8896026611,139.367004395,132.393600464
275.59942627,64.0833587646,140.470123291,130.172531128
274.795532227,64.6369476318,142.692871094,128.04069519
274.776611328,65.2500610352,144.949645996,125.723846436
275.323608398,65.6382293701,142.993927002,123.417160034
276.168395996,65.3802947998,142.844848633,121.91847229
278.047729492,63.966796875,142.418945312,120.482055664
277.334838867,66.1245574951,142.463012695,120.385910034
277.212768555,66.05809021,142.362701416,119.044448853
277.74621582,66.8642578125,143.204040527,116.885437012
278.41104126,67.1409301758,142.690338135,116.732940674
278.025787354,66.2284851074,141.500946045,117.617340088
279.545562744,62.5839080811,141.610565186,120.956710815
281.945251465,65.9323883057,138.406005859,119.135482788
279.321533203,64.0539245605,139.847839355,119.448638916
282.141418457,64.5313873291,137.674224854,117.14515686
281.152496338,64.0035552979,138.631134033,117.993240356
281.066345215,63.4182434082,139.521148682,119.332580566
281.777770996,62.4805603027,139.160736084,123.896331787
281.558898926,64.3463745117,138.458770752,124.321350098
280.694946289,64.3414764404,139.146179199,122.557876587
279.002563477,63.7418365479,140.693664551,121.866653442
279.720947266,63.5820007324,139.344421387,125.087554932
279.642272949,63.821395874,139.57421875,125.425003052
278.710388184,63.4960327148,139.719024658,124.847503662
276.862518311,63.5613861084,138.662445068,127.404953003
276.337280273,62.3409729004,139.227233887,125.160583496
275.638549805,63.0419311523,137.419219971,127.356140137
274.616821289,62.853225708,136.573272705,125.929214478
274.317565918,62.9299621582,134.827728271,126.248291016
273.630554199,63.6088104248,133.496765137,125.32585144
251.046295166,71.2850570679,130.662414551,122.664985657
271.159545898,67.960144043,133.331573486,123.185333252
249.26953125,69.8132400513,130.42880249,120.503471375
246.427703857,70.609413147,128.118896484,118.369346619
251.155563354,70.0786590576,128.056777954,118.311935425
234.346160889,69.8115615845,128.056762695,118.311943054
242.416168213,72.5245895386,126.11618042,116.519050598
239.254074097,71.3030014038,125.583053589,116.02646637
241.991333008,72.489364624,123.420013428,114.028030396
238.755584717,70.5647964478,124.564819336,115.085716248
236.776977539,74.935798645,121.320037842,112.087852478
234.853439331,74.3446884155,120.776992798,111.586128235
235.763381958,74.1785202026,120.714248657,111.528160095
233.082687378,75.6172332764,121.311050415,112.079544067
229.499221802,72.5315628052,120.386825562,111.225669861
227.14050293,74.2216339111,122.097320557,112.806015015
224.417572021,74.3228378296,122.09072876,112.799934387
225.239944458,73.4548110962,120.562393188,111.387901306
225.458526611,73.8443908691,121.581207275,112.329193115
226.79296875,70.4576873779,121.811889648,112.542312622
230.150909424,69.0941925049,118.789093018,109.749526978
230.364212036,68.8208007812,118.589187622,109.564849854
213.623809814,70.2750396729,118.589172363,109.564849854
229.720947266,69.2665863037,116.814239502,107.924987793
224.023635864,70.6989440918,116.714431763,107.832778931
227.419387817,72.7942504883,115.457290649,106.671295166
226.811920166,71.8228988647,117.240447998,108.318748474
224.991424561,70.0631256104,117.798431396,108.834243774
223.088134766,69.9038314819,115.726898193,106.920326233
226.650009155,70.1714477539,115.726882935,106.920318604
212.22769165,70.716178894,115.726867676,106.920326233
224.188598633,68.6691131592,116.512145996,107.645828247
228.182540894,71.1560821533,115.958938599,107.134719849
224.014846802,72.4580688477,114.588821411,105.868865967
232.275024414,70.9299621582,114.588806152,105.868865967
222.170013428,73.6887741089,114.064117432,105.384117126
229.391647339,72.5124816895,114.064102173,105.384109497
228.457107544,71.4421844482,113.654586792,105.005752563
227.70085144,71.7056045532,113.052261353,104.449241638
226.352142334,70.5409393311,113.35244751,104.726608276
225.226638794,75.3799057007,113.157913208,104.546882629
227.411773682,72.6432342529,112.839141846,104.252380371
227.1690979,70.0672836304,113.095550537,104.489265442
226.385696411,74.0886535645,113.034805298,104.433151245
226.607177734,73.455368042,112.612182617,104.042678833
226.699737549,71.2441558838,111.918579102,103.401870728
231.783279419,75.2266693115,110.498458862,102.089797974
236.161621094,72.7572784424,114.93838501,105.232208252
225.19631958,72.6930084229,111.761444092,102.323562622
227.07194519,74.0615768433,111.73487854,102.299217224
227.442703247,72.7976455688,112.152236938,102.68132782
226.476806641,73.5113830566,112.15222168,102.681335449
224.963226318,74.2308807373,112.731964111,103.212112427
227.360137939,71.3978118896,112.523193359,103.020980835
234.44039917,73.0900268555,117.181854248,101.554046631
226.123825073,73.8558578491,116.349105835,100.832374573
225.321136475,74.2781524658,113.272064209,98.1656951904
227.411956787,73.7144775391,112.273956299,97.3007049561
225.629608154,72.5721206665,111.867401123,96.948387146
223.313323975,73.6282730103,112.393463135,97.4043045044
224.935882568,73.3859405518,114.561553955,99.2832641602
230.26071167,75.1096572876,114.082427979,98.8680343628
228.040725708,75.7485275269,114.262527466,99.0241165161
231.07119751,74.8717193604,114.897125244,99.5740814209
231.929290771,75.2528915405,112.785797119,97.7443313599
231.596359253,71.83543396,113.458023071,98.3268890381
233.599273682,70.7060546875,112.100524902,97.1504364014
232.551879883,70.6015167236,110.523162842,95.7834472656
233.339309692,69.0809860229,109.626724243,95.0065536499
235.641799927,68.6996917725,111.395645142,96.53956604
235.270706177,68.1761703491,110.431259155,95.7037887573
231.923553467,69.6033477783,110.339599609,95.6243591309
230.642379761,71.0448608398,107.875747681,93.489074707
230.486862183,69.7391815186,106.285476685,92.1109008789
228.841186523,70.1879196167,106.124755859,91.9715957642
236.663116455,70.4519805908,106.097259521,91.947769165
232.82963562,67.987121582,104.130722046,90.2434997559
236.233963013,71.3812484741,104.559555054,90.6151504517
234.441650391,71.6092376709,105.824066162,91.7110137939
232.421417236,71.9377212524,106.21963501,92.0538253784
235.597000122,70.2494888306,105.789291382,91.6808700562
233.514083862,72.7567977905,105.580123901,91.4995956421
251.742965698,69.7306060791,108.578872681,98.234085083
250.395904541,63.7603302002,110.519195557,103.469177246
247.359954834,62.7063446045,116.525848389,104.375198364
247.472412109,64.4898681641,118.036499023,104.096069336
247.520507812,65.0813446045,118.607269287,102.998825073
246.046020508,66.085647583,119.290557861,102.599746704
247.651870728,65.9885559082,119.333328247,102.783935547
246.316711426,64.8175964355,120.882171631,104.137359619
247.894943237,65.3294525146,120.809036255,105.313766479
247.974365234,63.7254638672,119.662017822,107.099884033
244.302505493,65.6957550049,121.719161987,107.198684692
245.969848633,65.6105957031,122.707336426,106.790557861
246.547317505,64.3540649414,121.659378052,109.458099365
245.200088501,64.2100982666,121.766586304,110.788406372
246.596359253,62.963394165,120.326705933,112.397598267
246.026931763,63.7916107178,120.617935181,111.77381897
246.082473755,62.6987762451,120.573654175,112.597915649
245.37727356,64.91065979,120.637985229,112.796310425
246.425170898,66.0761871338,117.217193604,107.975296021
245.019363403,66.3446502686,119.355606079,108.517074585
244.05241394,65.6511077881,122.089553833,109.587051392
243.290863037,65.0006713867,123.499603271,109.608337402
263.359558105,64.41456604,125.263824463,111.749649048
254.546234131,64.5060882568,129.093017578,109.810379028
248.827590942,64.7524871826,130.520553589,111.514022827
243.487884521,63.2841186523,132.110595703,113.674285889
243.473297119,62.9909896851,132.110595703,113.674293518
243.186553955,63.9591331482,132.110595703,113.674285889
244.328475952,61.8940124512,129.869155884,116.927062988
244.856826782,61.2992706299,128.624191284,119.325485229
244.103866577,61.8535766602,129.279525757,121.067230225
242.984893799,63.9807891846,131.178161621,119.552627563
240.408859253,63.0813293457,132.864212036,119.774047852
242.907363892,65.650390625,133.017410278,115.69732666
239.137985229,62.5719146729,134.987167358,116.892715454
241.826568604,63.7237854004,133.121337891,115.735046387
241.027954102,63.2950820923,133.121337891,115.735038757
240.9637146,63.0840911865,132.851806641,115.55696106
241.559143066,63.3433074951,132.162597656,113.573074341
266.019897461,82.325340271,132.162597656,113.573066711
259.488952637,76.7280883789,132.883087158,118.258880615
250.577850342,72.7319793701,137.510070801,118.725296021
245.285125732,69.2998809814,139.569244385,120.943984985
238.055526733,66.1460876465,143.319656372,120.144134521
235.805084229,67.5728302002,142.610565186,118.002609253
233.78364563,69.1874237061,141.931228638,114.469070435
230.661132812,69.2992095947,142.680145264,112.294815063
229.059799194,68.7663879395,141.415847778,114.808135986
227.426345825,67.9508361816,140.956100464,117.220245361
227.690429688,63.9603271484,137.732513428,118.638244629
224.748855591,63.5287857056,137.732528687,118.638237
223.410644531,64.1535949707,137.732543945,118.63822937
222.792694092,65.3571929932,137.732543945,118.63822937
221.366271973,61.7308044434,135.94833374,121.577178955
219.674819946,62.1029434204,135.948348999,121.577171326
219.622848511,64.573059082,133.641220093,121.870117188
218.97668457,65.4484100342,132.236755371,121.928268433
218.695648193,64.5473937988,131.933074951,122.90737915
220.230712891,62.4187927246,130.035583496,125.426696777
218.434265137,62.9778671265,130.035583496,125.426704407
216.307342529,62.4139671326,130.035583496,125.426696777
214.049301147,62.5690155029,130.071304321,125.744857788
211.467147827,61.6161346436,130.451553345,128.548843384
207.661682129,62.9698791504,132.316040039,129.914398193
203.759780884,65.9278564453,132.596725464,130.932128906
199.533889771,68.0744476318,134.083358765,129.292312622
195.416381836,69.0453796387,135.949584961,132.030456543
191.858383179,68.1815795898,139.543411255,135.127685547
188.849945068,69.5694885254,142.300842285,134.138000488
186.800384521,70.5706329346,143.622406006,135.055282593
183.868209839,69.7702331543,144.44770813,135.731506348
181.228485107,70.1423187256,143.573638916,134.992935181
181.030670166,73.0366973877,144.651397705,137.097579956
177.382110596,73.1722564697,146.200317383,135.657180786
178.824172974,71.8573303223,145.760940552,138.265319824
175.349716187,72.4451141357,146.416427612,138.839248657
172.058410645,72.1488952637,147.170166016,139.068786621
167.299102783,72.3489837646,152.478485107,137.91178894
165.229660034,74.3695831299,154.493728638,140.391067505
162.031936646,76.7565460205,157.23789978,141.561935425
158.547622681,72.8291778564,160.192062378,146.214584351
153.457672119,72.0936737061,166.70010376,150.112533569
152.127288818,72.7769851685,166.70010376,150.112548828
146.320892334,74.1757354736,173.709289551,149.408615112
145.144119263,74.7841873169,173.709274292,149.408630371
142.823608398,74.9577789307,176.142272949,148.466079712
141.206451416,103.795280457,176.142272949,148.466064453
93.3414611816,118.409500122,199.758239746,174.799789429
128.925048828,80.9126739502,196.607177734,179.246780396
124.053619385,84.2779541016,194.767883301,179.781188965
119.792572021,85.6312255859,194.542755127,183.735015869
120.767944336,89.2600402832,193.293121338,187.740966797
120.576751709,87.3380737305,193.000549316,191.119415283
118.007995605,87.6435852051,195.267578125,192.432800293
114.909973145,90.0137939453,197.57723999,193.797515869
110.941070557,91.1417236328,200.525543213,197.415893555
107.041137695,92.7704467773,198.349975586,204.639373779
101.07699585,96.1188049316,199.081390381,208.381622314
101.258270264,91.7909240723,197.189453125,217.184417725
99.5459594727,93.2877807617,197.390014648,217.295410156
62.7912902832,97.2024230957,190.406494141,217.540863037
69.8601989746,96.3360290527,180.760131836,218.819488525
77.049987793,91.8153076172,174.247314453,222.027954102
80.9724121094,85.2279968262,171.945159912,226.636138916
79.1037902832,81.3493041992,173.30178833,226.894348145
73.8411102295,79.820098877,175.748519897,227.371795654
69.0178222656,79.449432373,176.521789551,227.751861572
63.1725769043,77.9940185547,178.779205322,233.248474121
60.0436096191,75.4743347168,176.013793945,236.787384033
56.1363525391,72.1653137207,176.223388672,242.175506592
53.7059936523,73.7020874023,173.276184082,242.779785156
50.4167785645,69.9226074219,173.863586426,249.139770508
48.1376037598,67.3200073242,172.221221924,249.788208008
42.1104888916,72.4308776855,174.669876099,245.988983154
36.986907959,71.8204345703,177.646362305,246.536132812
31.0646362305,75.1038513184,180.903259277,246.416778564
33.6253967285,72.7711486816,177.948822021,247.058013916
31.6406555176,71.9391784668,176.417022705,245.336090088
28.0059204102,69.1723327637,179.487548828,250.141815186
27.6845397949,71.8997192383,179.121032715,249.630004883
30.3397216797,68.3721923828,176.126708984,252.213623047
29.0970458984,66.099609375,178.45211792,253.493164062
28.5153198242,65.1467895508,179.93637085,256.51373291
28.1351013184,65.1383056641,183.031646729,257.402770996
30.0586242676,68.468170166,182.071929932,254.501861572
30.3588562012,68.0300598145,180.088226318,254.72366333
30.2549743652,68.8413696289,180.280853271,254.623291016
28.1951904297,69.5883178711,181.336395264,252.825927734
28.0906066895,68.6989440918,180.789520264,252.032012939
29.3266906738,67.8432617188,180.353515625,254.558288574
28.2895202637,70.0961303711,178.89263916,249.880737305
25.4418945312,68.330291748,179.78237915,250.343536377
26.5151367188,65.4260559082,176.787231445,252.393890381
28.2296447754,65.5827941895,174.251922607,252.490753174
25.6948852539,69.9909973145,175.168945312,247.678375244
26.2549743652,68.8374328613,173.922515869,248.596343994
25.4161987305,68.2619628906,172.509307861,248.884033203
24.7215881348,69.0656433105,172.425140381,247.058319092
26.1810913086,66.9442443848,170.105621338,250.019989014
25.7546234131,68.1877441406,169.470169067,249.88079834
24.7645263672,66.803314209,169.930755615,249.71762085
26.9063110352,66.6862792969,165.830383301,248.929199219
26.0929870605,64.4369812012,165.038330078,249.128143311
27.2256317139,65.4270324707,163.146377563,249.977386475
25.8081512451,67.1004333496,164.630722046,249.487823486
24.1453552246,66.7268066406,168.364624023,250.180786133
28.556640625,66.6446533203,164.096557617,251.830505371
26.1199798584,67.2813720703,166.180923462,248.658447266
27.676651001,65.0332641602,166.830245972,252.368469238
29.090423584,66.6742858887,167.646575928,251.281707764
28.5272979736,66.8769226074,169.737136841,247.87991333
26.0303955078,62.7967224121,172.573730469,252.004180908
24.9029846191,60.9117431641,174.230407715,255.356140137
52.6795959473,65.8981018066,175.80670166,249.940032959
47.0559387207,68.5845031738,174.174102783,250.616546631
41.8500671387,67.5403137207,172.474395752,252.98727417
37.111038208,69.6476745605,173.370620728,249.726776123
32.3622894287,67.7732849121,173.774398804,249.453460693
37.5657958984,72.6100463867,169.829956055,247.366943359
38.2567901611,73.8942565918,170.03578186,245.399078369
39.4878845215,70.5079345703,169.359832764,245.618225098
39.9574890137,76.3641662598,171.150878906,241.739776611
71.4075317383,70.6442871094,168.635864258,243.215942383
62.448425293,70.736907959,172.868255615,243.634185791
61.3359680176,70.3918762207,175.619659424,247.4168396
61.6968078613,72.7646789551,173.357086182,245.050445557
60.9678649902,74.1449584961,174.519104004,242.019348145
59.8985290527,72.6831970215,177.366851807,242.66494751
89.115020752,69.3274841309,181.751312256,243.089324951
84.846496582,66.5569152832,183.571838379,241.334991455
78.3419494629,69.117767334,188.235168457,238.918304443
104.443908691,70.8518066406,192.652984619,236.591491699
97.1891479492,68.4013671875,197.341308594,239.499023438
93.2747192383,65.1221313477,199.758850098,241.857177734
89.1797180176,62.2892150879,208.255218506,244.690948486
84.2489929199,61.285369873,216.790618896,242.262359619
47.6558227539,72.5128173828,220.715393066,241.64654541
89.2429504395,72.4344787598,223.676300049,238.412811279
47.3887634277,83.6198730469,235.298187256,237.398803711
83.3829040527,80.4971923828,237.289276123,241.334899902
81.601348877,84.7256164551,236.887176514,237.117645264
78.46484375,87.4422912598,231.642150879,238.033294678
79.7932128906,86.2907409668,227.35357666,243.155059814
84.712097168,83.2231750488,224.64440918,244.300628662
86.7664794922,89.1612243652,225.194946289,235.845611572
88.4761352539,89.401550293,223.683532715,239.669433594
88.9112854004,93.5042724609,224.872467041,232.260742188
47.1917419434,108.09161377,227.108978271,224.618103027
89.634552002,108.963745117,228.683746338,222.770751953
87.8799743652,110.205169678,230.091522217,219.372467041
88.3902893066,113.777954102,229.676483154,215.589050293
92.2567749023,114.861846924,223.77947998,216.498504639
45.9015808105,124.551208496,234.345794678,211.509338379
92.9782714844,122.289093018,234.353637695,213.557281494
47.3141479492,126.160125732,241.911010742,212.256317139
96.8482971191,117.709228516,242.353729248,219.108825684
48.0379333496,121.967407227,253.974639893,217.070678711
59.5470581055,129.853546143,251.478271484,208.641265869
63.4189147949,139.041900635,252.186126709,199.408660889
67.7456054688,146.455200195,250.405578613,194.859161377
68.463684082,149.284805298,250.405578613,194.859176636
65.3720703125,154.129669189,253.713256836,191.9168396
121.630355835,117.197250366,253.713272095,191.916824341
71.9756698608,155.863006592,253.713256836,191.916809082
121.175323486,118.591217041,253.713256836,191.916809082
125.592575073,79.0903625488,253.713272095,191.916809082
136.849914551,39.9987792969,253.713256836,191.916809082
186.050598145,77.258392334,253.713256836,191.916809082
138.871948242,108.989608765,253.713256836,191.916824341
81.7420959473,155.0496521,248.314971924,185.581329346
35.8295288086,156.735168457,251.148620605,184.34161377
88.8882446289,159.58694458,241.216186523,179.906402588
46.5503845215,157.847290039,239.963897705,180.363891602
97.5050964355,163.251586914,227.730316162,175.028137207
57.2080383301,162.077758789,227.20010376,176.769073486
98.0417327881,161.564575195,227.200088501,176.769073486
58.0450134277,158.887512207,229.077911377,178.929870605
68.6211853027,156.162078857,218.171112061,182.54006958
107.606552124,153.754516602,218.171096802,182.54006958
62.2366027832,150.83505249,230.222137451,186.282531738
64.841506958,152.446426392,230.22215271,186.282516479
69.6035232544,152.821350098,230.222167969,186.282501221
71.9717712402,151.454101562,230.222167969,186.282501221
74.579284668,150.185455322,230.222167969,186.282501221
75.0127716064,150.5184021,230.22215271,186.282501221
36.2714920044,150.637176514,230.222167969,186.282501221
48.6921386719,149.684020996,230.222167969,186.282501221
52.0540161133,151.773498535,243.004699707,185.472595215
57.8826904297,154.129333496,240.518981934,186.160125732
98.5500793457,153.340560913,240.518981934,186.160110474
52.7401428223,149.980285645,250.930084229,188.603729248
56.0785064697,152.136306763,250.930099487,188.603744507
98.8756027222,152.054779053,250.930084229,188.603729248
47.8644104004,155.561065674,252.771759033,186.771118164
54.8352050781,156.264007568,252.771759033,186.771118164
58.6728668213,155.236373901,252.771774292,186.771133423
62.9934463501,154.846282959,252.771789551,186.771118164
66.5684967041,153.648910522,252.771774292,186.771133423
66.8510360718,153.844573975,252.771759033,186.771118164
69.580291748,154.388870239,252.771759033,186.771102905
72.0255737305,152.876312256,252.771759033,186.771087646
75.4852294922,153.855255127,252.771759033,186.771087646
78.4304504395,153.842300415,252.771759033,186.771102905
77.4908752441,155.605285645,257.845489502,185.569854736
79.4713134766,155.572631836,257.845489502,185.569854736
78.7933349609,154.60848999,260.115356445,185.549560547
80.7993774414,154.897491455,260.115356445,185.549560547
78.0775756836,155.125457764,264.718078613,185.46673584
36.8041687012,153.907531738,264.718078613,185.46673584
85.3669433594,154.160476685,264.718078613,185.466720581
36.5249328613,154.651794434,276.960235596,185.309082031
46.3856201172,153.220825195,276.960235596,185.309082031
52.5556793213,154.724761963,276.960266113,185.309082031
61.1168365479,154.651199341,276.960266113,185.309066772
63.9184417725,156.244750977,276.960266113,185.309082031
64.5319824219,154.519256592,276.960266113,185.309082031
66.5231323242,156.620620728,276.960266113,185.309066772
69.6313018799,156.450897217,276.960266113,185.309051514
70.5323638916,154.141052246,276.960266113,185.309051514
72.2657623291,153.007080078,276.960266113,185.309051514
72.2008514404,154.940155029,276.960266113,185.309051514
69.8330078125,155.324691772,276.960266113,185.309036255
72.0651245117,155.432830811,276.960266113,185.309020996
70.1724853516,155.934555054,276.960266113,185.309036255
70.2990570068,154.131530762,276.960266113,185.309051514
71.6534576416,153.861038208,276.960266113,185.309066772
71.2855072021,154.044464111,276.960266113,185.309051514
71.9301147461,154.431213379,276.960266113,185.309051514
71.3520812988,155.672164917,276.960266113,185.309036255
70.3521881104,155.810302734,276.960266113,185.309020996
70.2266845703,155.12159729,276.960266113,185.309005737
71.5176849365,155.1222229,276.960266113,185.309020996
70.4658203125,156.063461304,276.960266113,185.309036255
70.5103607178,154.619659424,276.960266113,185.309020996
70.5461425781,155.132217407,276.960266113,185.309005737
71.3986358643,154.51550293,276.960266113,185.309020996
71.5519714355,156.280044556,276.960266113,185.309005737
70.4434661865,155.824279785,276.960266113,185.308990479
70.3076629639,154.181564331,276.960266113,185.30897522
76.6092224121,151.365356445,266.970245361,190.941833496
77.4154663086,153.179229736,264.579040527,186.547515869
73.4678344727,152.433868408,270.503723145,187.726348877
76.3185119629,151.893188477,267.486236572,190.544067383
75.7589416504,151.679336548,267.486236572,190.544052124
75.7120361328,153.424865723,264.509521484,187.248535156
74.3457946777,153.245391846,268.372283936,188.145843506
74.9955291748,153.413040161,268.372253418,188.145858765
74.2435455322,152.796325684,268.372253418,188.145843506
76.1794433594,153.252319336,268.372253418,188.145843506
29.3591308594,154.519775391,285.487121582,186.007171631
89.4030761719,153.252319336,271.376647949,185.398101807
46.6027069092,155.030197144,271.376647949,185.398086548
93.2185058594,154.270477295,271.376647949,185.398071289
46.3150024414,153.574707031,271.376647949,185.398071289
56.8463745117,155.883239746,271.376647949,185.398071289
65.7878723145,155.929595947,266.276031494,185.85055542
68.425567627,152.997375488,262.787445068,187.298522949
69.8189086914,153.324615479,262.787445068,187.298522949
72.3744506836,153.17477417,259.74017334,189.051879883
75.9928894043,152.983062744,258.051177979,191.270568848
77.4008636475,152.060653687,258.051147461,191.270584106
71.7202453613,155.66998291,264.394927979,185.808746338
74.9612579346,157.503219604,264.394958496,185.808731079
79.3173217773,157.998626709,259.261352539,181.868774414
76.0812683105,157.954040527,259.381988525,179.685852051
73.0075836182,156.685333252,259.382019043,179.685852051
79.0998840332,157.904815674,251.729949951,176.823547363
77.7627258301,156.938476562,251.729949951,176.823547363
78.4664764404,156.9271698,251.729934692,176.823562622
38.759223938,156.332458496,251.729949951,176.823547363
51.2017822266,156.455322266,253.96673584,177.815734863
99.5086364746,157.371704102,253.96673584,177.815734863
100.509338379,156.060577393,245.562805176,178.880645752
55.779083252,154.846832275,245.817962646,183.320129395
98.1179504395,154.338134766,245.817962646,183.320129395
49.2754821777,151.578125,252.816497803,188.288543701
95.6641540527,153.073120117,252.816497803,188.288543701
48.0834655762,155.510192871,254.895782471,186.906829834
96.4710388184,153.590393066,254.895782471,186.906829834
49.9631652832,153.717193604,261.9793396,187.692169189
59.0650024414,154.01776123,261.9793396,187.692169189
63.6950073242,154.638671875,261.9793396,187.692169189
67.1595458984,154.253036499,261.9793396,187.692153931
69.8728179932,153.73046875,261.979370117,187.692169189
75.2027282715,152.667114258,257.061676025,189.909545898
74.9028167725,153.571655273,257.061645508,189.909545898
73.2694091797,155.481567383,264.55480957,187.146514893
75.249786377,154.073669434,264.836090088,188.923492432
75.6723327637,152.182769775,264.836090088,188.923492432
78.026550293,154.12387085,260.973449707,183.760162354
76.7225952148,153.527160645,260.973449707,183.760162354
39.4324188232,153.425094604,260.973449707,183.760147095
87.5964050293,155.828125,259.733306885,181.991424561
39.1712341309,153.040344238,269.842010498,184.545715332
47.4801635742,154.582626343,269.842010498,184.545730591
58.1386108398,156.498413086,269.842010498,184.545715332
61.7543029785,156.83782959,268.963775635,182.863189697
58.5697937012,154.976745605,270.9637146,185.135162354
60.6711425781,154.662963867,270.282287598,186.271881104
62.5304870605,153.448944092,268.195587158,187.945251465
61.0016784668,150.537445068,270.856719971,191.241485596
59.2151489258,153.092254639,275.016723633,188.117614746
58.6067199707,154.995635986,275.438018799,186.895782471
59.9873352051,153.953796387,274.067230225,187.36151123
61.4251708984,155.182495117,271.629821777,184.977386475
60.5750732422,154.16696167,273.758483887,187.187347412
61.5766601562,155.096466064,272.77545166,185.886627197
61.7471313477,155.069274902,274.359191895,186.799407959
63.6561279297,154.72277832,271.841430664,188.373504639
65.878692627,150.285400391,272.152130127,192.097564697
67.4054870605,153.406280518,265.941558838,187.288757324
70.1669921875,150.557830811,261.891540527,191.054260254
72.0540161133,152.013916016,259.788208008,191.714630127
73.7066040039,153.5078125,258.695739746,191.058105469
73.7754821777,153.808242798,258.695739746,191.05809021
72.4149475098,155.835968018,262.684234619,186.962005615
74.4064178467,156.66619873,262.684204102,186.962005615
74.8793182373,153.800430298,262.684204102,186.962020874
38.9739227295,153.515563965,262.684204102,186.962036133
90.2830810547,154.672332764,253.768615723,183.263153076
47.1631774902,152.007751465,261.772186279,183.832794189
53.496673584,154.970062256,257.384674072,182.727142334
62.9997253418,156.353927612,257.384674072,182.727127075
62.2178192139,155.759490967,257.384643555,182.727111816
61.4372711182,155.520278931,257.384643555,182.727096558
63.2291412354,155.06161499,257.384643555,182.727111816
61.5518188477,156.346496582,257.384643555,182.727111816
61.865447998,156.25958252,257.384643555,182.727111816
61.5679321289,155.807342529,256.948120117,182.140289307
61.3582763672,156.610656738,259.810058594,180.120361328
60.4487915039,155.678649902,258.453063965,181.989318848
60.3999633789,155.823135376,258.453063965,181.989303589
59.4308319092,156.206512451,258.453063965,181.989318848
60.9700775146,155.282791138,258.453063965,181.989303589
61.8492584229,155.107025146,258.453063965,181.98928833
62.2630157471,155.521499634,258.453063965,181.989303589
58.3954162598,155.720123291,260.127655029,183.954742432
61.9212036133,155.807983398,256.003723145,184.974029541
64.5254821777,155.847381592,256.302032471,184.699615479
66.9519042969,156.737060547,253.217163086,184.086883545
65.5081329346,157.721069336,253.217147827,184.086883545
65.0901794434,157.442260742,254.686981201,184.691009521
66.154876709,156.350784302,254.686981201,184.69102478
66.5253601074,156.745117188,254.686981201,184.691040039
66.096496582,156.647674561,254.686981201,184.691040039
65.8076477051,156.919219971,254.686981201,184.691040039
66.129989624,158.088943481,254.686965942,184.69102478
66.4549484253,158.678405762,254.686950684,184.691009521
67.2735137939,159.063446045,254.686935425,184.691009521
66.6245651245,159.175201416,254.686920166,184.691009521
67.3543548584,158.989379883,254.686904907,184.691009521
67.0339736938,158.318496704,254.686920166,184.69102478
68.7557373047,159.301025391,254.686920166,184.691009521
67.9742584229,158.041488647,254.686935425,184.690994263
68.0407791138,158.739898682,254.686950684,184.691009521
68.5343322754,158.398406982,254.686950684,184.691009521
67.8326721191,157.867843628,254.686950684,184.690994263
68.3649749756,158.336090088,254.686965942,184.690979004
69.8362808228,158.233581543,254.686981201,184.690979004
71.2429351807,156.51109314,254.68699646,184.690994263
72.1832504272,156.854492188,254.686981201,184.691009521
32.5660705566,156.568023682,254.686981201,184.691009521
41.8255615234,155.660980225,271.502990723,182.177703857
51.1497802734,156.581497192,271.502990723,182.177719116
53.3442840576,155.392089844,271.502990723,182.177734375
56.0624542236,155.829025269,271.502990723,182.177749634
59.2495117188,153.615966797,271.502990723,182.177764893
63.7732849121,153.701141357,261.254547119,182.810852051
61.3527526855,153.819915771,261.254547119,182.810852051
60.9338378906,155.237716675,261.254547119,182.81086731
59.9678039551,153.577667236,261.254547119,182.810852051
59.1177520752,153.992248535,261.254577637,182.810852051
58.7094116211,153.779388428,261.254577637,182.810852051
59.8534088135,153.69859314,261.254577637,182.81086731
60.0531463623,154.153991699,261.254577637,182.810852051
59.2971191406,154.305206299,261.254577637,182.810852051
59.0673980713,153.38659668,261.254577637,182.810852051
57.5982208252,153.7706604,261.254577637,182.810852051
60.7696228027,153.40687561,261.254577637,182.810836792
59.2890472412,152.408538818,261.254577637,182.810852051
60.7091064453,154.31489563,261.254577637,182.810836792
59.8903503418,155.367034912,261.254577637,182.810821533
57.2600708008,153.097122192,261.254577637,182.810836792
59.2624969482,152.763427734,261.254577637,182.810852051
59.513168335,153.544891357,261.254577637,182.810852051
59.0876312256,153.362930298,261.254577637,182.810836792
325.29989624,127.169616699,119.348815918,77.8926849365
321.334655762,122.417808533,129.303527832,85.373008728
317.362609863,119.638465881,137.388000488,91.7053604126
315.577758789,117.708648682,141.808319092,96.8278198242
315.886108398,117.408691406,146.594390869,97.9698791504
316.611816406,117.610427856,146.531158447,98.3482055664
316.361755371,116.972198486,149.350769043,99.600769043
316.457733154,115.433303833,149.920135498,101.818145752
319.258911133,115.772186279,152.742797852,103.200561523
319.010314941,114.62121582,154.405639648,106.605438232
320.206848145,114.49446106,153.445465088,109.948043823
325.004516602,114.0859375,149.210235596,109.941894531
325.255615234,117.432785034,148.315155029,105.585342407
327.766357422,118.343109131,152.068145752,108.921966553
327.536621094,118.635879517,149.69317627,110.698348999
329.964660645,119.036254883,146.889648438,112.577178955
330.25793457,117.572097778,152.180175781,114.655776978
337.319671631,110.183578491,149.946258545,112.972702026
333.302276611,118.209472656,146.693328857,113.331298828
329.920593262,120.366973877,143.406433105,116.276031494
342.247161865,109.178894043,145.841583252,118.250457764
337.015625,118.401260376,142.75177002,119.966201782
330.723693848,119.115859985,144.294342041,119.020065308
330.659667969,118.506973267,147.259887695,122.446884155
339.996032715,108.676002502,145.338897705,120.849586487
336.732299805,117.683120728,140.217254639,123.58052063
333.840332031,117.062973022,139.993896484,126.715621948
311.398742676,103.001075745,139.993896484,126.715629578
326.906982422,106.927902222,138.276550293,125.161178589
334.387634277,116.025482178,137.25189209,126.190612793
328.299743652,109.272827148,137.399383545,126.326202393
330.800811768,105.481887817,136.414337158,125.420547485
333.110076904,110.504272461,138.195007324,130.057525635
329.22833252,113.047805786,135.556274414,132.788467407
331.608337402,104.344970703,136.202667236,133.421661377
332.718292236,109.614654541,133.929229736,135.623901367
327.131408691,98.6054534912,133.544708252,135.234527588
330.251068115,106.588943481,138.073883057,133.616104126
335.514038086,110.931900024,133.617950439,130.78477478
334.520446777,113.730026245,133.878875732,127.879653931
335.743469238,113.033126831,131.099975586,123.103378296
334.38269043,111.023223877,135.397857666,125.410949707
335.746765137,115.056045532,132.001159668,119.858230591
336.556518555,116.307418823,126.255950928,118.330459595
333.872314453,111.848007202,133.156097412,121.104537964
335.693786621,112.642623901,131.788970947,122.921859741
335.373504639,112.537780762,131.268737793,122.768493652
334.930847168,113.892593384,132.535888672,122.246414185
333.684387207,113.588150024,131.542541504,124.265731812
334.399658203,110.84312439,131.078582764,123.827438354
333.736724854,111.890167236,131.028137207,124.405914307
337.268981934,114.143081665,126.301025391,120.983596802
334.585571289,106.403053284,126.199829102,120.886650085
336.478271484,112.034362793,125.28213501,122.366333008
335.399841309,106.020797729,126.080383301,123.146011353
335.335083008,111.209991455,125.594329834,124.39352417
332.938232422,113.069992065,125.71395874,125.21446228
333.356018066,112.001068115,123.854553223,124.659851074
334.945251465,114.782348633,123.060241699,123.561553955
336.251831055,114.543502808,120.933349609,118.725448608
333.979492188,113.134857178,121.221099854,123.437988281
335.290039062,115.288757324,119.455749512,123.136993408
336.289642334,115.456069946,118.223297119,118.405044556
337.013244629,112.208221436,117.692108154,122.742980957
336.438293457,113.29750061,116.890319824,123.978317261
336.394104004,112.961120605,117.607574463,123.455535889
337.334716797,111.989730835,114.664489746,121.775222778
334.960632324,115.987426758,117.30682373,119.668243408
335.013183594,117.400619507,115.545928955,115.912124634
335.832092285,119.186538696,115.002532959,111.844436646
337.180725098,119.083572388,114.629455566,109.645553589
335.926574707,119.524093628,115.00289917,108.478500366
336.279418945,120.303848267,113.775878906,107.934249878
335.927368164,119.413848877,114.289245605,112.659454346
336.558898926,120.701400757,113.244293213,116.145065308
336.770202637,118.716491699,113.105163574,118.21875
336.02545166,118.511825562,112.705291748,119.895187378
334.48449707,117.482162476,113.582550049,120.496444702
333.221435547,115.101089478,114.267303467,123.326004028
334.414367676,115.795578003,110.924438477,120.189224243
335.311157227,120.350509644,109.443511963,115.251968384
343.13293457,115.501792908,110.821258545,116.702827454
336.375427246,115.063766479,112.973754883,118.969589233
331.592651367,118.587051392,113.038330078,120.253158569
329.879699707,119.113204956,113.663604736,121.76713562
329.85244751,122.956115723,111.371520996,117.302703857
330.940124512,122.833435059,111.189331055,114.078308105
328.248046875,122.263366699,114.137908936,117.698486328
328.418487549,125.613052368,110.961273193,113.433120728
325.215515137,122.324157715,116.161407471,116.915740967
333.03302002,121.931030273,114.993103027,115.739852905
325.825775146,122.972564697,116.465301514,116.188842773
325.824554443,119.520095825,118.283111572,118.002365112
331.002288818,116.422912598,119.45010376,119.1665802
327.930938721,117.245643616,119.341888428,119.058647156
325.376556396,118.169265747,118.624359131,118.342788696
317.983154297,123.181900024,121.446777344,118.434188843
311.877593994,125.657485962,127.613250732,117.877151489
317.107421875,116.862136841,126.893310547,117.212158203
309.41986084,121.598770142,132.540008545,119.466934204
306.766052246,123.505691528,136.614654541,120.503555298
303.119415283,122.648300171,137.738464355,123.474716187
304.77355957,120.973022461,137.410247803,126.446929932
305.822143555,124.228805542,134.25970459,125.075057983
303.359405518,126.668334961,136.471343994,122.429779053
304.495361328,125.753265381,136.610168457,122.902435303
302.684753418,124.852172852,135.68560791,121.893981934
301.040618896,126.725234985,134.2159729,120.087783813
301.241546631,128.420883179,135.14239502,117.838638306
302.209289551,129.31892395,132.184082031,114.326248169
300.284210205,131.019622803,133.302947998,109.420959473
300.543640137,131.348449707,134.628326416,108.803894043
298.562255859,129.364883423,136.933258057,110.514846802
298.02166748,131.390075684,135.848327637,106.683990479
297.045349121,131.794189453,135.730712891,107.747711182
296.130615234,131.534362793,137.126617432,107.930999756
295.181121826,131.782272339,138.26675415,108.29069519
296.29284668,133.053497314,135.960418701,104.982208252
296.171356201,132.998153687,135.848602295,102.444992065
296.142700195,130.613128662,141.360839844,104.353530884
293.222503662,129.055969238,141.51071167,107.207885742
293.719360352,131.482315063,143.389160156,102.782516479
293.846923828,130.922683716,139.803100586,100.664764404
292.400695801,131.347137451,144.431610107,102.662506104
290.37298584,130.531143188,146.285949707,103.868515015
291.69543457,127.194778442,142.296508789,109.876876831
292.984741211,129.548873901,143.139404297,109.805007935
290.181213379,131.152893066,142.60534668,104.880249023
293.251342773,128.631378174,143.973724365,109.751861572
288.03729248,130.932128906,144.128295898,107.140045166
294.112670898,131.090560913,143.676055908,106.476333618
289.306762695,133.148727417,146.53137207,103.794052124
292.296691895,133.476898193,144.40637207,101.154907227
289.723754883,133.963638306,144.548614502,99.3016357422
289.09552002,133.28352356,149.159973145,101.63861084
290.477111816,132.223312378,144.420532227,103.324127197
291.836791992,133.382080078,142.93862915,99.9280395508
288.967651367,132.8097229,146.533294678,100.813079834
288.983947754,131.366775513,146.210968018,103.364807129
286.919250488,129.683166504,148.84854126,105.374023438
287.762878418,130.169555664,145.156005859,106.134368896
288.383300781,131.046081543,146.711975098,103.468811035
288.753814697,130.52583313,151.485961914,105.930435181
287.993713379,129.710479736,151.249938965,106.450531006
285.758789062,128.214263916,151.064788818,107.150421143
287.435058594,124.385559082,150.962280273,111.590942383
286.904968262,123.772735596,149.261962891,113.168579102
287.347045898,123.805801392,149.828979492,111.910507202
288.803619385,123.187515259,146.359527588,114.152694702
285.696166992,121.252700806,152.311584473,113.735366821
285.317565918,120.367004395,157.416229248,115.189849854
287.484375,122.203079224,155.044677734,115.610122681
286.518981934,123.542037964,154.555541992,113.895370483
285.43951416,126.060012817,151.617401123,110.164871216
286.364440918,127.575057983,149.524475098,108.171218872
283.183990479,129.33380127,153.310241699,106.57208252
285.886352539,131.022109985,152.849365234,104.045303345
283.145874023,132.003204346,151.389984131,104.013519287
282.831787109,131.167266846,153.347076416,103.457427979
282.618591309,131.194137573,155.181121826,102.336776733
283.142059326,132.645339966,152.981750488,101.676742554
284.492340088,130.774261475,150.126708984,104.16456604
284.929077148,132.466033936,150.652801514,101.346832275
284.14440918,130.813766479,151.239227295,103.146255493
286.565826416,130.596405029,150.260345459,103.832611084
285.276428223,131.686752319,150.522064209,102.18107605
286.06829834,130.75050354,149.528961182,103.241394043
283.921234131,132.413696289,152.116729736,101.896179199
288.307647705,133.393981934,148.163787842,101.306488037
284.836639404,134.420974731,149.622070312,100.746307373
285.518798828,136.145797729,150.995422363,97.9934234619
283.392456055,133.720108032,153.276062012,99.1251831055
286.014221191,134.351806641,150.975524902,99.1929168701
283.457000732,135.169036865,152.384887695,98.0023040771
285.753814697,134.687164307,147.49609375,99.7610321045
283.507171631,135.856903076,151.902801514,97.9638977051
283.346801758,134.790817261,151.67175293,99.8473815918
282.719940186,132.949981689,150.506622314,102.189941406
284.328552246,132.330978394,149.153900146,103.136199951
283.878662109,133.321563721,146.966339111,102.985443115
281.760223389,133.265991211,151.668182373,102.907867432
283.316955566,132.862487793,149.296295166,102.630706787
284.154510498,127.062332153,149.729400635,102.928421021
284.704864502,126.962547302,149.089996338,102.488853455
279.287780762,129.385421753,153.735198975,105.464004517
278.811584473,130.435516357,154.897247314,104.28894043
281.849395752,123.717750549,155.522918701,104.710197449
280.425048828,128.047271729,155.892791748,103.958007812
287.245544434,123.289573669,156.514587402,104.372657776
276.773925781,124.237976074,162.351593018,104.835540771
281.133331299,120.844436646,162.432891846,104.888046265
281.131378174,120.433578491,162.413146973,104.875289917
278.710632324,122.144332886,162.073272705,108.236129761
280.859863281,124.421112061,157.066680908,104.750579834
289.83505249,117.516799927,157.625823975,105.123474121
278.028320312,120.876571655,164.175537109,107.056106567
282.757141113,122.660675049,160.173828125,108.449157715
282.653808594,118.209449768,162.353424072,109.924888611
282.814575195,118.302154541,162.180725098,110.670318604
285.411224365,121.396255493,159.193634033,109.179763794
291.435638428,111.71647644,160.665252686,110.189041138
288.797973633,115.883544922,160.643920898,112.27557373
290.282928467,107.641220093,162.796447754,113.779983521
291.502960205,108.796020508,163.736358643,114.436889648
292.097351074,110.419067383,162.256744385,115.707763672
293.683105469,111.802139282,159.020935059,117.302841187
296.286987305,114.004577637,156.631164551,116.333343506
299.004821777,115.758544922,154.844116211,117.202453613
300.019470215,113.637481689,152.662353516,122.30380249
302.168731689,114.202606201,151.381500244,122.14831543
301.870239258,117.725326538,152.924682617,123.027145386
301.571289062,117.111099243,149.820678711,124.784744263
303.703460693,118.343292236,149.817382812,125.13885498
302.64465332,116.786361694,150.382385254,129.285964966
303.190093994,114.032119751,151.67388916,135.466751099
304.449523926,116.944366455,150.361206055,133.970245361
303.696166992,115.265625,153.928192139,134.823913574
304.704345703,115.742706299,154.898681641,134.822143555
301.573791504,113.460083008,157.341094971,135.983276367
303.045288086,113.717269897,157.084655762,136.59928894
302.810241699,110.802658081,155.911254883,138.609634399
301.124755859,110.123687744,159.643798828,138.700683594
300.507568359,110.902618408,159.418212891,138.721557617
297.290466309,91.3228759766,162.515045166,139.719940186
297.071350098,97.6014251709,161.01361084,136.992141724
299.379211426,102.256439209,159.774475098,135.644226074
297.836181641,105.488891602,160.126678467,138.995300293
300.129760742,107.877380371,158.232147217,135.981811523
303.09375,107.323120117,157.113800049,135.936187744
301.698120117,106.877624512,158.308563232,137.253875732
301.241851807,107.004211426,159.325683594,136.528747559
300.924133301,105.8931427,159.56161499,137.531265259
300.637481689,106.271987915,159.0234375,136.435165405
298.544555664,108.328857422,160.287719727,134.88458252
302.71307373,110.74420166,160.520385742,132.202880859
302.534790039,107.794021606,160.006408691,133.588363647
300.979614258,107.615661621,162.809875488,136.497436523
300.446472168,109.816772461,163.117736816,132.821289062
299.409759521,111.817016602,163.13092041,130.288665771
300.24420166,111.57244873,163.603210449,128.148071289
303.216583252,112.524002075,160.062133789,127.352737427
305.484313965,112.01940918,158.594665527,127.198699951
306.279327393,111.10723877,155.05065918,127.768859863
299.855529785,95.0428619385,156.612548828,129.055938721
302.380126953,101.507766724,162.815155029,126.055496216
300.110046387,107.157440186,161.107208252,124.618591309
304.470001221,108.02041626,158.110900879,125.377746582
303.054351807,111.608642578,158.544677734,123.019042969
306.082214355,113.052307129,153.700286865,124.815002441
297.58972168,97.2798919678,156.764648438,127.303466797
302.23147583,95.4251785278,159.304901123,129.36630249
308.002624512,94.9230422974,156.753173828,127.294151306
304.595214844,104.940093994,159.237670898,127.211547852
302.56640625,99.4312133789,158.097412109,126.300613403
309.267303467,101.55696106,156.768280029,125.238815308
305.565246582,103.092834473,155.129608154,123.929718018
305.976623535,100.430702209,156.244354248,124.820274353
307.422302246,110.179458618,148.305877686,123.461257935
304.649475098,101.17817688,147.5496521,122.831710815
302.076812744,102.173683167,144.793487549,120.537254333
311.654022217,103.275253296,144.887481689,120.615493774
310.592590332,103.87727356,143.207092285,119.216598511
310.930450439,106.968406677,142.759124756,118.843666077
304.804443359,107.349327087,141.298309326,117.627571106
309.616119385,111.032447815,140.920501709,117.313072205
308.071014404,116.669235229,142.552734375,116.501174927
302.583587646,109.488624573,141.855377197,115.931251526
305.561676025,110.328262329,141.232025146,115.421813965
305.262359619,111.167175293,141.725006104,115.824707031
306.586975098,120.306640625,143.884643555,110.950958252
308.613433838,112.755699158,143.707550049,110.814414978
307.445587158,113.911727905,145.733154297,112.37638855
306.263916016,112.571327209,144.018493652,111.054191589
299.363067627,112.2162323,145.024627686,111.830032349
303.191925049,119.671722412,146.713378906,108.418792725
305.769226074,124.80670166,142.090270996,106.604614258
306.376617432,127.092559814,143.478027344,104.429626465
305.592102051,128.799942017,140.8125,102.113723755
309.153991699,129.908233643,136.19619751,102.666229248
312.526245117,129.824478149,132.49697876,104.163284302
315.264892578,129.200744629,128.043609619,106.768371582
310.504119873,113.689651489,128.319244385,106.998184204
308.864746094,111.616989136,127.861724854,106.61668396
308.899536133,113.739891052,126.340820312,105.348487854
311.21484375,115.376609802,124.38104248,103.714332581
309.048034668,113.390060425,125.184692383,104.384475708
312.838226318,115.203834534,124.745513916,104.0182724
311.342041016,116.708213806,125.056976318,104.27797699
309.213165283,116.264076233,125.745544434,104.852134705
309.414337158,116.032432556,127.160675049,106.032112122
315.998840332,135.631072998,120.812103271,107.676239014
320.475952148,134.143615723,116.963226318,106.838653564
324.543334961,132.848251343,112.313751221,106.913955688
327.827209473,119.107894897,108.298034668,107.865402222
325.733123779,126.520080566,108.431793213,106.223937988
328.78894043,129.888946533,102.600006104,105.913299561
330.00982666,129.206069946,100.420898438,109.201797485
329.500244141,127.645523071,101.157440186,111.63899231
328.854125977,127.562393188,100.47442627,111.878158569
329.430480957,127.184829712,99.5608520508,112.076583862
329.332702637,127.809753418,98.5614318848,111.42401123
330.705383301,127.785629272,98.0053100586,110.216720581
329.751708984,130.457336426,99.1797485352,107.815490723
328.106445312,129.339492798,98.9563598633,108.406082153
327.971710205,129.491607666,98.0608825684,108.607849121
328.170410156,129.605621338,96.2405700684,110.028930664
327.678161621,129.496322632,96.0034790039,109.696456909
327.195251465,129.381820679,96.5191345215,109.452285767
326.117675781,129.36831665,95.7116088867,109.347503662
326.545806885,130.423049927,96.400604248,107.251724243
326.185974121,131.749969482,95.5000610352,107.209991455
326.173828125,131.65411377,94.3907775879,106.679107666
325.57409668,130.498733521,94.9983215332,106.097793579
323.56451416,131.521377563,96.9016723633,104.715194702
322.462249756,132.153442383,97.1338806152,103.853088379
322.24609375,132.996948242,97.2885742188,100.755004883
321.018249512,132.305755615,100.327148438,101.304824829
321.34387207,132.017593384,100.755493164,102.243881226
321.606018066,133.625640869,98.8473815918,100.677963257
321.996154785,133.515686035,98.6275634766,99.8053588867
321.353424072,134.041870117,98.8665466309,98.2858886719
321.603210449,133.296157837,98.9460449219,98.4676361084
321.035766602,134.238433838,98.4751586914,98.3277282715
320.477966309,133.570861816,99.4353027344,98.290512085
318.979431152,133.250274658,101.687164307,98.0240783691
319.243652344,133.707244873,102.027038574,100.072479248
319.827453613,133.12449646,102.571990967,100.464492798
318.735595703,133.76776123,103.971160889,100.624603271
319.816375732,135.28666687,101.774261475,97.6803436279
318.595581055,135.476470947,102.379394531,97.0724639893
318.275024414,136.097747803,103.330108643,95.8638305664
318.8671875,135.82170105,102.577392578,96.9338989258
319.180145264,137.211868286,101.267120361,93.0945281982
320.852966309,136.357025146,101.130096436,94.5684814453
321.64831543,133.981643677,99.9503173828,98.1175384521
321.436950684,133.742858887,99.8296813965,99.2821044922
320.242340088,132.374160767,102.030853271,99.0988922119
319.858764648,132.194534302,103.182556152,98.1186218262
319.133361816,132.560134888,103.49420166,100.542816162
316.654663086,132.109909058,104.98046875,104.841827393
314.180328369,132.463500977,107.271026611,103.128631592
319.860687256,120.437301636,108.505950928,104.315872192
321.632568359,125.62827301,105.272888184,101.20766449
302.852966309,130.087997437,113.09576416,100.9400177
306.341796875,134.519515991,112.077972412,99.0835723877
304.273620605,133.751174927,111.539672852,102.165679932
301.548217773,134.297897339,110.935577393,104.504043579
297.257385254,132.118408203,110.859680176,107.198150635
292.771362305,132.064971924,109.897949219,108.573669434
291.010498047,135.109603882,109.162475586,105.990524292
285.418762207,137.78956604,109.675628662,104.472091675
280.870330811,135.235488892,109.141479492,106.126998901
276.601501465,136.519302368,108.874176025,106.321395874
271.883972168,138.870056152,109.003967285,104.804260254
266.35949707,138.978988647,110.067260742,105.536636353
259.455871582,139.403244019,112.706756592,103.597396851
253.732727051,139.328186035,113.122283936,102.370483398
250.270843506,139.292633057,114.609771729,102.368164062
244.590866089,139.403793335,115.152206421,100.31401062
240.291290283,136.967956543,113.297546387,100.114776611
223.105270386,140.423080444,112.029922485,93.9734802246
222.916748047,141.140609741,113.121673584,90.1135559082
218.621810913,140.251953125,117.495407104,89.8809814453
197.305267334,141.350906372,124.261169434,88.9908752441
195.867279053,141.305328369,127.177001953,91.0659332275
192.873703003,139.854614258,130.442398071,92.5700683594
188.889175415,138.663345337,129.225784302,94.6028900146
181.410690308,140.266082764,132.00831604,96.2028656006
172.622970581,142.650238037,135.18901062,95.6842956543
168.041030884,144.426467896,134.999710083,93.9783935547
167.772384644,144.221160889,131.092727661,95.027557373
157.759399414,140.365097046,134.150390625,100.696334839
155.740859985,143.418624878,135.271408081,102.602920532
151.706726074,145.06022644,135.181243896,103.207199097
146.184448242,144.391952515,135.239685059,104.964950562
144.37046814,145.585144043,131.805252075,105.268157959
142.909362793,148.482009888,130.999786377,104.917892456
143.026397705,147.990539551,127.156402588,106.210571289
139.309524536,149.823562622,126.78175354,105.362106323
138.254623413,150.887619019,125.890762329,104.149887085
133.73890686,152.027572632,126.267562866,101.734786987
132.294052124,154.245544434,126.879837036,100.241073608
131.420349121,155.295883179,123.158843994,99.0670623779
115.7762146,158.305801392,122.355987549,95.5939941406
115.347351074,161.372329712,125.284179688,91.9968109131
116.880722046,161.526397705,126.262680054,93.6511230469
119.113494873,164.01852417,125.836395264,92.3101501465
118.534088135,167.569198608,126.293212891,89.2015533447
116.931518555,171.460693359,127.721679688,85.5375976562
117.020126343,173.6484375,130.940414429,84.1260681152
112.160949707,176.432891846,134.909698486,82.6814880371
106.719207764,179.60848999,113.207092285,70.7240753174
105.848373413,181.653305054,116.988479614,72.5925750732
106.308563232,183.673339844,119.345214844,73.3127441406
108.447906494,183.71383667,125.599456787,72.0451507568
109.458282471,185.174743652,125.234863281,72.7173461914
109.70451355,186.719024658,125.256057739,72.302947998
110.160903931,186.395568848,124.624649048,72.9239501953
111.454849243,185.26361084,123.501785278,75.284362793
110.71887207,183.620483398,124.511962891,76.4083862305
111.613098145,181.717498779,125.613250732,78.7023925781
113.488845825,180.051086426,124.080184937,82.1006774902
92.4681243896,174.052200317,123.705200195,81.8525543213
112.870742798,176.933227539,130.477371216,81.5369262695
94.9867706299,173.944671631,129.944747925,81.2040710449
111.814224243,174.535797119,131.383651733,82.4998779297
111.700210571,175.727233887,130.322280884,82.4476013184
110.413314819,178.21270752,130.557693481,82.1621398926
111.118545532,179.269165039,128.913803101,81.724029541
109.305496216,177.91607666,127.176895142,82.0802612305
108.321868896,179.299316406,125.264404297,78.8626708984
105.657745361,178.824356079,125.414825439,78.6572723389
103.691345215,178.265441895,125.581390381,77.4218139648
104.395187378,178.168457031,125.573684692,78.0976867676
104.541168213,179.254333496,124.139923096,77.6511230469
103.663833618,179.854675293,125.621261597,77.0813598633
103.171966553,179.456970215,125.938232422,76.5334777832
103.635772705,180.883300781,125.787963867,75.2437744141
102.853256226,181.47454834,128.717544556,74.4744720459
104.379806519,180.200912476,127.463851929,76.2938690186
103.727340698,180.362335205,128.24357605,75.8601379395
103.54624939,179.967376709,128.190139771,76.537689209
104.208633423,179.697113037,128.27003479,76.1350250244
102.844390869,179.184295654,127.58203125,76.1818389893
101.322631836,179.612487793,127.430786133,75.912322998
103.08140564,179.971160889,126.380752563,76.3943786621
103.370101929,180.733718872,127.621139526,75.5631561279
103.222991943,180.414779663,127.914581299,75.9051055908
103.237594604,179.879119873,128.756790161,76.6098022461
103.263427734,179.732879639,130.399291992,75.8388519287
102.111831665,180.374847412,128.447799683,75.2112579346
102.508377075,179.285614014,127.350357056,75.9912261963
103.757980347,178.92086792,126.77784729,76.8366851807
103.433151245,178.349319458,125.589981079,77.5692596436
103.599609375,179.529434204,125.13873291,76.2740783691
103.49130249,179.066772461,125.730133057,76.2021942139
103.466323853,179.596282959,125.719528198,75.818649292
101.754211426,179.665588379,126.847686768,75.6387786865
101.866790771,179.670196533,126.516113281,76.5899658203
103.310241699,179.479949951,127.464385986,76.6621704102
102.106079102,178.799285889,127.185394287,76.9534912109
104.243118286,179.227157593,126.044692993,78.1223602295
105.417541504,180.575317383,125.761627197,76.2671508789
103.730270386,179.978179932,126.428909302,76.2087097168
102.276046753,180.329223633,127.999954224,75.8610839844
103.694900513,179.918060303,127.346633911,76.5774841309
103.050094604,179.88760376,127.784225464,76.3760070801
104.425582886,179.823699951,128.032180786,76.8429260254
103.262496948,179.171051025,127.665817261,76.2751617432
101.743011475,180.670516968,128.880096436,74.9839019775
103.098403931,179.715301514,127.814498901,75.6175079346
101.325927734,179.774688721,129.348999023,75.8831939697
100.302856445,179.258132935,129.512908936,76.1182556152
100.138473511,179.114486694,130.566970825,77.4088897705
101.790756226,179.789672852,130.760787964,76.1718292236
102.732940674,179.166305542,127.797424316,75.5411529541
