1.0
0.99
0.99
0.99
0.99
0.99
0.99
0.99
0.99
0.99
0.99
0.99
0.99
0.99
0.99
0.99
0.99
0.99
0.99
0.99
0.99
0.99
0.99
0.99
0.99
0.99
0.99
0.99
0.99
0.99
0.99
0.99
0.99
0.99
0.99
0.99
0.99
0.99
0.99
0.99
0.99
0.99
0.99
0.99
0.99
0.99
0.99
0.99
0.99
0.99
0.99
0.99
0.99
0.99
0.99
0.99
0.99
0.99
0.99
0.99
0.99
0.99
0.99
0.99
0.99
0.99
0.99
0.99
0.99
0.99
0.99
0.99
0.99
0.99
0.99
0.99
0.99
0.99
0.99
0.99
0.99
0.99
0.99
0.99
0.99
0.99
0.99
0.99
0.99
0.99
0.99
0.99
0.99
0.99
0.99
0.99
0.99
0.99
0.99
0.99
0.99
0.99
0.99
0.99
0.99
0.99
0.99
0.99
0.99
0.99
0.99
0.99
0.99
0.99
0.99
0.99
0.99
0.99
0.99
0.99
0.99
0.99
0.99
0.99
0.99
0.99
0.99
0.99
0.99
0.99
0.99
0.99
0.99
0.99
0.99
0.99
0.99
0.99
0.99
0.99
0.99
0.99
0.99
0.99
0.99
0.99
0.99
0.99
0.99
0.99
0.99
0.99
0.99
0.99
0.99
0.99
0.99
0.99
0.99
0.99
0.99
0.99
0.99
0.99
0.99
0.99
0.99
0.99
0.99
nan
0.99
0.99
0.99
0.99
0.99
0.919364571571
0.963264703751
0.759898245335
0.92920345068
0.84177428484
0.917506098747
0.857270956039
0.90877622366
0.880710661411
0.794508337975
0.76301753521
0.720446527004
0.72916251421
0.721104979515
0.839060008526
0.858152151108
0.895618379116
0.806332826614
0.847670912743
0.863634169102
0.884288012981
0.88760972023
0.730304539204
0.800214231014
0.883644878864
0.932002127171
0.956619858742
0.893789887428
0.959910392761
0.969011008739
0.952799975872
0.967740654945
0.972887217999
0.957763493061
0.926812529564
0.926785469055
0.946474373341
0.938289046288
0.864522516727
0.925745308399
0.856620252132
0.978717029095
0.929620683193
0.936480760574
0.95475268364
0.954115152359
0.921544671059
0.950888574123
0.969337403774
0.931365609169
0.951573133469
0.882977068424
0.932958960533
0.916685283184
0.887365996838
0.943371534348
0.921814203262
0.855630815029
0.717213273048
0.912298083305
0.86849629879
0.883323431015
0.628010809422
0.868308007717
0.764157891273
0.779331982136
0.75084066391
0.802838861942
0.828945875168
0.792578995228
0.615878283978
0.784734785557
0.725742578506
0.916576087475
0.718209028244
0.808069765568
0.894931018353
0.75232899189
0.733831107616
0.784703671932
0.911024093628
0.920162916183
0.880625128746
0.949393987656
0.843903303146
0.895447313786
0.837441504002
0.870050609112
0.810148000717
0.868282020092
0.941247880459
0.912695467472
0.864556074142
0.915448725224
0.939334750175
0.888937294483
0.762450456619
0.866355478764
0.84026658535
0.96327984333
0.936236083508
0.921051979065
0.879558563232
0.941575288773
0.921841144562
0.868432462215
0.724602103233
0.927685558796
0.957647681236
0.963424682617
0.887210309505
0.873727619648
0.928714811802
0.896075189114
0.92747169733
0.961417376995
0.802518248558
0.854800701141
0.91089373827
0.916195571423
0.930953204632
0.881927132607
0.932219803333
0.72205644846
0.933858990669
0.853400945663
0.942727684975
0.834270477295
0.95927977562
0.760853648186
0.938802301884
0.789483368397
0.747964680195
0.921990513802
0.784046411514
0.845761477947
0.684619486332
0.866926133633
0.813397884369
0.632791221142
0.819010734558
0.821192860603
0.890239655972
0.67519569397
0.936607599258
0.686622202396
0.767097532749
0.743753731251
0.714138627052
0.664338231087
0.806526064873
0.80990344286
0.906106591225
0.701735377312
0.681112527847
0.767378926277
0.707865834236
0.691298604012
0.905237257481
0.826426148415
0.923486828804
0.896965146065
0.862168133259
0.916879475117
0.724450111389
0.864261865616
0.866973459721
0.794392287731
0.752208054066
0.832260966301
0.761429488659
0.859203934669
0.904234290123
0.790798723698
0.707835197449
0.908669888973
0.737383306026
0.884258806705
0.768773138523
0.809017419815
0.775550603867
0.906115710735
0.732529461384
0.906581819057
0.779797255993
0.876263141632
0.908974170685
0.718957126141
0.874725878239
0.803561449051
0.904222428799
0.914175212383
0.790006399155
0.671029686928
0.942110002041
0.956627130508
0.853236377239
0.840044617653
0.888941287994
0.931041777134
0.883280932903
0.880249977112
0.70745319128
0.963357388973
0.716971039772
0.917003810406
0.894649326801
0.882101416588
0.909716308117
0.559790074825
0.765841901302
0.921286344528
0.735224723816
0.742327094078
0.770853757858
0.92073738575
0.869076132774
0.836587011814
0.816793978214
0.522910177708
0.924687027931
0.917621016502
0.684336602688
0.420255243778
0.917500376701
0.814072608948
0.904758036137
0.550515592098
0.794888079166
0.666699051857
0.58014279604
0.685398519039
0.880777895451
0.800628304482
0.931609749794
0.912606418133
0.936384499073
0.784339845181
0.807980060577
0.708048582077
0.896795988083
0.931712865829
0.85250300169
0.618226051331
0.797263264656
0.852749764919
0.804441034794
0.682530462742
0.766178667545
0.80178886652
0.828675866127
0.652325451374
0.824565768242
0.780577123165
0.894213020802
0.666910231113
0.899568140507
0.690208315849
0.91607183218
0.825893938541
0.767256498337
0.718695223331
0.903394520283
0.832175076008
0.931361496449
0.833259046078
0.912565112114
0.901498377323
0.897539019585
0.365542054176
0.838883936405
0.856225132942
0.714248776436
0.818501293659
0.847598433495
0.893799543381
0.743228316307
0.787915825844
0.85723143816
0.893220126629
0.541585087776
0.806761980057
0.804841160774
0.738294243813
0.517046451569
0.868635475636
0.660334408283
0.885290205479
0.574358403683
0.637645304203
0.426288932562
0.829828023911
0.535493016243
0.868341326714
0.472710877657
0.782418727875
0.800707101822
0.564647734165
0.519945085049
0.76320117712
0.545673131943
0.536676347256
0.648977279663
0.68989521265
0.640467584133
0.629932940006
0.573681890965
0.621004581451
0.709385097027
0.541281342506
0.629167795181
0.748745560646
0.52214127779
0.670886039734
0.699548304081
0.740350425243
0.59663271904
0.788951873779
0.796002447605
0.602509975433
0.587929964066
0.57802605629
0.773447692394
0.753661811352
0.662332832813
0.728093326092
0.759470045567
0.73135638237
0.61800467968
0.551689565182
0.387826740742
0.761548280716
0.300653934479
0.628724038601
0.55414378643
0.99
0.99
0.99
0.99
0.99
0.99
0.99
0.99
0.99
0.99
0.99
0.99
0.99
0.99
0.99
0.99
0.99
0.99
0.99
0.99
0.99
0.99
0.99
0.99
0.99
0.99
0.99
0.99
0.99
0.99
0.99
0.99
0.99
0.99
0.99
0.99
0.99
0.99
0.99
0.99
0.99
0.99
0.99
0.99
0.99
0.99
0.99
0.99
0.99
0.99
0.99
0.99
0.99
0.99
0.99
0.99
0.99
0.99
0.99
0.99
0.99
0.99
0.99
0.99
0.99
0.99
0.99
0.99
0.99
0.99
0.99
0.99
0.99
0.99
0.99
0.99
0.99
0.99
0.99
0.99
0.99
0.99
0.99
0.99
0.99
0.99
0.99
0.99
0.99
0.99
0.99
0.99
0.99
0.99
0.99
0.99
0.99
0.99
0.99
0.99
0.99
0.99
0.99
0.99
0.99
0.99
0.99
0.99
0.99
0.99
0.99
0.99
0.99
0.99
0.99
0.99
0.99
0.99
0.99
0.99
0.99
0.99
0.99
0.99
0.99
0.99
0.99
0.99
0.99
0.99
0.99
0.99
0.99
0.99
0.99
0.99
0.99
0.99
0.99
0.99
0.99
0.99
0.99
0.99
0.99
0.99
0.99
0.99
0.99
0.99
0.99
0.99
0.99
0.99
0.99
0.99
0.99
0.99
0.99
0.99
0.99
0.99
0.99
0.99
0.99
0.99
0.99
0.99
0.99
0.99
0.99
0.99
0.99
0.99
0.99
0.99
0.99
0.99
0.99
0.99
0.99
0.99
0.99
0.99
0.99
0.99
0.99
0.99
0.99
0.99
0.99
0.99
0.99
0.99
0.99
0.99
0.99
0.99
0.99
0.99
0.99
0.99
0.99
0.99
0.99
0.99
0.99
0.99
0.99
0.99
0.99
0.99
0.99
0.99
0.99
0.99
0.99
0.99
0.99
0.99
0.99
0.99
0.99
0.99
0.99
0.99
0.99
0.99
0.99
0.99
0.99
0.99
0.99
0.99
0.99
0.99
0.99
0.99
0.99
0.99
0.99
0.99
0.99
0.99
0.99
0.99
0.99
0.99
0.99
0.99
0.99
0.99
0.99
0.99
0.99
0.99
0.99
0.99
0.99
0.99
0.99
0.99
0.99
0.99
0.99
0.99
0.99
0.99
0.99
0.99
0.99
0.99
0.99
0.99
0.99
0.99
0.99
0.99
0.99
0.99
0.99
0.99
0.99
0.99
0.99
0.99
0.99
0.99
0.99
0.99
0.99
0.99
0.99
0.99
0.99
0.99
0.99
0.99
0.99
0.99
0.99
0.99
0.99
0.99
0.99
0.99
0.99
0.99
0.99
0.99
0.99
0.99
0.99
0.99
0.99
0.99
0.99
0.99
0.99
0.99
0.99
0.99
0.99
0.99
0.99
0.99
0.99
0.99
0.99
0.99
0.99
0.99
0.99
0.99
0.99
0.99
0.99
0.99
0.99
0.99
0.99
0.99
0.99
0.99
0.99
0.99
0.99
0.99
0.99
0.99
0.99
0.99
0.99
0.99
0.99
0.99
0.99
0.99
0.99
0.99
0.99
0.99
0.99
0.99
0.99
0.99
0.99
0.99
0.99
0.99
0.99
0.99
0.99
0.99
0.99
0.99
0.99
0.99
0.99
0.99
0.99
0.99
0.99
0.99
0.99
0.99
0.99
0.99
0.99
0.99
0.99
0.99
0.99
0.99
0.99
0.99
0.99
0.99
0.99
0.99
0.99
0.99
0.99
0.99
0.99
0.99
0.99
0.99
0.99
0.99
0.99
0.99
0.99
0.99
0.99
0.99
0.99
0.99
0.99
0.99
0.99
0.99
0.99
0.99
0.99
0.99
0.99
0.99
0.99
0.99
0.99
0.99
0.99
0.99
0.99
0.99
0.99
0.99
0.99
0.99
0.99
0.99
0.99
0.99
0.99
0.99
0.99
0.99
0.99
0.99
0.99
0.99
0.99
0.99
0.99
0.99
0.99
0.99
0.99
0.99
0.99
0.99
0.99
0.99
0.99
0.99
0.99
0.99
0.99
0.99
0.99
0.99
0.99
0.99
0.99
0.99
0.99
0.99
0.99
0.99
0.99
0.99
0.99
0.99
0.99
0.99
0.99
0.99
0.99
0.99
0.99
0.99
0.99
0.99
0.99
0.99
0.99
0.99
0.99
0.99
0.99
0.99
0.99
0.99
0.99
0.99
0.99
0.99
0.99
0.99
0.99
0.99
0.99
0.99
0.99
0.99
0.99
0.99
0.99
0.99
0.99
0.99
0.99
0.99
0.99
0.99
0.99
0.99
0.99
0.99
0.99
0.99
0.99
0.99
0.99
0.99
0.99
0.99
0.99
0.99
0.99
0.99
0.99
0.99
0.99
0.99
0.99
0.99
0.99
0.99
0.99
0.99
0.99
0.99
0.99
0.99
0.99
0.99
0.99
0.99
0.99
0.99
0.99
0.99
0.99
0.99
0.99
0.99
0.99
0.99
0.99
0.99
0.99
0.99
0.99
0.99
0.99
0.99
0.99
0.99
0.99
0.99
0.99
0.99
0.99
0.99
0.99
0.99
0.99
0.99
0.99
0.99
0.99
0.99
0.99
0.99
0.99
0.99
0.99
0.99
0.99
0.99
0.99
0.99
0.99
0.99
0.99
0.99
0.99
0.99
0.99
0.99
0.99
0.99
0.99
0.99
0.99
0.99
0.99
0.99
0.99
0.99
0.99
0.99
0.99
0.99
0.99
0.99
0.99
0.474266529083
0.99
0.99
0.99
nan
0.99
0.99
0.99
0.99
0.396191060543
0.457998156548
0.99
0.488527834415
0.99
0.99
0.99
0.99
0.99
0.99
0.99
0.99
0.99
0.99
0.99
0.99
0.99
0.99
0.99
0.99
0.99
0.99
0.99
0.99
0.99
0.99
0.99
0.99
0.99
0.99
0.99
0.99
0.99
0.99
0.99
0.99
0.99
0.99
0.99
0.99
0.99
0.99
0.99
0.99
0.99
0.99
0.99
0.99
0.99
0.99
0.99
0.99
0.99
0.99
0.99
0.99
0.99
0.99
0.99
0.99
0.99
0.99
0.99
0.99
0.99
0.99
0.99
0.99
0.99
0.99
0.99
0.99
0.99
0.99
0.99
0.99
0.99
0.99
0.99
0.99
0.99
0.99
0.99
0.99
0.99
0.99
0.99
0.99
0.99
0.99
0.99
0.99
0.99
0.99
0.99
0.99
0.99
0.99
0.99
0.99
0.99
0.99
0.99
0.99
0.943172693253
0.99
0.99
0.99
0.99
0.88286036253
0.967908143997
0.96015816927
0.936388969421
0.903364062309
0.888934314251
0.932772219181
0.902239441872
0.873386800289
0.867940366268
0.820396602154
0.870424926281
0.815949320793
0.915465295315
0.880816757679
0.928118288517
0.842764794827
0.858857035637
0.879223585129
0.84375
0.957672655582
0.860560238361
0.739528894424
0.925357758999
0.857847452164
0.780319392681
0.850473344326
0.651697456837
0.889178872108
0.888564050198
0.923309326172
0.99
0.99
0.99
0.99
0.704449415207
0.99
0.99
0.99
0.99
0.99
0.99
0.99
0.99
0.99
0.99
0.99
0.99
0.99
0.99
0.99
0.99
0.99
0.99
0.99
0.99
0.99
0.99
0.99
0.99
0.99
0.99
0.658272743225
0.738717556
0.703486561775
0.552302181721
0.808768391609
0.662453234196
0.641420543194
0.659286677837
0.735141932964
0.76567864418
0.796572506428
0.787139892578
0.767862677574
0.745907783508
0.646855354309
0.695682048798
0.610766768456
0.634582459927
0.544298529625
0.669544756413
0.508176386356
0.410247892141
0.535409510136
0.506495594978
0.571287631989
0.487356930971
0.350020498037
0.543177843094
0.473406076431
0.601144373417
0.637993335724
0.494152009487
0.99
0.99
0.462674260139
0.99
0.99
nan
0.398102670908
0.99
0.0706762969494
0.480786502361
0.99
0.523096203804
0.395287364721
0.451984107494
0.452225714922
0.448752820492
0.470146000385
0.34540772438
0.404771089554
0.354520708323
0.380920171738
0.393108040094
0.544579803944
0.99
0.496404349804
0.480086892843
0.99
0.472809672356
0.387077659369
0.394672453403
0.470425784588
0.380873024464
0.329542517662
0.364672452211
0.420541137457
nan
nan
nan
0.338135242462
0.369970202446
0.31704095006
nan
0.429226815701
0.466577082872
0.54425996542
0.610261142254
0.711108386517
0.5075776577
0.520154953003
0.548244476318
0.598187208176
nan
nan
0.337046265602
nan
0.402841418982
0.356637656689
0.4773863554
