0.0097992
0.046203
0.034473
0.0272
0.027469
0.02631
0.040857
0.028224
0.028102
0.028113
0.028096
0.027957
0.028356
0.044819
0.032515
0.028291
0.049304
0.026363
0.028054
0.027859
0.041793
0.031597
0.061243
0.046519
0.028215
0.038189
0.027946
0.028474
0.058342
0.049659
0.051243
0.04909
0.034348
0.032416
0.069441
0.058761
0.056362
0.050759
0.028732
0.042387
0.028363
0.029011
0.028764
0.028877
0.028778
0.028806
0.028621
0.027687
0.026945
0.028767
0.028818
0.028608
0.028991
0.027948
0.05631
0.043064
0.028684
0.02907
0.029048
0.028536
0.028896
0.029048
0.029443
0.028996
0.028372
0.029123
0.027966
0.029365
0.028449
0.030331
0.02864
0.02668
0.028842
0.028921
0.028497
0.029027
0.028118
0.028362
0.028804
0.028812
0.046978
0.057487
0.031008
0.028609
0.028801
0.052877
0.030917
0.029097
0.028295
0.03088
0.031682
0.031192
0.031254
0.028445
0.028333
0.029391
0.028097
0.028574
0.030352
0.060753
0.032533
0.04167
0.030514
0.028852
0.028537
0.028522
0.028598
0.04742
0.02839
0.042302
0.056613
0.035807
0.028592
0.027994
0.028104
0.027611
0.027748
0.028271
0.058682
0.035077
0.029499
0.027712
0.026349
0.028136
0.027887
0.027955
0.071825
0.03556
0.028024
0.0283
0.028059
0.028731
0.028542
0.02787
0.027868
0.028
0.032841
0.037578
0.027996
0.028179
0.028084
0.028095
0.027932
0.027939
0.028131
0.028144
0.028029
0.028081
0.02743
0.027741
0.028298
0.028408
0.063038
0.033274
0.028
0.046686
0.034509
0.027874
0.028251
0.027928
0.028137
0.049569
0.028562
0.028392
0.02798
0.028478
0.028629
0.028201
0.028189
0.028065
0.027991
0.0281
0.02852
0.027656
0.035649
0.034937
0.072939
0.042911
0.035585
0.038155
0.028199
0.028392
0.028624
0.0286
0.040413
0.028173
0.028021
0.028336
0.027719
0.028389
0.039691
0.027613
0.028057
0.027538
0.028179
0.054684
0.04584
0.052238
0.028466
0.027748
0.028345
0.028016
0.028416
0.027123
0.027868
0.029429
0.027575
0.028442
0.027621
0.028356
0.027788
0.027535
0.027984
0.02784
0.043585
0.033971
0.033765
0.028172
0.028015
0.028123
0.039136
0.031158
0.027959
0.027752
0.028265
0.027869
0.02823
0.027935
0.027839
0.028087
0.027729
0.027205
0.028425
0.029638
0.028761
0.028527
0.028132
0.02805
0.026512
0.026116
0.028091
0.051038
0.052392
0.051819
0.032464
0.027865
0.028598
0.028035
0.028871
0.028399
0.02804
0.044307
0.030648
0.02843
0.028123
0.028407
0.028334
0.028815
0.027918
0.02833
0.02792
0.028435
0.028134
0.042273
0.027856
0.028228
0.027603
0.028305
0.028109
0.058598
0.037792
0.027328
0.028046
0.028292
0.027954
0.043101
0.030881
0.031429
0.046613
0.0282
0.027819
0.055194
0.044743
0.029421
0.027865
0.028057
0.027792
0.028087
0.028176
0.027941
0.027964
0.028018
0.027042
0.028067
0.027681
0.028416
0.028341
0.026495
0.028549
0.0259
0.028078
0.02789
0.027478
0.027733
0.027186
0.027574
0.027666
0.027723
0.027661
0.027648
0.027312
0.027961
0.02727
0.027593
0.026894
0.027195
0.02712
0.027907
0.027472
0.0271
0.028037
0.027341
0.02744
0.027633
0.028277
0.027542
0.027893
0.027908
0.056348
0.053197
0.032789
0.031897
0.02786
0.027049
0.027333
0.027606
0.027777
0.027555
0.027337
0.026993
0.045438
0.033346
0.042338
0.044469
0.027699
0.027605
0.028249
0.027166
0.027476
0.028562
0.027841
0.027444
0.02675
0.027214
0.027686
0.027447
0.027495
0.027704
0.027884
0.026962
0.027546
0.027523
0.027626
0.026934
0.054741
0.027823
0.027418
0.027545
0.027064
0.0276
0.027915
0.027278
0.027295
0.027893
0.027498
0.027264
0.029456
0.027438
0.027936
0.027824
0.027398
0.027869
0.027329
0.028013
0.027625
0.027637
0.053128
0.039207
0.048803
0.028212
0.028127
0.02814
0.027792
0.027808
0.028072
0.027093
0.041581
0.046105
0.032841
0.030386
0.02574
0.02742
0.027797
0.028375
0.028249
0.027807
0.0283
0.028158
0.04914
0.032233
0.02741
0.027611
0.027355
0.027711
0.02775
0.027382
0.027704
0.028255
0.027778
0.027771
0.027582
0.027819
0.028019
0.027657
0.028051
0.026829
0.026304
0.027807
0.027709
0.027843
0.027366
0.028639
0.027595
0.027593
0.027649
0.027016
0.026341
0.025647
0.025538
0.025401
0.025768
0.025758
0.026117
0.025855
0.026798
0.025095
0.02746
0.027989
0.027177
0.030749
0.027548
0.028038
0.027836
0.026739
0.027166
0.027995
0.027577
0.027783
0.027959
0.027538
0.025706
0.025761
0.027661
0.027386
0.026005
0.027246
0.027668
0.027327
0.028095
0.026973
0.027917
0.027247
0.026491
0.026653
0.028027
0.028102
0.027824
0.027847
0.027905
0.028328
0.027919
0.051717
0.029789
0.026936
0.025138
0.026447
0.027944
0.027646
0.027793
0.027458
0.027094
0.027827
0.027457
0.027845
0.028141
0.027247
0.027638
0.027837
0.027726
0.028169
0.027686
0.02766
0.027852
0.028357
0.027986
0.027911
0.028463
0.027861
0.028239
0.028024
0.02848
0.027963
0.028092
0.028329
0.027992
0.027921
0.028435
0.02751
0.027661
0.027038
0.026099
0.025683
0.028042
0.028197
0.027859
0.027643
0.028074
0.027993
0.027018
0.02686
0.026298
0.025798
0.026192
0.026221
0.02606
0.026517
0.028471
0.027697
0.027672
0.027858
0.027377
0.027294
0.02657
0.026482
0.026001
0.025802
0.026517
0.02651
0.027867
0.028232
0.028049
0.027743
0.027336
0.028113
0.027643
0.027733
0.028259
0.032375
0.026538
0.028233
0.02764
0.028295
0.028054
0.028124
0.027681
0.028128
0.027639
0.027505
0.027865
0.027136
0.044284
0.040806
0.027782
0.027362
0.027305
0.027206
0.027102
0.027098
0.027738
0.049713
0.044245
0.027268
0.026923
0.02643
0.02765
0.027136
0.025755
0.025302
0.027046
0.027419
0.027469
0.026722
0.027287
0.027189
0.02574
0.027324
0.027435
0.027365
0.027899
0.027017
0.027537
0.027509
0.027411
0.027435
0.027462
0.026976
0.034208
0.027296
0.026752
0.027411
0.027791
0.027383
0.027286
0.038883
0.026112
0.025397
0.026259
0.027369
0.027316
0.02725
0.026921
0.027425
0.027326
0.026763
0.026735
0.027436
0.027637
0.027356
0.02704
0.027307
0.02763
0.027332
0.02722
0.02683
0.050916
0.026992
0.027502
0.026452
0.027042
0.027466
0.026706
0.027228
0.027204
0.026999
0.027175
0.027022
0.026909
0.026822
0.026701
0.027122
0.027029
0.02674
0.027173
0.027626
0.027244
0.027037
0.058378
0.029086
0.027142
0.026761
0.027548
0.027151
0.027186
0.026887
0.027315
0.025796
0.026829
0.027708
0.026898
0.026853
0.027062
0.026987
0.027055
0.026884
0.02616
0.027592
0.02695
0.026002
0.027431
0.027113
0.02685
0.027077
0.0265
0.026476
0.026627
0.02707
0.026781
0.026931
0.027118
0.027098
0.027325
0.026544
0.026696
0.026786
0.027168
0.026829
0.026507
0.026626
0.02655
0.026277
0.026831
0.026418
0.026453
0.030165
0.051467
0.02721
0.026643
0.026541
0.026685
0.026606
0.026698
0.026903
0.026799
0.027033
0.026572
0.02688
0.026963
0.02703
0.026869
0.026522
0.026775
0.027209
0.027065
0.026656
0.027315
0.026663
0.027132
0.027023
0.061759
0.032951
0.025976
0.026496
0.026607
0.026028
0.026921
0.066014
0.061459
0.026297
0.028481
0.042934
0.029684
0.027223
0.032423
0.029709
0.0262
0.026453
0.02653
0.026301
0.026509
0.026738
0.026137
0.026724
0.026554
0.026504
0.02661
0.026255
0.025233
0.024977
0.026353
0.026817
0.026303
0.025998
0.026319
0.026587
0.02661
0.025897
0.026059
0.026103
0.02613
0.026403
0.026386
0.026436
0.026355
0.026897
0.02536
0.026782
0.026813
0.026735
0.026519
0.02574
0.025878
0.02661
0.026529
0.026439
0.02629
0.02657
0.026353
0.026863
0.026763
0.0264
0.026895
0.026505
0.02624
0.02651
0.026335
0.026664
0.026708
0.026421
0.026584
0.026453
0.02628
0.026996
0.027209
0.0264
0.026826
0.026748
0.026201
0.026514
0.026271
0.026335
0.02655
0.026682
0.026414
0.026548
0.026408
0.026527
0.026452
0.026301
0.025865
0.026236
0.026739
0.026313
0.026003
0.026745
0.026912
0.02666
0.026543
0.027227
0.026844
0.026564
0.026461
0.026849
0.026572
0.02627
0.026622
0.026734
0.02606
0.026131
0.0315
0.031809
0.029957
0.026622
0.02646
0.026682
0.034513
0.026456
0.026474
0.026342
0.026507
0.026198
0.026681
0.026605
0.054502
0.0459
0.033778
0.02705
0.027303
0.026583
0.026229
0.026743
0.026277
0.02615
0.025939
0.026411
0.026431
0.026479
0.026047
0.026695
0.026274
0.026244
0.027121
0.026582
0.026517
0.026484
0.026529
0.026389
0.026411
0.026729
0.026647
0.026577
0.026113
0.024634
0.024609
0.025188
0.026029
0.027077
0.041908
0.026887
0.03176
0.026815
0.026579
0.026434
0.026075
0.026508
0.026604
0.026642
0.025685
0.024296
0.024006
0.032054
0.026576
0.026551
0.02616
0.026455
0.026183
0.026069
0.026297
0.02614
0.026142
0.026843
0.031336
0.029744
0.026925
0.026949
0.026519
0.026752
0.024722
0.026555
0.027002
0.027196
0.027002
0.026668
0.026421
0.027034
0.026692
0.026965
0.027103
0.026977
0.027354
0.02744
0.027027
0.026841
0.027671
0.02737
0.027922
0.027578
0.027296
0.027494
0.027316
0.026803
0.028112
0.027323
0.026625
0.027659
0.027163
0.027534
0.027246
0.028009
0.040485
0.033841
0.026849
0.027335
0.027132
0.027103
0.027534
0.027888
0.027289
0.027068
0.02747
0.02734
0.027502
0.027631
0.026755
0.026724
0.02721
0.028047
0.044065
0.026781
0.030851
0.027456
0.027037
0.027392
0.031523
0.026789
0.027616
0.027911
0.028221
0.027122
0.027121
0.027418
0.027463
0.02749
0.027754
0.027007
0.027575
0.02753
0.027335
0.027431
0.027587
0.02725
0.026994
0.027165
0.026308
0.025344
0.025927
0.026141
0.027308
0.027644
0.027661
0.026815
0.026903
0.026283
0.026479
0.028003
0.028
0.028008
0.027471
0.028378
0.028075
0.027515
0.043665
0.036597
0.028151
0.02821
0.048541
0.047132
0.062138
0.0412
0.026442
0.026368
0.026454
0.028036
0.028024
0.028409
0.028153
0.027761
0.028024
0.026799
0.049754
0.032013
0.028403
0.028195
0.0275
0.028006
0.027902
0.027928
0.028302
0.027695
0.027908
0.028097
0.028088
0.028013
0.028021
0.027001
0.028379
0.027549
0.028227
0.027914
0.027858
0.027622
0.027362
0.026453
0.027746
0.028119
0.027982
0.028435
0.027819
0.026979
0.028433
0.028173
0.02661
0.026735
0.02772
0.027893
0.028839
0.028414
0.027984
0.028398
0.027647
0.026831
0.025834
0.025809
0.026311
0.026506
0.026891
0.026096
0.026481
0.026766
0.026045
0.027299
0.026912
0.030136
0.027985
0.027422
0.02685
0.026153
0.026306
0.042699
0.028957
0.027589
0.028229
0.027464
0.028138
0.027634
0.025519
0.027746
0.028053
0.028102
0.027609
0.028031
0.027821
0.027542
0.027304
0.02544
0.02618
0.025129
0.02688
0.025942
0.027601
0.027629
0.027613
0.027089
0.028442
0.028067
0.028492
0.027781
0.027975
0.027387
0.027543
0.027774
0.028264
0.028454
0.028375
0.027681
0.028049
0.027596
0.026545
0.026146
0.028457
0.02767
0.028021
0.02831
0.026436
0.026097
0.028057
0.028191
0.028837
0.027561
0.026409
0.027378
0.027948
0.02814
0.027439
0.027829
0.026553
0.026825
0.027792
0.027567
0.027968
0.027824
0.028035
0.028483
0.027764
0.028179
0.028009
0.028027
0.028435
0.027792
0.025842
0.027935
0.027677
0.027906
0.028317
0.028252
0.027634
0.027788
0.027809
0.027915
0.027995
0.027885
0.027746
0.027905
0.028096
0.02797
0.027592
0.028154
0.027991
0.028261
0.027965
0.027584
0.028375
0.027733
0.026533
0.026587
0.026301
0.026018
0.025921
0.025222
0.025817
0.02618
0.028053
0.028254
0.027892
0.028461
0.027397
0.027422
0.02784
0.027806
0.026997
0.027735
0.028038
0.028019
0.027524
0.027854
0.027408
0.028278
0.0278
0.027906
0.027929
0.027741
0.027576
0.032549
0.027904
0.027762
0.028103
0.027693
0.027513
0.028396
0.028191
0.027926
0.028946
0.027735
0.027823
0.028654
0.02841
0.026205
0.029305
0.029942
0.02888
0.029262
0.028999
0.028718
0.029593
0.028664
0.02897
0.02915
0.028905
0.028826
0.029459
0.029678
0.028905
0.0296
0.02901
0.028883
0.030619
0.02921
0.029456
0.029259
0.02899
0.029649
0.02896
0.029566
0.029325
0.030103
0.029211
0.029849
0.029569
0.030398
0.029495
0.029569
0.027937
0.028133
0.027813
0.028752
0.027862
0.028963
0.028886
0.02857
0.028749
0.028179
0.028919
0.028692
0.030509
0.031419
0.030936
0.030587
0.030647
0.030758
0.03079
0.029821
0.030656
0.027896
0.028875
0.028008
0.030945
0.030185
0.030524
0.030776
0.030093
0.030804
0.03057
0.03046
0.030686
0.02897
0.028708
0.030483
0.031063
0.031142
0.030339
0.030871
0.030213
0.030293
0.028896
0.030481
0.030676
0.030189
0.058903
0.032708
0.030663
0.030374
0.030611
0.029532
0.030314
0.030769
0.029129
0.029138
0.028379
0.028586
0.0303
0.031575
0.030822
0.029653
0.030237
0.030081
0.03107
0.029383
0.029343
0.031329
0.030444
0.030052
0.030224
0.042048
0.031164
0.029823
0.029541
0.029822
0.029946
0.030126
0.029877
0.029137
0.028688
0.030645
0.030325
0.030982
0.03134
0.04629
0.032184
0.028713
0.029738
0.029961
0.031072
0.02959
0.029966
0.029673
0.028432
0.028881
0.028944
0.02891
0.028768
0.030908
0.028963
0.027679
0.03002
0.029866
0.031268
0.029461
0.029937
0.030572
0.029652
0.029682
0.029611
0.035236
0.030412
0.031174
0.03006
0.030506
0.030535
0.037057
0.030519
0.029801
0.030216
0.029992
0.029652
0.029961
0.029703
0.029764
0.029838
0.030369
0.030587
0.030468
0.030628
0.02983
0.030123
0.029706
0.029201
0.030289
0.029298
0.029827
0.030362
0.028855
0.02959
0.03
0.030335
0.029957
0.029788
0.029027
0.029862
0.029976
0.028931
0.030009
0.030116
0.030179
0.031111
0.030574
0.029999
0.031019
0.030006
0.030988
0.029893
0.028257
0.029919
0.029971
0.03048
0.030248
0.030653
0.030853
0.029474
0.031341
0.030678
0.030169
0.031333
0.030063
0.030146
0.031334
0.030104
0.030039
0.030197
0.030529
0.029578
0.031811
0.030703
0.030595
0.030652
0.030437
0.03005
0.030263
0.031058
0.030871
0.030573
0.034142
0.033423
0.030426
0.030442
0.029684
0.030102
0.030558
0.029819
0.029655
0.03023
0.030477
0.028333
0.030415
0.029844
0.030268
0.029365
0.030932
0.029174
0.031419
0.028208
0.030011
0.031053
0.030329
0.03223
0.031532
0.031392
0.029794
0.030764
0.031003
0.031094
0.033091
0.031
0.032353
0.031024
0.030892
0.032505
0.033045
0.032548
0.030852
0.033822
0.032957
0.029629
0.029646
0.030631
0.02996
0.030281
0.030314
0.02976
0.030747
0.030252
0.031053
0.031228
0.029938
0.03091
0.030559
0.031362
0.029586
0.030628
0.029692
0.03069
0.028745
0.030049
0.030758
0.030071
0.030181
0.029932
0.030185
0.030842
0.028005
0.029218
0.02956
0.030103
0.029776
0.030116
0.029575
0.028783
0.031105
0.030281
0.030667
0.030362
0.029937
0.030719
0.030581
0.029236
0.030707
0.030273
0.031133
0.029841
0.031348
0.02923
0.030737
0.061159
0.058816
0.031521
0.031777
0.030371
0.029552
0.030208
0.028302
0.030319
0.030572
0.030891
0.03098
0.030048
0.030066
0.03123
0.030342
0.031535
0.030966
0.029964
0.030194
0.028496
0.029797
0.055394
0.049985
0.047206
0.029616
0.030074
0.027982
0.028323
0.049788
0.064025
0.051373
0.031174
0.031121
0.029541
0.030695
0.029777
0.030017
0.029848
0.029629
0.030179
0.029775
0.030014
0.029699
0.03011
0.030293
0.030192
0.028994
0.02995
0.030109
0.028661
0.03039
0.030873
0.030223
0.030016
0.030256
0.030146
0.03067
0.028531
0.028379
0.028036
0.02739
0.029155
0.028135
0.028471
0.028352
0.03112
0.029974
0.030587
0.031028
0.029556
0.030058
0.030351
0.031386
0.030106
0.030643
0.030136
0.030045
0.030233
0.030503
0.030398
0.029745
0.031484
0.0299
0.030684
0.029889
0.030287
0.030017
0.028515
0.030974
0.030175
0.030447
0.030669
0.030101
0.030406
0.030096
0.030533
0.030792
0.029745
0.029725
0.030154
0.030657
0.030218
