-100
0.80161
0.80462
0.74361
0.76021
0.76809
0.76686
0.79434
0.78896
0.75788
0.78683
0.77369
0.76417
0.76747
0.74968
0.74594
0.73364
0.69696
0.68155
0.65791
0.64652
0.65121
0.62288
0.6714
0.68712
0.67088
0.67607
0.69104
0.69833
0.68277
0.6513
0.66016
0.63756
0.62505
0.64499
0.6246
0.60811
0.59827
0.54007
0.57365
0.58175
0.55007
0.53231
0.53589
0.57447
0.61581
0.61965
0.57868
0.54323
0.5347
0.51968
0.51392
0.4982
0.48964
0.45322
0.45806
0.4097
0.44718
0.41995
0.42443
0.38009
0.34937
0.3867
0.39829
0.3871
0.40608
0.39366
0.37867
0.35991
0.41381
0.42865
0.41903
0.42315
0.39242
0.36821
0.4327
0.43714
0.43911
0.42281
0.4195
0.38992
0.43923
0.43973
0.42806
0.42516
0.39529
0.37592
0.41437
0.42037
0.38983
0.36744
0.36361
0.39054
0.4493
0.441
0.42343
0.40244
0.38286
0.36384
0.40798
0.39035
0.38641
0.39327
0.39631
0.38499
0.427
0.39807
0.36469
0.38087
0.35055
0.33238
0.40158
0.4034
0.38917
0.38347
0.38138
0.39692
0.40578
0.41089
0.41294
0.4203
0.41866
0.42349
0.44599
0.46999
0.45917
0.4363
0.44926
0.46318
0.52988
0.50057
0.5163
0.46467
0.48976
0.50953
0.54061
0.54245
0.5125
0.49694
0.48864
0.45738
0.49523
0.49694
0.4982
0.46708
0.49122
0.48224
0.50014
0.50534
0.49856
0.49396
0.51007
0.50946
0.5706
0.53607
0.53535
0.55263
0.5379
0.52866
0.53542
0.4914
0.47047
0.4576
0.46
0.43562
0.49079
0.43657
0.44271
0.44426
0.44348
0.45506
0.45713
0.42732
0.42474
0.41431
0.41795
0.3993
0.44676
0.44103
0.49627
0.4598
0.48116
0.47963
0.50359
0.5214
0.52224
0.52516
0.52526
0.50753
0.52422
0.55514
0.5586
0.57533
0.56344
0.57058
0.59462
0.59971
0.59142
0.59672
0.5945
0.61301
0.57655
0.57398
0.5877
0.6104
0.59693
0.59433
0.5941
0.63892
0.63185
0.59797
0.5998
0.54684
0.59792
0.64253
0.62638
0.61023
0.61881
0.64317
0.62434
0.60957
0.62133
0.63411
0.60361
0.62793
0.64762
0.65279
0.64098
0.62521
0.65564
0.67483
0.64623
0.64715
0.67729
0.65285
0.65106
0.64681
0.64904
0.65093
0.6301
0.61226
0.63079
0.65109
0.65448
0.5953
0.66027
0.66625
0.65094
0.65855
0.66895
0.66838
0.68987
0.6601
0.64088
0.63972
0.64033
0.63802
0.61135
0.66195
0.62761
0.63601
0.64732
0.63535
0.66652
0.664
0.67323
0.69697
0.67253
0.70415
0.6848
0.66386
0.62233
0.6472
0.67262
0.69356
0.72795
0.71397
0.70927
0.70188
0.698
0.71397
0.69912
0.71489
0.71547
0.71134
0.6844
0.68978
0.69089
0.67884
0.67815
0.69982
0.68619
0.64677
0.6406
0.60077
0.68136
0.66689
0.63343
0.69298
0.60026
0.66903
0.68582
0.65323
0.62646
0.64933
0.65801
0.69971
0.67182
0.67974
0.71251
0.67141
0.68448
0.6901
0.66077
0.67997
0.6685
0.6627
0.65524
0.6126
0.66401
0.65096
0.63814
0.65974
0.60627
0.59955
0.65345
0.67144
0.69012
0.58174
0.64094
0.60347
0.6588
0.65251
0.63658
0.64486
0.6969
0.69188
0.6561
0.6797
0.71432
0.71627
0.72839
0.70874
0.72297
0.63003
0.66007
0.69487
0.7105
0.65505
0.70238
0.66869
0.63228
0.64167
0.64941
0.64806
0.65737
0.68219
0.68623
0.62775
0.66987
0.618
0.67102
0.65648
0.63745
0.67135
0.68268
0.68871
0.69843
0.67194
0.68312
0.63339
0.62235
0.70234
0.67419
0.68694
0.64459
0.64925
0.67782
0.67414
0.67647
0.66252
0.68723
0.69793
0.6855
0.64487
0.6673
0.60482
0.62436
0.57093
0.57429
0.6196
0.614
0.64171
0.68177
0.6633
0.65811
0.66583
0.63288
0.66639
0.65499
0.67541
0.64882
0.64814
0.6331
0.6201
0.66115
0.66708
0.60375
0.61222
0.64447
0.60174
0.62949
0.61223
0.6294
0.58047
0.56096
0.59214
0.616
0.59847
0.58308
0.60302
0.54797
0.60071
0.58274
0.55668
0.57856
0.54349
0.51549
0.53204
0.49935
0.53452
0.51552
0.53211
0.52925
0.52245
0.53689
0.55085
0.49662
0.52235
0.51282
0.45297
0.47196
0.43934
0.45103
0.42197
0.36471
0.39256
0.42856
0.44843
0.47019
0.44175
0.45492
0.43353
0.46483
0.46117
0.46341
0.44085
0.41998
0.47534
0.43233
0.46202
0.41995
0.43207
0.40045
0.42688
0.45769
0.44112
0.486
0.45564
0.40382
0.42528
0.42631
0.43004
0.4022
0.30339
0.3416
0.35406
0.38169
0.33407
0.32892
0.28989
0.25568
0.26249
0.30068
0.27114
0.25631
0.24317
0.18935
0.1388
0.16407
0.12136
0.076538
0.078229
0.083141
0.077683
0.10121
0.08197
0.10366
0.11003
0.10062
0.11331
0.1602
0.14318
0.14037
0.15025
0.12251
0.12983
0.17646
0.18816
0.16562
0.19283
0.17919
0.17474
0.20255
0.21807
0.22558
0.20201
0.19526
0.20329
0.259
0.26773
0.28095
0.25528
0.25109
0.23334
0.27027
0.30093
0.28778
0.28859
0.308
0.29603
0.3159
0.2872
0.3109
0.30627
0.32883
0.35467
0.34836
0.34593
0.35779
0.31238
0.37418
0.33615
0.37143
0.35377
0.38371
0.37706
0.37833
0.38224
0.39857
0.41898
0.39093
0.44802
0.42828
0.38978
0.43634
0.39545
0.43259
0.41912
0.4557
0.46093
0.48246
0.44345
0.48519
0.47856
0.51781
0.54347
0.56956
0.70225
0.70415
0.70328
0.77265
0.63508
0.69042
0.5903
0.54036
0.43445
0.47902
0.49321
0.42717
0.49838
0.44725
0.49527
0.489
0.48249
0.45949
0.51451
0.50247
0.4757
0.484
0.51094
0.55388
0.55264
0.54358
0.54532
0.56616
0.55955
0.52392
0.5075
0.51977
0.49466
0.48914
0.4381
0.48082
0.50722
0.46895
0.42774
0.42268
0.37439
0.41981
0.42405
0.44515
0.44325
0.42423
0.4238
0.43654
0.44134
0.49234
0.46218
0.46512
0.44645
0.4545
0.4632
0.45856
0.45142
0.46857
0.39522
0.48739
0.43495
0.43635
0.49369
0.44314
0.44824
0.4149
0.49342
0.4767
0.47974
0.46606
0.47826
0.54038
0.5041
0.49737
0.5164
0.50646
0.49424
0.52819
0.50986
0.45884
0.51972
0.46673
0.50947
0.50724
0.54901
0.47914
0.53774
0.5128
0.48548
0.56678
0.55781
0.561
0.5606
0.55161
0.55561
0.58648
0.56256
0.59807
0.5793
0.57436
0.51738
0.57409
0.58723
0.61156
0.58102
0.62535
0.6233
0.60202
0.57976
0.59903
0.61441
0.58619
0.59621
0.65868
0.57057
0.59553
0.5993
0.5275
0.57211
0.57311
0.54763
0.55251
0.53299
0.57333
0.55005
0.59883
0.60019
0.56426
0.53466
0.52665
0.5353
0.56456
0.56906
0.61071
0.62802
0.61025
0.63254
0.67399
0.63694
0.62885
0.66872
0.61706
0.64656
0.72283
0.66351
0.64871
0.63566
0.70036
0.66872
0.6739
0.6984
0.63821
0.68394
0.72479
0.6624
0.72649
0.71273
0.69277
0.68711
0.71249
0.68952
0.67946
0.72263
0.72876
0.68304
0.72751
0.75126
0.75977
0.73876
0.72898
0.71342
0.73359
0.72366
0.70418
0.73815
0.72586
0.74131
0.75101
0.73552
0.74023
0.75514
0.7173
0.75694
0.74028
0.72474
0.74896
0.75594
0.75584
0.76394
0.74822
0.74589
0.76667
0.75507
0.77136
0.74064
0.75845
0.77839
0.73884
0.77007
0.72001
0.79653
0.77753
0.75063
0.72741
0.76849
0.7588
0.76904
0.76918
0.75145
0.76898
0.77911
0.74877
0.77838
0.77107
0.7266
0.77261
0.77446
0.79271
0.77326
0.78126
0.779
0.77035
0.76487
0.79803
0.79294
0.7886
0.77459
0.78352
0.80056
0.76617
0.7699
0.7667
0.72719
0.78848
0.77328
0.77494
0.72402
0.75782
0.75055
0.77551
0.75993
0.73892
0.75159
0.7355
0.72643
0.7336
0.75521
0.71044
0.70176
0.7028
0.72729
0.74769
0.73661
0.73606
0.75131
0.73679
0.73758
0.75497
0.76931
0.75277
0.72156
0.74304
0.75451
0.72908
0.77026
0.76622
0.76422
0.77296
0.74189
0.76359
0.7821
0.76914
0.77401
0.77591
0.7881
0.77382
0.77864
0.77488
0.76563
0.74042
0.73999
0.74083
0.73807
0.74659
0.75655
0.71474
0.71559
0.7299
0.68525
0.67626
0.65252
0.65337
0.67571
0.63354
0.64538
0.63516
0.66093
0.58638
0.57313
0.61722
0.57354
0.64532
0.62642
0.56728
0.64263
0.66291
0.70379
0.68796
0.69599
0.68867
0.65279
0.7281
0.71252
0.70621
0.71705
0.68596
0.65145
0.67247
0.64117
0.67752
0.64019
0.67806
0.67618
0.69427
0.71986
0.71574
0.73601
0.7479
0.71804
0.76762
0.76735
0.7807
0.73794
0.76623
0.76458
0.7482
0.74412
0.76455
0.78086
0.76561
0.75695
0.79578
0.79412
0.82072
0.79494
0.78179
0.79151
0.7793
0.73677
0.72
0.68014
0.7181
0.70891
0.71326
0.73036
0.73013
0.70382
0.71732
0.72453
0.73559
0.73397
0.74294
0.74829
0.72889
0.7105
0.70001
0.71509
0.67066
0.70918
0.68276
0.66914
0.60969
0.6024
0.60383
0.6149
0.55047
0.53221
0.54014
0.50901
0.4923
0.4398
0.44457
0.42698
0.42582
0.42213
0.40588
0.39839
0.43137
0.3774
0.3663
0.38322
0.38754
0.34016
0.33051
0.29842
0.31996
0.2829
0.29972
0.27213
0.3043
0.30057
0.32964
0.31167
0.3305
0.30638
0.29688
0.28949
0.34038
0.29366
0.31269
0.32156
0.29455
0.28063
0.29483
0.24939
0.23541
0.24896
0.25006
0.25153
0.27657
0.25671
0.28829
0.31723
0.28876
0.23519
0.29981
0.31044
0.33827
0.27786
0.32798
0.31064
0.34302
0.32091
0.3863
0.31821
0.35232
0.25077
0.32912
0.34088
0.34478
0.3154
0.29197
0.28367
0.26085
0.24131
0.26991
0.22858
0.21319
0.20923
0.26803
0.25337
0.26039
0.24452
0.26297
0.25558
0.30197
0.27343
0.29904
0.28059
0.34339
0.25942
0.31211
0.3757
0.32682
0.32833
0.34697
0.33192
0.3799
0.39238
0.41837
0.41203
0.38728
0.43191
0.39225
0.45589
0.43807
0.40906
0.46684
0.411
0.43682
0.44797
0.47389
0.43891
0.44921
0.46804
0.46943
0.45521
0.48469
0.42632
0.39951
0.41446
0.40636
0.39633
0.40305
0.43523
0.379
0.41542
0.46112
0.49393
0.50427
0.48243
0.49204
0.49196
0.52902
0.53602
0.52667
0.47961
0.43837
0.55842
0.51581
0.57312
0.54145
0.531
0.57686
0.52414
0.56438
0.56271
0.6222
0.57276
0.62009
0.51596
0.58311
0.60216
0.54596
0.62071
0.56812
0.60178
0.62508
0.57886
0.64167
0.62414
0.58912
0.53796
0.58923
0.57566
0.52154
0.54449
0.537
0.44042
0.47479
0.48736
0.45074
0.41998
0.45238
0.43865
0.41826
0.47019
0.46401
0.43771
0.4569
0.45077
0.42094
0.49616
0.46174
0.41306
0.44369
0.47654
0.47398
0.49336
0.47456
0.45567
0.43165
0.45562
0.46136
0.4673
0.47713
0.46349
0.4279
0.46948
0.46898
0.4633
0.46076
0.49384
0.51292
0.48968
0.53439
0.53994
0.53086
0.50602
0.51192
0.52658
0.57236
0.5441
0.53628
0.49926
0.51556
0.47901
0.52789
0.51772
0.52006
0.51816
0.52809
0.5246
0.55175
0.55176
0.54872
0.51946
0.54344
0.50258
0.54571
0.55624
0.54049
0.53727
0.50065
0.51855
0.51407
0.48913
0.48617
0.48005
0.49097
0.45658
0.46441
0.48419
0.49385
0.41849
0.41633
0.34318
0.40678
0.3623
0.36552
0.36969
0.36848
0.39646
0.39459
0.43794
0.40596
0.39728
0.39011
0.41368
0.41626
0.4386
0.41435
0.41931
0.40598
0.43485
0.45959
0.4439
0.42562
0.44813
0.43045
0.45373
0.46121
0.47924
0.47351
0.46298
0.46231
0.46287
0.50247
0.48735
0.4769
0.47052
0.46056
0.43173
0.46322
0.48933
0.44119
0.42979
0.39724
0.44129
0.45927
0.46828
0.42499
0.42623
0.42639
0.43429
0.43196
0.47144
0.45549
0.44301
0.4514
0.40437
0.42279
0.41445
0.43124
0.39495
0.44204
0.43985
0.48204
0.47783
0.46816
0.43181
0.43987
0.46092
0.48801
0.44826
0.4308
0.44307
0.44913
0.46251
0.47095
0.50386
0.48366
0.4931
0.47214
0.48365
0.47207
0.48215
0.50021
0.49983
0.47929
0.50476
0.55049
0.50511
0.52855
0.54632
0.5179
0.50755
0.51684
0.49282
0.46768
0.47118
0.44176
0.42222
0.44273
0.41774
0.42024
0.42011
0.39737
0.37341
0.42881
0.39693
0.38932
0.41678
0.41214
0.40418
0.45416
0.43844
0.42877
0.41145
0.41823
0.39053
0.44782
0.43552
0.37953
0.38492
0.42579
0.4218
0.44665
0.43434
0.40214
0.39878
0.39187
0.3692
0.35576
0.3532
0.36108
0.34201
0.36022
0.35259
0.38387
0.39899
0.41431
0.36498
0.38636
0.43302
0.47256
0.44885
0.45394
0.46367
0.47659
0.48196
0.49829
0.50426
0.51664
0.53331
0.50194
0.50446
0.5575
0.58413
0.56046
0.54637
0.53372
0.53358
0.5567
0.53795
0.54686
0.55942
0.55467
0.52852
0.57014
0.5843
0.5824
0.56267
0.5653
0.50593
0.50838
0.54998
0.53606
0.52818
0.56872
0.5343
0.60742
0.57834
0.54387
0.5497
0.53876
0.54829
0.56481
0.60124
0.58748
0.56257
0.53828
0.55009
0.58585
0.57256
0.57126
0.55671
0.5989
0.59204
0.62565
0.62186
0.59398
0.57563
0.59072
0.585
0.59416
0.57511
0.55548
0.50809
0.5311
0.52645
0.54304
0.54764
0.55367
0.5429
0.56439
0.56547
0.56213
0.59388
0.54474
0.52894
0.54562
0.51385
0.56169
0.54248
0.56475
0.56687
0.51718
0.53953
0.54715
0.55226
0.50451
0.53796
0.51572
0.53694
0.58508
0.58026
0.5666
0.49905
0.51045
0.51134
0.55907
0.55671
0.51854
0.49445
0.47314
0.4665
0.49238
0.51205
0.49748
0.44674
0.44498
0.40644
0.44487
0.43493
0.43841
0.41464
0.43638
0.42206
0.4787
0.45585
0.4513
0.43992
0.41184
0.43256
0.44984
0.48829
0.46008
0.48157
0.51038
0.45434
0.53128
0.53323
0.49362
0.57581
0.56353
0.5306
0.59859
0.6285
0.60391
0.57305
0.59025
0.58719
0.63727
0.60532
0.62066
0.57446
0.58764
0.61439
0.61425
0.6317
0.62707
0.63326
0.62279
0.64359
0.61945
0.60489
0.6328
0.6015
0.6135
0.61638
0.63168
0.62721
0.62436
0.61168
0.59931
0.60768
0.63297
0.61101
0.60122
0.59994
0.57662
0.55455
0.50093
0.43248
0.40531
0.36041
0.36834
0.34193
0.35632
0.26335
0.22045
0.23579
0.19734
0.1831
0.24938
0.25801
0.25456
0.24495
0.24808
0.23373
0.30432
0.27304
0.24682
0.26082
0.26948
0.27081
0.32986
0.32386
0.33163
0.35401
0.33435
0.33767
0.43092
