872	709	522	106
606	650	522	108
602	647	524	109
602	643	526	110
597	638	533	111
595	633	537	111
590	622	540	112
588	608	546	112
586	592	554	114
587	576	559	115
582	562	563	116
575	548	568	117
587	527	569	124
575	519	593	124
571	506	602	126
576	481	603	140
567	481	615	140
585	485	604	130
596	460	603	144
607	449	597	151
618	437	590	175
637	442	580	161
650	432	577	159
654	438	572	150
669	432	576	153
678	438	565	142
677	437	568	139
678	436	566	140
698	441	552	117
693	437	558	118
706	437	533	119
695	433	564	117
703	437	548	120
711	437	548	115
703	435	557	128
708	436	565	122
719	436	548	117
716	443	552	117
722	440	553	115
709	436	560	122
700	426	570	141
715	417	550	163
716	419	558	160
701	418	577	173
706	425	556	152
707	430	569	154
704	433	572	148
697	429	569	149
698	432	568	156
710	425	552	152
709	431	558	154
687	426	574	165
698	435	569	151
700	431	569	153
694	435	576	155
706	436	557	146
709	438	557	151
716	431	549	158
715	434	554	158
711	437	568	153
716	433	560	156
721	437	548	149
721	434	552	159
718	438	549	151
712	441	563	154
711	435	564	168
711	435	568	161
708	442	553	155
710	445	565	157
706	439	577	160
704	431	576	171
703	441	573	163
701	437	581	164
701	426	574	175
713	426	571	180
708	424	571	180
714	423	566	183
710	424	573	196
710	424	573	188
717	424	572	195
722	423	567	204
725	427	568	198
726	424	572	211
733	418	579	244
745	423	556	215
741	420	569	221
753	416	568	238
771	416	558	242
761	422	557	245
783	423	549	238
784	431	549	231
792	423	547	240
813	428	540	218
822	426	543	248
834	429	545	240
842	433	541	235
852	438	537	229
864	442	544	225
873	432	535	235
889	430	530	230
889	433	525	242
906	440	527	233
912	444	533	228
929	447	524	232
935	447	521	230
944	440	516	238
950	440	530	238
961	440	523	244
973	445	518	242
984	448	516	250
999	442	517	254
1039	445	478	244
1058	427	455	269
1070	429	450	269
1081	423	434	258
1091	425	430	257
1100	431	435	259
1109	438	416	255
1126	474	436	228
1117	499	437	219
1126	509	426	204
1125	519	416	199
1133	532	405	189
1143	536	406	188
1149	539	389	189
1152	545	386	179
1152	549	385	175
1163	556	375	165
1159	556	371	164
1174	558	361	164
1178	558	376	165
1185	551	375	172
1203	545	358	174
1219	539	353	176
1231	527	348	185
1229	506	331	212
1183	437	445	254
1184	403	453	303
1195	428	455	232
1195	456	442	223
1204	463	462	238
1211	421	440	281
1218	440	436	265
1227	413	426	289
1222	419	443	288
1237	423	475	260
1230	411	461	273
1230	408	444	280
1235	428	447	254
1233	453	474	242
1230	534	537	165
1224	562	587	140
1229	531	606	171
1227	530	621	162
1217	533	627	167
1212	510	623	184
1248	509	636	194
1242	519	641	165
1240	531	658	143
1229	532	702	139
1199	537	715	142
1213	535	720	157
1269	396	407	280
1254	533	422	214
1273	537	406	196
1268	538	401	190
1295	537	369	152
1268	395	383	277
1258	401	393	272
1260	422	392	261
1275	518	383	175
1244	398	412	267
1247	400	406	279
1252	396	404	276
1249	440	417	243
1218	537	425	146
1282	392	384	285
1270	402	396	277
1245	428	433	252
1202	503	439	177
1193	524	437	132
1223	521	525	130
1203	520	531	127
1179	517	565	129
1200	503	561	144
1207	493	560	139
1210	486	554	141
1192	481	557	142
1204	480	543	126
1207	484	534	115
1202	470	554	123
1191	463	581	119
1200	464	568	112
1184	449	568	132
1173	441	553	130
1181	446	540	121
1223	442	498	146
1210	437	511	122
1245	444	400	103
1238	439	462	117
1260	436	440	124
1255	440	446	121
1245	437	449	126
1246	434	440	125
1252	437	442	138
1259	437	433	130
1259	433	414	135
1249	431	424	132
1254	443	426	121
1272	434	400	128
1268	438	410	125
1269	444	397	122
1281	431	399	133
1252	447	415	121
1261	429	402	128
1273	438	386	121
1298	437	366	123
1299	448	349	110
1245	432	404	125
1203	428	441	147
1202	434	468	120
1200	422	471	136
1204	421	462	156
1211	431	446	138
1211	424	452	133
1213	423	452	150
1215	417	435	178
1226	411	405	211
1235	412	400	192
1239	413	379	202
1252	408	375	207
1262	414	327	201
1282	400	336	193
1286	410	396	207
1296	405	368	214
1289	533	286	91
1292	535	289	91
1147	490	289	91
1345	446	275	123
1298	452	285	162
1156	371	285	162
1389	367	266	222
1402	369	319	258
1373	366	280	285
1381	354	258	317
1352	359	227	303
1411	349	184	265
1455	601	291	100
1406	399	296	133
1258	333	296	133
1373	408	325	137
1365	424	344	144
1363	403	353	211
1267	338	312	225
1298	416	322	208
1257	334	254	214
1266	392	213	212
1264	338	217	237
1245	351	223	255
1232	352	216	270
1218	344	223	283
1207	345	236	277
1184	341	264	289
1149	346	291	282
1138	352	289	280
1098	394	313	231
1098	379	327	249
1092	379	355	247
1078	387	363	233
1074	417	379	207
1054	428	400	196
1037	429	406	199
1029	401	402	227
1026	402	397	227
1014	396	405	233
1002	394	407	237
996	388	403	244
990	399	403	234
973	392	409	239
966	393	413	243
950	385	416	251
947	389	411	258
929	386	412	262
928	385	396	264
908	389	400	268
897	389	399	262
882	384	398	270
877	397	392	257
849	391	402	260
842	387	395	267
831	390	396	261
806	392	403	254
792	394	414	251
779	394	405	251
764	394	410	253
757	397	409	247
743	393	411	255
734	392	408	262
726	396	412	254
719	390	407	261
706	384	408	273
700	389	414	267
683	382	410	281
678	377	412	284
674	371	404	298
663	375	407	292
652	379	410	291
638	374	409	290
621	388	421	273
612	376	410	282
602	383	414	287
593	386	410	275
570	390	409	268
566	381	413	280
546	381	421	276
539	388	412	272
528	388	402	270
519	385	410	273
505	395	410	257
488	395	403	256
483	390	405	265
460	399	419	252
460	396	414	255
459	391	406	264
471	391	387	265
457	394	402	265
441	395	399	257
432	397	404	262
412	398	419	258
409	402	414	253
401	391	407	265
374	403	410	252
379	401	413	254
381	400	394	249
363	414	409	237
342	421	421	238
327	422	430	235
311	420	456	245
296	430	463	230
274	431	452	230
277	434	441	227
252	438	445	227
243	465	442	198
245	434	453	239
222	447	454	222
215	455	454	212
207	468	461	199
197	461	455	212
185	469	457	203
178	465	457	206
175	459	464	212
176	461	456	206
174	462	447	209
177	464	444	198
171	453	456	225
162	463	466	201
166	457	467	217
144	453	474	219
143	444	472	235
145	451	464	223
133	453	463	223
126	437	476	245
135	445	471	230
113	429	471	242
112	441	481	238
98	447	496	230
89	432	484	243
79	457	492	223
74	456	486	223
63	469	489	206
50	469	483	207
48	465	490	215
34	462	491	217
31	455	488	226
8	458	500	220
3	454	487	222
6	453	477	221
2	443	468	237
0	427	451	248
6	416	435	297
27	408	401	266
18	410	398	276
13	413	393	250
13	413	382	211
10	418	383	203
5	423	367	196
11	426	339	210
12	439	309	190
8	431	287	194
6	443	284	186
10	436	269	197
3	442	248	181
7	449	246	179
0	460	234	164
4	472	226	154
8	478	214	144
6	476	208	148
3	477	205	144
4	476	198	143
4	479	194	139
7	477	189	138
4	482	186	129
5	468	189	136
4	467	186	135
3	462	181	135
2	461	183	136
3	460	174	129
3	457	183	130
3	450	182	136
0	455	186	130
2	452	177	133
4	449	181	136
1	451	172	129
0	447	174	130
2	443	175	127
5	438	165	124
7	426	164	129
0	413	164	132
3	408	154	130
0	400	153	132
1	397	148	136
0	390	146	143
1	392	137	142
-1	373	111	148
17	734	234	59
15	735	235	58
11	736	235	57
-3	738	233	57
9	740	233	56
7	741	233	56
3	742	231	56
5	361	100	175
0	743	230	56
5	725	231	56
2	743	229	55
0	743	228	55
0	742	226	55
9	743	227	54
4	744	226	54
2	744	227	54
0	744	226	54
0	744	224	54
1	744	225	54
0	746	224	53
-1	745	224	53
-3	746	223	53
-2	747	223	53
-1	746	224	53
-3	747	223	53
-3	748	222	53
-6	748	222	53
2	749	222	53
0	732	223	53
-2	733	225	52
-4	750	224	53
-5	749	223	54
1	733	225	53
-3	751	224	54
-4	734	225	54
2	736	227	53
-3	737	229	53
-4	739	229	53
-8	740	228	53
-11	742	226	54
-10	743	225	54
-2	746	227	54
-6	749	227	54
-9	748	226	55
-8	748	226	55
-8	749	225	55
-9	750	225	55
-2	753	225	55
-6	753	225	56
-9	737	225	55
-10	740	225	54
-12	742	226	54
-2	745	227	54
-8	747	226	54
-9	747	225	55
-9	748	225	55
-8	749	224	54
-1	752	226	55
-6	753	226	55
-6	735	226	55
-10	736	226	55
-11	752	225	56
-10	752	224	56
-9	751	222	56
-10	750	220	56
-9	750	220	56
-11	751	218	56
-11	751	216	56
-43	274	100	175
5	361	100	175
5	361	100	175
-8	747	218	57
-4	747	220	57
-64	501	101	114
-64	501	101	114
-64	501	101	114
-2	744	225	58
-5	744	225	58
-4	744	224	58
-33	515	94	97
21	744	230	57
29	743	230	57
39	743	229	57
50	742	229	57
50	742	227	57
64	740	224	57
78	737	221	56
90	736	218	55
15	537	152	86
104	712	214	54
48	541	151	88
68	545	152	93
107	686	214	54
116	685	214	54
104	551	174	95
140	555	155	99
161	562	152	92
166	733	210	55
189	569	160	109
210	576	157	133
201	736	208	55
224	731	208	55
249	579	170	135
260	589	177	122
276	579	170	138
259	745	207	55
264	758	205	56
274	755	203	57
309	580	182	146
311	590	187	137
322	599	187	133
321	605	187	127
326	605	189	130
333	604	175	134
338	598	173	150
350	737	202	58
362	592	159	157
349	742	199	59
363	738	197	60
342	568	198	209
365	731	191	59
363	567	185	198
386	726	187	57
394	723	185	56
402	720	185	54
409	717	185	53
417	713	184	52
425	709	184	51
433	537	175	142
438	690	181	49
446	527	182	145
450	523	181	148
453	524	165	155
460	515	147	151
461	511	164	158
462	513	144	157
464	515	155	155
469	503	156	172
469	509	155	165
472	514	177	153
483	517	159	156
489	517	171	150
497	524	163	151
492	718	168	52
499	686	169	51
502	572	176	88
510	573	174	99
514	578	171	84
522	580	170	99
518	586	171	97
527	583	163	115
534	571	162	126
528	578	170	121
526	579	171	131
535	571	174	147
543	699	152	50
542	697	150	50
552	695	148	49
554	694	145	48
558	690	143	48
559	678	141	47
556	543	144	170
559	537	133	154
567	547	114	130
569	535	109	142
586	530	89	140
589	541	85	119
594	531	82	127
582	535	90	116
591	516	78	126
593	529	79	115
571	636	141	38
566	636	141	37
571	635	141	37
566	635	142	36
570	636	142	36
567	645	143	36
574	644	145	36
573	645	147	36
574	654	149	36
551	546	73	112
573	662	152	36
570	659	151	37
519	542	88	118
519	542	88	118
475	483	88	118
489	540	86	126
477	539	89	131
467	533	109	135
462	538	98	129
453	543	111	122
447	538	116	125
440	537	121	125
433	532	125	127
429	538	132	116
535	375	145	108
531	375	152	112
426	533	138	108
534	387	158	102
520	389	176	110
525	396	172	119
526	403	179	146
526	399	181	153
526	398	186	156
531	401	182	159
532	410	180	152
522	417	197	149
521	406	202	160
424	470	196	133
509	440	176	123
424	473	183	123
425	465	201	127
429	461	222	119
486	453	239	125
447	462	256	106
540	457	201	110
468	460	263	100
479	461	258	90
483	461	257	89
483	464	256	93
479	462	269	98
428	453	325	99
426	458	347	101
432	455	367	99
433	443	369	122
438	435	363	131
441	426	360	136
446	428	350	140
449	421	347	142
451	419	341	161
457	419	338	144
453	415	341	156
461	415	335	144
463	409	331	154
461	405	331	164
466	405	326	157
471	400	321	160
467	400	319	163
474	398	317	164
476	394	317	177
480	391	311	174
481	393	311	165
483	387	310	175
482	388	315	171
484	385	305	179
482	384	310	177
478	387	314	175
487	380	303	190
488	378	298	193
491	384	298	187
493	383	296	186
494	381	293	190
498	382	291	204
502	381	291	210
511	388	281	214
521	380	277	213
508	375	288	185
512	379	285	178
517	377	277	176
521	374	279	191
533	374	260	209
533	383	270	197
529	360	260	244
537	404	271	123
537	409	271	129
537	395	273	133
536	405	273	148
543	401	263	134
545	414	264	119
540	416	264	119
545	415	260	125
539	409	272	132
543	409	263	124
541	423	265	136
531	416	274	161
547	435	264	173
550	438	267	192
541	393	269	212
544	398	263	229
543	377	264	255
541	382	269	246
541	384	267	239
547	379	259	243
547	375	255	253
545	372	260	258
547	380	257	257
549	372	256	261
546	375	254	247
537	375	261	251
543	366	238	266
546	368	242	269
543	375	241	252
550	369	240	254
561	371	233	253
551	375	249	247
548	372	251	225
549	377	247	231
559	378	249	215
563	381	254	196
552	388	258	189
562	399	258	188
569	393	254	209
578	400	247	213
576	390	262	210
546	391	299	198
552	394	296	214
551	395	304	213
546	401	314	212
544	400	319	212
554	407	307	188
543	413	330	184
542	414	331	183
536	414	331	180
539	411	334	175
541	416	323	178
558	439	315	157
557	431	317	157
580	474	284	126
549	390	330	206
557	446	325	162
543	422	348	174
514	474	373	131
543	507	343	97
557	523	334	84
566	526	321	76
586	520	301	89
574	525	306	89
588	521	302	90
585	535	298	77
579	524	307	86
580	528	303	78
573	529	309	80
569	520	312	81
568	512	314	77
552	490	329	94
543	487	337	85
549	467	323	89
537	445	325	105
539	428	325	113
513	403	351	130
505	392	359	127
499	388	359	128
506	391	342	104
508	367	340	136
511	365	340	140
505	352	345	147
500	343	338	161
504	334	334	153
499	315	355	208
499	300	345	204
498	279	353	148
494	278	352	108
461	275	369	91
485	265	348	93
489	253	339	97
488	235	336	104
490	228	332	101
501	213	319	102
497	200	328	111
497	190	321	108
502	181	313	113
506	167	319	116
501	158	317	117
509	146	316	118
509	141	307	118
516	120	299	128
520	116	286	129
520	98	291	137
521	83	287	145
522	67	291	158
531	62	280	156
530	51	275	158
537	57	266	151
541	46	263	157
541	45	260	157
542	33	259	167
549	63	253	138
550	67	253	130
557	59	244	140
558	78	248	125
565	78	249	125
564	63	254	141
567	69	249	140
565	69	244	137
570	74	238	132
568	79	237	125
571	78	228	133
572	80	223	122
572	88	218	116
574	84	221	119
575	88	221	115
574	84	222	121
578	96	221	106
576	87	223	113
574	84	223	120
572	81	228	126
569	84	228	121
570	78	233	125
571	82	227	124
569	80	233	127
568	84	230	122
569	79	228	127
571	79	222	126
573	83	221	123
566	82	226	130
571	86	225	118
567	87	228	120
566	93	234	113
566	85	227	121
568	87	224	121
566	88	224	119
567	87	225	121
566	89	226	120
563	87	227	120
570	89	218	120
565	87	226	122
561	85	228	124
563	84	228	125
562	86	229	124
560	86	229	126
563	86	227	124
559	86	226	130
562	81	224	128
560	87	227	130
560	88	229	124
559	88	225	124
554	81	229	132
553	83	228	133
549	74	228	145
546	71	233	150
549	70	229	151
535	61	234	163
535	62	231	168
533	55	232	177
528	66	237	169
520	77	246	156
520	70	236	166
518	65	241	179
519	46	234	193
516	45	239	203
514	50	241	204
510	57	247	203
508	62	253	202
508	73	254	197
506	76	252	200
503	89	257	194
503	99	256	184
503	98	242	192
502	104	257	187
504	105	255	187
503	110	250	186
499	116	240	182
496	121	261	181
501	120	260	183
500	122	250	185
499	128	256	181
500	130	263	183
501	136	255	182
497	136	265	184
500	139	256	182
501	144	259	185
501	141	255	190
496	151	270	200
496	151	275	210
494	157	273	210
492	163	275	214
485	172	278	216
481	180	282	221
473	187	284	221
468	194	286	232
462	198	279	248
453	205	275	273
462	218	263	297
460	234	261	310
454	256	270	329
457	292	280	312
457	353	288	287
465	392	280	263
471	407	299	293
494	475	273	278
491	561	314	233
492	580	338	207
495	578	360	182
531	577	353	164
559	540	345	176
601	502	335	220
646	463	313	245
656	429	319	282
673	427	306	308
681	413	294	346
687	413	281	369
597	406	364	374
604	418	322	365
646	421	296	422
619	417	315	399
643	403	308	429
660	393	316	403
668	381	350	387
673	388	380	400
686	388	397	408
701	393	394	403
718	408	404	367
730	420	414	366
729	468	432	412
759	441	436	419
740	473	459	558
722	473	511	568
801	476	461	579
803	455	514	500
683	482	636	341
762	583	587	325
610	600	575	328
612	661	459	326
1003	957	195	53
1016	974	200	52
1121	945	209	53
383	499	459	326
1150	979	216	53
1042	952	216	53
934	926	216	53
1432	843	210	80
1517	827	202	118
1417	768	202	118
1646	782	228	57
1646	782	228	57
1646	782	228	57
1646	782	228	57
905	817	227	93
