35.039286
0.545310
0.443012
0.436743
0.541443
0.492811
0.465066
0.522860
0.456582
0.599764
0.523874
0.472443
0.514650
0.425658
0.457098
0.477069
0.486676
0.476656
0.471189
0.420141
0.570446
0.496465
0.394244
0.607708
0.456771
0.404711
0.417101
0.501790
0.413027
0.463317
0.554842
0.430275
0.499415
0.569833
0.500363
0.487351
0.499405
0.485660
0.387279
0.528198
0.559836
0.533311
0.509016
0.549111
0.488795
0.532388
0.445716
0.522985
0.489576
0.536418
0.610860
0.501514
0.532845
0.464011
0.451024
0.497082
0.480725
0.515074
0.470428
0.527941
0.604286
0.482628
0.493303
0.466392
0.466437
0.469808
0.466968
0.476812
0.456271
0.465241
0.531895
0.534643
0.477373
0.461874
0.435335
0.532000
0.523922
0.498982
0.495282
0.499973
0.551286
0.429726
0.440773
0.456088
0.468926
0.420086
0.443691
0.417283
0.504240
0.440680
0.510726
0.472187
0.409648
0.454296
0.462045
0.426019
0.456670
0.530500
0.535067
0.526465
0.549604
0.588301
0.498501
0.416895
0.477201
0.547020
0.452431
0.447928
0.448434
0.458330
0.644345
0.509194
0.458757
0.447848
0.499223
0.572204
0.465683
0.503211
0.457009
0.512022
0.597722
0.528729
0.425450
0.502617
0.534373
0.562767
0.508301
0.446162
0.474983
0.496322
0.541337
0.517329
0.478671
0.463881
0.490160
0.481698
0.517463
0.425427
0.484772
0.445697
0.627214
0.451758
0.463244
0.545805
0.481606
0.405721
0.525015
0.431297
0.484056
0.501445
0.534016
0.529026
0.506330
0.498660
0.520100
0.511027
0.526196
0.438236
0.444053
0.489885
0.523730
0.513418
0.535562
0.563052
0.556436
0.502036
0.415200
0.463396
0.468568
0.440898
0.505799
0.483968
0.395552
0.395170
0.383749
0.404783
0.384161
0.443632
0.448304
0.444854
0.475918
0.396038
0.380656
0.376947
0.424568
0.410253
0.445012
0.429298
0.338346
0.439679
0.456306
0.415244
0.376485
0.396115
0.419191
0.476536
0.405116
0.455576
0.419443
0.385635
0.491099
0.457132
0.398967
0.432204
0.488856
0.490253
0.417888
0.463677
0.402580
0.375031
0.421503
0.409398
0.394793
0.401128
0.382216
0.346998
0.365591
0.433796
0.505245
0.387689
0.492885
0.373191
0.406173
0.430385
0.474530
0.391666
0.445915
0.408753
0.448211
0.460209
0.429908
0.361396
0.435940
0.429893
0.440586
0.424617
0.448852
0.391090
0.439469
0.377745
0.514446
0.376791
0.389316
0.490170
0.387976
0.428308
0.450810
0.406698
0.440917
0.450378
0.535701
0.453517
0.427613
0.395311
0.443516
0.380138
0.426739
0.424837
0.398154
0.416257
0.500078
0.415212
0.409352
0.468083
0.495332
0.440503
0.444573
0.446492
0.505416
0.540428
0.543348
0.487818
0.437627
0.489872
0.544260
0.511211
0.496041
0.551322
0.525727
0.473520
0.481118
0.601818
0.516408
0.539504
0.505785
0.472231
0.581704
0.660318
0.434269
0.454953
0.483766
0.505761
0.414121
0.554602
0.473367
0.534801
0.406267
0.485395
0.559200
0.464177
0.475377
0.483144
0.500932
0.425783
0.466852
0.540247
0.512281
0.432134
0.389234
0.469628
0.599510
0.465083
0.472157
0.474078
0.481582
0.450200
0.485904
0.392391
0.409808
0.443554
0.530345
0.529227
0.461428
0.503646
0.465523
0.601611
0.471099
0.558918
0.487628
0.453971
0.477862
0.456433
0.469730
0.525199
0.432656
0.435300
0.473564
0.519522
0.446747
0.473656
0.592868
0.476806
0.483931
0.548996
0.493993
0.503087
0.496823
0.611508
0.467609
0.504751
0.535213
0.422331
0.516146
0.516503
0.492031
0.469287
0.483256
0.463408
0.423405
0.567479
0.549678
0.508327
0.492557
0.489529
0.491459
0.547051
0.529586
0.515940
0.429296
0.422786
0.605035
0.505891
0.468945
0.464073
0.427845
0.512748
0.413275
0.483319
0.491503
0.426486
0.534621
0.495535
0.523953
0.458944
0.493674
0.497187
0.459187
0.494225
0.470721
0.534999
0.594864
0.480729
0.531262
0.451011
0.551160
0.465487
0.466010
0.583852
0.415485
0.400304
0.541711
0.502309
0.466432
0.499856
0.477925
0.481014
0.423241
0.445426
0.513591
0.455849
0.604344
0.450041
0.512617
0.525291
0.424429
0.564657
0.501328
0.434803
0.473142
0.444023
0.501421
0.483022
0.392513
0.424628
0.484429
0.494718
0.435335
0.515513
0.407313
0.399876
0.527561
0.431844
0.470829
0.439128
0.429040
0.446795
0.478065
0.436038
0.479874
0.493608
0.488778
0.469853
0.417227
0.398423
0.511821
0.507762
0.492392
0.477794
0.535963
0.390873
0.531140
0.480321
0.462329
0.429533
0.432310
0.476722
0.465856
0.459529
0.397431
0.464554
0.450195
0.416510
0.451928
0.494045
0.443124
0.480620
0.431976
0.482820
0.412122
0.450598
0.477467
0.468475
0.432064
0.469606
0.516569
0.506021
0.472580
0.442897
0.538788
0.411659
0.537477
0.443138
0.367927
0.441067
0.472340
0.489197
0.422418
0.391452
0.515896
0.472896
0.494384
0.413705
0.450324
0.482969
0.466723
0.407177
0.509166
0.455573
0.464141
0.529010
0.472264
0.521476
0.464241
0.517857
0.391123
0.395184
0.451037
0.411892
0.507074
0.470445
0.561296
0.434006
0.486146
0.379364
0.523480
0.371406
0.437636
0.491471
0.503918
0.425483
0.521913
0.520171
0.436910
0.435698
0.384124
0.407166
0.485618
0.402987
0.419478
0.495613
0.522381
0.421436
0.523615
0.404842
0.457798
0.527027
0.522249
0.438715
0.423848
0.526641
0.495295
0.543157
0.498942
0.475201
0.403937
0.508884
0.469514
0.466549
0.484413
0.572068
0.503006
0.512979
0.373433
0.527370
0.441543
0.418413
0.489112
0.396282
0.428444
0.405652
0.493161
0.554808
0.491550
0.411703
0.548574
0.510129
0.432383
0.469267
0.477283
0.383948
0.504445
0.445846
0.442669
0.484371
0.539958
0.544934
0.464143
0.468902
0.455092
0.455869
0.506863
0.474028
0.446666
0.509840
0.508476
0.493335
0.501735
0.411940
0.507886
0.495196
0.490074
0.479889
0.489950
0.451998
0.514932
0.597942
0.433537
0.461652
0.456524
0.523989
0.611382
0.450583
0.465519
0.418090
0.456892
0.413143
0.474616
0.406860
0.415804
0.453894
0.515836
0.492141
0.451318
0.472546
0.480531
0.501666
0.381304
0.407717
0.480206
0.464868
0.498109
0.474115
0.503603
0.506924
0.504688
0.472709
0.445355
0.473114
0.391092
0.493148
0.491499
0.419418
0.451709
0.502947
0.430078
0.408905
0.454223
0.489519
0.452593
0.465667
0.510134
0.421735
0.448019
0.487312
0.450660
0.508087
0.419232
0.475753
0.460770
0.420332
0.516361
0.536807
0.480330
0.466936
0.460600
0.395558
0.552273
0.430997
0.452573
0.475238
0.482576
0.463832
0.423663
0.442455
0.356595
0.459300
0.467573
0.465350
0.509324
0.374264
0.445813
0.452295
0.403394
0.480507
0.454008
0.506871
0.527851
0.415517
0.467035
0.545025
0.483984
0.474518
0.482474
0.454135
0.437980
0.430814
0.407204
0.480254
0.494379
0.500084
0.529263
0.472050
0.470555
0.477829
0.402512
0.483704
0.475066
0.388838
0.506551
0.469452
0.516232
0.460259
0.471777
0.363689
0.481430
0.506380
0.531089
0.447740
0.513755
0.553862
0.525228
0.542480
0.469247
0.475487
0.494678
0.511044
0.446713
0.494272
0.377182
0.535195
0.556497
0.426925
0.461179
0.508883
0.496714
0.439529
0.450594
0.455234
0.484019
0.503510
0.622404
0.536867
0.460037
0.438834
0.506052
0.445874
0.424392
0.405633
0.463032
0.426419
0.544742
0.536646
0.516301
0.417887
0.479053
0.513004
0.438216
0.558697
0.430850
0.490581
0.562099
0.435741
0.504849
0.451440
0.509153
0.462073
0.505909
0.448502
0.439497
0.467105
0.452814
0.508945
0.466912
0.467645
0.476620
0.501458
0.476979
0.443582
0.412558
0.464776
0.516783
0.440669
0.487885
0.410243
0.427128
0.436418
0.494164
0.383704
0.382061
0.521746
0.408729
0.480724
0.440125
0.452209
0.495586
0.455714
0.360689
0.416622
0.408900
0.619089
0.494038
0.451074
0.423977
0.423935
0.420800
0.447155
0.472044
0.350589
0.396331
0.417589
0.443907
0.482272
0.413002
0.411931
0.399678
0.411131
0.389532
0.405613
0.457423
0.375738
0.440808
0.396554
0.445860
0.459333
0.466319
0.481367
0.528630
0.483489
0.689077
0.438909
0.527959
0.429515
0.400361
0.452250
0.394568
0.436123
0.475676
0.420043
0.427578
0.435415
0.511054
0.427415
0.462347
0.451967
0.473370
0.423956
0.420862
0.450829
0.456276
0.427752
0.477569
0.466853
0.478261
0.474301
0.466977
0.421385
0.424996
0.491392
0.578293
0.445745
0.566594
0.534117
0.463803
0.493621
0.467211
0.510614
0.506612
0.497655
0.577714
0.509727
0.548160
0.577553
0.434623
0.477932
0.531324
0.422958
0.506804
0.491804
0.475319
0.528207
0.458578
0.472218
0.519859
0.468500
0.504200
0.483143
0.480376
0.464915
0.447484
0.485797
0.529622
0.490722
0.535608
0.448216
0.547673
0.501884
0.527090
0.454499
0.404864
0.510909
0.449773
0.519570
0.523722
0.450300
0.577949
0.506612
0.453387
0.466866
0.525831
0.474103
0.563807
0.494235
0.495711
0.447113
0.594990
0.509752
0.462555
0.466277
0.457400
0.442515
0.517378
0.541143
0.483257
0.462772
0.523147
0.496950
0.492337
0.450504
0.454889
0.441947
0.550858
0.462659
0.459419
0.518421
0.501181
0.477149
0.626359
0.439515
0.526886
0.569987
0.515367
0.465250
0.538226
0.471509
0.440939
0.578503
0.490880
0.554859
0.469419
0.470441
0.535030
0.478223
0.509197
0.511397
0.545115
0.503771
0.548442
0.443090
0.598568
0.485700
0.602340
0.530093
0.523857
0.499944
0.502851
0.491054
0.483747
0.515142
0.501050
0.459835
0.552325
0.580503
0.553018
0.473102
0.532559
0.528821
0.483529
0.526657
0.514767
0.471668
0.518317
0.465339
0.493195
0.566569
0.451296
0.562355
0.583185
0.399755
0.511516
0.503960
0.560658
0.470704
0.523412
0.541487
0.493407
0.558859
0.519716
0.520380
0.501578
0.516702
0.558563
0.409487
0.406269
0.524112
0.474549
0.552578
0.533158
0.503942
0.395989
0.424743
0.606225
0.535032
0.483163
0.513887
0.541364
0.507112
0.520710
0.541485
0.533035
0.499964
0.621290
0.540902
0.516898
0.506245
0.530080
0.505370
0.592464
0.520968
0.553329
0.566040
0.556679
0.486621
0.432527
0.476189
0.542957
0.507971
0.481339
0.546844
0.495178
0.546835
0.644356
0.501248
0.548452
0.574465
0.648551
0.546586
0.530087
0.587259
0.457097
0.492113
0.523018
0.528826
0.522160
0.502651
0.452368
0.526288
0.466596
0.482031
0.491564
0.494102
0.569344
0.467341
0.509879
0.437837
0.555134
0.513458
0.534080
0.464093
0.474719
0.572942
0.587988
0.418926
0.490475
0.555655
0.572909
0.567850
0.521917
0.485604
0.517137
0.528898
0.576550
0.514103
0.566739
0.450711
0.529725
0.520491
0.485630
0.479643
0.526037
0.425862
0.506454
0.454300
0.402346
0.474232
0.412136
0.455971
0.451817
0.445988
0.470516
0.420364
0.528288
0.436098
0.440943
0.474538
0.465561
0.400132
0.421929
0.456019
0.379065
0.467231
0.531605
0.457837
0.448760
0.377261
0.412213
0.424265
0.411755
0.448595
0.467730
0.456930
0.456987
0.487329
0.403484
0.426884
0.412958
0.439116
0.418879
0.400003
0.432234
0.487929
0.505493
0.438621
0.436708
0.406167
0.425478
0.422497
0.434763
0.391033
0.356917
0.358872
0.508197
0.428192
0.468581
0.404353
0.438457
0.384364
0.423044
0.369539
0.365398
0.385405
0.494608
0.343255
0.406235
0.457348
0.420103
0.413640
0.388349
0.370569
0.397655
0.425679
0.491877
0.430381
0.391902
0.409724
0.382696
0.385507
0.432564
0.394755
0.412281
0.445001
0.585564
0.473080
0.544245
0.497031
0.486264
0.500787
0.490410
0.427061
0.438403
0.433452
0.512362
0.456599
0.522608
0.473435
0.538080
0.496208
0.440372
0.549580
0.473183
0.460672
0.492369
0.488759
0.441423
0.475879
0.564356
0.399366
0.489672
0.549096
0.525470
0.483085
0.628762
0.502643
0.555545
0.530125
0.499725
0.485349
0.402175
0.512792
0.571622
0.478823
0.613398
0.456804
0.481012
0.453713
0.451600
0.587266
0.430629
0.475988
0.498281
0.452216
0.596802
0.497794
0.502852
0.498806
0.470316
0.461511
0.497561
0.509966
0.549510
0.482505
0.498999
0.528253
0.519615
0.503450
0.614893
0.475359
0.487457
0.465555
0.514390
0.464509
0.583697
0.523595
0.438944
0.447306
0.476652
0.473732
0.451849
0.424224
0.491926
0.451084
0.567523
0.555773
0.473863
0.474123
0.411432
0.452016
0.493272
0.498089
0.476232
0.496402
0.550436
0.492108
0.455932
0.486366
0.437597
0.446106
0.535868
0.476852
0.487215
0.458832
0.582273
0.444312
0.463692
0.480769
0.509382
0.460383
0.487597
0.504726
0.533645
0.507478
0.559451
0.488875
0.407364
0.409798
0.485326
0.424522
0.482024
0.463421
0.477822
0.482867
0.478328
0.458897
0.491096
0.479391
0.421500
0.469903
0.453978
0.549079
0.476501
0.460016
0.540579
0.456293
0.482477
0.432105
0.441978
0.401669
0.523134
0.405488
0.455980
0.413680
0.539239
0.477098
0.488439
0.446988
0.558105
0.470919
0.486603
0.434406
0.453665
0.423080
0.538331
0.517335
0.457166
0.491840
0.602105
0.496931
0.459373
0.489928
0.446594
0.447960
0.551784
0.402178
0.506710
0.521519
0.496780
0.525867
0.504869
0.463409
0.487367
0.412626
0.560177
0.491876
0.549324
0.510952
0.399560
0.526577
0.504580
0.425189
0.588450
0.475577
0.555602
0.472322
0.383228
0.439200
0.430140
0.485189
0.487082
0.463420
0.510430
0.495904
0.620724
0.403808
0.440746
0.518516
0.412341
0.456903
0.499850
0.509601
0.515195
0.443629
0.475359
0.527002
0.484282
0.569539
0.543696
0.480966
0.509406
0.469548
0.508811
0.472316
0.550223
0.499573
0.477927
0.441298
0.542752
0.563739
0.497462
0.522053
0.407976
0.473310
0.542900
0.434228
0.540818
0.472436
0.479527
0.519042
0.505975
0.486627
0.509513
0.468203
0.520102
0.478981
0.418473
0.559539
0.440687
0.455890
0.474762
0.486139
0.515745
0.541599
0.585391
0.466340
0.504896
0.569085
0.568236
0.475420
0.512007
0.540503
0.546110
0.515276
0.571851
0.427870
0.539271
0.547616
0.469500
0.438181
0.473449
0.514142
0.441570
0.469449
0.558365
0.494104
0.499670
0.502842
0.502524
0.509711
0.497781
0.501769
0.620074
0.500588
0.542810
0.543303
0.489207
0.488400
0.456061
0.462532
0.450788
0.451157
0.531070
0.455248
0.577447
0.564267
0.543091
0.510037
0.532433
0.515536
0.442124
0.478154
0.513793
0.450396
0.532746
0.529536
0.431451
0.458838
0.476830
0.510664
0.440851
0.492501
0.434999
0.431273
0.573693
0.561103
0.406478
0.449520
0.509732
0.441116
0.551674
0.457806
0.438148
0.523972
0.451473
0.550553
0.465077
0.456928
0.505748
0.457381
0.482011
0.463098
0.481735
0.426620
0.609495
0.507599
0.487615
0.520823
0.503345
0.451503
0.522395
0.482992
0.492199
0.586385
0.569378
0.560295
0.418783
0.494505
0.465378
0.449594
0.510055
0.455141
0.451530
0.535312
0.532934
0.428037
0.453490
0.423493
0.447683
0.429038
0.446986
0.470430
0.522228
0.592474
0.597082
0.468632
0.533292
0.470506
0.422938
0.490127
0.489861
0.452545
0.493975
0.468484
0.582309
0.465050
0.477716
0.496153
0.415833
0.393300
0.489329
0.459006
0.496524
0.439770
0.568031
0.465551
0.502123
0.478846
0.448619
0.436406
0.439139
0.505542
0.440664
0.489495
0.473701
0.509064
0.541928
0.454043
0.463896
0.475591
0.405151
0.503412
0.532430
0.448839
0.500025
0.484507
0.691324
0.441601
0.441760
0.376684
0.510009
0.477355
0.413810
0.523006
0.472508
0.400634
0.472933
0.415632
0.527041
0.435485
0.479129
0.412999
0.461599
0.415574
0.553159
0.490889
0.374131
0.473505
0.431164
0.530998
1.757583
1.770149
3.620874
1.876550
1.837562
1.859171
1.615206
1.757894
1.802587
1.820016
1.878955
1.768067
1.974173
1.842057
1.886056
1.786547
1.757369
1.905804
1.661979
1.742157
1.842458
1.747934
1.807962
1.777343
1.876988
1.824519
1.767358
1.734814
1.765697
1.804191
1.899240
1.866203
1.840734
1.885625
1.834872
1.717683
1.758588
1.870858
1.780446
1.706773
1.787368
1.706531
1.792143
1.871062
1.884515
1.714442
1.659519
1.845320
1.887067
1.678650
1.689849
1.648745
1.805561
1.855597
1.727238
1.713469
1.561036
1.618392
0.329670
0.402715
0.342986
0.354016
0.409420
0.343388
1.642324
1.605344
0.300881
1.581568
1.506317
1.506380
1.625173
3.156843
1.501723
1.582622
1.561130
1.557519
1.522591
1.636423
3.226818
1.742577
1.766544
1.692666
1.706276
1.670581
3.588809
1.710697
1.697234
1.779747
1.606886
1.756530
1.848707
3.894419
1.791660
1.822481
1.663976
1.851209
3.733789
3.526653
1.707965
1.728745
1.830078
3.445433
1.805572
