542	231	50	72
528	230	48	75
515	228	51	81
506	224	53	92
498	222	52	84
493	224	50	76
487	225	50	74
483	226	47	72
477	227	47	72
469	228	47	71
463	228	46	72
456	230	45	71
450	234	45	68
443	231	47	71
438	231	47	69
433	229	46	71
426	229	48	69
421	231	47	67
415	231	48	66
410	230	49	68
405	232	50	64
400	233	50	64
393	232	51	64
387	230	54	65
382	233	59	61
376	234	59	60
370	233	61	59
365	231	60	59
362	227	57	63
359	215	58	71
349	231	68	60
348	218	68	69
345	208	68	79
339	206	74	84
334	209	80	77
332	210	82	78
329	208	84	80
329	208	84	79
327	209	85	77
329	210	87	76
332	210	82	76
332	209	86	77
335	209	81	77
338	210	82	76
343	209	76	79
348	209	71	79
350	212	64	74
350	211	65	74
352	224	64	60
354	225	54	59
359	226	46	57
363	226	43	54
365	224	50	58
370	223	49	61
375	225	45	58
381	228	40	55
388	231	31	51
394	231	23	49
398	231	19	47
403	231	14	46
421	281	19	45
352	331	24	50
302	367	25	58
294	366	21	64
296	362	16	69
305	357	17	72
295	360	17	71
302	356	19	74
303	357	19	73
304	356	18	75
304	357	16	74
304	355	15	75
304	355	16	75
304	356	16	74
302	356	21	73
303	355	16	76
303	356	16	75
304	354	14	76
293	357	19	75
304	355	17	75
303	356	18	74
303	356	17	74
303	357	16	74
304	354	18	75
303	355	17	75
304	356	16	75
305	358	14	72
304	357	18	73
303	356	18	74
304	357	18	73
304	356	18	73
304	357	17	74
303	357	17	74
303	356	17	73
304	358	16	73
304	355	15	73
304	356	15	74
304	355	14	76
304	355	13	75
305	355	13	74
304	357	15	72
303	357	15	72
302	356	19	73
302	357	16	74
303	357	18	72
304	357	15	73
303	356	16	74
304	356	14	74
303	356	16	74
304	357	17	72
304	356	15	74
303	356	15	73
303	355	16	74
303	357	17	73
304	355	16	74
303	357	15	74
304	356	14	74
304	355	14	75
305	355	13	74
303	356	17	73
304	357	16	72
304	356	16	73
305	358	15	71
305	356	14	74
305	355	14	74
305	357	13	73
304	356	16	73
303	354	16	76
303	356	16	74
302	355	17	75
303	355	14	75
303	355	15	75
304	356	16	72
303	358	18	71
304	358	18	72
305	355	15	75
304	355	20	74
305	356	17	74
305	356	18	73
304	357	18	73
304	356	17	73
305	357	20	72
304	356	19	73
304	356	16	74
304	358	15	71
304	356	14	73
303	356	17	74
304	356	17	74
305	357	15	72
304	356	18	73
305	356	16	73
305	356	15	73
305	356	14	74
303	356	17	73
304	356	14	74
304	356	15	73
304	356	17	74
304	356	15	73
304	357	14	72
303	356	17	74
304	358	15	72
303	356	14	75
303	355	16	75
301	356	16	75
302	354	17	76
302	356	17	75
302	358	16	72
303	356	15	74
303	355	17	75
303	356	17	73
304	356	17	73
305	357	14	73
304	357	15	72
303	356	18	73
303	355	17	75
304	356	16	74
303	358	16	72
302	355	18	75
301	355	18	75
301	356	19	74
302	357	15	74
303	355	14	74
303	354	15	76
304	355	16	76
303	356	16	73
303	356	17	73
304	356	15	73
304	355	15	74
303	355	15	75
304	354	16	76
303	355	19	74
303	355	16	75
303	356	18	73
302	355	17	75
302	355	19	75
304	355	15	75
303	354	16	76
303	355	17	74
302	355	17	75
303	355	14	74
303	356	14	73
303	357	14	73
301	355	16	75
306	353	19	75
307	354	21	75
307	357	30	69
353	266	37	69
374	294	51	71
371	295	65	70
378	289	71	78
386	281	80	78
392	283	83	91
404	283	74	92
411	280	71	89
414	278	69	87
420	274	64	94
423	274	62	92
424	264	63	102
429	264	59	105
430	263	59	106
431	266	60	100
434	269	61	96
437	268	59	99
440	265	58	103
441	263	62	105
444	264	63	103
448	266	63	102
451	270	63	98
455	267	61	102
454	279	67	88
455	283	65	85
455	282	66	85
455	284	63	84
453	283	68	84
454	283	64	84
454	280	63	89
452	284	65	83
451	285	68	83
454	286	64	81
455	284	63	84
455	285	65	81
458	283	62	85
463	274	54	94
460	282	54	86
462	278	53	90
462	273	55	95
463	268	51	102
462	267	52	102
462	267	51	101
462	267	52	102
459	273	56	96
458	282	57	87
457	288	59	80
452	291	68	77
453	292	67	74
451	291	69	75
454	292	66	73
457	293	64	72
460	289	56	78
461	290	57	76
460	294	57	71
460	291	57	75
452	286	63	81
453	287	65	81
458	286	58	81
460	285	56	82
459	283	58	85
457	288	60	80
452	286	66	81
450	290	68	78
450	291	68	76
451	292	68	76
452	292	66	75
450	291	69	76
454	290	63	77
451	289	66	80
451	290	67	78
449	289	71	79
450	286	68	81
449	289	70	79
449	286	70	82
448	282	69	87
450	287	63	80
450	286	65	82
450	290	68	77
452	286	63	82
452	286	64	82
450	284	66	84
447	282	69	86
449	288	67	77
448	283	70	84
450	286	66	82
450	279	67	89
449	283	66	89
450	279	66	90
449	281	66	90
453	284	64	83
453	287	65	82
453	286	65	84
453	287	66	80
453	291	69	79
452	288	71	79
453	293	68	71
454	295	69	75
454	293	70	75
456	291	69	78
456	292	72	77
454	298	74	70
452	299	78	72
451	301	76	69
450	298	83	72
450	296	80	73
453	300	82	71
453	300	70	70
455	297	67	72
454	299	66	71
454	295	73	75
454	286	74	84
454	282	72	90
455	279	71	93
454	282	74	90
455	282	69	89
454	281	73	91
455	278	70	95
457	275	67	98
455	267	67	104
453	266	72	104
452	263	74	106
451	288	71	83
449	292	83	81
453	299	66	71
453	290	73	81
452	284	79	86
451	287	79	83
452	283	70	86
453	279	69	93
453	268	65	104
457	265	64	107
459	261	61	109
457	258	63	113
456	251	64	119
457	248	63	120
457	246	61	122
456	243	63	127
455	250	64	120
454	256	69	115
454	259	70	110
455	260	71	109
452	263	71	106
455	264	70	105
453	266	70	105
451	272	71	97
449	276	72	93
450	276	72	93
449	281	72	89
451	286	68	80
452	283	69	86
451	286	71	81
451	285	66	83
450	282	69	86
449	284	67	85
447	282	69	87
448	285	71	85
448	284	74	84
450	284	69	83
449	283	73	85
449	287	75	80
451	286	72	81
453	284	68	84
453	281	66	88
450	280	72	90
448	279	68	91
451	279	67	91
451	267	63	103
454	269	62	101
452	275	66	96
452	281	65	90
451	284	68	86
450	286	72	85
450	290	65	80
452	287	65	81
452	283	69	87
454	280	63	89
453	283	66	89
452	284	66	83
452	286	71	85
452	289	66	78
453	287	66	80
455	286	62	81
454	289	63	79
453	286	62	83
455	281	60	90
461	277	55	95
456	275	59	96
456	278	61	95
454	280	64	91
455	287	65	83
452	290	69	78
453	287	68	83
455	284	64	85
451	283	68	87
452	281	66	89
452	284	66	85
451	285	69	86
455	287	64	83
455	289	65	80
455	287	66	81
454	285	68	83
453	285	69	84
454	285	67	83
454	287	64	81
458	288	62	80
457	290	66	79
461	288	57	81
457	288	63	82
456	291	63	76
456	287	63	82
454	286	64	83
454	285	67	84
452	288	68	80
454	288	68	80
452	290	75	77
456	285	63	83
457	285	63	83
456	285	66	84
454	289	65	78
453	287	68	82
452	290	67	76
451	291	67	77
452	287	65	83
453	284	65	85
453	286	64	83
454	284	61	85
451	284	68	85
453	284	65	85
454	282	63	87
454	283	61	86
458	283	58	86
458	283	56	86
452	282	63	87
461	282	53	88
457	283	58	85
454	283	60	87
452	285	63	83
452	287	63	81
448	286	66	84
448	287	68	80
448	286	66	82
449	283	67	87
449	280	64	90
451	281	65	87
450	278	63	89
452	283	63	85
454	281	62	87
451	279	64	86
449	279	69	88
449	276	65	91
447	279	65	90
448	278	65	90
448	277	67	93
448	281	65	86
449	282	65	86
449	281	64	85
450	280	65	88
452	282	64	86
450	280	66	87
450	280	65	88
451	284	64	84
448	284	68	84
447	282	68	85
445	283	68	85
444	285	69	84
445	283	68	86
447	280	66	91
448	282	65	87
450	281	66	88
451	279	64	89
451	280	63	89
451	282	62	86
446	282	62	86
441	281	60	86
433	271	69	95
422	264	76	86
416	263	79	80
406	252	74	84
403	247	71	86
392	237	65	90
382	229	68	90
376	225	68	87
370	224	60	83
367	224	58	79
363	222	52	82
367	225	52	82
372	229	45	77
375	229	42	73
381	232	33	69
382	235	29	72
384	234	31	72
384	236	32	74
387	241	27	69
388	239	28	75
388	240	25	70
387	242	26	70
387	243	23	72
386	248	23	72
386	250	23	67
385	253	27	61
384	255	28	59
387	254	26	60
390	254	23	59
395	259	15	56
401	243	14	50
400	262	16	50
403	260	16	52
404	251	11	52
403	254	9	48
403	240	8	45
401	242	8	41
399	244	7	39
398	245	6	35
394	252	6	36
393	256	6	36
392	251	6	33
389	254	7	34
391	249	9	35
384	272	8	31
383	280	7	28
383	284	7	26
386	284	4	26
386	284	4	26
385	284	6	27
388	282	7	28
382	286	8	25
385	289	11	24
381	287	15	25
381	289	19	22
390	305	17	24
388	295	19	28
390	288	21	22
398	291	19	21
395	327	16	18
402	320	14	18
412	283	13	20
414	283	15	21
414	289	17	24
415	289	21	22
414	297	20	22
414	305	21	23
413	318	22	20
415	311	24	21
415	318	26	17
415	322	29	17
457	350	33	20
412	327	36	23
413	343	38	25
414	353	38	21
406	321	46	22
419	305	48	20
431	305	42	18
430	305	36	16
426	310	34	20
424	310	31	20
422	311	30	18
417	314	32	21
421	306	28	25
422	299	22	20
422	304	22	19
422	303	22	18
422	302	24	19
422	304	23	17
422	304	21	18
423	297	22	21
424	251	19	21
471	234	18	25
467	234	13	27
457	235	14	31
448	235	11	34
440	227	10	35
423	236	12	33
409	235	14	32
396	241	15	28
381	241	20	25
371	242	22	21
362	242	20	20
354	248	19	22
348	241	14	23
341	241	16	19
360	251	18	23
408	291	16	23
411	304	19	26
436	316	24	25
424	322	29	26
416	319	32	28
407	315	40	31
400	311	36	35
392	308	33	37
385	306	34	34
374	313	36	42
370	306	40	48
358	301	41	48
362	305	38	52
358	305	37	52
355	302	36	54
352	302	39	45
350	303	34	40
343	302	36	49
337	301	36	38
328	303	40	49
320	301	42	53
313	303	44	49
306	299	50	53
297	298	56	53
290	299	63	49
282	296	72	48
262	293	89	46
254	293	92	44
248	293	98	45
244	291	93	46
239	290	93	46
239	287	90	47
238	286	87	46
239	285	87	45
241	284	85	45
244	284	80	44
245	286	82	41
248	285	78	40
251	284	77	40
253	277	70	47
258	280	72	46
261	271	70	48
266	249	64	61
270	240	61	78
278	230	53	88
281	233	52	87
286	234	52	87
290	235	49	90
296	237	45	89
304	242	40	85
308	245	38	84
292	245	44	77
295	242	46	85
296	245	37	75
296	247	40	82
284	247	34	82
248	255	43	84
241	253	57	74
237	265	65	64
236	260	68	65
223	286	80	51
199	282	83	59
180	276	94	70
187	278	100	76
170	281	113	76
143	279	105	92
138	285	98	97
229	211	99	110
236	222	80	117
239	204	71	126
241	203	65	138
244	208	59	142
244	204	57	155
236	202	66	163
230	199	69	177
232	193	65	205
231	197	66	204
230	185	65	243
229	178	67	255
227	175	68	255
227	180	65	252
231	174	64	258
227	175	67	254
225	180	71	254
232	183	63	251
230	177	63	249
233	181	61	255
230	181	62	249
222	179	74	255
227	185	68	245
221	175	75	256
222	179	76	256
206	178	92	252
197	180	98	252
199	172	97	255
199	175	99	257
209	176	86	255
212	173	85	249
212	174	82	256
212	179	82	253
202	171	93	250
206	176	88	254
208	178	89	262
212	178	84	250
223	191	75	236
229	191	72	236
232	191	64	236
235	186	62	240
234	191	63	237
236	186	58	242
237	187	61	242
237	188	60	240
241	193	57	228
240	196	61	219
242	191	59	234
243	189	61	238
240	192	64	220
245	192	60	233
245	189	61	230
243	189	65	238
247	190	64	240
242	192	72	224
248	198	69	205
248	201	70	189
251	204	69	171
254	204	65	163
254	205	66	150
256	207	64	153
254	207	67	142
257	209	63	142
255	218	64	138
258	210	59	140
256	217	58	146
258	208	58	145
257	211	57	137
256	216	61	145
258	212	57	135
253	219	66	142
260	212	59	136
259	225	56	146
262	212	54	148
263	208	54	155
262	209	54	155
263	205	52	164
263	204	54	166
262	202	56	169
262	197	55	178
261	198	58	176
262	200	56	165
261	204	58	157
260	206	61	150
260	205	61	160
260	204	62	167
261	206	62	165
261	208	64	154
261	208	65	162
268	210	58	167
269	211	57	176
270	204	57	189
274	202	52	204
271	178	54	219
272	187	55	228
272	189	55	241
276	179	51	250
275	187	54	244
274	180	55	244
275	190	55	243
277	181	54	242
277	189	52	243
276	181	55	243
276	189	57	242
279	185	54	240
279	191	55	242
275	190	59	241
276	188	56	244
278	186	55	246
276	188	56	242
279	189	56	239
278	191	55	235
276	192	57	232
275	182	58	244
274	179	59	250
272	178	59	252
273	176	60	253
272	180	59	249
274	176	59	251
273	178	57	253
273	183	58	244
270	178	58	253
273	179	57	249
268	181	60	251
267	181	60	250
268	183	56	250
270	184	54	246
269	183	54	244
270	185	52	245
267	182	54	250
267	181	53	251
266	185	54	245
262	183	58	247
263	188	54	243
264	190	52	243
261	196	56	236
262	190	53	238
262	195	53	241
262	188	53	241
260	194	55	242
260	195	55	236
259	198	57	237
260	196	54	235
259	200	56	233
260	205	55	229
260	199	54	231
259	199	55	234
258	203	56	230
260	206	54	228
254	201	61	229
255	203	57	231
255	203	57	230
254	204	61	227
256	194	56	239
254	195	58	235
253	196	58	238
255	195	60	235
253	197	56	236
255	188	58	244
256	191	55	244
257	188	56	244
254	193	57	240
254	194	59	237
255	185	53	251
255	188	53	246
252	191	58	240
252	196	59	234
251	182	63	245
252	192	61	232
250	189	60	243
251	188	62	242
248	189	64	240
251	186	62	244
249	189	59	245
251	188	62	241
247	192	61	239
251	189	59	243
249	185	62	243
248	187	63	240
250	196	60	231
246	185	69	243
247	191	63	239
247	188	63	242
244	189	69	240
244	195	66	231
244	192	63	232
245	197	64	231
241	194	70	234
245	192	62	237
247	189	63	236
244	197	61	236
246	192	64	235
241	189	66	241
241	195	68	238
239	192	67	236
243	195	67	233
238	191	64	238
246	191	64	235
239	190	68	237
242	192	66	237
240	191	65	237
242	201	67	228
240	191	62	237
242	183	67	239
238	191	70	237
238	185	67	241
240	190	68	234
242	194	65	232
241	187	68	239
237	179	69	247
242	179	65	250
243	175	65	249
237	174	72	254
241	173	67	258
244	177	64	251
244	176	66	248
244	184	64	245
247	176	62	252
244	179	66	248
247	193	59	239
251	190	61	239
244	187	68	240
246	183	64	246
243	181	67	245
240	185	66	246
241	180	72	244
242	182	68	248
240	185	70	244
240	181	68	248
239	179	74	249
236	182	73	246
240	184	73	241
238	186	74	240
237	189	75	237
237	198	72	221
234	202	73	199
237	206	76	182
233	209	76	177
234	204	76	187
231	204	79	183
230	205	81	179
233	206	76	181
232	205	80	182
233	210	80	177
230	210	80	181
228	211	84	173
231	211	80	176
229	214	80	173
231	214	81	173
235	215	78	175
234	216	80	172
230	215	83	175
231	215	83	174
231	214	82	175
231	213	80	171
233	210	79	181
231	209	79	183
230	209	82	180
227	206	85	185
230	209	82	180
230	205	82	184
229	207	84	179
234	207	81	174
233	209	82	171
233	210	83	158
233	216	84	164
235	209	81	166
235	206	82	175
235	210	82	171
235	211	82	161
237	211	79	167
238	210	79	169
238	209	79	170
236	212	82	154
236	210	82	163
235	209	81	167
235	211	81	163
236	210	83	156
237	215	79	166
238	210	79	164
236	210	81	163
234	209	86	161
235	214	80	162
238	210	79	161
238	208	78	176
239	209	78	163
236	210	81	166
238	208	78	160
241	208	73	176
240	208	74	170
240	209	74	163
241	209	73	161
241	210	72	158
243	210	71	166
244	207	68	189
243	210	70	197
241	202	73	228
247	205	68	223
248	200	65	230
248	199	63	231
252	196	62	236
249	196	61	238
253	197	60	235
254	194	57	241
254	190	57	242
255	191	57	240
254	193	60	238
256	187	61	246
255	183	61	248
250	181	67	252
253	177	64	250
255	182	61	250
253	186	65	246
254	183	62	247
251	187	64	252
253	179	64	251
250	182	66	247
251	177	63	254
254	182	65	246
252	178	65	249
251	183	64	256
252	175	67	247
251	180	65	248
253	172	63	252
250	180	67	252
251	179	66	246
252	188	64	244
252	187	61	247
254	191	61	238
253	186	59	242
256	189	57	242
253	180	58	247
255	180	56	249
254	179	57	252
251	190	60	242
251	182	60	246
245	195	65	236
249	189	63	240
248	187	62	244
243	188	67	239
241	185	68	244
241	192	65	239
242	190	69	237
242	190	66	239
239	196	69	233
239	199	73	227
239	199	68	226
242	200	70	227
239	197	72	228
235	197	72	227
238	202	75	224
233	208	76	218
229	207	84	207
237	212	74	202
232	217	81	171
221	214	95	163
212	216	106	150
216	220	102	163
209	217	107	165
205	219	114	162
203	218	116	171
201	219	115	173
200	219	119	175
202	222	120	162
201	221	118	162
202	223	116	165
202	222	116	168
200	221	120	170
201	223	122	186
199	223	124	168
204	222	119	151
205	224	117	132
210	226	114	147
210	221	109	133
208	220	115	151
218	219	107	126
217	232	110	129
220	217	102	128
228	221	95	140
244	232	77	154
245	215	74	169
248	211	72	180
249	209	69	195
251	207	69	211
255	207	64	227
250	199	70	227
250	193	71	238
252	189	69	238
254	183	66	247
254	185	69	250
261	187	61	241
257	190	67	247
261	197	61	232
263	196	59	239
263	199	60	234
263	198	59	235
267	196	56	240
269	204	53	225
272	192	54	196
266	210	64	175
273	217	57	159
272	220	56	161
275	221	56	165
276	218	56	169
278	219	57	166
278	219	59	170
278	218	59	167
281	217	58	157
282	218	58	149
281	216	63	142
292	243	55	116
287	251	63	100
283	258	72	91
285	254	73	95
288	258	76	87
288	267	84	79
290	265	84	79
293	273	85	71
300	272	79	69
309	278	76	64
257	291	67	79
266	287	62	84
273	289	62	82
281	287	62	83
289	285	59	84
294	287	59	82
301	291	63	80
307	291	67	84
310	297	76	82
318	297	71	84
325	302	67	78
334	306	69	74
343	304	67	74
356	306	64	68
366	305	65	67
377	302	66	65
390	302	61	59
403	298	55	64
411	297	54	56
417	296	54	58
424	296	55	56
429	290	58	62
443	283	56	62
454	277	57	69
471	266	45	73
485	261	41	79
492	260	46	80
500	257	49	88
512	256	46	82
528	258	41	73
533	258	49	79
552	256	42	73
567	258	38	66
578	264	42	70
588	256	46	78
605	253	42	82
620	254	42	82
630	254	48	85
653	266	39	74
667	268	39	76
680	274	39	74
681	273	49	72
704	289	45	75
719	302	47	83
737	314	33	73
744	314	25	71
748	316	21	70
741	328	26	68
738	329	30	59
739	333	27	54
738	336	28	51
737	340	30	42
738	338	29	43
746	349	23	41
740	326	28	41
742	335	26	41
745	330	25	45
745	327	24	51
