445.58,189.82,53.818,77.919
446,190,53,78
446,190,53,78
446,190,54,78
446,190,53,78
446,190,54,78
446,190,54,78
446,190,54,78
446,190,54,78
446,191,53,77
446,190,53,78
446,191,53,77
446,190,54,78
446,191,53,78
446,190,53,79
446,190,53,78
446,190,53,77
446,190,53,78
446,191,53,77
446,191,53,78
446,191,52,77
446,191,52,77
446,191,53,77
446,191,53,78
446,191,52,78
446,191,52,77
446,191,52,78
446,191,53,78
446,191,53,78
445,191,53,78
445,191,53,77
446,191,52,77
445,191,53,77
445,191,53,77
445,191,53,78
445,191,53,77
445,191,53,77
445,191,53,77
446,191,52,78
445,190,53,78
445,190,53,78
445,189,52,78
445,190,53,77
445,189,53,77
445,189,52,77
445,188,53,77
445,187,53,77
445,188,53,77
445,187,53,76
445,187,54,77
445,188,53,76
446,187,53,76
446,187,52,75
446,187,52,74
446,187,53,75
446,187,53,74
446,187,52,75
446,187,53,74
447,187,53,74
447,187,53,74
447,187,53,74
447,187,53,74
447,187,53,74
447,187,52,74
447,187,52,74
447,187,53,74
447,186,53,74
447,187,53,74
447,186,53,75
447,187,53,74
447,186,53,74
447,186,54,74
447,187,53,73
447,186,53,74
447,186,53,74
446,186,53,74
446,186,53,74
446,186,52,74
446,186,53,74
446,186,53,74
445,186,53,74
445,186,52,74
445,186,53,74
445,186,52,73
444,186,53,75
444,186,52,74
444,186,52,74
443,186,52,74
443,186,52,74
442,187,53,73
442,186,53,74
441,187,53,74
441,186,53,74
441,186,52,73
440,187,52,73
440,187,51,74
439,186,52,74
439,187,51,73
438,187,51,72
438,186,52,74
437,187,51,73
437,187,51,72
436,187,52,73
436,187,50,73
435,187,52,73
434,186,53,74
434,187,51,73
434,188,51,72
434,188,51,72
434,188,51,72
433,188,51,72
433,188,52,72
433,188,51,72
433,188,52,72
433,188,52,73
433,189,51,71
433,188,51,72
433,187,52,73
433,187,52,73
434,188,51,71
434,188,52,72
434,187,52,73
434,187,51,73
434,187,51,73
434,187,52,72
435,187,51,71
435,186,52,72
436,186,51,72
436,186,51,72
437,186,50,70
437,185,51,72
438,185,49,70
437,185,50,71
437,183,51,72
437,183,51,73
437,183,51,72
437,182,51,71
438,183,50,70
438,181,51,73
438,181,50,71
438,180,50,73
438,180,51,71
438,178,52,74
438,179,51,73
438,178,52,72
438,178,52,72
438,177,51,72
438,176,52,72
438,175,51,73
439,176,51,72
439,175,51,72
439,175,51,73
439,174,50,73
439,174,50,73
439,172,51,75
439,172,52,73
439,171,52,75
439,171,52,75
440,171,51,75
440,171,51,74
440,171,51,73
441,171,51,74
441,171,51,73
442,171,51,73
442,170,51,74
442,170,51,74
443,169,50,73
443,170,51,73
443,170,52,72
444,169,51,73
444,169,51,72
445,170,51,71
445,169,51,73
445,169,51,73
446,169,51,72
447,170,51,71
447,170,51,70
447,170,51,71
448,170,52,70
448,169,52,71
449,169,51,71
450,170,51,71
450,170,52,69
451,170,51,70
451,170,51,70
452,170,50,69
452,170,51,69
452,170,51,69
453,170,50,70
453,170,51,70
453,170,51,70
454,170,51,70
454,169,51,70
455,169,51,71
455,169,52,71
455,169,52,70
456,169,52,70
457,169,52,70
457,169,52,71
457,169,52,71
458,169,52,70
458,169,53,71
459,168,52,71
459,169,53,71
460,168,53,73
460,168,54,73
460,168,53,72
461,168,53,73
461,168,54,73
461,168,54,74
462,167,54,76
462,169,53,73
463,168,53,74
463,169,53,73
463,170,53,73
463,170,54,74
464,170,53,74
464,171,53,74
464,171,53,75
464,171,53,75
464,172,53,74
464,172,53,74
465,172,53,75
465,173,52,74
465,173,52,75
465,174,53,76
465,175,53,75
465,174,53,77
465,175,52,77
466,177,51,75
466,177,51,76
465,178,53,74
465,179,52,75
465,179,53,75
465,180,53,75
464,180,53,76
464,181,53,74
464,182,54,75
465,182,53,76
464,183,53,74
464,183,53,75
464,184,54,75
464,184,54,75
464,184,53,75
463,185,54,75
464,185,53,75
464,186,53,74
463,185,54,76
463,185,55,76
464,186,53,76
464,186,54,76
464,187,53,76
463,187,55,77
463,187,54,76
463,187,55,77
463,189,54,76
463,189,54,76
464,189,53,77
463,189,55,77
462,189,56,78
462,189,56,79
463,190,55,77
463,191,53,77
462,191,56,78
462,191,54,78
462,192,54,77
462,192,55,77
462,192,55,78
462,193,55,78
462,193,54,77
461,193,55,78
461,193,55,78
461,194,55,77
461,194,54,77
461,194,55,76
460,194,55,77
461,195,54,78
460,195,55,77
459,195,56,78
459,195,56,78
459,195,55,77
459,196,55,78
459,196,55,79
458,196,56,78
458,196,55,78
457,196,56,78
457,196,56,78
456,197,57,77
456,197,56,77
456,197,55,78
456,196,55,79
455,196,55,79
455,197,55,78
455,197,55,77
454,197,54,78
454,197,54,78
454,197,54,78
453,197,54,79
452,197,55,78
452,198,54,77
452,198,53,76
452,198,54,77
451,198,54,78
450,198,54,78
450,197,54,78
449,197,55,78
448,197,55,78
448,197,55,78
448,197,54,78
447,197,55,78
446,197,55,78
446,198,55,77
445,198,55,77
445,197,55,79
444,197,55,78
444,197,54,78
443,197,55,78
443,197,55,78
443,197,55,78
442,196,55,79
442,197,54,78
442,197,54,78
441,196,55,79
441,196,54,78
440,196,55,78
440,196,55,78
440,196,54,78
440,196,55,78
440,196,54,76
440,195,54,77
440,195,54,77
440,195,54,77
439,194,54,77
440,194,53,76
440,193,53,75
440,193,53,76
440,192,52,76
440,191,52,76
440,191,52,76
440,191,51,74
440,190,52,75
440,189,51,74
441,189,50,73
440,188,51,74
440,188,51,74
440,188,51,73
440,187,50,73
440,187,51,74
440,187,51,72
440,186,51,74
440,186,51,72
440,186,50,73
440,185,50,74
440,185,50,72
440,185,50,72
439,185,50,72
440,185,50,72
439,184,50,73
439,184,50,73
439,185,50,71
438,185,50,71
438,185,50,71
439,185,50,71
438,185,51,72
439,184,49,71
439,184,49,71
439,184,49,72
438,184,50,72
438,184,49,72
438,184,50,72
438,184,49,72
439,183,49,72
438,183,50,73
439,183,48,71
439,183,49,72
439,184,49,71
439,184,49,70
439,184,47,70
439,183,48,70
439,183,48,70
439,183,48,69
439,184,48,69
440,183,48,69
440,183,47,69
440,182,48,70
440,182,47,69
441,182,47,70
441,182,48,69
442,182,47,70
442,182,47,69
442,181,48,69
443,181,47,69
443,181,49,70
444,181,48,69
444,180,48,69
444,180,49,70
444,180,49,70
444,180,48,70
444,180,49,69
444,181,49,69
444,181,48,69
444,181,48,69
444,181,49,70
443,182,49,69
443,181,49,69
444,182,48,68
443,181,47,70
443,181,49,69
442,181,49,70
441,181,49,71
441,180,49,70
441,180,49,71
442,181,48,71
442,181,47,71
442,181,47,71
442,181,46,71
442,180,46,71
442,180,46,71
441,179,47,73
442,178,46,73
442,178,46,72
442,179,47,71
442,180,46,70
443,179,45,70
442,180,46,70
443,180,45,69
442,179,45,70
442,180,46,70
442,180,45,70
442,180,44,70
442,180,45,71
441,180,45,71
441,181,45,70
442,180,44,70
442,182,43,68
441,180,44,70
443,181,43,69
443,181,43,69
443,181,42,69
443,181,42,69
443,181,42,69
444,180,42,70
443,180,42,70
443,180,43,70
444,181,42,69
444,181,41,69
444,179,42,70
443,181,43,69
444,179,42,71
443,179,43,71
444,179,42,70
444,179,42,71
444,179,42,70
444,179,42,70
444,179,42,70
444,179,42,71
444,179,42,69
443,179,43,69
443,180,43,70
443,179,43,69
442,179,43,70
442,179,44,70
442,179,44,71
443,177,43,72
442,178,44,71
442,177,43,72
442,177,44,72
442,177,43,72
442,177,43,72
442,176,43,72
441,176,43,72
442,175,42,71
441,174,43,71
441,174,42,72
441,174,43,71
441,173,43,72
441,172,43,72
440,173,44,71
441,172,43,71
440,173,44,72
441,172,44,71
440,173,44,72
440,173,43,72
439,172,44,73
440,173,43,72
439,173,44,72
440,173,42,71
440,173,42,70
440,173,42,70
439,173,43,71
440,172,42,70
439,172,43,71
439,173,42,70
440,172,42,71
440,172,42,71
439,172,42,70
439,172,43,70
439,172,43,70
439,172,42,70
439,171,43,70
439,170,44,71
439,171,44,71
439,171,44,70
439,171,44,70
439,170,44,71
439,170,44,70
439,170,43,71
438,171,44,71
439,171,43,70
441,171,42,70
440,171,43,70
441,172,42,71
441,172,43,71
440,172,43,71
440,172,43,72
441,172,43,71
439,172,45,72
441,172,43,72
440,172,44,72
440,172,44,73
440,173,44,72
441,172,43,72
441,172,43,73
440,171,44,74
439,171,45,73
440,172,44,73
439,171,45,75
438,171,46,74
439,172,45,74
438,172,46,74
438,171,46,75
438,171,46,75
439,172,45,74
438,172,46,75
438,172,46,74
438,171,46,75
439,171,45,74
439,171,44,74
438,171,46,75
439,171,45,74
438,170,46,75
439,171,45,74
439,170,45,75
439,170,45,75
439,170,45,75
439,170,46,74
439,171,46,74
438,170,47,74
439,171,46,74
438,170,48,74
439,169,47,75
438,169,47,75
440,169,46,74
439,169,47,74
439,169,47,74
439,169,47,74
439,168,47,75
439,169,48,75
439,169,47,75
439,169,47,75
440,168,46,75
440,168,47,75
440,168,47,76
440,168,46,74
441,169,45,73
439,169,47,73
439,168,48,74
439,169,48,73
439,169,49,73
439,169,49,73
438,169,50,73
439,170,50,73
438,170,50,73
439,170,50,73
438,170,52,73
438,170,52,73
438,170,52,74
437,169,53,75
438,169,51,75
438,170,51,74
438,170,51,73
438,169,51,74
438,169,51,74
438,168,52,74
438,169,52,74
438,170,51,74
438,169,52,75
438,170,52,74
438,170,52,74
439,168,52,74
438,168,53,74
439,168,52,74
439,168,52,75
439,169,52,74
439,167,53,74
439,168,53,73
439,167,53,73
439,167,52,73
438,168,53,73
439,168,52,73
439,168,52,73
439,169,52,73
438,169,53,72
437,168,54,72
437,168,54,74
438,168,53,74
437,168,54,75
437,168,55,75
439,167,53,77
438,167,54,77
437,167,54,75
437,167,54,76
437,168,54,74
437,168,54,74
437,168,54,75
437,168,54,75
439,167,53,76
438,168,53,74
438,168,53,74
438,168,52,74
438,167,53,75
439,167,52,74
438,167,52,73
438,168,52,73
438,168,51,73
440,167,49,73
439,167,50,71
439,167,50,73
438,168,51,72
439,167,51,74
439,167,50,74
438,167,50,74
439,167,50,75
439,166,49,75
440,167,48,74
440,166,48,75
442,167,46,74
442,167,47,74
443,167,45,74
443,168,46,74
442,167,45,75
442,168,45,74
443,167,45,75
443,167,45,75
443,167,45,75
443,167,45,75
443,167,45,75
443,167,45,74
443,168,45,74
443,168,45,75
444,168,44,74
444,168,44,73
444,168,44,74
444,170,44,72
444,170,43,72
445,170,43,71
445,170,43,71
445,170,42,72
444,169,44,72
444,171,43,70
444,170,44,71
444,170,43,71
444,170,44,71
444,171,44,71
444,171,43,71
445,170,43,71
444,170,43,70
444,170,43,70
445,170,43,70
444,171,43,70
444,170,43,70
445,170,43,70
446,171,42,69
445,170,43,70
445,171,43,69
446,171,43,70
445,170,43,70
445,170,43,70
445,169,43,72
446,169,42,71
446,170,42,71
446,170,42,70
446,169,44,72
446,170,43,70
447,170,43,69
446,169,43,70
445,169,44,71
445,169,44,70
446,169,44,69
445,169,45,70
446,169,44,69
445,169,45,70
445,169,45,69
444,168,46,70
445,168,45,69
445,168,45,69
445,168,44,69
445,169,45,70
445,168,44,69
445,168,45,70
444,168,45,70
444,167,46,72
444,167,47,71
444,167,45,71
443,167,47,72
444,167,46,71
443,166,47,72
443,166,47,72
443,166,48,72
442,165,48,74
441,167,49,73
441,165,49,73
441,166,49,73
441,167,49,71
441,166,49,72
441,166,49,72
440,166,50,72
440,166,50,72
440,165,51,73
439,166,51,72
439,165,51,73
440,166,51,73
439,166,51,72
440,166,51,72
439,166,51,72
440,164,52,74
440,165,52,73
440,166,51,72
440,165,52,73
440,165,52,73
439,164,53,74
440,165,52,72
439,165,52,73
440,166,53,73
440,165,53,74
439,165,54,74
440,165,53,74
439,165,54,74
440,165,54,75
440,165,55,75
440,166,55,74
440,166,54,74
441,167,55,74
441,166,54,74
440,167,54,73
441,167,54,73
441,166,54,73
443,167,52,73
442,167,51,72
443,167,51,71
442,166,52,72
444,167,51,72
442,166,53,72
442,167,53,72
444,166,52,72
443,167,52,71
444,167,52,71
444,166,53,70
443,167,53,69
442,166,53,69
440,165,55,68
442,166,55,68
442,167,55,67
441,168,54,66
442,167,55,66
442,167,56,66
442,169,55,64
443,169,56,65
442,168,58,64
443,168,57,65
443,168,57,64
441,168,58,64
441,169,57,62
440,170,55,61
442,168,58,63
441,169,57,61
441,169,57,62
442,170,56,60
440,168,59,61
441,169,58,60
442,170,58,61
445,171,58,60
442,171,59,60
443,171,58,59
445,173,56,58
444,174,56,58
446,174,56,57
444,174,58,58
443,175,57,58
441,174,57,57
446,174,56,57
446,176,55,56
447,175,55,56
444,175,56,56
446,176,55,56
445,176,54,55
449,177,52,54
444,176,55,55
447,177,54,54
448,176,54,54
447,178,54,54
448,178,54,53
447,178,54,54
447,179,54,54
447,179,53,54
447,178,54,53
448,178,52,52
447,180,52,53
448,178,53,53
448,180,52,53
447,181,52,52
448,180,52,52
448,180,52,53
448,179,53,52
448,180,52,53
447,181,52,54
447,179,52,53
447,178,53,54
446,182,53,54
446,180,54,55
446,179,54,55
445,180,54,55
445,181,54,55
444,180,55,56
443,180,56,56
444,180,55,57
444,180,56,57
442,179,56,57
440,179,57,58
438,180,58,59
437,181,58,60
438,180,58,59
439,180,58,60
436,180,59,60
436,179,60,60
434,180,59,59
432,181,59,59
431,180,60,59
430,182,59,60
431,182,60,59
431,181,59,59
430,183,59,61
431,182,58,60
432,180,57,59
430,184,59,63
431,181,59,61
431,183,58,61
431,184,59,61
431,184,59,61
430,182,59,62
430,182,59,60
431,184,58,62
430,185,59,62
431,185,59,62
430,184,59,62
430,183,59,63
432,186,58,63
431,184,60,63
432,184,60,63
431,182,63,64
427,183,62,67
428,183,62,66
427,185,62,65
426,184,63,67
426,184,63,67
423,184,62,68
425,183,63,66
421,185,63,67
420,184,64,68
418,184,64,69
419,183,65,69
418,186,63,68
419,185,63,68
419,185,64,67
416,186,64,68
409,185,64,71
412,184,64,70
406,187,64,71
408,182,65,70
404,185,65,71
401,184,66,72
403,186,65,69
399,184,66,69
393,184,65,71
395,187,65,69
390,187,64,69
386,185,65,71
383,182,65,72
381,187,63,71
382,188,63,70
378,186,64,70
373,186,65,71
370,183,66,71
366,187,65,71
364,185,66,71
366,185,65,71
362,185,67,72
361,185,67,73
360,182,68,74
360,183,69,74
359,182,69,75
358,185,70,74
358,183,72,74
358,183,72,74
356,181,73,75
359,182,73,74
358,180,75,75
360,181,73,74
360,183,72,75
360,181,73,74
361,182,73,74
363,185,72,75
361,185,73,75
368,185,70,73
367,184,73,75
366,187,74,77
368,188,73,77
368,185,74,76
376,188,72,74
378,190,70,74
380,190,69,74
379,191,70,75
380,192,70,75
385,193,69,74
386,191,70,74
387,193,70,74
392,197,69,73
395,193,70,72
391,195,67,73
392,197,67,73
394,196,68,73
399,195,69,72
400,194,71,72
402,197,67,70
398,198,67,72
402,196,66,71
403,195,68,71
407,195,68,70
406,195,68,71
404,195,67,71
405,196,67,71
408,192,68,71
409,192,68,71
407,196,67,70
410,196,67,70
411,194,67,69
410,197,65,69
412,197,66,68
411,196,66,67
412,195,65,66
412,197,66,66
413,197,66,67
411,200,65,69
410,195,66,70
412,200,66,68
412,197,65,69
414,198,65,68
413,200,65,67
414,197,64,68
414,200,65,67
412,199,63,69
413,198,64,68
414,198,65,68
417,199,66,67
414,198,65,69
414,196,66,71
416,196,65,70
416,197,65,71
417,198,66,70
418,198,65,68
418,201,65,68
420,199,65,67
421,197,66,68
421,197,65,69
422,198,66,68
423,198,65,69
424,198,66,70
425,201,64,69
426,196,66,69
429,198,67,69
428,196,67,70
430,197,67,69
431,195,69,71
435,198,67,70
435,199,66,70
438,198,67,69
440,199,65,70
442,199,66,69
444,198,66,69
446,200,64,69
449,200,64,69
451,201,64,68
454,201,63,67
455,199,65,67
457,199,63,68
459,200,64,67
461,202,61,66
463,200,63,66
466,202,63,65
466,201,63,67
467,207,63,66
467,203,64,67
468,205,65,67
471,201,64,65
470,203,64,65
474,203,65,65
476,202,64,65
476,203,65,66
477,200,63,64
479,203,64,66
480,202,63,64
482,200,63,64
484,200,63,64
485,201,61,63
483,199,60,62
485,199,60,62
485,201,60,60
488,199,59,61
488,198,57,59
489,198,57,59
492,198,55,60
492,196,54,59
494,196,53,59
494,195,52,58
496,195,51,59
496,194,52,60
497,193,51,60
498,194,50,59
499,192,49,59
499,192,50,61
500,191,49,61
501,192,48,61
502,192,48,61
502,190,47,62
502,190,46,61
504,192,46,62
503,192,47,62
503,190,47,62
505,191,46,62
505,191,45,62
504,190,45,62
505,190,44,62
505,189,45,62
507,191,43,62
507,190,43,63
507,187,43,64
508,191,43,63
509,191,42,63
509,191,42,63
510,192,42,63
510,192,43,63
510,191,42,63
511,191,42,63
512,192,41,63
513,192,40,64
514,192,41,64
514,192,41,65
514,190,42,66
515,191,42,65
515,191,42,66
516,191,42,65
517,191,43,66
518,191,42,66
520,191,40,66
522,192,39,64
525,178,42,62
524,160,51,70
523,159,51,70
526,126,51,70
532,100,51,70
542,102,51,69
555,109,51,68
570,113,52,68
603,139,52,68
609,139,53,68
616,135,54,68
627,132,53,80
633,130,51,77
643,116,52,66
653,122,43,67
655,93,52,66
672,97,51,65
684,110,50,64
699,128,51,65
706,125,48,61
713,130,52,66
734,115,51,65
749,110,51,64
752,118,51,64
778,133,46,64
786,147,48,67
795,155,51,65
810,137,51,65
828,147,51,65
843,151,51,64
859,140,53,66
876,135,51,65
887,131,51,65
897,128,51,65
912,118,54,59
926,116,48,59
923,106,51,66
911,80,50,65
911,73,50,65
873,66,49,64
886,72,49,63
904,67,49,63
916,73,48,62
867,106,48,62
873,140,48,61
879,144,48,61
890,149,48,62
896,138,48,61
879,150,49,62
860,154,49,62
801,143,49,62
783,140,49,62
733,136,50,64
707,127,49,63
689,127,49,63
694,129,49,64
684,122,48,63
692,128,49,64
684,125,49,64
687,124,48,63
689,126,47,62
689,129,47,62
696,128,47,61
683,132,46,60
677,118,46,60
668,119,46,60
685,121,45,59
692,130,44,57
682,122,44,57
684,133,44,58
674,121,44,58
681,117,44,58
675,124,43,57
677,117,43,57
692,126,43,56
686,124,43,56
685,118,43,55
684,123,43,55
688,133,44,56
675,118,44,55
675,120,44,55
671,117,44,55
679,122,44,55
680,122,44,55
686,128,44,55
689,129,44,55
705,130,44,56
699,128,44,56
697,128,44,56
683,128,45,57
684,122,45,57
688,125,45,57
685,128,44,56
682,134,44,57
677,125,44,57
694,129,43,56
683,121,43,56
701,131,42,54
692,134,42,53
692,133,42,54
683,132,42,54
669,125,42,54
691,133,42,54
692,136,42,54
687,127,43,55
690,133,43,54
690,134,43,53
679,129,42,52
693,135,44,50
690,137,45,50
690,133,44,49
690,137,44,48
689,137,44,49
691,137,44,50
690,134,44,50
690,135,43,48
691,135,43,49
690,135,43,49
691,135,43,48
690,134,43,47
691,135,43,46
692,137,42,45
691,136,42,45
691,136,43,46
691,134,43,44
692,133,42,45
690,133,42,45
692,136,42,45
691,135,43,46
692,134,42,45
692,136,42,45
690,134,43,46
691,136,42,45
692,138,41,45
691,136,43,46
690,135,43,46
691,135,43,47
691,136,42,46
692,139,42,46
690,138,43,46
692,138,43,46
691,138,44,46
691,137,43,44
690,138,43,45
690,137,43,46
691,136,42,44
691,138,42,44
691,135,43,44
691,138,42,44
692,137,42,44
691,137,41,43
692,138,41,43
692,139,41,43
690,134,42,43
690,135,42,44
691,139,43,45
690,135,43,45
690,137,43,46
690,137,44,46
690,136,44,45
690,136,43,45
691,137,43,45
691,136,42,45
690,137,42,45
690,136,43,46
690,135,43,45
690,134,43,45
691,138,43,45
691,136,42,44
691,136,43,44
691,136,42,44
691,138,41,44
691,134,42,43
692,135,43,44
690,138,43,43
690,136,42,44
690,138,43,45
690,136,43,44
691,137,43,44
690,136,44,45
690,136,44,45
690,135,44,44
690,135,44,45
690,136,44,45
690,134,43,44
689,137,43,44
690,138,43,44
691,137,43,43
690,137,43,44
690,136,44,45
691,136,43,44
690,134,43,44
691,135,43,44
690,138,42,43
691,137,43,44
692,138,42,43
691,136,42,43
691,137,43,44
692,137,43,44
691,137,43,44
692,136,42,44
692,135,42,43
690,136,42,42
691,137,42,42
691,135,42,41
692,137,42,42
693,139,42,42
691,138,42,41
693,136,41,42
691,139,43,43
691,136,43,44
692,135,44,43
692,136,42,44
691,137,43,44
691,136,43,44
690,135,44,44
690,134,44,45
690,135,44,45
691,135,45,46
690,134,45,45
691,135,45,46
692,134,46,47
690,133,45,46
690,135,45,47
690,134,44,45
690,136,44,44
691,136,43,44
690,134,44,44
691,136,44,44
692,135,45,46
690,136,44,45
691,133,45,45
691,137,45,45
692,136,44,45
692,133,44,45
692,135,45,45
690,136,45,46
691,134,45,46
690,134,45,46
691,136,45,47
691,136,44,46
692,137,43,45
690,136,44,46
692,135,43,45
691,134,44,47
692,134,44,47
691,134,45,47
691,136,46,48
689,135,45,47
690,135,45,47
691,134,46,47
691,133,45,47
690,135,45,47
690,134,45,46
691,134,46,48
691,133,44,46
690,133,45,47
690,134,45,47
691,135,45,46
691,134,45,47
691,135,45,47
690,134,45,47
690,135,45,47
691,135,45,46
691,136,45,46
691,138,44,45
690,136,45,46
690,135,44,45
691,135,44,45
690,135,45,46
691,137,44,46
690,137,45,47
690,135,44,46
689,136,45,45
690,137,44,45
689,136,45,45
690,134,45,47
690,133,45,47
690,135,45,46
689,132,45,47
691,133,47,48
690,133,48,49
689,133,45,48
688,133,46,48
690,134,45,47
689,136,47,49
690,135,46,49
690,134,45,48
690,137,46,48
690,134,46,49
688,136,45,48
688,135,45,48
689,136,45,48
689,135,46,48
689,137,44,47
689,135,45,47
689,136,46,48
689,135,46,50
689,135,47,49
689,135,46,48
689,135,46,47
689,136,46,48
690,136,46,48
689,133,46,47
689,135,46,48
689,137,46,48
689,134,47,50
690,135,47,49
689,134,46,49
688,134,47,49
690,136,46,48
691,135,46,49
689,134,48,50
689,133,48,50
690,133,48,50
690,133,47,50
689,134,47,50
689,135,47,49
689,136,46,48
690,135,46,49
690,134,47,50
689,134,47,50
689,134,46,51
690,129,45,51
689,133,44,50
690,132,41,50
689,130,38,49
686,123,39,50
685,121,40,48
683,122,42,47
683,120,38,45
682,121,37,44
682,121,36,42
681,121,34,41
679,120,34,40
679,122,35,40
678,121,34,39
678,119,33,37
677,119,33,37
677,119,32,36
678,119,32,36
676,118,37,41
677,118,34,37
678,118,34,35
676,119,33,37
677,117,36,40
675,118,33,38
676,119,33,37
675,119,33,38
676,119,33,37
675,118,33,36
676,119,32,36
675,120,33,37
678,119,32,34
677,120,32,34
676,120,32,35
676,121,34,34
675,120,34,34
676,120,34,34
675,122,34,35
676,123,33,34
681,124,33,34
695,128,36,37
698,128,35,37
699,132,37,38
697,131,37,38
697,132,37,38
696,132,37,38
695,132,37,38
696,134,39,39
695,134,39,39
695,135,39,39
695,134,38,38
694,135,38,38
694,134,38,38
695,136,38,39
695,135,40,39
695,136,38,39
695,136,38,38
695,137,38,38
695,135,38,39
694,133,39,39
695,134,39,39
697,135,38,39
695,133,38,39
696,132,38,40
695,132,37,40
696,132,38,40
697,131,37,39
697,130,36,39
698,130,36,38
689,129,34,36
696,130,35,36
681,127,34,35
681,127,35,36
682,129,36,37
682,128,37,37
682,129,36,38
680,130,33,37
683,131,35,37
684,130,37,37
684,129,39,39
684,130,39,40
687,129,42,40
689,130,41,41
689,130,41,41
689,131,40,42
689,131,40,42
689,132,41,41
689,134,40,44
689,133,40,44
689,133,40,45
691,135,40,44
690,136,41,45
690,134,42,45
690,136,42,47
691,134,43,47
690,135,44,46
690,138,43,45
690,140,42,45
690,138,44,47
690,139,44,47
691,134,46,47
690,135,45,48
691,136,44,47
691,136,44,47
690,137,45,48
690,136,45,48
691,138,44,49
690,136,46,50
689,136,45,49
689,135,46,50
689,132,47,51
689,134,45,51
688,134,44,51
688,133,45,51
688,135,43,51
688,133,44,51
687,131,46,50
687,132,44,51
686,133,45,50
686,134,45,50
685,132,45,50
685,132,45,50
686,132,46,50
684,132,45,49
685,132,45,49
685,130,47,48
685,130,47,49
685,133,46,50
685,132,47,49
685,132,46,49
686,131,47,48
686,131,47,49
686,132,46,49
686,130,47,49
685,131,47,49
686,133,46,49
686,131,46,46
685,133,44,47
684,133,45,48
687,132,45,46
686,133,45,48
686,133,45,47
687,133,45,46
687,133,45,47
686,132,45,48
687,133,44,47
686,133,45,48
687,133,45,49
687,134,43,49
688,134,43,48
687,133,43,48
687,134,43,47
688,133,43,47
688,133,42,47
688,136,42,47
688,133,43,48
688,135,43,47
688,134,44,47
688,132,45,48
687,132,45,49
688,131,45,49
688,134,44,50
687,136,44,49
688,133,45,49
688,134,45,49
688,132,46,50
689,133,46,50
689,136,45,50
689,135,45,50
688,135,46,48
689,135,45,48
689,136,45,48
691,136,44,48
689,134,46,49
690,136,46,48
689,136,46,49
690,135,46,49
690,137,46,49
690,136,46,49
690,135,47,49
689,135,46,49
689,133,47,49
688,134,46,48
690,135,46,48
689,134,47,49
689,130,47,50
688,134,48,51
688,133,49,51
690,134,48,50
691,133,48,48
689,131,48,50
688,134,48,50
689,133,47,49
690,132,48,50
689,136,49,51
688,133,48,51
689,131,48,51
688,132,48,51
690,133,49,51
688,135,47,50
689,135,48,51
689,135,48,51
689,132,48,51
689,135,48,51
689,135,48,51
689,135,48,51
689,135,48,51
689,135,47,50
688,137,48,51
689,136,49,51
688,137,49,52
688,133,51,52
689,133,50,53
688,133,50,53
688,135,48,51
689,136,48,51
689,136,47,51
689,133,48,50
688,135,48,51
688,136,47,50
687,134,48,50
688,136,46,50
686,135,46,51
687,136,45,51
688,135,45,50
687,133,46,50
687,134,47,49
687,133,45,48
687,132,45,49
687,134,46,50
687,132,46,49
686,132,45,49
686,132,46,49
685,133,46,49
685,131,47,48
685,132,46,48
685,131,47,48
686,132,46,48
683,131,46,48
684,133,45,48
684,134,45,48
684,132,45,48
687,133,45,47
685,133,45,47
685,132,45,48
690,132,45,46
690,131,45,47
690,131,44,47
692,131,44,47
692,131,44,47
692,132,43,46
694,132,43,46
694,132,43,46
694,135,42,45
693,136,43,46
692,135,43,46
691,133,44,46
693,136,43,46
693,136,43,47
692,135,46,48
693,136,45,48
692,134,44,47
692,135,43,47
693,134,43,46
693,135,45,47
691,133,45,48
693,134,45,48
692,135,45,48
694,136,44,48
692,132,45,47
692,134,45,49
692,133,46,50
693,135,45,51
692,131,46,50
692,132,46,51
692,132,45,50
692,130,46,52
692,130,45,50
693,132,45,50
693,130,44,50
693,131,44,50
695,132,43,50
692,129,44,49
692,129,43,48
691,130,42,46
690,131,41,46
689,130,42,46
683,130,42,45
683,129,42,45
684,130,42,44
685,130,43,47
684,130,42,46
687,131,43,45
687,131,42,44
688,132,42,44
687,132,42,42
687,132,41,45
689,132,41,46
689,135,42,46
691,138,42,45
689,138,44,45
689,137,45,46
690,137,45,46
689,135,45,46
690,137,44,46
691,137,44,45
690,135,44,46
690,136,45,46
690,136,44,46
690,137,44,46
689,135,45,47
690,136,45,46
690,135,45,46
689,134,45,46
690,136,44,46
690,136,44,46
689,136,44,46
689,136,44,46
690,137,44,47
690,135,45,48
692,135,45,47
690,136,44,47
690,137,45,47
691,135,45,47
688,134,45,47
691,138,46,48
689,137,45,47
691,136,46,47
690,137,46,47
689,137,45,46
690,136,45,47
690,135,46,47
688,134,46,47
688,136,46,49
689,136,46,49
689,135,45,48
689,136,45,47
689,135,45,48
690,135,45,48
689,134,46,48
689,135,46,49
689,133,47,50
689,133,48,50
689,132,48,50
688,133,49,51
688,132,47,50
689,133,47,50
688,135,47,50
688,133,48,51
689,133,48,50
689,131,47,49
689,133,46,48
689,135,45,48
690,136,44,47
690,136,45,49
689,137,45,48
689,139,44,47
690,138,45,47
690,137,44,47
690,137,44,47
689,137,45,47
690,134,46,48
689,134,46,49
689,133,46,50
690,136,45,49
689,134,47,50
689,136,47,50
688,135,47,50
690,134,47,50
689,135,46,49
689,137,46,49
690,134,46,48
689,134,45,48
690,136,47,49
690,134,46,48
688,136,46,48
690,135,46,48
689,137,47,48
688,135,47,49
689,132,48,50
688,135,48,51
689,132,47,49
688,134,47,49
690,137,46,48
689,137,45,48
689,134,47,49
690,135,47,49
688,133,46,48
689,133,48,50
688,135,47,50
689,134,48,50
688,133,48,50
689,134,48,50
689,134,49,51
689,134,48,51
688,134,48,49
689,136,47,48
690,136,47,50
691,136,46,48
690,136,46,48
690,135,45,47
690,134,45,48
690,135,45,49
690,135,45,49
689,134,46,49
689,135,46,49
689,134,46,48
689,134,46,48
690,134,46,48
688,134,46,49
690,134,46,48
690,135,46,49
690,132,46,49
690,134,45,48
688,134,46,49
690,133,46,50
688,133,47,50
689,133,47,50
688,134,47,51
689,134,47,51
689,132,47,50
690,133,46,50
688,134,47,51
688,132,46,50
689,134,47,51
689,133,47,50
690,133,47,50
690,133,47,50
689,135,47,50
689,133,46,50
690,135,46,50
690,134,47,49
689,134,46,49
689,134,46,48
689,132,47,49
689,135,46,48
690,136,46,49
689,133,46,48
689,135,46,50
690,134,46,49
690,134,46,50
691,134,47,51
689,132,48,51
689,133,48,52
690,133,48,52
690,134,49,52
688,131,48,51
688,134,48,52
689,133,48,52
690,132,47,51
689,134,47,51
690,132,48,51
690,133,47,50
689,133,47,51
689,134,47,50
690,135,47,50
690,134,47,51
690,134,47,50
689,134,48,50
688,134,49,51
688,132,50,52
688,131,50,52
688,133,50,52
688,134,47,50
690,137,47,49
689,135,47,49
689,138,46,48
691,137,46,48
690,134,47,49
690,133,46,49
690,135,46,49
689,133,47,50
690,131,48,50
689,133,46,49
689,133,47,50
690,131,47,50
690,134,47,50
689,135,47,50
690,133,47,50
689,133,47,51
690,134,46,50
689,133,46,49
689,134,46,49
690,133,46,49
689,135,46,49
689,131,46,48
688,134,46,48
689,132,47,49
689,134,48,49
688,133,47,49
689,134,47,49
689,134,47,49
689,134,47,49
690,132,47,49
689,132,47,49
689,135,47,50
688,132,48,50
688,133,47,51
690,134,47,50
689,132,47,49
690,132,47,49
689,133,47,51
690,132,47,50
689,131,48,50
689,133,47,50
688,134,48,50
689,134,47,50
689,133,47,50
688,134,48,52
688,134,47,50
689,132,48,49
689,132,48,49
688,133,47,49
687,135,47,49
689,133,47,50
688,134,47,50
689,134,47,51
689,135,48,50
688,133,47,50
688,135,47,51
690,132,48,51
689,133,46,50
688,132,47,50
689,134,48,52
689,133,48,51
688,135,47,51
689,135,47,49
688,134,46,48
689,135,47,50
689,135,47,50
689,134,48,50
689,133,48,50
689,132,49,51
688,133,48,51
689,134,49,52
688,133,47,49
689,136,47,50
690,133,47,50
690,135,47,50
690,134,47,50
689,134,47,50
689,133,46,49
689,133,47,50
690,136,47,50
689,133,48,50
689,132,48,50
690,134,48,51
690,135,47,51
688,135,48,50
690,134,48,49
689,132,49,50
690,135,48,50
689,134,48,50
689,135,47,49
690,133,48,50
690,134,48,51
689,132,48,51
690,134,48,51
690,135,47,50
689,134,47,50
690,131,48,51
689,132,47,51
690,132,47,52
690,133,48,52
690,131,47,52
690,133,47,51
690,131,48,52
690,135,46,50
690,132,46,51
690,133,46,51
690,133,45,50
690,133,46,50
689,134,45,49
690,131,46,51
689,133,47,50
691,133,47,51
689,131,46,50
690,133,45,49
690,134,45,49
691,133,44,49
692,132,45,48
690,135,44,48
691,133,44,48
691,134,45,49
691,135,45,50
691,134,45,50
690,132,45,50
690,132,46,50
690,134,47,51
690,135,47,51
691,135,47,51
690,133,48,51
690,131,48,51
690,133,48,51
689,133,48,52
688,132,48,51
688,134,47,51
689,132,48,51
689,133,48,52
690,131,47,50
689,132,47,50
688,132,47,50
689,134,47,51
691,133,46,51
690,135,46,51
689,133,46,49
690,134,46,50
690,133,46,49
690,133,46,49
690,135,46,50
690,134,46,50
690,134,45,50
690,132,46,50
690,133,47,51
