100
3.7082
3.9966
3.863
3.942
3.948
3.9723
3.9345
3.7411
3.7782
5.1342
5.1654
5.2118
5.0198
5.1084
5.0059
4.9633
4.8925
4.9099
4.7078
5.3389
4.979
5.2884
5.0146
4.7499
4.6989
5.336
5.319
5.089
5.3715
5.1641
5.1496
5.1045
5.3966
4.9357
5.0362
5.3067
5.2012
4.8476
5.295
5.9463
5.9417
5.9851
6.1552
6.2278
6.0335
6.0652
6.1362
6.2477
5.9354
5.686
5.8188
5.6393
5.6139
5.6976
5.7024
5.5159
5.4714
5.4482
5.7678
6.2685
6.1214
5.9762
6.204
5.9994
5.7076
5.9517
5.7639
5.3349
5.0467
4.938
4.6399
4.5375
4.6561
4.4445
4.4546
4.2605
4.0827
4.1126
3.8629
4.4877
4.2895
4.0336
3.9316
3.517
3.4011
3.3789
3.2601
3.1135
3.09
3.4381
3.1183
3.0333
3.0456
2.9213
2.6272
2.9018
2.4111
1.9202
2.2388
2.7763
2.3553
2.0507
1.9133
1.2865
1.0418
0.40965
0.27992
0.28263
-0.96442
0.64085
0.026354
-0.28575
1.6675
1.0437
0.85028
0.81904
1.251
2.1058
2.516
3.8053
3.9076
4.6879
5.9546
6.3169
5.816
6.6834
6.7926
6.7441
6.6086
6.9789
7.4454
7.1491
7.3317
7.4747
7.5876
7.8816
7.6986
8.1507
8.3377
8.085
8.3267
7.9041
7.9621
7.8161
8.0746
8.0505
8.1086
7.8579
8.1349
7.652
7.8949
7.7344
7.7063
7.9974
7.8966
7.5632
8.037
7.9893
7.895
7.0482
7.1655
7.4941
7.2572
7.4157
7.4009
7.0901
7.1845
6.9827
6.951
7.4552
7.5319
7.596
7.5745
7.6525
6.9626
7.3145
7.5982
7.4486
7.5328
7.1852
7.124
7.1625
7.1811
7.1629
6.8984
6.9276
7.0432
6.6158
7.0405
7.0667
6.9983
6.8533
6.6614
6.6704
6.7765
6.7764
7.0321
7.0644
7.0623
6.6773
6.557
6.5611
6.5866
6.2683
6.3
6.2772
6.0094
6.535
6.0999
6.1894
6.1107
5.8829
6.1835
6.2859
6.3088
6.1798
6.353
5.9562
6.169
6.227
5.9575
6.1631
6.2417
6.4433
6.4162
6.5441
6.2393
6.542
6.512
6.7254
6.3889
6.8043
6.5817
6.4537
6.6184
6.2709
6.6685
6.2878
6.3245
6.682
6.5263
6.568
6.4481
6.5328
6.526
6.4278
6.4316
6.7176
6.6197
6.7743
6.5931
6.6333
6.6751
6.6838
6.6134
6.4965
6.517
6.4001
6.5658
6.449
6.4504
6.3218
6.2907
6.035
5.8451
5.7092
5.602
5.5434
5.8237
5.5703
5.2416
5.2308
4.938
4.8895
4.6205
4.85
4.6223
4.4973
4.3253
4.2884
4.2353
4.1156
3.9495
3.9061
3.7486
3.7939
3.8642
3.5844
3.7691
3.6896
3.48
3.5265
3.5932
3.4555
3.8075
3.6356
3.4212
3.5764
3.6545
3.7987
3.4489
3.6137
3.5102
3.5204
3.3866
3.5188
3.437
3.3606
3.1564
3.7006
3.631
3.6779
3.6639
3.4351
3.3579
3.4475
3.3854
3.2727
3.4323
3.0386
2.9561
3.2459
3.1162
3.0399
3.0701
3.0579
3.0132
2.9644
3.06
3.306
3.4081
3.2961
3.2885
3.1907
3.1426
3.1004
3.0639
3.0299
2.9221
3.0947
3.069
2.8855
3.0009
3.0022
2.9072
2.8539
3.1832
2.8013
2.9556
2.7878
2.4397
2.5614
2.9465
2.4094
2.4088
2.3087
2.0475
2.6252
2.5145
3.8504
3.7611
3.9929
4.2613
4.0112
4.2705
4.2616
4.2357
4.4898
4.1171
4.5204
4.4272
4.225
4.195
4.0516
3.7597
3.6574
3.8437
3.4793
3.2813
2.7404
2.4952
2.6461
2.6709
2.4891
2.4703
2.3545
2.243
2.4417
2.4111
3.4246
3.787
3.6726
3.7548
3.8116
3.6073
3.6671
3.5612
3.682
3.5284
3.8844
3.8991
3.7957
3.7249
3.8674
3.6969
3.8938
3.7625
3.8643
3.8069
4.3307
4.1862
4.4766
4.6301
4.7487
4.9982
4.5528
4.551
4.427
4.5362
4.1325
3.9518
4.2003
4.1367
4.1683
4.1351
3.9063
3.8804
4.2381
4.237
4.5988
4.3434
4.5253
3.9702
4.448
4.3274
4.2004
4.292
3.9662
4.5147
4.4163
4.4965
4.4811
4.3646
4.4784
4.5623
4.5472
4.2253
4.3492
4.2344
4.3424
4.1021
4.1671
4.1251
4.1523
4.3008
4.0892
4.2499
4.1771
4.3515
3.9849
4.2622
4.4433
4.2005
4.1329
4.4175
4.1138
4.235
4.1433
4.1266
4.9029
5.1866
5.0515
5.1029
5.0629
5.107
5.1107
5.1115
4.8524
5.1817
4.8268
4.9628
4.7693
4.9418
4.9633
4.9756
4.8613
4.5441
5.0088
4.9161
5.0815
5.3281
5.2292
5.3825
5.2325
5.2803
5.3259
4.9105
5.202
5.2953
5.4672
5.3679
5.3899
5.1429
5.2402
5.1769
5.2418
5.2457
4.9103
5.0223
5.0987
5.253
5.1179
5.1374
5.111
5.1618
5.4051
5.4633
5.4873
5.4496
5.7059
5.6935
5.7695
5.7069
5.6097
5.617
5.57
5.673
5.5796
5.4424
5.5883
5.646
5.4925
5.4008
5.2797
5.4418
5.2851
5.1335
5.2981
5.2518
5.5173
5.3446
5.4504
5.5995
5.497
5.5902
5.6583
5.587
5.2851
5.5772
5.8164
5.6667
5.6831
5.6183
5.9482
5.5377
5.6351
5.89
5.89
5.6968
5.7987
5.609
5.6956
5.8105
5.9624
5.8823
5.847
5.8696
5.6263
5.7432
6.0731
6.0987
6.2521
5.7258
6.0485
6.199
6.1728
6.186
6.2836
6.1852
6.3571
6.2153
6.3285
6.303
6.2354
6.3161
6.3573
6.4377
6.3168
6.2503
6.1313
6.2864
6.4391
6.7219
6.5744
6.7846
6.8527
6.6656
6.8979
6.4876
6.7607
6.7949
6.9371
6.7093
6.8974
6.7291
6.6135
6.5124
6.7769
6.516
6.4641
6.5963
6.6866
6.7164
6.4048
6.5407
6.321
6.3946
6.1513
6.4787
6.2807
6.4391
6.308
6.123
6.5834
6.3165
6.3864
6.6275
6.0928
6.366
6.2369
6.2997
5.9431
5.86
5.986
5.7609
5.3572
5.8133
5.3073
5.3115
5.2636
5.6091
5.278
5.6269
5.5363
5.4405
5.5121
5.7
5.7013
6.0029
6.2252
6.5967
6.3696
6.6669
6.7561
6.6018
6.4276
6.4553
6.5492
6.5071
6.5549
6.4951
6.4044
6.5728
6.9238
6.4567
6.8232
6.3924
6.6933
6.6059
6.3532
6.4393
6.1455
6.3956
6.2032
6.5171
6.1458
6.501
6.3888
6.287
6.0619
6.2196
6.0422
6.251
5.9674
5.7725
5.7788
6.0551
5.9394
5.8609
5.3808
5.2775
5.1207
4.9066
5.027
4.8987
4.9096
4.898
4.885
4.6185
4.7677
4.8582
4.7435
4.6822
4.7981
4.8817
4.84
4.8266
4.7159
4.7814
4.8313
4.9776
4.9021
4.7625
4.8701
5.0466
4.8868
5.0868
4.7602
4.9283
4.7999
4.7844
4.7654
4.6755
4.7049
4.5771
4.5672
4.6019
4.5184
4.3796
4.2171
4.3466
4.051
4.2605
4.3099
4.2902
4.2318
4.3055
4.1782
4.0978
4.3165
4.2062
4.2884
4.377
4.469
4.4034
4.4158
4.3277
4.5428
4.4539
4.7017
4.8642
4.9586
4.8353
4.9072
4.8086
4.9136
5.0075
4.9235
5.0243
5.0043
5.1935
5.1767
5.2403
5.279
4.9889
4.946
4.4042
4.4182
4.4962
4.892
4.761
4.8193
4.9469
4.9154
4.9378
5.0074
5.1846
5.2443
5.1346
5.0186
4.6797
4.7424
4.8187
4.8743
4.9939
5.0607
4.6277
4.6806
4.6276
4.0978
3.9593
3.7335
4.0188
3.7326
3.0442
2.87
3.0355
3.1921
3.1884
4.5127
4.4501
4.4313
4.909
4.5079
4.2256
4.4712
4.9385
4.782
4.2597
3.4359
3.7377
3.3487
3.0218
3.055
2.7139
2.7509
2.651
2.6153
2.7082
4.4875
4.368
4.3
4.3654
4.0939
4.1138
3.9199
3.7612
3.461
2.7822
2.7769
3.104
3.9327
4.6136
5.0913
5.8311
6.3306
6.497
6.2847
6.2824
5.3978
4.8079
5.0795
5.2069
5.0125
4.6625
4.551
4.4009
4.2849
5.0468
5.8722
5.9315
5.1517
5.6623
4.6207
4.4343
4.3664
4.4435
4.5312
4.5133
2.7499
3.2869
2.8412
2.8118
3.5189
3.7082
2.6963
2.6666
2.0356
1.937
3.9624
4.1524
3.8461
3.7111
3.232
3.5256
3.6667
3.2467
3.5324
3.6085
2.3668
2.5624
2.6534
2.6265
2.4336
2.2038
2.5436
2.6375
2.5375
2.7155
1.6308
1.6295
1.5387
1.2656
1.5661
1.4651
1.5542
1.6566
1.3265
1.3735
2.2839
2.1497
2.1936
2.2884
2.3393
2.1984
2.2501
2.1689
2.1957
2.1507
4.1993
4.054
4.3998
4.3984
4.6167
4.6808
4.5183
4.7393
4.6576
4.8502
5.3842
5.7468
5.7175
5.4911
5.5033
5.6637
5.6646
5.7774
5.8348
6.1189
5.7829
5.7815
6.1468
5.8566
5.6451
6.1547
6.4077
6.2106
6.2739
6.2904
6.5388
6.5491
6.7757
6.6949
6.6439
6.8589
6.6817
7.069
7.1208
7.0164
6.6439
6.3746
6.3922
6.5207
6.7015
6.4754
6.5648
6.7736
6.8025
6.8378
6.579
7.066
6.5751
6.9954
6.5595
7.0389
6.7934
6.5208
6.9785
6.7372
7.2398
7.0737
6.85
7.3106
7.0433
7.31
7.2082
7.3718
7.2165
7.2742
7.5145
7.2689
7.3641
7.0479
7.4513
7.4119
7.2272
7.3165
7.2043
7.1999
6.9656
7.1706
7.0183
7.0843
7.05
7.0894
7.2456
7.1036
7.0854
6.8171
6.5043
6.1842
6.3178
6.4036
6.2378
6.2966
6.3408
6.0509
6.2409
6.1706
5.9337
6.0535
6.0185
6.0982
5.9762
5.7609
5.8555
5.8625
5.7778
5.8365
5.8376
5.9353
6.0063
5.8513
5.6242
5.1558
5.1686
4.8262
4.6448
4.1771
4.1569
3.7537
3.6197
3.4202
3.5108
3.5626
3.6625
3.0693
3.1883
3.3515
3.6685
3.7929
3.4274
3.3004
3.3378
3.3387
3.5914
3.1468
3.0481
2.9151
3.474
3.5996
3.6288
3.5453
3.796
3.7924
3.6642
4.1927
3.354
3.4743
4.6445
3.9353
4.0963
4.0353
4.2603
4.1651
4.5534
4.4352
4.5662
4.4123
4.4926
4.1119
4.2354
4.3728
4.8136
4.4187
4.1302
3.9211
4.038
4.0917
4.1884
4.5265
4.616
4.6862
4.5396
4.8714
4.9681
4.9181
4.9716
5.0855
4.3691
4.4126
4.4967
4.5893
4.4974
4.585
4.5229
4.4506
4.4385
4.5991
5.0725
5.0373
4.9419
4.9384
4.9997
5.0472
5.1492
5.0267
5.0805
5.0589
5.6429
5.7724
5.665
5.7948
5.6123
5.7722
5.7787
5.8889
5.8516
5.7851
6.168
6.0979
6.1734
6.1297
6.1418
6.3645
6.3792
6.2913
6.2476
6.2481
6.3118
6.3588
6.2936
6.2903
6.4519
6.4619
6.5055
6.35
6.3625
6.4275
6.1375
6.2534
6.1629
5.9818
5.9491
5.9274
6.0183
5.9807
6.0061
6.0781
5.9797
6.125
5.9174
5.8268
5.8209
5.9943
6.0097
6.1165
6.0116
5.9489
6.0437
6.0935
6.0215
6.0518
6.0147
6.0439
6.0704
6.0583
5.9827
5.9325
6.0158
5.897
5.8575
6.0772
6.0461
6.0909
6.188
6.0769
6.1377
6.082
6.1294
6.1599
6.0134
5.7399
5.7428
6.1065
5.9423
5.8526
5.8865
5.6761
5.539
5.4043
5.6936
5.4462
5.5161
5.4379
5.6295
5.646
5.7938
5.6971
5.5827
5.3871
5.4144
5.3965
5.4353
5.4515
5.2182
5.4761
5.4202
5.3654
5.4344
5.3184
5.1655
5.1476
5.2292
5.2781
5.1986
5.2616
5.3985
5.1697
5.2126
5.4374
5.423
5.3489
5.123
5.0647
5.337
5.4621
5.1363
5.219
5.6623
5.7409
5.8586
5.8242
5.7905
5.9278
6.0419
5.9225
5.8902
5.9149
5.7033
5.9969
5.788
5.9365
5.7631
5.7875
5.665
5.6999
5.7779
5.8672
5.7803
5.9532
5.7278
5.9825
6.0155
6.0649
5.8248
5.5378
5.548
5.4024
5.4569
5.6954
5.5729
5.7741
5.782
5.6832
5.5401
5.7227
5.7535
5.6978
5.6431
5.636
5.849
5.8599
5.9335
5.9497
5.9881
6.1639
6.2928
6.3337
6.3761
6.3479
6.5147
6.3879
6.3053
6.8035
6.6275
6.3553
6.7572
6.7235
6.5458
6.3988
6.4176
6.466
6.5431
6.6173
6.4324
6.3885
6.518
6.6792
6.6945
6.521
6.6461
6.7203
6.6917
6.8119
6.7237
6.5693
6.6543
6.7746
6.7423
6.7541
6.8663
6.7147
6.776
6.838
6.8802
7.1125
7.0138
7.0763
7.2835
7.228
7.3349
7.2694
7.3904
7.1479
7.4266
7.4882
7.2999
7.2113
7.5664
7.6109
7.6191
7.5521
7.2748
7.2137
7.1996
7.0827
7.0916
7.0373
6.7317
6.8591
6.6136
6.6528
6.4324
6.2546
6.0512
6.026
5.9897
5.9798
5.9986
5.8848
5.8374
