247	162	246	134
122	97	250	135
120	96	251	136
119	98	252	136
118	98	252	135
117	100	252	136
117	98	251	135
119	101	251	135
118	103	253	136
117	104	252	136
117	103	252	137
114	107	251	137
111	105	250	137
110	107	247	137
109	108	245	136
107	112	243	136
103	114	242	136
101	118	240	135
98	121	240	135
97	125	239	134
93	129	238	135
91	131	238	135
90	131	237	136
89	132	237	136
87	134	236	136
85	134	236	136
85	134	236	135
85	134	235	134
85	133	234	133
87	132	234	133
89	130	235	132
89	129	235	131
91	127	234	130
94	127	233	129
94	124	233	128
97	123	231	128
99	120	231	128
102	118	229	127
103	115	228	127
106	114	228	127
106	113	228	126
107	111	227	126
109	110	226	126
111	109	225	126
111	107	224	126
112	106	222	125
113	105	222	125
114	104	221	125
116	104	221	125
118	104	221	125
119	103	220	124
120	103	220	124
120	103	220	123
121	103	219	123
122	103	219	123
122	104	218	123
123	102	218	123
124	102	218	123
125	101	217	122
126	101	217	122
127	102	216	122
127	101	215	121
127	102	214	121
129	101	213	121
130	102	212	120
131	103	211	120
133	100	209	119
134	104	209	119
136	102	207	118
139	104	205	118
142	102	203	117
143	105	202	117
145	103	201	116
150	104	198	115
152	104	195	114
155	104	193	113
159	104	190	113
172	104	176	112
164	104	187	113
179	103	169	118
181	103	167	119
182	101	165	120
183	99	162	119
188	104	159	119
188	103	159	119
188	104	158	115
188	104	153	119
193	104	150	117
191	106	148	119
191	109	146	116
195	110	134	115
196	109	127	119
196	111	128	120
197	113	124	118
196	112	124	120
198	114	125	123
197	117	119	116
198	117	113	117
199	119	106	119
204	119	102	119
204	120	103	119
203	124	102	121
205	123	96	118
210	125	103	122
210	122	108	125
213	122	102	125
213	125	97	124
219	124	91	126
226	125	79	128
225	127	77	128
232	131	68	124
234	128	58	127
234	127	53	133
233	131	49	129
227	132	51	130
224	130	50	130
219	129	52	133
214	129	61	131
210	131	69	131
207	130	79	127
202	129	87	129
197	130	95	130
194	131	105	125
192	129	105	123
189	129	110	127
189	128	114	126
186	130	119	122
183	132	125	121
181	128	130	125
180	128	129	126
176	130	136	119
181	129	133	124
181	131	134	117
175	131	145	121
174	128	145	121
175	130	146	119
171	131	152	116
181	130	140	118
182	135	143	110
176	137	153	110
174	133	159	114
167	126	169	120
165	129	174	118
166	132	174	114
164	131	183	113
162	128	182	115
163	133	182	110
157	129	186	111
157	128	196	114
157	132	194	111
155	129	198	117
159	129	187	113
162	132	180	112
154	130	194	116
157	132	190	110
149	131	198	116
154	131	192	115
151	133	198	112
151	133	191	109
155	128	180	118
153	132	185	111
152	128	185	117
152	129	181	117
151	131	187	112
152	131	187	113
149	129	186	117
147	130	193	115
153	134	183	114
150	130	186	117
152	131	184	117
147	132	187	117
147	135	188	118
149	137	185	114
148	138	191	117
146	140	193	116
144	142	197	120
146	148	197	113
144	149	196	115
144	152	201	113
140	153	201	113
142	153	200	118
141	158	205	114
141	162	202	108
140	157	199	118
142	161	201	114
138	162	204	112
136	162	210	112
134	161	215	117
134	162	214	119
131	165	218	119
132	167	220	116
131	164	224	115
132	168	216	117
134	168	212	118
133	171	216	114
133	175	216	116
135	173	215	121
134	173	219	124
135	176	220	119
131	177	216	115
131	176	213	123
135	176	213	125
134	178	213	123
135	180	210	119
132	186	205	119
140	183	202	122
133	181	209	123
138	183	206	121
137	186	201	122
139	189	202	118
137	188	206	119
139	193	203	117
137	198	202	112
140	199	204	111
141	199	200	108
142	206	202	105
142	203	200	110
142	201	205	113
145	202	202	111
142	199	201	118
144	202	202	108
144	202	205	111
142	200	204	114
145	199	205	116
147	201	204	109
149	205	203	110
150	205	199	110
147	205	206	106
148	203	204	115
150	202	200	117
148	204	203	112
150	208	204	112
151	205	199	111
155	209	198	108
153	208	195	111
151	210	198	107
149	209	200	108
154	212	196	106
154	210	194	111
156	212	193	109
155	211	198	114
160	214	190	112
158	214	192	113
152	218	203	109
159	220	201	107
157	221	197	106
159	221	196	105
161	218	196	109
161	220	198	108
162	220	193	108
164	218	196	111
164	221	195	106
166	222	189	105
162	223	197	103
163	222	199	105
162	221	195	104
167	218	189	109
160	220	199	108
168	220	195	106
159	220	203	103
165	216	205	112
168	212	196	115
173	214	190	114
171	215	196	112
176	210	189	119
174	215	194	112
171	215	197	110
174	217	193	108
172	209	197	119
174	211	194	115
173	208	194	118
176	209	191	116
176	207	191	118
180	198	187	128
176	201	196	119
176	201	193	122
180	190	191	134
176	186	197	137
178	180	195	148
179	170	189	154
182	169	189	158
182	161	183	174
182	161	180	176
183	161	182	173
182	162	183	168
181	156	185	176
179	157	186	170
182	156	188	178
180	156	180	166
182	156	171	176
187	154	162	185
186	156	164	176
185	156	164	171
185	155	166	176
183	151	168	178
187	150	162	176
186	150	172	178
184	146	162	182
188	149	161	182
188	147	167	182
186	145	182	176
185	150	186	174
186	148	183	184
186	151	181	168
185	150	182	170
186	148	188	172
187	148	185	171
186	148	190	169
188	149	178	174
189	147	183	171
189	147	176	173
188	148	185	170
187	148	185	169
190	153	176	160
189	149	181	171
191	147	179	169
189	148	174	177
190	141	172	179
191	149	171	173
192	147	165	170
192	146	165	176
193	141	164	182
190	141	166	178
188	148	172	170
186	143	171	171
188	146	170	171
189	148	166	168
189	147	163	167
188	145	159	167
190	139	159	179
192	140	157	173
188	140	157	169
186	139	159	171
188	132	162	177
183	135	163	176
188	139	156	171
183	127	162	182
187	130	154	180
188	124	157	186
176	127	164	182
178	126	160	183
175	127	162	183
181	129	154	177
177	121	158	188
183	121	147	188
179	120	151	187
180	121	149	182
181	118	148	186
179	119	150	184
178	116	146	188
180	118	145	181
182	114	144	185
178	111	150	186
181	112	142	184
185	108	143	184
187	107	137	184
187	102	139	194
187	100	134	193
195	104	125	186
196	95	128	194
191	93	130	197
195	87	124	203
194	90	124	200
194	88	120	200
191	81	128	195
190	78	129	200
190	78	138	194
188	77	142	197
187	74	151	196
189	78	152	187
192	72	150	197
191	71	147	198
194	72	149	194
196	73	144	190
196	73	150	187
197	73	147	191
201	74	145	185
207	72	139	193
210	74	140	192
216	74	137	190
219	71	133	190
207	72	145	186
224	71	131	184
223	67	134	189
219	72	140	183
222	66	142	186
228	69	136	187
231	66	135	181
233	70	135	180
232	72	136	180
231	70	138	181
242	68	131	182
237	68	139	179
247	67	131	183
251	68	128	180
246	70	134	175
252	69	134	179
252	70	136	177
250	74	142	177
259	71	136	178
259	73	135	176
259	72	141	174
261	73	140	174
264	72	138	179
270	77	134	174
258	76	150	176
255	77	156	170
263	77	148	172
268	77	148	172
265	77	151	170
271	80	147	170
279	80	140	167
290	78	132	169
295	82	128	169
292	82	138	172
281	82	146	167
285	83	145	168
295	87	132	168
293	84	138	174
299	85	135	170
301	86	135	170
297	89	143	159
306	88	135	171
309	92	133	165
308	95	137	161
313	92	136	163
312	94	141	161
314	93	142	167
323	94	132	165
326	99	132	161
325	97	140	158
323	95	142	157
326	98	143	160
332	100	138	161
333	95	138	165
340	98	132	163
341	99	134	164
345	100	136	162
345	99	137	160
349	101	135	159
349	104	135	157
353	102	136	162
351	103	138	160
358	100	133	166
353	104	141	159
362	104	129	155
362	101	132	159
361	103	134	159
363	104	132	158
365	105	132	155
368	105	129	154
370	103	126	157
370	103	126	154
368	107	131	153
374	105	126	156
375	103	124	155
376	102	124	157
372	103	131	154
374	103	128	152
378	101	127	149
381	103	124	151
381	103	124	150
378	99	128	155
379	105	131	153
379	102	130	152
381	101	128	154
385	103	125	150
386	102	126	152
387	101	128	149
394	104	127	152
394	105	124	147
395	103	127	154
397	101	122	154
398	105	129	148
399	109	130	147
400	108	132	148
403	104	130	153
405	110	131	146
410	108	130	151
411	106	130	150
414	107	132	149
418	108	130	142
420	105	130	147
420	105	133	148
425	106	135	151
428	104	131	150
430	106	135	146
432	107	134	148
438	106	131	146
439	108	136	147
443	110	134	147
443	107	132	147
447	104	132	153
451	107	129	149
452	105	131	150
453	109	134	144
455	106	132	153
455	108	133	148
459	107	131	148
463	110	128	148
466	109	128	147
465	108	128	151
465	110	131	147
467	107	134	155
469	104	131	158
470	111	133	152
474	109	129	156
477	108	130	156
477	109	131	155
479	109	130	156
482	110	126	154
485	108	126	156
485	107	130	157
489	105	125	161
485	106	130	159
490	105	125	160
489	108	128	157
490	108	127	161
490	108	129	160
492	106	127	160
492	110	128	157
494	111	125	158
495	110	125	160
494	111	126	158
495	108	124	163
489	111	132	156
492	107	128	161
489	110	129	159
491	109	129	157
488	110	131	157
488	107	128	159
489	108	129	160
484	107	129	160
483	106	133	159
486	106	124	161
482	106	127	162
479	105	130	158
480	108	128	157
478	108	129	155
478	105	126	158
474	104	129	159
469	110	131	150
470	108	130	154
464	108	132	149
467	102	128	159
463	103	133	157
460	108	132	148
455	105	135	154
451	110	135	149
451	107	133	153
448	107	133	152
441	105	135	150
439	108	139	149
439	107	134	148
430	108	137	149
431	108	134	149
432	105	129	151
427	109	133	150
422	107	135	151
420	110	132	148
414	106	134	151
412	109	131	153
413	107	126	154
405	107	133	155
403	106	130	155
399	108	131	151
398	110	130	150
393	107	133	156
392	108	127	154
389	110	129	153
390	108	124	156
382	109	129	152
385	105	123	158
376	108	134	151
376	107	128	155
376	103	126	157
367	107	136	153
368	107	130	157
372	104	121	161
367	105	126	153
359	109	133	153
363	105	121	155
357	110	128	148
359	105	124	154
356	107	124	147
351	107	128	151
348	104	127	154
348	108	127	151
347	105	124	154
342	108	129	154
342	107	124	155
336	110	131	151
338	106	125	154
321	116	143	150
324	110	138	155
316	116	143	151
316	114	144	152
315	116	139	150
316	116	137	150
310	117	139	148
308	117	142	152
306	120	140	146
307	121	136	153
303	114	138	159
299	119	137	158
300	116	134	158
291	116	142	159
291	120	135	156
287	116	140	159
287	121	137	151
286	118	135	159
280	120	138	156
276	119	145	160
272	120	144	158
267	122	146	154
273	120	136	158
275	119	138	163
271	121	137	156
271	125	133	154
268	118	137	164
261	125	142	159
258	122	140	164
258	123	139	158
254	125	140	159
255	124	139	161
256	125	132	162
254	123	136	168
245	131	136	159
236	128	148	161
235	128	145	165
237	129	137	161
231	130	143	165
232	133	137	158
225	130	143	164
212	129	152	164
223	133	139	162
218	127	138	165
210	131	144	162
213	133	142	163
212	131	139	163
213	130	135	169
208	133	138	161
216	131	126	165
202	131	142	163
200	133	141	163
200	132	142	165
200	132	140	164
201	132	136	163
203	129	128	164
202	127	127	167
196	127	130	163
193	128	133	167
191	128	133	162
188	126	132	164
186	131	134	163
184	126	134	162
181	129	138	156
182	127	131	165
179	127	132	162
182	128	128	159
178	126	128	161
176	124	132	163
176	124	129	168
173	126	130	164
176	124	127	169
168	126	130	164
168	122	127	168
166	125	128	161
169	126	117	161
167	120	120	162
170	125	112	160
165	125	121	158
168	123	111	164
167	120	112	164
163	123	114	160
157	121	119	163
165	125	110	162
165	122	111	168
159	123	114	166
162	121	110	173
156	122	117	171
154	126	120	167
158	123	116	166
159	127	117	164
153	124	125	166
145	129	136	159
145	128	135	157
145	125	136	161
147	127	134	167
142	127	139	162
139	130	145	159
140	127	138	162
141	128	141	164
139	130	142	160
135	130	148	158
137	132	145	156
140	130	140	153
136	129	141	161
136	130	145	155
139	130	143	153
138	129	143	156
134	130	145	154
134	130	147	155
137	132	146	151
132	130	148	153
133	133	150	147
133	131	147	148
134	131	147	152
131	131	151	149
130	132	153	148
129	131	152	150
132	131	151	151
128	134	160	146
129	134	159	147
131	133	159	147
126	134	165	145
129	133	165	150
128	132	162	149
124	132	170	144
129	132	166	146
124	130	175	150
123	130	176	159
127	132	162	158
127	127	165	157
126	134	174	143
123	129	165	158
123	127	176	153
122	129	180	150
121	130	179	149
120	128	185	150
119	130	178	146
121	133	178	143
120	129	180	143
117	129	191	150
119	128	183	139
118	132	184	142
119	128	187	140
116	135	185	135
119	130	181	147
117	129	188	141
112	131	190	145
115	132	186	140
115	131	182	143
115	130	185	142
114	131	187	138
112	132	184	135
115	134	182	125
113	132	184	134
112	133	188	131
114	134	181	131
112	136	183	125
112	133	183	129
116	135	177	124
113	135	180	127
115	135	178	125
113	136	179	122
113	136	178	122
113	138	173	120
112	138	175	119
113	140	171	124
113	141	170	118
109	141	177	117
110	141	174	120
110	141	170	116
111	145	168	112
110	142	162	114
106	143	178	112
106	142	175	111
107	142	170	111
106	142	170	115
105	145	172	109
103	146	170	107
104	148	168	107
101	149	174	106
102	149	167	105
103	147	161	111
98	147	169	108
102	147	162	107
102	146	161	110
101	148	163	109
99	147	163	106
99	148	159	107
98	147	164	109
96	150	165	103
94	151	167	101
93	150	168	102
92	148	170	102
90	149	174	101
87	149	175	100
90	150	166	100
89	152	172	96
88	149	172	102
86	149	177	99
89	148	170	99
89	153	167	89
88	152	178	89
87	157	169	81
87	157	173	83
89	151	168	91
87	146	175	95
89	150	176	90
87	154	178	86
88	147	182	95
92	150	174	89
91	149	168	92
92	155	170	84
94	155	170	84
96	147	172	92
97	147	169	92
99	149	170	87
98	143	175	96
102	145	176	92
101	141	176	95
102	142	175	91
106	142	175	89
105	143	177	87
106	142	179	88
110	146	176	81
109	142	177	86
109	143	182	84
114	142	180	84
112	143	180	82
114	143	179	81
116	145	177	77
115	145	180	77
116	146	180	77
118	146	176	80
119	147	182	75
120	147	176	74
122	147	182	72
123	146	180	71
122	146	184	70
124	150	180	65
124	152	183	63
126	150	184	64
127	155	183	62
130	154	180	62
132	155	176	58
130	157	183	57
133	154	178	58
134	159	177	54
135	170	179	41
133	166	182	48
135	171	183	42
140	169	180	44
142	170	175	41
144	172	177	39
143	173	177	38
145	175	175	38
140	176	179	38
141	177	179	41
141	179	179	40
139	177	181	45
137	176	179	49
135	170	185	57
135	170	181	56
131	165	188	63
128	166	191	65
128	169	189	59
129	165	188	65
127	166	191	66
136	161	180	71
130	153	187	79
135	152	178	79
133	151	182	78
125	167	188	64
127	164	189	70
134	150	179	87
132	155	183	80
132	151	182	86
127	154	186	81
127	151	185	86
131	154	183	85
133	149	181	90
134	149	179	92
130	153	182	88
124	155	191	84
129	151	182	92
124	163	187	78
126	156	186	86
125	160	188	83
124	154	186	90
124	156	188	85
126	156	185	85
125	155	187	88
127	152	183	95
129	158	187	89
129	151	183	96
132	156	176	90
136	155	179	94
130	150	185	100
131	151	182	99
129	155	183	90
132	152	178	94
133	154	180	93
139	150	175	99
136	149	178	100
132	153	177	94
137	152	178	96
139	152	173	95
140	149	174	102
131	153	181	93
137	151	176	99
133	153	178	95
137	152	175	93
137	152	176	97
137	150	176	98
139	149	177	98
138	151	175	93
137	152	175	91
140	150	173	93
136	147	179	97
138	149	173	96
140	147	171	99
140	148	172	99
137	145	171	99
139	150	173	97
139	150	169	97
140	148	172	102
139	148	172	100
141	148	167	103
141	148	169	104
141	147	171	103
139	147	172	104
138	147	171	101
137	150	172	100
135	150	176	103
138	148	171	105
139	150	170	101
140	150	172	100
140	146	173	107
138	145	173	110
139	149	171	108
137	150	170	101
135	152	173	100
136	149	171	100
137	149	173	108
139	148	167	107
139	147	173	106
140	149	167	101
143	149	168	107
138	153	170	101
140	150	169	103
139	148	172	106
141	149	170	108
139	149	167	106
140	149	168	106
139	150	171	102
140	148	168	106
144	148	167	107
143	151	164	103
143	152	164	101
141	151	165	103
143	149	170	105
144	150	166	102
146	151	166	103
142	150	171	105
143	149	166	105
143	151	171	105
148	153	168	103
146	155	169	103
147	155	166	105
148	160	169	100
148	158	166	101
152	159	168	100
151	163	167	100
149	163	168	99
152	163	171	100
153	160	167	104
151	162	171	100
159	167	166	96
160	163	168	105
158	162	165	103
161	163	168	104
164	159	165	106
163	164	168	102
165	163	166	101
171	164	166	106
168	160	164	110
172	164	166	105
170	165	168	103
170	172	171	95
173	171	172	93
172	173	174	91
179	172	171	97
180	170	169	100
177	172	170	100
186	173	167	95
185	171	167	102
186	171	164	102
183	171	175	100
190	173	164	99
191	174	163	99
191	176	165	94
194	172	165	102
193	172	164	103
195	168	160	107
198	171	161	104
194	174	166	100
198	173	160	102
198	175	160	99
202	175	158	100
202	175	155	98
202	177	159	97
202	176	156	100
205	176	153	101
203	176	156	100
201	174	156	104
201	174	155	103
205	180	154	97
207	181	147	98
208	179	145	101
208	180	148	100
212	179	144	102
213	177	141	104
214	174	135	104
218	177	134	103
217	178	133	101
223	183	128	95
216	178	132	104
221	178	131	106
225	178	121	105
228	178	118	104
233	177	113	109
229	172	116	112
232	177	109	104
236	180	103	104
234	179	104	105
238	184	98	96
240	182	97	100
241	181	91	103
239	178	97	108
237	185	97	98
241	181	89	101
242	184	88	102
242	181	87	104
240	181	87	105
218	180	112	109
260	191	63	96
258	187	66	99
261	181	62	104
244	180	74	110
219	176	104	117
263	188	50	100
261	179	52	111
266	185	48	107
252	180	57	109
226	177	84	119
220	179	89	112
220	174	86	117
230	178	66	113
227	179	76	113
224	174	79	115
231	175	70	114
229	173	71	117
227	175	73	115
224	175	76	118
226	177	72	113
226	178	68	112
224	176	69	111
228	177	63	109
228	176	64	111
230	172	67	117
229	170	70	117
233	166	72	124
231	166	76	126
239	161	69	134
237	162	72	129
235	165	77	127
234	165	77	126
234	163	81	126
231	162	85	127
231	162	97	127
229	160	101	134
227	161	108	133
225	157	115	135
226	162	114	128
221	160	121	130
216	159	126	131
216	158	125	133
221	158	122	131
213	159	131	132
216	156	128	134
214	157	132	133
211	158	136	130
208	160	141	132
209	160	139	128
208	160	141	132
205	160	142	127
205	155	145	137
206	158	145	131
201	158	152	129
204	155	148	133
204	161	150	122
202	162	154	124
202	160	152	127
200	162	158	125
199	164	161	123
198	164	159	119
199	162	158	122
199	164	156	118
198	161	161	122
197	162	166	125
201	163	162	126
198	158	166	131
198	160	165	127
199	156	165	131
200	164	161	119
199	163	163	119
195	160	169	123
195	163	168	119
197	157	166	128
195	162	171	119
199	159	167	125
196	159	168	126
194	160	172	122
195	158	171	124
193	160	174	120
195	155	172	130
191	157	175	126
195	151	170	135
195	155	169	131
193	153	176	133
194	149	170	142
195	151	173	139
192	150	174	141
196	150	170	141
195	149	173	143
192	153	173	134
193	153	173	135
191	152	175	135
196	158	172	131
191	150	176	138
197	153	169	138
196	153	170	136
193	151	175	140
194	152	173	137
192	150	180	139
194	148	177	141
192	152	176	138
192	152	176	138
191	147	178	145
195	151	173	141
191	148	175	144
195	146	172	150
195	149	170	144
199	152	170	140
198	145	172	150
195	144	172	152
199	148	169	146
195	148	172	148
195	147	175	144
199	150	172	144
198	145	173	152
205	148	162	147
198	146	172	149
199	150	170	143
203	144	163	152
205	147	165	149
204	145	165	149
204	146	165	146
205	150	163	143
208	145	160	149
207	141	159	155
208	147	163	148
207	147	159	147
207	146	160	148
211	151	154	143
207	150	157	145
203	149	159	147
206	151	152	147
211	154	146	144
204	158	155	140
206	160	150	138
204	162	152	134
202	163	153	134
204	161	156	138
208	162	147	135
205	161	153	136
208	160	148	138
211	162	148	135
209	165	151	133
207	162	150	136
213	162	144	134
213	162	145	139
213	163	144	134
216	165	144	135
213	165	144	133
220	167	135	128
216	161	140	137
215	162	142	138
219	164	135	137
221	167	135	132
216	166	140	135
215	164	139	136
214	165	143	135
210	162	146	137
212	163	146	133
221	163	138	136
219	166	139	132
221	165	135	131
216	167	144	131
216	167	140	130
216	171	143	125
219	174	142	120
221	167	139	130
221	168	134	130
229	172	133	124
222	165	136	134
228	167	131	131
232	169	130	128
235	167	125	132
231	166	132	131
224	169	137	128
224	167	137	130
223	170	138	127
224	171	138	126
225	166	137	132
228	170	133	126
225	169	136	127
228	168	132	127
229	166	132	129
230	170	132	123
229	168	134	125
230	169	134	126
227	171	137	122
229	171	134	119
229	170	136	120
229	172	137	117
231	174	136	116
226	170	141	121
231	174	137	115
226	172	145	121
228	171	141	117
227	173	140	119
233	174	137	117
228	174	143	121
231	174	136	123
230	173	139	121
229	175	140	120
235	176	134	120
234	177	136	120
234	178	138	121
238	181	134	118
234	178	138	119
243	182	131	117
238	184	142	116
241	183	139	117
244	183	138	118
246	182	141	118
250	187	135	113
257	187	133	115
259	187	136	119
258	183	142	124
268	187	135	112
261	189	146	114
259	190	151	115
261	188	151	117
266	190	149	115
266	188	153	117
269	191	153	115
270	193	156	116
270	193	160	116
273	192	156	120
275	192	157	118
280	192	158	120
280	193	155	121
289	192	148	119
290	196	153	114
282	191	160	124
287	192	156	124
283	191	167	123
290	191	158	123
285	193	166	120
286	192	168	119
287	193	168	119
293	192	162	126
291	193	159	123
291	195	163	121
289	198	168	116
291	202	167	116
291	206	171	107
291	203	175	112
285	204	181	109
289	203	171	121
287	202	179	121
288	208	181	113
286	203	186	121
285	204	189	126
280	201	196	128
283	201	197	128
279	202	200	126
282	209	203	117
280	203	206	127
280	207	214	117
281	207	213	119
283	208	213	119
277	208	213	126
284	204	213	126
282	209	212	124
286	205	211	129
284	207	215	130
285	208	214	127
282	208	217	124
286	203	213	137
287	210	215	124
287	209	223	126
285	207	218	133
286	210	217	123
290	210	223	128
288	208	223	127
291	210	222	128
290	212	225	122
290	210	225	129
290	207	221	130
289	210	228	124
287	210	230	128
291	214	219	121
289	215	219	120
290	215	218	118
287	215	219	117
286	216	231	121
284	216	229	121
285	219	225	122
287	219	220	124
281	219	226	122
284	218	224	124
285	223	220	116
281	224	231	115
285	222	222	118
286	222	218	120
280	221	215	125
285	220	221	126
283	221	214	125
290	221	211	126
293	221	203	131
294	219	200	132
294	220	203	129
293	218	199	133
295	220	199	132
294	220	201	135
290	221	208	138
294	220	203	131
290	220	205	134
292	223	203	133
296	222	191	136
290	223	199	136
290	224	197	130
290	223	192	130
286	225	197	130
289	228	194	121
289	229	194	130
288	231	181	123
