560	301	114	319
503	145	115	325
499	146	116	328
495	146	117	333
490	147	119	337
486	149	119	339
485	149	119	341
484	150	119	344
484	149	120	347
483	148	120	351
482	147	120	352
479	144	121	355
471	129	129	378
471	126	132	394
462	116	139	389
461	125	135	411
469	139	122	376
462	133	131	394
452	128	140	395
452	133	133	394
447	126	130	405
441	128	138	402
436	125	142	411
429	123	149	405
427	121	146	418
425	118	147	416
418	122	152	418
417	113	151	426
415	111	152	420
409	122	162	410
406	117	162	418
406	121	163	409
408	118	163	412
401	114	168	414
399	114	170	410
396	119	178	420
391	114	188	429
387	113	187	426
390	110	189	430
381	100	201	437
383	98	194	449
386	96	186	446
380	108	195	430
374	109	201	422
375	113	194	426
370	109	195	441
364	106	205	443
359	105	210	439
367	113	197	438
360	114	200	441
344	109	223	439
339	104	218	442
336	97	216	446
342	109	215	446
342	106	214	448
342	107	212	450
332	94	213	449
332	107	223	437
334	108	222	431
337	98	224	442
349	92	216	449
358	87	218	451
364	84	218	455
364	87	232	439
369	90	232	446
369	87	233	441
379	100	232	427
390	87	228	431
400	104	221	419
429	77	188	442
440	87	185	444
456	79	170	451
459	73	181	472
479	74	172	467
476	61	197	475
479	68	217	461
485	87	236	443
485	99	259	432
485	99	276	436
480	111	293	420
483	114	306	416
481	93	325	438
485	94	327	446
479	104	335	429
490	100	335	444
488	101	326	436
496	100	317	447
497	106	307	428
499	110	315	429
508	112	306	432
515	97	295	446
516	105	298	440
543	100	276	442
545	96	272	441
545	104	273	439
552	97	263	452
557	99	251	447
566	107	237	440
554	104	246	445
557	91	234	457
568	93	222	460
570	90	219	456
574	97	205	450
396	155	165	398
591	105	196	435
604	82	182	466
610	98	179	458
617	90	178	463
617	102	186	444
613	95	198	441
620	99	193	444
616	98	195	449
620	74	196	477
622	89	197	456
621	79	199	474
619	84	203	468
625	76	201	475
628	67	197	487
639	71	196	477
643	74	198	470
643	71	200	477
640	68	204	481
644	68	208	478
645	65	205	483
644	71	203	472
650	77	202	475
647	76	199	482
641	75	201	483
637	70	202	471
632	68	209	485
625	82	215	463
621	66	215	478
620	75	211	464
622	76	211	475
623	64	204	479
623	68	204	481
619	74	206	475
615	73	205	475
621	67	192	480
625	76	187	468
627	69	176	487
625	71	181	480
623	72	178	481
615	71	189	477
612	66	183	477
617	61	173	491
617	58	165	495
610	58	166	492
600	64	178	491
589	61	188	491
585	50	187	496
586	55	183	488
586	53	180	490
587	50	180	499
592	51	171	497
585	41	177	497
596	34	163	519
588	1	181	541
590	-22	174	564
579	-16	186	563
588	-11	185	571
591	-12	187	558
591	-3	186	558
586	-10	194	551
591	0	189	545
586	-1	202	546
585	0	203	543
583	4	213	547
597	20	204	536
635	40	171	518
630	40	172	514
638	64	169	492
633	86	178	464
637	101	179	461
646	100	172	450
643	106	174	444
643	102	175	438
637	104	180	439
636	103	180	438
635	81	180	459
633	77	183	463
634	87	175	464
637	97	174	454
638	81	163	465
636	79	168	473
634	73	172	481
634	73	163	489
625	70	174	480
600	66	207	489
589	69	212	484
600	64	209	488
582	75	226	478
589	69	219	478
601	61	202	487
590	72	218	485
586	62	222	489
597	64	208	488
616	74	178	483
610	72	191	478
614	79	187	472
602	69	202	478
623	75	176	474
621	78	180	475
613	70	194	486
611	70	191	488
586	65	223	491
600	64	206	489
591	73	214	473
594	69	214	480
587	75	214	476
597	83	206	470
603	72	195	480
603	79	199	475
607	71	186	480
610	68	180	485
609	71	188	480
609	82	187	471
602	70	190	476
602	80	194	462
594	76	203	470
572	70	228	474
557	66	264	480
562	69	270	474
556	83	283	464
561	94	283	455
560	79	281	457
572	80	275	469
586	74	256	470
604	76	232	467
606	71	227	483
606	73	210	474
621	71	180	475
612	71	199	481
607	75	204	473
609	73	204	481
605	71	204	471
607	77	204	474
606	84	207	466
600	87	211	466
596	92	208	464
581	77	219	474
567	95	233	451
571	82	223	466
581	79	219	465
582	77	220	464
585	80	217	458
584	90	222	454
583	93	229	451
584	106	229	433
586	107	221	431
593	108	215	422
594	112	233	426
596	85	225	441
588	71	229	459
586	68	228	466
569	71	244	471
576	90	237	454
588	88	224	462
601	87	205	455
609	84	197	469
607	82	197	466
603	78	191	474
600	87	195	470
595	75	183	477
594	81	180	468
596	75	168	479
588	65	173	485
575	77	177	469
575	82	173	471
564	70	180	472
573	82	159	470
565	76	168	473
557	74	172	475
556	84	173	465
554	65	168	474
553	66	151	495
557	69	146	491
554	68	153	486
538	61	170	484
529	70	178	485
535	81	166	469
525	78	174	472
541	74	153	483
511	76	181	483
516	73	173	488
531	66	152	484
532	74	156	472
531	86	154	459
528	75	155	476
526	64	152	484
526	57	141	498
527	63	143	491
525	62	143	493
521	60	144	488
521	65	141	484
520	64	149	486
511	63	142	493
502	62	168	494
478	61	188	492
484	64	181	481
472	71	207	474
476	65	192	481
482	74	190	471
485	78	190	471
483	85	197	458
490	76	193	471
489	88	199	456
485	77	207	460
492	74	203	459
500	69	196	464
500	78	206	454
511	80	192	464
505	72	200	474
516	67	196	489
528	66	188	465
536	69	185	480
543	74	191	478
550	72	194	477
551	69	192	482
561	83	190	466
559	69	200	470
570	81	201	464
573	74	198	466
567	74	212	460
560	90	217	451
569	93	215	446
579	87	207	454
563	82	226	455
558	76	233	476
534	84	261	460
529	80	263	467
536	94	258	459
546	73	238	480
554	78	227	483
552	72	233	478
563	72	214	479
555	74	217	471
575	69	196	473
565	75	202	486
552	72	214	479
565	76	209	473
540	76	232	472
530	75	250	479
528	62	231	496
528	68	245	484
536	69	222	490
512	59	252	492
514	80	242	482
504	78	254	479
501	72	260	477
508	74	250	481
500	70	259	488
508	66	251	477
506	64	255	483
514	65	251	486
517	64	253	485
518	62	252	482
525	64	248	483
528	59	249	490
534	73	241	479
539	61	245	478
545	59	239	481
553	73	241	473
559	67	241	485
565	76	244	465
562	65	268	478
572	64	260	472
570	64	268	477
573	70	248	471
574	72	239	469
569	70	254	473
568	67	240	470
566	56	250	483
562	61	244	480
572	73	253	474
567	72	214	474
571	85	221	462
559	75	233	463
573	77	212	466
566	65	232	477
559	62	271	468
560	43	231	494
564	25	220	520
567	43	216	502
557	60	222	484
553	70	233	483
560	69	228	478
568	80	218	469
569	94	223	452
564	74	230	465
558	66	251	479
562	69	228	484
551	56	239	487
549	74	280	469
543	73	306	465
547	57	274	482
545	56	281	480
551	55	242	487
551	54	270	486
548	55	266	481
545	55	282	486
539	56	263	482
534	62	257	485
536	55	245	483
530	58	264	488
535	63	242	491
533	62	242	485
532	58	231	494
536	57	220	489
529	57	219	481
526	69	209	471
517	55	222	486
519	63	195	485
513	59	196	481
512	58	200	486
509	52	200	488
505	51	180	488
494	53	203	496
487	52	201	494
483	51	191	492
483	55	199	506
485	48	183	495
480	52	183	490
473	54	199	485
471	60	211	474
466	58	214	485
468	61	211	487
454	63	232	476
457	51	218	479
458	52	213	490
458	53	205	489
456	54	205	490
458	55	212	496
455	53	206	493
453	54	205	492
457	49	199	497
456	44	199	494
455	53	199	486
457	49	199	494
449	54	206	490
454	48	202	497
453	53	204	491
457	49	194	489
459	47	202	496
459	58	204	492
459	47	191	491
461	48	199	500
455	47	197	494
459	58	202	497
459	48	218	498
453	54	228	486
461	51	209	490
453	55	219	480
455	49	213	491
451	55	222	483
444	53	236	484
453	59	232	489
440	56	252	485
442	55	232	493
450	53	218	502
456	48	215	500
449	49	206	489
445	46	215	502
450	50	202	499
454	53	195	488
449	48	201	485
444	54	242	487
448	55	237	488
454	48	223	490
454	64	226	481
458	55	211	489
456	50	206	492
453	56	210	484
459	56	209	486
451	54	214	487
448	54	221	476
448	59	222	480
441	62	219	479
455	62	212	478
465	58	189	482
456	62	194	488
456	65	200	489
450	63	204	480
451	53	207	483
454	59	210	486
459	58	206	488
455	49	212	490
454	58	219	483
453	55	209	489
460	62	194	481
461	58	186	488
457	67	205	474
453	60	230	483
457	59	201	483
464	60	194	488
454	60	216	478
456	62	192	485
461	57	200	486
456	55	209	487
457	54	201	489
453	65	209	482
450	59	227	478
449	63	198	485
454	67	201	478
442	65	225	486
446	78	227	481
440	64	237	491
447	64	227	493
452	64	218	488
466	77	207	478
458	65	220	491
466	71	209	479
465	76	208	479
471	81	204	470
470	82	203	464
467	72	207	476
468	69	214	474
474	66	208	482
482	66	195	481
486	62	208	480
480	62	216	485
483	65	232	480
485	78	227	468
488	56	227	488
492	65	234	485
495	60	220	491
492	51	221	495
489	54	240	491
486	61	239	483
487	55	238	483
483	51	241	489
485	47	233	500
477	51	239	493
478	47	211	497
469	46	229	487
464	61	219	482
463	56	223	487
445	67	234	485
441	53	237	505
441	61	240	491
432	69	233	477
427	53	231	496
423	58	244	484
410	86	257	459
413	75	249	473
405	63	249	489
398	71	246	479
407	62	232	485
404	59	236	491
402	79	227	466
395	73	237	477
411	100	218	450
392	121	251	425
392	118	245	425
397	118	249	427
404	74	226	470
405	58	229	491
400	49	240	502
390	66	260	478
412	68	247	483
416	59	236	486
430	71	224	474
435	64	223	486
445	53	215	501
457	55	200	491
468	52	211	495
470	52	214	493
475	55	221	490
486	47	205	500
482	70	242	475
488	62	236	492
502	75	240	468
497	71	246	474
504	64	254	488
512	63	236	484
509	70	255	477
518	56	250	494
516	55	257	489
524	67	243	485
520	64	240	481
516	72	254	478
526	50	230	501
523	51	246	498
519	46	247	509
520	45	252	504
515	46	261	501
515	49	265	496
512	46	256	487
504	45	257	500
504	47	259	492
500	41	256	503
490	51	265	494
490	49	266	471
486	53	255	484
486	59	258	476
475	43	258	491
476	39	245	505
474	39	237	476
463	36	232	499
456	44	240	490
453	44	244	497
446	47	237	492
446	47	249	501
439	48	233	493
436	50	236	496
430	45	225	497
428	47	219	500
424	45	211	491
424	52	201	477
415	57	213	476
415	56	198	481
416	55	196	482
415	55	197	478
362	52	244	489
309	69	288	476
319	52	289	482
314	66	304	485
328	59	278	478
326	50	275	482
330	61	272	476
332	72	273	464
321	70	298	466
329	54	273	479
335	59	265	477
320	68	291	477
320	64	286	476
325	63	277	474
317	76	311	462
320	63	292	479
327	69	284	479
325	64	298	478
328	64	292	486
334	65	285	484
331	76	293	466
341	73	287	487
342	79	270	481
341	92	273	464
340	77	289	474
336	77	283	473
347	89	267	473
341	89	275	467
335	87	283	467
332	96	282	456
339	91	257	454
339	104	256	442
327	96	263	451
327	106	278	439
323	121	281	426
327	105	271	426
328	102	271	444
331	112	259	435
319	98	287	433
320	102	259	439
330	113	233	426
326	100	248	439
322	110	265	412
334	109	225	440
333	106	223	441
342	102	208	436
350	109	199	436
349	104	208	438
356	122	198	419
364	105	192	436
377	87	188	447
379	112	196	420
371	99	230	448
384	99	204	435
390	100	183	433
393	110	185	421
402	101	175	433
402	107	180	433
401	108	181	434
407	109	177	426
414	116	172	420
413	116	170	407
417	124	162	410
427	113	150	422
427	107	148	423
426	113	157	430
432	113	149	427
430	118	153	422
429	118	160	423
426	121	165	427
434	114	153	421
440	119	153	419
436	131	160	403
446	123	145	408
447	125	153	403
454	126	143	405
459	124	147	401
458	127	146	401
464	126	144	395
463	122	141	399
468	125	136	395
467	127	137	389
462	125	142	385
465	133	134	373
469	134	134	380
457	133	147	374
463	134	132	375
461	140	133	370
458	138	126	372
453	140	131	365
449	140	127	358
453	144	119	351
447	142	125	335
446	142	113	342
446	145	111	332
440	150	114	323
441	146	104	330
435	141	107	333
435	148	103	326
432	146	109	328
432	148	104	324
431	146	100	328
423	145	108	315
420	149	112	287
415	144	113	279
417	151	110	274
413	145	109	289
407	147	114	286
403	150	111	287
401	146	112	278
400	145	115	266
393	152	114	258
386	147	110	244
379	147	113	231
373	153	117	218
372	149	116	220
372	150	115	218
368	151	112	210
363	151	115	208
368	151	108	214
365	150	106	212
362	153	113	219
366	152	106	216
363	157	108	212
363	154	113	213
363	154	114	214
368	153	105	212
372	153	99	217
369	152	105	214
368	153	106	213
370	154	105	211
369	156	105	209
375	154	97	214
375	153	98	216
377	157	91	213
375	154	97	216
374	157	100	216
372	159	98	218
372	158	98	215
374	157	92	218
373	155	98	218
374	156	96	214
375	154	97	218
378	150	92	219
380	155	91	215
382	152	91	219
381	157	96	215
385	152	91	213
389	154	90	223
392	154	86	220
397	157	84	221
401	153	81	223
402	153	81	223
405	151	78	226
409	153	76	224
413	157	73	220
416	154	70	225
418	156	67	224
423	157	65	223
423	158	63	222
431	157	57	220
436	158	52	223
438	160	48	220
438	162	46	218
441	158	46	221
441	158	46	221
438	163	48	215
752	259	75	266
752	259	75	266
752	259	75	266
715	126	75	266
677	-6	75	266
640	-139	75	266
602	-272	75	266
752	259	75	266
715	126	75	266
677	-6	75	266
640	-139	75	266
752	259	75	266
715	126	75	266
677	-6	75	266
640	-139	75	266
752	259	75	266
715	126	75	266
677	-6	75	266
640	-139	75	266
602	-272	75	266
752	259	75	266
752	259	75	266
752	259	75	266
715	126	75	266
752	259	75	266
715	126	75	266
752	259	75	266
752	259	75	266
752	259	75	266
752	259	75	266
715	126	75	266
677	-6	75	266
640	-139	75	266
752	259	75	266
715	126	75	266
677	-6	75	266
640	-139	75	266
752	259	75	266
715	126	75	266
550	126	57	274
549	141	61	268
548	148	66	258
548	145	66	271
550	148	69	270
549	148	74	264
553	150	74	260
550	154	82	249
552	148	78	258
553	149	79	260
553	150	80	262
560	153	81	259
559	151	82	258
560	152	85	255
559	153	88	262
562	151	88	265
560	152	94	268
567	151	91	271
565	154	93	270
567	150	96	273
567	154	98	267
571	152	97	267
572	151	97	273
576	143	94	279
577	149	96	283
575	143	100	281
574	150	100	282
574	151	99	286
573	143	99	289
571	149	101	297
571	143	95	302
563	143	108	304
559	142	107	301
557	143	108	304
555	143	107	304
554	143	102	307
548	143	101	304
543	140	104	309
537	141	106	313
536	148	104	314
531	146	108	318
530	144	108	320
530	149	100	323
525	141	96	329
522	142	104	320
522	144	102	332
521	142	102	332
512	139	99	339
509	141	104	337
511	141	102	345
502	135	106	346
499	142	110	347
499	143	107	352
491	140	113	348
491	142	107	345
477	142	112	348
465	135	126	362
461	135	126	362
450	135	133	365
447	130	132	380
443	126	130	382
435	132	131	376
434	135	128	390
434	125	118	401
430	130	119	406
428	132	118	403
424	135	121	397
416	135	126	397
408	128	132	409
407	127	137	410
400	124	143	409
400	127	136	402
396	125	138	407
396	118	134	421
387	116	152	433
379	111	153	428
383	112	152	431
380	115	151	421
380	119	153	418
365	120	162	416
367	124	161	422
373	110	152	432
362	106	162	437
356	110	165	438
345	100	176	449
345	100	174	444
330	101	192	445
332	101	190	442
333	102	190	436
335	99	181	448
336	111	180	438
335	105	187	442
338	116	186	436
338	107	194	442
340	109	196	437
350	112	183	431
343	99	199	452
351	98	195	449
351	109	199	442
349	100	205	455
354	97	197	450
354	93	210	453
357	89	207	452
354	88	215	454
361	83	217	458
358	78	215	460
366	82	212	453
372	79	212	456
383	79	200	453
388	71	203	460
401	66	193	468
403	53	195	483
426	59	181	480
434	43	169	477
430	57	184	484
434	65	200	479
424	73	235	461
428	79	245	477
425	63	268	471
436	67	256	476
451	56	240	482
451	66	253	471
463	68	229	467
468	74	234	469
476	56	225	492
481	57	222	490
488	72	225	473
491	71	214	477
496	85	219	463
496	87	229	461
500	93	232	450
502	86	237	462
511	89	238	459
509	95	246	445
514	98	255	442
518	101	260	435
516	112	288	419
527	95	284	443
535	81	285	457
544	83	274	458
550	89	293	455
547	94	307	449
557	67	296	466
548	87	317	454
542	97	332	445
521	105	368	437
521	96	363	436
561	81	316	452
570	94	307	446
575	77	305	460
584	92	294	449
596	94	273	446
573	81	299	458
583	82	282	460
576	72	284	473
571	87	281	457
572	89	275	446
559	81	278	460
556	77	281	465
557	84	279	456
556	95	268	447
555	87	268	451
553	99	263	451
550	91	262	449
549	73	253	466
544	80	258	457
543	92	260	443
532	90	260	440
528	81	268	454
519	96	270	438
517	102	268	431
507	96	281	431
513	99	268	436
511	98	268	449
519	83	250	441
518	89	250	441
500	85	264	453
483	112	281	420
482	107	277	431
487	90	277	428
470	109	293	440
476	84	278	454
472	93	302	443
480	81	292	443
463	103	316	432
460	97	322	438
510	94	284	448
516	88	270	450
591	108	181	435
593	91	187	454
600	108	177	437
607	91	174	457
600	102	193	447
615	97	177	451
609	90	187	459
614	83	190	468
617	71	195	480
617	86	203	467
622	77	199	470
615	76	211	470
617	85	207	459
615	83	201	463
611	85	204	463
610	87	199	459
598	70	214	478
598	72	210	480
587	67	227	488
585	77	225	476
575	70	235	475
570	76	234	472
560	77	233	468
552	67	239	485
541	79	245	470
536	70	235	481
528	68	229	483
518	68	233	476
505	75	246	471
505	73	229	474
504	66	232	488
502	59	229	495
498	69	225	479
492	63	224	486
485	69	242	482
494	64	216	475
486	68	228	480
487	69	225	475
489	71	230	481
486	63	236	475
489	65	225	478
496	62	222	483
501	68	214	469
507	68	218	479
510	54	224	486
509	57	227	483
512	52	229	492
519	56	226	492
502	63	253	476
501	52	229	499
511	43	222	503
514	47	215	501
519	43	201	502
514	45	212	502
516	38	213	499
522	50	213	499
526	61	194	489
514	47	212	498
501	52	223	494
486	47	227	507
493	45	226	495
487	51	270	492
476	59	282	479
471	50	266	475
482	63	239	463
459	55	272	466
464	58	255	478
450	56	258	474
463	63	233	477
456	58	229	487
464	58	221	485
448	60	233	483
452	57	234	474
457	71	226	467
449	63	233	472
437	63	244	471
446	72	237	467
440	64	240	476
440	66	240	473
440	67	249	473
439	62	238	478
436	67	250	471
438	68	255	472
454	69	234	468
450	69	243	457
452	79	240	462
464	82	223	462
465	86	230	453
452	79	254	460
464	73	242	462
456	82	251	447
458	86	230	456
440	89	253	434
425	71	256	464
442	74	231	473
433	71	240	484
434	60	246	489
449	56	234	483
458	51	227	490
468	47	208	489
466	42	213	493
470	47	209	493
478	48	201	500
493	41	187	501
494	48	185	489
488	50	189	495
495	46	175	492
497	47	175	483
492	48	177	496
485	51	188	487
484	58	185	484
474	61	201	478
475	56	196	484
481	64	191	476
477	61	191	477
479	61	191	471
475	62	195	479
470	69	204	472
472	60	198	481
453	64	220	477
448	67	227	483
468	70	195	471
468	69	201	476
485	71	174	476
497	66	162	480
489	68	173	474
490	62	174	484
480	72	184	481
475	59	185	480
484	63	183	484
484	66	179	484
484	64	180	487
482	64	187	484
481	61	195	485
484	62	185	479
487	67	185	471
491	69	180	469
491	63	183	476
489	67	184	479
498	64	180	482
493	65	187	491
488	61	185	488
480	62	193	489
485	63	194	487
485	63	190	490
486	64	193	492
483	65	194	487
485	63	193	491
488	64	190	494
488	58	174	485
485	61	191	486
478	55	202	487
490	54	189	482
501	55	191	482
485	61	218	483
496	53	202	486
497	68	211	477
485	57	216	477
491	71	214	488
489	59	215	487
498	55	215	499
490	76	229	480
494	84	221	461
484	71	223	476
479	78	242	468
468	60	251	483
480	53	233	488
481	44	234	499
492	46	211	499
497	42	203	498
503	28	189	505
506	34	197	506
495	31	199	510
487	14	226	517
402	42	274	499
406	62	296	469
415	73	286	457
428	63	273	474
441	65	254	478
442	60	264	481
440	70	279	484
431	89	298	455
449	88	264	462
457	74	248	470
453	87	255	450
453	81	256	450
455	86	245	446
450	82	234	453
445	84	244	453
445	82	240	433
444	83	235	409
442	91	235	409
446	92	226	438
429	92	245	429
423	95	241	434
417	104	254	430
411	101	252	430
413	99	254	434
417	106	237	430
416	97	239	442
418	107	236	428
423	102	227	426
419	107	249	433
419	108	256	420
416	106	264	421
424	97	253	428
423	93	251	441
427	88	257	450
425	90	265	445
431	83	269	457
417	79	291	451
422	77	293	461
422	89	296	460
428	62	293	485
428	65	303	486
410	62	323	481
387	69	331	478
361	87	374	458
391	70	328	490
390	64	314	487
379	55	308	479
366	51	332	483
364	36	354	500
352	45	365	506
369	47	342	492
392	38	304	484
409	51	276	426
431	48	235	424
446	67	270	460
416	59	286	455
410	61	308	430
409	63	310	459
412	75	306	453
412	56	303	466
406	65	298	452
410	49	283	464
398	55	297	454
397	53	298	452
407	46	303	454
406	45	287	492
395	41	312	492
390	27	318	445
402	45	288	474
404	46	290	478
396	44	299	483
384	60	323	464
390	50	313	481
402	49	290	480
411	48	278	476
430	58	263	488
431	64	264	479
447	42	247	496
439	49	248	503
440	33	225	497
441	43	247	483
437	40	231	496
441	39	246	487
441	51	241	480
440	50	238	478
438	53	239	477
431	44	242	482
435	53	238	477
428	49	243	473
433	48	243	483
427	46	230	488
420	38	243	499
425	25	235	496
422	31	242	494
424	36	231	497
416	41	231	490
412	47	229	480
402	43	244	489
385	34	259	481
396	37	247	488
399	48	236	477
399	54	239	470
399	54	235	471
388	54	242	466
410	45	213	469
382	48	240	460
368	44	251	451
370	45	245	451
369	44	247	460
361	46	247	453
338	44	270	453
328	64	285	462
303	67	317	461
281	74	341	458
264	71	364	466
228	98	391	451
243	82	385	463
228	96	411	446
218	98	402	429
226	92	401	449
212	99	418	440
211	87	423	444
199	87	439	452
207	89	426	455
222	89	404	465
229	89	401	454
239	75	395	461
279	83	360	464
263	68	365	466
260	65	382	465
266	63	373	485
270	50	368	477
288	49	371	491
289	41	376	490
348	52	323	477
349	50	338	492
373	44	321	488
428	38	280	493
422	41	319	470
410	42	332	483
416	46	350	454
401	45	325	483
397	31	333	509
398	25	328	517
412	25	305	501
404	58	323	483
410	68	329	459
387	53	320	493
372	56	337	485
372	38	309	505
360	53	311	478
337	44	333	487
328	39	320	489
312	40	332	499
319	36	333	508
307	46	336	482
327	44	303	488
310	54	310	471
309	52	324	482
312	47	338	486
298	65	373	466
296	66	390	467
257	63	445	472
232	72	447	457
237	78	414	459
250	41	400	493
253	56	373	488
269	45	351	500
279	42	316	495
277	58	325	480
302	64	289	472
307	62	280	460
292	60	327	477
291	74	337	463
297	78	326	459
301	75	304	453
319	69	290	459
308	67	312	446
320	58	306	453
331	63	294	463
338	55	263	474
342	44	272	493
346	40	269	488
346	52	264	458
345	42	264	469
349	39	273	495
363	36	260	501
375	48	251	492
390	65	238	466
422	58	207	464
429	72	206	445
434	73	211	445
442	71	230	447
441	78	255	452
448	83	266	445
438	87	290	425
440	95	293	416
454	96	279	391
447	101	280	401
451	95	286	400
441	100	297	397
445	109	308	421
449	104	300	438
468	80	291	461
464	85	305	455
486	89	282	459
495	80	263	460
508	82	265	471
517	90	267	453
511	78	280	466
518	89	291	456
526	96	286	443
526	104	282	440
539	98	262	443
548	88	252	460
549	114	255	435
557	99	236	456
558	121	234	432
560	116	223	427
558	119	219	422
564	107	212	439
559	113	214	426
561	105	213	432
562	109	205	424
559	116	207	419
557	101	209	436
562	94	197	445
560	97	203	455
561	109	196	444
562	117	200	423
567	127	194	417
568	124	192	417
575	127	187	418
575	120	182	421
575	123	177	425
576	119	180	428
574	118	179	429
572	114	173	432
576	109	168	434
570	124	167	420
570	132	165	404
571	127	154	409
567	141	152	393
564	126	147	407
561	126	149	407
557	132	152	399
556	126	149	401
560	121	140	407
555	117	145	406
558	125	137	412
552	117	142	408
561	119	123	402
572	133	110	396
564	130	118	406
556	132	121	395
543	139	131	397
496	144	174	389
481	146	185	386
480	143	180	395
486	133	182	407
486	147	178	381
485	156	181	366
484	155	177	370
490	152	169	380
489	158	165	368
497	156	157	375
489	158	168	365
493	157	157	372
489	138	161	378
485	160	159	360
485	156	163	359
489	147	152	363
493	149	148	351
487	154	163	356
487	156	168	347
491	167	152	343
490	158	165	341
494	165	148	338
495	164	157	340
503	154	166	351
506	162	170	342
506	154	161	332
510	158	165	325
511	161	168	315
514	169	139	302
515	158	129	311
518	153	128	319
524	167	112	309
528	159	106	316
528	164	106	321
530	158	106	321
533	155	104	320
533	164	106	308
533	174	116	297
536	175	113	291
539	164	109	292
544	163	105	291
547	163	105	286
553	155	99	297
552	164	102	287
553	159	103	287
556	163	101	278
561	162	103	274
569	165	97	277
570	165	108	275
574	171	107	273
580	167	104	267
595	169	94	263
597	171	96	261
594	168	101	262
606	169	89	262
616	171	77	257
621	166	71	263
627	173	63	261
629	165	75	272
627	173	63	261
627	173	63	261
627	173	63	261
627	173	63	261
627	173	63	261
628	176	59	253
598	50	59	253
569	-76	59	253
654	180	83	273
654	180	83	273
613	44	83	273
572	-91	83	273
654	180	83	273
613	44	83	273
572	-91	83	273
531	-227	83	273
490	-363	83	273
695	207	83	273
695	207	83	273
695	207	83	273
695	207	83	273
695	207	83	273
695	207	83	273
695	207	83	273
695	207	83	273
695	207	83	273
695	207	83	273
695	207	83	273
695	207	83	273
695	207	83	273
695	207	83	273
695	207	83	273
695	207	83	273
695	207	83	273
695	207	83	273
695	207	83	273
654	71	83	273
