1.000000
0.994494
0.982163
0.990195
0.989841
0.971664
0.962207
0.962628
0.980485
1.000000
0.992330
0.996028
0.984495
1.000000
0.984480
0.984830
0.981802
0.981959
0.993285
1.000000
0.992688
0.995705
0.977067
0.975269
0.990248
0.976992
0.968024
0.981066
0.957168
0.976902
0.952679
0.972130
0.948558
0.940035
0.959703
0.930234
0.926378
0.908638
0.879008
0.926665
0.932351
0.937163
0.924582
0.909062
0.919874
0.919231
0.874807
0.873864
0.882035
0.879046
0.870705
0.864677
0.862939
0.847417
0.853472
0.848612
0.823724
0.809472
0.808996
0.812836
0.799999
0.820462
0.825330
0.831599
0.810681
0.815974
0.740141
0.608699
0.638500
0.643084
0.642536
0.623606
0.703626
0.562841
0.627434
0.661992
0.521672
0.630054
0.605515
0.650665
0.666212
0.678636
0.663060
0.693685
0.641632
0.656747
0.623168
0.555214
0.594951
0.650354
0.671631
0.664264
0.755618
0.769865
0.808350
0.798559
0.714639
0.703925
0.734163
0.741716
0.788530
0.829724
0.848789
0.827563
0.823320
0.851194
0.828368
0.834674
0.780612
0.784169
0.794492
0.804486
0.807426
0.814378
0.841120
0.841381
0.814111
0.814033
0.807709
0.795088
0.804669
0.818950
0.808710
0.824024
0.814061
0.800619
0.801332
0.827491
0.832400
0.829720
0.844274
0.842872
0.848019
0.821273
0.732929
0.531095
0.355131
0.376697
0.543000
0.657793
0.748841
0.763246
0.752836
0.687662
0.708987
0.718145
0.764004
0.767066
0.780359
0.790238
0.795310
0.780755
0.433106
0.172185
0.137250
0.136471
0.166195
0.484455
0.756563
0.794752
0.833468
0.835593
0.671726
0.085934
0.099570
0.084672
0.070461
0.080847
0.140344
0.117081
0.206524
0.249232
0.231190
0.267181
0.221394
0.228584
0.248965
0.244407
0.267941
0.253352
0.257940
0.273596
0.313443
0.335369
0.395121
0.395423
0.339676
0.275626
0.299967
0.283640
0.293143
0.301922
0.835693
0.851656
0.861249
0.865365
0.817675
0.803918
0.795264
0.804403
0.826907
0.832725
0.834646
0.826864
0.823497
0.847518
0.831648
0.801932
0.782066
0.785303
0.797582
0.745203
0.678454
0.453687
0.074507
0.073402
0.055789
0.059368
0.058411
0.055746
0.093179
0.344604
0.646240
0.717965
0.791351
0.832001
0.824587
0.841203
0.841097
0.873933
0.855151
0.874143
0.900355
0.870619
0.850538
0.846438
0.889248
0.856471
0.864406
0.847725
0.907521
0.920330
0.863562
0.900414
0.876462
0.856202
0.884943
0.858157
0.838098
0.889774
0.892084
0.914910
0.896455
0.904912
0.848278
0.712237
0.098708
0.045223
0.045604
0.052622
0.043967
0.062456
0.115018
0.173111
0.175238
0.216877
0.278212
0.321184
0.313208
0.334141
0.391300
0.419620
0.421103
0.388430
0.383568
0.390080
0.360971
0.386504
0.854580
0.849952
0.798020
0.672657
0.618277
0.637906
0.796326
0.829414
0.845562
0.846677
0.767489
0.256458
0.110037
0.093829
0.053688
0.062998
0.069993
0.062652
0.063750
0.038817
0.045369
0.052839
0.058270
0.045811
0.049626
0.735948
0.204249
0.112472
0.069317
0.082798
0.384116
0.934970
0.855328
0.438947
0.347854
0.323409
0.292165
0.270697
0.350697
0.603276
0.784576
0.805878
0.784202
0.832070
0.846663
0.841265
0.802112
0.834218
0.791591
0.728701
0.664635
0.697042
0.656612
0.756497
0.766131
0.765305
0.819764
0.833585
0.860142
0.859307
0.869526
0.908360
0.888229
0.893532
0.903787
0.925414
0.960404
0.931594
0.971400
0.925867
0.932847
0.958337
0.932095
0.953947
0.893191
0.954583
0.927999
1.000000
1.000000
1.000000
1.000000
0.975601
0.953101
0.915695
0.903799
0.862475
0.850515
0.886245
0.891561
0.970224
0.957932
0.974735
0.994150
0.989238
0.991596
0.960804
0.978621
0.944073
0.972421
0.952733
0.949811
0.932500
0.907760
0.894709
0.890163
0.878215
0.848229
0.811528
0.784967
0.805349
0.789729
0.744742
0.439166
0.126970
0.083251
0.077420
0.059680
0.058579
0.069168
0.077920
0.056810
0.050626
0.059981
0.049278
0.053890
0.063127
0.055660
0.059080
0.080018
0.061974
0.065029
0.058922
0.056108
0.067665
0.063920
0.055305
0.069302
0.054500
0.058317
0.054576
0.054035
0.045199
0.051355
0.065276
0.066828
0.816077
0.113934
0.133371
0.134949
0.171376
0.165178
0.137180
0.078529
0.045877
0.054289
0.061133
0.064254
0.056778
0.055675
0.050096
0.060039
0.059015
0.059468
0.059531
0.061174
0.055711
0.049642
0.055415
0.056136
0.056991
0.053319
0.061000
0.067773
0.055684
0.113201
0.074433
0.058461
0.052568
0.108426
0.098217
0.059400
0.102428
0.070233
0.110663
0.123505
0.103993
0.135152
0.057775
0.045958
0.049193
0.060638
0.348884
0.074938
0.328725
0.822641
0.793035
0.629729
0.698982
0.389524
0.400751
0.213477
0.286556
0.223905
0.051581
0.287050
0.079727
0.038697
0.087901
0.078026
0.074192
0.137609
0.105170
0.106982
0.155120
0.134720
0.207132
0.293779
0.307465
0.638624
0.723717
0.740838
0.820294
0.786524
0.792431
0.687884
0.707828
0.789254
0.834646
0.929863
0.964326
0.950142
0.937133
0.929218
0.935156
0.995026
1.000000
0.974160
0.943542
0.970647
0.962218
0.901469
0.894894
0.896296
0.887849
0.876212
0.857694
0.884933
0.879387
0.883446
0.898498
0.894610
0.913384
0.968270
1.000000
1.000000
1.000000
1.000000
1.000000
1.000000
1.000000
1.000000
1.000000
0.992427
0.907124
0.895145
0.839025
0.797718
0.641388
0.418489
0.526760
0.315207
0.343297
0.280369
0.256904
0.268589
0.399662
0.500364
0.462185
0.670710
0.548070
0.643607
0.710290
0.730055
0.731970
0.817297
0.811604
0.842537
0.837192
0.863326
0.859147
0.858634
0.843715
0.820998
0.861765
0.816532
0.808797
0.831810
0.808118
0.862691
0.874930
0.883565
0.862043
0.884238
0.898683
0.898351
0.903210
0.896635
0.909142
0.903828
0.905164
0.918262
0.906132
0.916810
0.914464
0.908321
0.884019
0.898374
0.886684
0.917074
0.901379
0.918079
0.928810
0.906720
0.966327
0.906114
0.928666
0.918901
0.874493
0.894204
0.895286
0.879227
0.897332
0.869153
0.826049
0.839666
0.847399
0.807638
0.795933
0.746285
0.486621
0.515237
0.407103
0.454626
0.396362
0.488583
0.521574
0.629351
0.694237
0.744327
0.723483
0.742583
0.750655
0.810481
0.891814
0.867144
0.878317
0.905851
0.928551
0.904352
0.908986
0.913587
0.896957
0.923130
0.894456
0.896861
0.893040
0.901121
0.906660
0.909725
0.920018
0.911561
0.929843
0.866391
0.789606
0.810704
0.710358
0.749327
0.756052
0.760334
0.773780
0.701732
0.715441
0.750138
0.762926
0.761302
0.785692
0.756529
0.774009
0.822004
0.858007
0.828176
0.835138
0.848934
0.897656
0.911359
0.919054
0.946715
0.928419
0.945063
0.940009
0.936768
0.858653
0.759941
0.628778
0.769256
0.835635
0.954909
1.000000
0.997086
0.969913
0.961564
0.962243
0.933365
0.919183
0.862566
0.828676
0.850640
0.848929
0.865998
0.867030
0.887829
0.876495
0.918544
0.918688
0.913838
0.905428
0.908571
0.952328
0.977800
0.978573
0.985436
1.000000
0.994575
0.984160
1.000000
0.974025
0.971512
0.971847
0.957691
0.985744
0.939439
0.943345
0.935271
0.939450
0.924326
0.943879
0.941100
0.953103
0.888159
0.847740
0.768949
0.711767
0.702912
0.233441
0.137802
0.077073
0.052660
0.046734
0.052850
0.059636
0.047078
0.049791
0.054197
0.057754
0.047339
0.049288
0.052960
0.045911
0.056264
0.069820
0.050907
0.053908
0.053843
0.055260
0.047866
0.051398
0.049486
0.038318
0.040146
0.050679
0.049170
0.038897
0.048301
0.039571
0.036733
0.042958
0.031646
0.033831
0.039435
0.046003
0.037498
0.039798
0.040953
0.045036
0.034037
0.038198
0.040676
0.046604
0.033809
0.044910
0.040818
0.039755
0.036356
0.046584
0.078176
0.093794
0.101518
0.165262
0.160600
0.175674
0.312239
0.369179
0.413916
0.437925
0.451562
0.464641
0.456815
0.433793
0.444233
0.445222
0.439722
0.454810
0.421011
0.419586
0.441670
0.430557
0.440882
0.430465
0.423378
0.453709
0.488125
0.506409
0.467662
0.928064
0.873215
0.866422
0.854274
0.896191
0.946073
0.956374
0.967816
0.976076
0.986142
0.978782
0.934109
0.951949
0.941785
0.920633
0.896794
0.885033
0.854170
0.828777
0.861864
0.846120
0.827155
0.811379
0.748928
0.528824
0.450646
0.366702
0.412239
0.431756
0.472756
0.709791
0.943397
0.994966
0.956854
0.911359
0.922361
0.927003
0.907743
0.912893
0.952756
0.935475
