44.873411
5.772443
0.572111
0.470317
0.434049
0.503395
0.439009
0.453092
0.420593
0.411383
0.584249
0.447222
0.507965
0.376624
0.388018
0.399257
0.421671
0.424885
0.477961
0.463673
0.489648
0.385010
0.394221
0.406477
0.403929
0.382323
0.357072
0.386835
0.431297
0.437809
0.530724
0.454310
0.470205
0.430674
0.461718
0.355636
0.425045
0.394859
0.434338
0.420913
0.457246
0.392135
0.448573
0.408497
0.519397
0.457139
0.466296
0.499351
0.441946
0.381988
0.480677
0.409327
0.404554
0.381973
0.431457
0.483184
0.389997
0.432255
0.395332
0.449359
0.415274
0.439602
0.398139
0.355839
0.390366
0.379425
0.395954
0.369356
0.345508
0.415454
0.481937
0.379681
0.405867
0.426171
0.348928
0.425165
0.432233
0.420849
0.408786
0.435153
0.581918
0.412992
0.429023
0.432991
0.446517
0.466284
0.409809
0.385119
0.388272
0.421769
0.481634
0.445622
0.417581
0.407836
0.380696
0.392108
0.443139
0.424798
0.430769
0.413767
0.480256
0.360509
0.434387
0.437532
0.404292
0.452836
0.407548
0.416686
0.481721
0.371950
0.492481
0.347781
0.410110
0.401268
0.370990
0.444509
0.418175
0.409459
0.450383
0.365951
0.525362
0.443861
0.382508
0.435248
0.453450
0.410612
0.398297
0.488395
0.453924
0.381273
0.483799
0.544306
0.402024
0.443266
0.376811
0.460719
0.416848
0.428563
0.443417
0.416390
0.501517
0.499350
0.456437
0.485850
0.408930
0.368262
0.416640
0.389792
0.427672
0.426311
0.447626
0.375996
0.413715
0.378700
0.412265
0.459751
0.431912
0.455167
0.448732
0.407752
0.527811
0.426177
0.375940
0.428023
0.412411
0.444523
0.375911
0.433209
0.412260
0.500058
0.459701
0.422514
0.471992
0.442626
0.406260
0.400137
0.440862
0.358334
0.410162
0.319367
0.433391
0.381035
0.460161
0.372368
0.425387
0.426805
0.393504
0.417529
0.429020
0.404124
0.406627
0.431021
0.370973
0.330451
0.363382
0.378134
0.358958
0.318735
0.346121
0.360927
0.377146
0.331835
0.339413
0.320032
0.367881
0.364162
0.312034
0.378185
0.375658
0.320934
0.404773
0.360655
0.319659
0.361414
0.384511
0.351868
0.320108
0.365274
0.361823
0.342304
0.408116
0.341897
0.363024
0.377467
0.350086
0.320752
0.346611
0.344304
0.344697
0.368688
0.387065
0.336581
0.308783
0.336395
0.326801
0.320526
0.402919
0.404719
0.353450
0.336305
0.386619
0.327260
0.327668
0.344124
0.328128
0.296656
0.323611
0.297513
0.315883
0.287680
0.309208
0.303345
0.287250
0.297981
0.346503
0.311708
0.343561
0.359157
0.329473
0.302612
0.366218
0.345544
0.297360
0.361065
0.300649
0.356295
0.318094
0.326213
0.342071
0.373011
0.381845
0.334828
0.341670
0.325351
0.330389
0.354205
0.351032
0.359380
0.326941
0.357141
0.458832
0.393984
0.355793
0.463715
0.495804
0.468052
0.452975
0.424718
0.432861
0.465985
0.492228
0.420103
0.412704
0.422901
0.384151
0.395272
0.451493
0.407913
0.456617
0.452473
0.407145
0.364569
0.393339
0.416223
0.420120
0.383455
0.489065
0.339298
0.416453
0.420795
0.487507
0.444334
0.393549
0.383098
0.453142
0.396778
0.503199
0.411282
0.408311
0.442342
0.470197
0.407449
0.451856
0.324611
0.432416
0.350277
0.380125
0.378021
0.416909
0.423579
0.379274
0.369984
0.433709
0.348392
0.436282
0.465910
0.430694
0.395895
0.422803
0.470257
0.446550
0.429886
0.414782
0.378402
0.357264
0.457239
0.410217
0.437645
0.426118
0.443769
0.461441
0.410702
0.488492
0.343364
0.461637
0.424587
0.454147
0.440440
0.456612
0.382321
0.511869
0.371264
0.408440
0.461055
0.421049
0.391394
0.392492
0.416064
0.438677
0.424950
0.493570
0.442462
0.370372
0.494574
0.381407
0.439399
0.416038
0.470250
0.395384
0.447919
0.467147
0.410195
0.392917
0.343566
0.432626
0.402370
0.417789
0.428037
0.352533
0.427142
0.513892
0.425226
0.430506
0.422698
0.386771
0.407140
0.394810
0.464637
0.420902
0.390711
0.431474
0.423191
0.350622
0.428985
0.460907
0.373662
0.458412
0.415665
0.373878
0.456434
0.487823
0.428632
0.425889
0.369229
0.427292
0.465902
0.432355
0.424090
0.425307
0.382476
0.523938
0.452641
0.484422
0.429855
0.420667
0.437468
0.446071
0.464903
0.394864
0.472482
0.449439
0.438543
0.427325
0.430166
0.490173
0.401313
0.423715
0.404841
0.448594
0.505731
0.448355
0.424017
0.380582
0.367745
0.387130
0.437638
0.424952
0.476571
0.418105
0.436468
0.485148
0.397975
0.395691
0.436879
0.412258
0.529001
0.371889
0.399530
0.409701
0.454578
0.539942
0.407852
0.421750
0.396986
0.363537
0.458815
0.453248
0.444225
0.389969
0.387317
0.504878
0.463619
0.446462
0.409600
0.436095
0.381651
0.386837
0.391241
0.417346
0.440440
0.507488
0.452371
0.406437
0.402639
0.369333
0.459854
0.373241
0.460032
0.352382
0.396437
0.447782
0.456884
0.429878
0.431153
0.338968
0.410258
0.460716
0.405205
0.438082
0.427633
0.433142
0.519248
0.400323
0.453523
0.491237
0.404098
0.371462
0.411836
0.437496
0.393400
0.514943
0.452625
0.402569
0.479272
0.450408
0.426979
0.402037
0.454323
0.415671
0.376421
0.497769
0.405860
0.432648
0.491093
0.422063
0.372903
0.399858
0.379608
0.358294
0.392681
0.520154
0.352165
0.400971
0.432998
0.405960
0.415577
0.413024
0.467989
0.356082
0.398794
0.460825
0.378891
0.404972
0.399566
0.384587
0.358117
0.447890
0.433201
0.416718
0.485396
0.478673
0.435580
0.486769
0.365617
0.413970
0.398338
0.458794
0.406396
0.400748
0.402179
0.475365
0.457715
0.387707
0.437063
0.356909
0.463477
0.397004
0.429745
0.384236
0.463243
0.531899
0.415744
0.397899
0.421505
0.333219
0.479913
0.371434
0.376849
0.394316
0.375932
0.465642
0.413694
0.434030
0.427870
0.402187
0.446611
0.516938
0.442575
0.404335
0.351629
0.449842
0.401593
0.444863
0.358084
0.378781
0.431663
0.365519
0.418066
0.407126
0.435620
0.522927
0.361011
0.406136
0.411660
0.349380
0.442379
0.368686
0.368922
0.390267
0.402507
0.442278
0.393546
0.306254
0.463280
0.456408
0.355640
0.400792
0.358484
0.448601
0.384665
0.436877
0.457178
0.384175
0.407836
0.455162
0.467473
0.442299
0.467674
0.412332
0.440219
0.397815
0.424054
0.441008
0.423804
0.324992
0.335106
0.339638
0.335294
0.336463
0.372375
0.423062
0.365457
0.366127
0.336921
0.326901
0.310467
0.341261
0.316114
0.362886
0.365803
0.374080
0.332638
0.334321
0.359343
0.344003
0.328094
0.331972
0.315212
0.367092
0.335734
0.361797
0.333800
0.344205
0.305793
0.313462
0.344598
0.323502
0.306578
0.356575
0.330491
0.405666
0.353561
0.342997
0.330520
0.346382
0.352511
0.336637
0.353600
0.342042
0.355847
0.380162
0.334767
0.340202
0.355613
0.386619
0.407867
0.345060
0.342392
0.403017
0.438712
0.409103
0.347163
0.337688
0.329683
0.365144
0.350435
0.390292
0.386279
0.420485
0.444768
0.439128
0.360396
0.398627
0.374602
0.356864
0.358898
0.364836
0.352530
0.377600
0.355736
0.386137
0.344375
0.419028
0.364766
0.379401
0.388455
0.375589
0.379717
0.309349
0.377293
0.388070
0.337763
0.336461
0.310848
0.369245
0.335872
0.406213
0.478754
0.340986
0.445204
0.498077
0.412745
0.422331
0.536616
0.424638
0.336707
0.496976
0.410456
0.361739
0.446460
0.516559
0.449406
0.436286
0.384129
0.405318
0.416729
0.385891
0.401597
0.435145
0.438823
0.519702
0.381664
0.439714
0.422332
0.431066
0.412632
0.411614
0.444922
0.408401
0.375960
0.423463
0.426995
0.349457
0.393892
0.392468
0.428114
0.473173
0.456280
0.407474
0.450916
0.479667
0.434451
0.372038
0.434418
0.478327
0.472596
0.433879
0.448187
0.449233
0.382089
0.455554
0.433113
0.468539
0.457712
0.394552
0.406195
0.444147
0.386153
0.388341
0.471283
0.463848
0.385542
0.380018
0.391785
0.391660
0.355321
0.393957
0.346689
0.397191
0.428918
0.455713
0.464909
0.466492
0.404156
0.475845
0.422673
0.482105
0.397066
0.469927
0.429571
0.458702
0.442367
0.419846
0.442503
0.408366
0.436503
0.394334
0.437630
0.437597
0.431197
0.514437
0.401746
0.446456
0.421613
0.411024
0.460097
0.353531
0.437825
0.443474
0.357774
0.468371
0.409453
0.411877
0.421815
0.434682
0.480525
0.436644
0.444644
0.335745
0.427652
0.471110
0.489237
0.433256
0.467000
0.422154
0.445739
0.416532
0.372082
0.407372
0.380961
0.433911
0.373616
0.376924
0.408383
0.436417
0.396989
0.391399
0.403563
0.446735
0.362796
0.452554
0.435599
0.366236
0.435086
0.474823
0.385666
0.418339
0.445427
0.457512
0.356719
0.424547
0.472938
0.377995
0.405450
0.420120
0.402545
0.423630
0.364428
0.452091
0.375386
0.480737
0.388599
0.358642
0.400560
0.360302
0.444616
0.348475
0.483210
0.464646
0.390328
0.417119
0.445468
0.422411
0.403973
0.417748
0.398869
0.454581
0.408726
0.458959
0.362720
0.495393
0.368021
0.469267
0.411563
0.430067
0.436620
0.433105
0.426544
0.377844
0.328567
0.464094
0.484616
0.448294
0.390035
0.409518
0.427738
0.352658
0.483220
0.419634
0.355159
0.490482
0.363549
0.447312
0.466336
0.472539
0.495138
0.374351
0.402188
0.425016
0.353538
0.485759
0.427746
0.430636
0.423378
0.400047
0.456188
0.360501
0.437631
0.429524
0.388702
0.508680
0.421055
0.426338
0.422354
0.410233
0.427279
0.392923
0.441178
0.392838
0.428274
0.461827
0.367188
0.404374
0.370641
0.451369
0.439067
0.383693
0.413525
0.391358
0.408560
0.468787
0.432295
0.441159
0.428936
0.425582
0.394849
0.436040
0.457977
0.375836
0.430450
0.498151
0.482085
0.472277
0.424955
0.458359
0.366419
0.415494
0.410541
0.403342
0.384260
0.500099
0.411399
0.401181
0.378655
0.404606
0.359227
0.423029
0.417748
0.380681
0.413334
0.538377
0.401013
0.455550
0.485114
0.397330
0.416479
0.415606
12.857260
2.218422
2.028593
5.053867
5.058175
4.776531
2.235521
5.019170
1.652972
0.367907
0.358814
2.382753
2.277860
2.490438
4.814861
2.206730
2.169227
0.321814
0.360920
0.372941
0.357170
0.387908
0.415333
0.518081
0.395750
0.436462
0.416803
0.414243
0.365430
0.434378
0.423218
0.434078
0.394383
0.494035
0.471744
0.356229
0.432875
0.427386
0.394382
0.449916
0.395016
0.353616
0.378074
0.505588
0.403585
0.347136
0.410990
0.393194
0.418661
0.393920
0.410851
0.383854
0.400486
0.444475
0.380911
0.375970
0.391957
0.385609
0.444110
0.392153
0.445771
0.357292
0.421777
0.500611
0.394644
0.365253
0.522301
0.482171
0.394168
0.446336
0.525156
0.388644
0.429890
0.492167
0.403112
0.434246
0.484486
0.383542
0.466551
0.369129
0.452536
0.509959
0.419575
0.511165
0.447802
0.380636
0.420372
0.420569
0.473644
0.463400
0.461388
0.427561
0.458897
0.481269
0.464698
0.426033
0.404452
0.412257
0.434648
0.353863
0.445285
0.328761
0.446400
0.372782
0.371212
0.449306
0.388277
0.439548
0.461806
0.398130
0.451086
0.460278
0.428901
0.531949
0.368566
0.426617
0.403399
0.390286
0.407106
0.344434
0.445015
0.376377
0.369978
0.457731
0.394288
0.458599
0.430506
0.329278
0.446421
0.407815
0.409887
0.392211
0.392022
0.503920
0.420045
0.490242
0.379818
0.398088
0.493264
0.435508
0.438631
0.472995
0.394108
0.469927
0.412842
0.420606
0.358826
0.460684
0.452482
0.394972
0.441257
0.489322
0.450693
0.447781
0.425035
0.396673
0.395281
0.418547
0.347684
0.408905
0.382707
0.381816
0.437343
0.432488
0.476248
0.445571
0.422364
0.395504
0.405678
0.542388
0.570786
0.416253
0.473874
0.473774
0.408139
0.490379
0.497855
0.394564
0.413005
0.446594
0.412169
0.377604
0.419527
0.470782
0.373313
0.415193
0.359406
0.401050
0.412100
0.435244
0.412191
0.431500
0.399790
0.475405
0.442001
0.435051
0.373270
0.396337
0.423265
0.390443
0.430056
0.397893
0.425301
0.486881
0.454920
0.390552
0.431394
0.429094
0.381951
0.399866
0.407112
0.457379
0.468646
0.536370
0.467273
0.406075
0.434385
0.452138
0.401008
0.457970
0.374076
0.405295
0.379456
0.476398
0.368438
0.426669
0.407461
0.404838
0.460219
0.430731
0.369341
0.349244
0.375842
0.363877
0.378486
0.369979
0.358491
0.372319
0.400344
0.367341
0.358642
0.318778
0.327899
0.488443
0.351058
0.327332
0.353363
0.339550
0.357385
0.385190
0.381064
0.417143
0.386336
0.379471
0.422988
0.401596
0.343973
0.363656
0.377895
0.316857
0.347114
0.332505
0.380014
0.420726
0.403663
0.382709
0.364004
0.369031
0.420060
0.366852
0.346998
0.383976
0.347641
0.449759
0.390566
0.321922
0.359829
0.356764
0.374629
0.390113
0.325617
0.345049
0.390575
0.410877
0.362370
0.332405
0.380249
0.318836
0.363443
0.331715
0.322319
0.353317
0.320455
0.386122
0.361028
0.389285
0.354863
0.361525
0.307084
0.412411
0.361329
0.366011
0.339007
0.391761
0.413190
0.381764
0.335953
0.351667
0.338472
0.361661
0.362286
0.368721
0.437487
0.423006
0.378986
0.343783
0.375193
0.386549
0.371357
0.370977
0.422550
0.322091
0.370446
0.396924
0.347533
0.370137
0.355105
0.359718
0.361591
0.333497
0.356887
0.325834
0.338756
0.402053
0.313310
0.407058
0.420880
0.391903
0.360820
0.345437
0.323973
0.401096
0.294318
0.418090
0.336123
0.364349
0.324715
0.282886
0.383348
0.361234
0.387052
0.387238
0.314828
0.492437
0.376284
0.461268
0.308535
0.443968
0.324043
0.432180
0.357816
0.429697
0.457520
0.440445
0.372569
0.391437
0.376464
0.381141
0.453501
0.354525
0.461482
0.396270
0.391963
0.478661
0.412034
0.394626
0.480486
0.464588
0.401718
0.417007
0.429968
0.361004
0.391313
0.435532
0.409469
0.430595
0.403263
0.391494
0.405993
0.387664
0.447014
0.459179
0.446877
0.567954
0.383497
0.474480
0.512005
0.394544
0.466579
0.419602
0.504274
0.418924
0.505876
0.510605
0.433301
0.406332
0.396534
0.418670
0.433159
0.356004
0.432727
0.481059
0.371090
0.505706
0.393728
0.401731
0.376891
0.500409
0.426594
0.422905
0.333706
0.407262
0.395554
0.454944
0.381843
0.388273
0.391824
0.415900
0.481971
0.361539
0.451026
0.333038
0.427459
0.464230
0.357714
0.432066
0.401052
0.486228
0.417386
0.405912
0.409756
0.371051
0.383908
0.493406
0.371457
0.389552
0.401610
0.437276
0.403206
0.395984
0.329077
0.412582
0.336605
0.483720
0.422612
0.432284
0.461192
0.488268
0.386777
0.429609
0.366921
0.410419
0.477005
0.431124
0.435523
0.453739
0.394165
0.389796
0.473259
0.476859
0.490972
0.429545
0.431069
0.573066
0.350313
0.432334
0.444488
0.483690
0.397112
0.425289
0.415667
0.418479
0.463783
0.515324
0.419533
0.366212
0.416588
0.448769
0.388287
0.403696
0.475993
0.464094
0.442042
0.515761
0.427916
0.472430
0.446819
0.391512
0.415249
0.487456
0.396283
0.397439
0.429002
0.450038
0.415054
0.407739
0.448085
0.400534
0.365966
0.374830
0.380556
0.379194
0.470933
0.446937
0.439515
0.353512
0.401395
0.409703
0.474583
0.431782
0.449580
0.431925
0.409839
0.532363
0.418410
0.373187
0.411402
0.402211
0.406119
0.457037
0.415677
0.445913
0.451619
0.489715
0.438670
0.454721
0.362830
0.453201
0.435603
0.415229
0.488200
0.470758
0.415146
0.569174
0.437512
0.388445
0.417091
0.558225
0.432180
0.348291
0.409220
0.443609
0.478981
0.469630
0.437886
0.467747
0.387107
0.364804
0.392301
0.423494
0.382990
0.437492
0.402179
0.423300
0.445596
0.361616
0.409333
0.470015
0.445809
0.328117
0.550366
0.442440
0.474948
0.462215
0.361345
0.418502
0.382736
0.404027
0.381953
0.473011
0.430610
0.380989
0.489819
0.442785
0.451310
0.382128
0.426309
0.436570
0.427328
0.406399
0.374047
0.484974
0.427564
0.562294
0.423167
0.404923
0.443189
0.395240
0.482959
0.398833
0.379154
0.432162
0.367427
0.463010
0.498967
0.424957
0.440780
0.409508
0.531374
0.464638
0.403105
0.378898
0.397984
0.461782
0.423486
0.445849
0.414592
0.454755
0.466897
0.417961
0.413632
0.415624
0.405749
0.535471
0.483749
0.459292
0.493628
0.433256
0.492460
0.482259
0.442100
0.403721
0.361839
0.445999
0.473040
0.396476
0.369647
0.426536
0.380399
0.432300
0.488395
0.422111
0.431062
0.452647
0.373971
0.411486
0.379222
0.422831
0.424518
0.352899
0.459656
0.375035
0.425811
0.468672
0.429754
0.431443
0.403739
0.400060
0.388221
0.465676
0.382946
0.396962
0.488292
0.461712
0.461857
0.483890
0.434419
0.464161
0.374476
0.383910
0.376933
0.373686
0.433693
0.425240
0.464772
0.450153
0.455397
0.419825
0.412133
0.394886
0.411485
0.431609
0.472532
0.469357
0.421588
0.448588
0.437221
0.387134
0.413138
0.440672
0.416514
0.461035
0.391734
0.524808
0.380156
0.415939
0.470854
0.414446
0.473109
0.462580
0.470799
0.435162
0.375339
0.495267
0.390495
0.391698
0.407246
0.362523
0.442267
0.454433
0.363804
0.440655
0.390372
0.450831
0.449197
0.412038
0.373278
0.401984
0.430474
0.397884
0.441175
0.428885
0.391290
0.446333
0.442655
0.423030
0.368887
0.448287
0.446259
0.457033
0.385008
0.411612
0.476158
0.449133
0.459068
0.422014
0.405999
0.376903
0.355429
0.335737
0.375486
0.380283
0.453981
0.459391
0.419770
0.455607
0.412562
0.453986
0.420038
0.461792
0.425416
0.389026
0.452015
0.469406
0.398508
0.427578
0.419577
0.434233
0.373898
0.405072
0.387721
0.420432
0.392445
0.442726
0.448558
0.408128
0.475111
0.475951
0.393649
0.440631
0.442395
0.424167
0.474505
0.483524
0.442173
0.462211
0.430002
0.469476
0.378726
0.399457
0.407221
0.375417
0.464306
0.502327
0.424309
0.379305
0.441753
0.435495
0.402729
0.464370
0.456567
0.361327
0.425397
0.528527
0.378943
0.463149
0.365673
0.416271
0.445406
0.423043
0.446603
0.515964
0.471936
0.484922
0.428821
0.485796
0.470412
0.430431
0.396347
0.430795
0.479566
0.397444
0.461786
0.506052
0.393652
0.441812
0.429234
0.458193
0.388238
0.410012
0.498978
0.413755
0.414232
0.427014
0.359111
0.452277
0.375084
0.402092
0.451427
0.393455
0.409587
0.416898
0.435636
0.444969
0.383078
0.369839
0.380528
0.388405
0.491902
0.445212
0.427590
0.395224
0.425148
0.560939
0.471997
0.427233
0.403218
0.420232
0.412797
0.378568
0.394594
0.448373
0.415811
0.484283
0.451170
0.355872
0.506990
0.350262
0.423923
0.388653
0.390803
0.373425
0.434464
0.398673
0.405033
0.399576
0.398494
0.447194
0.358290
0.413950
0.431871
0.406796
0.447151
0.535024
0.414294
0.399839
0.385296
0.375861
0.433750
0.385154
0.368024
0.407459
0.360904
0.424949
0.428889
0.397042
0.399013
0.387227
0.360719
0.400009
0.449224
0.352797
0.444490
0.436383
0.338750
0.417087
0.387030
0.381121
0.362081
0.422053
0.415697
0.382003
0.368943
0.478018
0.463193
0.402819
0.418770
0.404085
0.350825
0.438089
0.400149
0.557147
0.469005
0.511757
