1.00
1.15
1.15
1.15
1.18
1.14
1.15
1.14
1.17
1.14
1.15
1.15
1.16
1.13
1.15
1.15
1.17
1.14
1.16
1.13
1.14
1.14
1.14
1.14
1.14
1.12
1.12
1.13
1.14
1.14
1.15
1.12
1.16
1.12
1.14
1.13
1.11
1.12
1.11
1.12
1.13
1.15
1.13
1.13
1.13
1.12
1.16
1.13
1.16
1.16
1.13
1.15
1.11
1.14
1.11
1.14
1.14
1.13
1.13
1.11
1.13
1.14
1.14
1.15
1.14
1.13
1.14
1.11
1.14
1.14
1.15
1.14
1.14
1.14
1.14
1.15
1.14
1.17
1.16
1.15
1.17
1.16
1.14
1.15
1.12
1.16
1.17
1.13
1.14
1.15
1.16
1.16
1.17
1.18
1.16
1.17
1.17
1.17
1.20
1.15
1.16
1.15
1.12
1.12
1.12
1.10
1.12
1.11
1.13
1.09
1.08
1.05
1.08
1.06
1.05
1.05
1.04
1.03
1.01
1.04
1.06
1.07
1.04
1.07
1.01
1.07
1.05
1.07
1.08
1.06
1.01
1.07
1.06
1.07
1.06
1.10
1.07
1.10
1.05
1.08
1.06
1.11
1.11
1.14
1.12
1.13
1.11
1.14
1.15
1.11
1.12
1.12
1.13
1.12
1.12
1.13
1.14
1.07
1.10
1.13
1.10
1.12
1.09
1.09
1.08
1.08
1.06
1.11
1.12
1.12
1.11
1.11
1.12
1.09
1.12
1.10
1.11
1.08
1.10
1.10
1.13
1.13
1.12
1.09
1.12
1.13
1.09
1.08
1.06
1.07
1.09
1.09
1.11
1.08
1.09
1.08
1.05
1.08
1.08
1.04
1.06
1.05
1.10
1.03
1.05
1.05
1.04
1.02
1.03
1.01
1.02
1.03
1.01
0.99
1.02
1.01
1.02
0.99
0.99
0.98
1.00
1.02
1.04
1.03
1.03
1.05
1.04
1.03
1.04
1.03
1.04
1.05
1.00
1.02
0.99
0.98
1.00
0.97
0.99
1.00
0.99
1.03
1.02
1.02
1.01
1.01
0.99
1.01
1.00
1.00
1.02
0.99
0.99
0.98
0.99
0.97
0.98
0.96
0.96
0.97
0.95
1.01
1.01
1.01
0.99
0.99
0.98
0.99
0.97
0.98
0.97
0.99
0.97
0.97
0.99
0.97
0.98
0.98
0.99
0.97
0.96
1.03
1.06
1.05
1.04
1.07
1.04
1.04
1.06
1.04
1.03
1.05
1.05
1.04
1.04
1.04
1.05
1.08
1.08
1.06
1.08
1.13
1.14
1.14
1.15
1.15
1.13
1.19
1.13
1.17
1.17
1.15
1.14
1.18
1.15
1.19
1.16
1.15
1.18
1.17
1.16
1.12
1.12
1.12
1.12
1.14
1.13
1.12
1.15
1.12
1.14
1.16
1.13
1.14
1.15
1.16
1.14
1.18
1.19
1.17
1.15
1.17
1.19
1.16
1.22
1.21
1.20
1.23
1.18
1.20
1.20
1.26
1.20
1.22
1.24
1.18
1.22
1.23
1.21
1.24
1.21
1.20
1.18
1.20
1.21
1.20
1.19
1.20
1.24
1.22
1.21
1.22
1.22
1.22
1.21
1.23
1.22
1.24
1.26
1.22
1.21
1.17
1.21
1.19
1.18
1.20
1.19
1.19
1.18
1.19
1.18
1.17
1.20
1.19
1.18
1.18
1.17
1.17
1.17
1.17
1.16
1.14
1.13
1.11
1.11
1.12
1.12
1.13
1.12
1.11
1.11
1.11
1.13
1.10
1.12
1.13
1.08
1.11
1.08
1.13
1.08
1.12
1.11
1.12
1.10
1.11
1.12
1.06
1.09
1.06
1.06
1.07
1.06
1.05
1.07
1.06
1.04
1.04
1.05
1.06
1.07
1.07
1.08
1.08
1.07
1.06
1.06
1.08
1.06
1.06
1.06
1.05
1.06
1.04
1.05
1.04
1.07
1.05
1.06
1.05
1.06
1.10
1.11
1.12
1.11
1.13
1.12
1.12
1.10
1.11
1.12
1.12
1.14
1.12
1.15
1.11
1.11
1.11
1.10
1.12
1.11
1.15
1.13
1.14
1.12
1.13
1.14
1.15
1.12
1.15
1.14
1.16
1.12
1.16
1.13
1.19
1.15
1.16
1.14
1.17
1.15
1.14
1.16
1.10
1.15
1.14
1.16
1.14
1.19
1.19
1.17
1.17
1.13
1.17
1.16
1.13
1.16
1.17
1.15
1.16
1.15
1.13
1.14
1.17
1.15
1.14
1.13
1.14
1.12
1.16
1.14
1.14
1.15
1.13
1.13
1.10
1.10
1.13
1.13
1.11
1.10
1.08
1.09
1.12
1.09
1.08
1.09
1.09
1.10
1.07
1.12
1.09
1.06
1.11
1.10
1.05
1.11
1.07
1.07
1.07
1.09
1.09
1.10
1.09
1.09
1.07
1.07
1.06
1.07
1.04
1.11
1.13
1.11
1.12
1.13
1.08
1.11
1.10
1.10
1.09
1.06
1.10
1.11
1.12
1.10
1.10
1.11
1.11
1.11
1.09
1.09
1.06
1.09
1.08
1.09
1.09
1.09
1.08
1.11
1.11
1.06
1.12
1.13
1.10
1.11
1.09
1.07
1.07
1.06
1.05
1.02
1.02
1.02
1.00
0.99
1.01
0.99
1.00
0.99
1.00
0.99
1.04
1.04
1.04
1.03
1.01
1.01
1.00
1.01
0.97
0.99
0.97
0.96
0.97
0.97
0.95
0.95
0.96
0.94
0.94
0.91
1.01
1.01
1.01
1.01
1.01
1.00
1.01
1.02
0.99
1.00
0.99
0.97
0.98
0.94
0.96
0.97
0.94
0.92
0.91
0.91
0.99
0.99
0.94
0.97
0.96
0.94
0.94
0.93
0.92
0.89
0.89
0.88
0.88
0.84
0.83
0.84
0.79
0.77
0.73
0.71
0.80
0.82
0.81
0.77
0.79
0.82
0.84
0.91
0.93
0.96
1.03
0.99
1.02
1.02
1.04
1.07
1.10
1.08
1.11
1.08
1.12
1.13
1.10
1.10
1.09
1.12
1.12
1.13
1.13
1.10
1.09
1.08
1.09
1.08
1.10
1.06
1.07
1.06
1.07
1.03
1.04
1.02
0.97
1.00
0.97
1.01
0.98
0.99
0.95
0.96
0.96
0.97
0.98
0.95
0.96
0.93
0.93
0.91
0.97
0.94
1.03
1.05
1.07
1.05
1.06
1.05
1.10
1.07
1.04
1.00
1.00
0.94
0.84
0.81
0.77
0.74
0.70
0.67
0.66
0.64
0.84
0.78
0.73
0.75
0.70
0.64
0.62
0.63
0.56
0.52
0.51
0.51
0.56
0.52
0.49
0.51
0.62
0.69
0.69
0.71
0.79
0.73
0.69
0.71
0.65
0.54
0.49
0.50
0.51
0.51
0.53
0.65
0.58
0.66
0.66
0.71
0.67
0.68
0.69
0.69
0.91
0.92
0.90
0.95
0.99
0.94
0.98
0.98
0.95
0.97
1.00
1.02
1.00
1.03
1.02
1.05
1.08
1.03
1.00
1.05
1.09
1.09
1.10
1.16
1.14
1.11
1.16
1.12
1.11
1.13
1.11
1.09
1.12
1.11
1.11
1.11
1.15
1.16
1.23
1.24
1.19
1.19
1.20
1.19
1.21
1.17
1.19
1.17
1.18
1.19
1.15
1.18
1.19
1.15
1.16
1.14
1.13
1.13
1.14
1.10
1.03
1.02
1.04
1.03
0.99
1.02
0.98
0.93
0.91
0.99
0.88
1.00
0.93
0.92
0.91
0.93
0.88
0.98
0.94
0.96
0.99
1.01
0.99
0.97
1.00
0.99
0.99
0.98
1.00
0.97
0.98
0.98
0.95
0.93
0.90
0.90
0.94
0.93
0.93
0.92
0.98
1.03
0.98
0.97
0.97
0.98
0.95
0.96
0.98
0.97
1.00
1.06
1.05
1.09
1.07
1.09
1.08
1.08
1.10
1.10
1.11
1.15
1.11
1.14
1.12
1.13
1.15
1.13
1.11
1.14
1.09
1.09
1.07
1.10
1.12
1.09
1.13
1.10
1.13
1.14
1.12
1.14
1.13
1.13
1.14
1.14
1.15
1.13
1.12
1.15
1.12
1.12
1.15
1.13
1.17
1.16
1.16
1.17
1.18
1.18
1.19
1.15
1.14
1.13
1.13
1.14
1.13
1.14
1.14
1.13
1.15
1.17
1.17
1.17
1.20
1.19
1.20
1.19
1.19
1.18
1.13
1.16
1.12
1.16
1.18
1.20
1.18
1.17
1.20
1.16
1.16
1.16
1.13
1.14
1.14
1.17
1.17
1.12
1.16
1.16
1.15
1.19
1.17
1.15
1.17
1.20
1.20
1.18
1.16
1.14
1.13
1.10
1.09
1.10
1.08
1.11
1.10
1.11
1.13
1.11
1.10
1.10
1.09
1.11
1.07
1.11
1.10
1.10
1.08
1.12
1.10
1.12
1.09
1.12
1.10
1.13
1.09
1.12
1.09
1.10
1.14
1.12
1.11
1.10
1.11
1.13
1.14
1.12
1.14
1.13
1.15
1.15
1.12
1.12
1.11
1.12
1.11
1.10
1.12
1.11
1.09
1.09
1.08
1.09
1.06
1.06
1.08
1.06
1.09
1.09
1.06
1.07
1.06
1.06
1.04
1.05
1.07
1.10
1.08
1.08
1.11
1.09
1.11
1.12
1.09
1.09
1.10
1.05
1.08
1.11
1.10
1.11
1.09
1.10
1.09
1.12
1.03
1.05
1.07
0.98
1.03
1.02
0.99
0.98
0.98
0.97
0.96
0.93
0.94
0.95
0.97
0.94
0.96
1.00
0.96
0.95
0.91
0.93
0.91
0.92
0.99
1.01
0.99
0.96
0.96
0.94
0.94
0.98
0.96
0.95
0.94
0.95
0.94
0.93
0.96
0.99
0.98
0.95
0.97
0.96
1.06
1.03
1.06
1.07
1.03
1.06
1.06
1.04
1.04
1.03
1.04
1.06
1.05
1.02
1.03
1.02
1.01
0.97
0.96
0.95
1.01
0.99
1.00
1.01
1.00
0.98
0.98
0.99
1.01
0.95
0.97
0.97
0.97
0.97
0.97
0.96
0.96
0.99
1.01
0.99
1.01
1.01
1.05
1.01
1.02
1.05
1.04
1.06
1.07
1.01
1.04
1.04
1.05
1.02
1.07
1.06
1.09
1.09
1.05
1.02
1.06
1.01
0.96
1.04
1.08
1.13
1.10
1.14
1.14
1.16
1.16
1.15
1.15
1.09
1.12
1.13
1.09
1.08
1.12
1.10
1.12
1.11
1.08
1.10
1.05
1.08
1.06
1.05
1.09
1.07
1.08
1.08
1.07
1.10
1.06
1.08
1.11
1.11
1.18
1.14
1.14
1.18
1.16
1.14
1.15
1.18
1.18
1.15
1.16
1.14
1.11
1.13
1.10
1.06
1.05
1.05
1.00
1.01
1.01
1.00
1.01
1.00
1.02
1.04
1.00
0.98
1.03
1.06
1.06
1.03
1.08
1.07
1.10
1.08
1.07
1.08
1.05
1.07
1.07
1.03
1.06
1.06
1.07
1.07
1.07
1.07
1.04
1.07
1.07
1.10
1.08
1.10
1.07
1.10
1.08
1.10
1.07
1.09
1.10
1.10
1.11
1.13
1.13
1.12
1.13
1.12
1.13
1.12
1.14
1.11
1.11
1.13
1.13
1.11
1.13
1.10
1.14
1.11
1.11
1.13
1.13
1.11
1.12
1.10
1.12
1.11
1.11
1.10
1.11
1.09
1.11
1.09
1.09
1.07
1.08
1.04
1.10
1.07
1.06
1.08
1.07
1.09
1.08
1.09
1.09
1.09
1.07
1.07
1.05
1.06
1.06
1.03
1.05
1.05
1.05
1.04
1.04
1.05
1.02
1.03
1.09
1.07
1.06
1.05
1.10
1.06
1.07
1.00
1.05
1.05
1.06
1.06
