0.305080
0.051158
0.042625
0.044996
0.041082
0.039698
0.044023
0.039454
0.044815
0.039375
0.039602
0.039420
0.039498
0.040092
0.039358
0.039311
0.038166
0.037661
0.037823
0.037685
0.051193
0.037788
0.037792
0.047139
0.046855
0.049003
0.051045
0.037924
0.038988
0.038705
0.038979
0.038548
0.040399
0.048282
0.048220
0.046978
0.047289
0.049291
0.048298
0.049591
0.067754
0.045895
0.039420
0.048763
0.049555
0.046630
0.047214
0.043277
0.047584
0.046031
0.045631
0.052392
0.047918
0.038123
0.038474
0.049990
0.038538
0.038251
0.049822
0.038358
0.072033
0.038002
0.038027
0.038531
0.037946
0.048632
0.038286
0.038149
0.038002
0.038413
0.038239
0.037972
0.038368
0.040048
0.040023
0.049775
0.039731
0.039828
0.039919
0.040305
0.062412
0.040396
0.040122
0.038337
0.038190
0.038383
0.038443
0.038201
0.038441
0.038263
0.037991
0.038322
0.037817
0.037966
0.037781
0.037968
0.037940
0.037884
0.048770
0.038240
0.060329
0.038381
0.038209
0.038465
0.038286
0.038596
0.038533
0.040936
0.038544
0.038529
0.038379
0.038464
0.038252
0.038552
0.038384
0.038366
0.038039
0.038053
0.038055
0.038237
0.060169
0.038000
0.037871
0.038108
0.038100
0.038071
0.037755
0.038003
0.037813
0.038057
0.038011
0.037784
0.037957
0.038053
0.037850
0.048727
0.037867
0.037835
0.037508
0.037923
0.059565
0.037795
0.037989
0.037575
0.037586
0.037622
0.037643
0.037817
0.037704
0.037923
0.047405
0.054489
0.046286
0.046915
0.040775
0.046638
0.049341
0.039496
0.046807
0.037883
0.060220
0.038271
0.046727
0.045378
0.045372
0.046656
0.047604
0.045816
0.045959
0.041672
0.038344
0.038642
0.044196
0.044401
0.042847
0.038141
0.044883
0.045839
0.045783
0.046042
0.074144
0.047356
0.050431
0.046890
0.045725
0.049711
0.046005
0.038832
0.037208
0.037388
0.037377
0.037202
0.044118
0.046538
0.049150
0.046769
0.045174
0.044213
0.044293
0.044828
0.063327
0.041018
0.040615
0.046515
0.046668
0.047493
0.040894
0.037477
0.043848
0.051076
0.044979
0.048709
0.044777
0.051727
0.045548
0.050698
0.045298
0.053354
0.048044
0.040179
0.062357
0.040519
0.040739
0.040344
0.040933
0.040729
0.050539
0.040802
0.040367
0.040605
0.040730
0.040804
0.040790
0.041107
0.040874
0.041013
0.040408
0.041344
0.040701
0.040895
0.063350
0.040802
0.046664
0.047738
0.046320
0.045540
0.048266
0.047534
0.046423
0.043378
0.038370
0.038569
0.038487
0.038565
0.038401
0.038427
0.038561
0.038688
0.038678
0.038502
0.070622
0.039713
0.040159
0.038725
0.038471
0.047242
0.040216
0.040344
0.040304
0.040292
0.040378
0.040511
0.040359
0.050060
0.041727
0.047024
0.047449
0.047062
0.047221
0.046509
0.068712
0.040564
0.039253
0.045269
0.045316
0.047134
0.044707
0.047973
0.037955
0.037876
0.037906
0.048252
0.048439
0.039435
0.045475
0.039300
0.038683
0.038272
0.049181
0.044149
0.068784
0.038556
0.048948
0.050043
0.047008
0.046878
0.047593
0.048055
0.047450
0.047126
0.048548
0.048166
0.050547
0.048307
0.047815
0.047158
0.047019
0.047259
0.042085
0.047914
0.072923
0.047523
0.046693
0.047556
0.047775
0.045845
0.044853
0.043588
0.049175
0.042326
0.049281
0.043172
0.041452
0.047115
0.046540
0.047542
0.047370
0.049006
0.047326
0.047283
0.070960
0.047463
0.043134
0.039234
0.046913
0.044532
0.047306
0.045899
0.049499
0.041621
0.039391
0.046773
0.046802
0.046725
0.048615
0.047170
0.045188
0.046828
0.047203
0.046335
0.068974
0.045717
0.046109
0.051554
0.045754
0.041413
0.051223
0.041698
0.041702
0.041587
0.052428
0.046511
0.046055
0.046479
0.046134
0.046360
0.046550
0.046188
0.047207
0.046966
0.068833
0.046344
0.054438
0.053306
0.053829
0.059769
0.055109
0.049254
0.051436
0.038870
0.039339
0.046860
0.039516
0.046557
0.045637
0.048007
0.047878
0.038992
0.042973
0.039874
0.068756
0.051767
0.046247
0.046818
0.047214
0.047473
0.052225
0.047388
0.052736
0.047140
0.052350
0.048340
0.048752
0.050656
0.048082
0.041525
0.052830
0.041644
0.042134
0.046172
0.068802
0.046391
0.047717
0.037473
0.037677
0.037239
0.037276
0.037214
0.037148
0.051877
0.038152
0.048466
0.038423
0.038922
0.038843
0.041839
0.046568
0.047819
0.050732
0.046359
0.075109
0.045628
0.046423
0.046852
0.052159
0.044497
0.052193
0.045882
0.046352
0.046457
0.043848
0.041014
0.041458
0.041573
0.041386
0.041424
0.041472
0.041599
0.041701
0.041275
0.064227
0.041578
0.041853
0.042095
0.042503
0.042332
0.042375
0.042248
0.043071
0.043084
0.047645
0.053618
0.047861
0.047823
0.050577
0.047608
0.047541
0.046850
0.053720
0.050337
0.075587
0.042974
0.051030
0.047499
0.047607
0.047179
0.042485
0.042318
0.042196
0.042439
0.042443
0.042300
0.042131
0.041801
0.042298
0.042071
0.041708
0.041857
0.041877
0.041845
0.064309
0.041974
0.041698
0.041823
0.041818
0.042060
0.040974
0.041228
0.040981
0.041581
0.041204
0.041396
0.041239
0.052275
0.041182
0.041054
0.041091
0.040874
0.040852
0.040849
0.063794
0.046888
0.041007
0.040998
0.041317
0.050006
0.041088
0.040915
0.041006
0.040976
0.041142
0.040965
0.041049
0.041031
0.041105
0.041141
0.040936
0.045384
0.046275
0.043419
0.060856
0.038785
0.041580
0.044989
0.046909
0.038545
0.044585
0.046041
0.046566
0.044390
0.044334
0.044541
0.044898
0.044554
0.044077
0.044212
0.044884
0.045055
0.045858
0.044436
0.067990
0.038231
0.038110
0.038004
0.045711
0.037889
0.037894
0.038867
0.037081
0.037079
0.037186
0.037345
0.037589
0.037730
0.038123
0.050183
0.038613
0.038837
0.038821
0.062861
0.060949
0.044517
0.046880
0.047347
0.048577
0.046920
0.049303
0.047440
0.049097
0.049604
0.050298
0.047096
0.048369
0.048013
0.047066
0.046454
0.045159
0.038339
0.050546
0.038157
0.060135
0.038577
0.038263
0.038369
0.047740
0.048111
0.051497
0.046989
0.047569
0.042052
0.040450
0.040326
0.040068
0.040552
0.050110
0.042681
0.049338
0.049280
0.047441
0.040980
0.060190
0.047212
0.048121
0.048612
0.044453
0.047761
0.050550
0.053134
0.044885
0.039057
0.039010
0.039173
0.039101
0.047765
0.050500
0.049411
0.047912
0.048659
0.048982
0.048266
0.069500
0.055864
0.045339
0.048454
0.048003
0.048776
0.048434
0.039696
0.048766
0.046830
0.047906
0.046901
0.048452
0.048224
0.040574
0.039184
0.039756
0.039373
0.048825
0.046917
0.069201
0.046386
0.042845
0.050983
0.051257
0.046102
0.039665
0.039605
0.039432
0.039701
0.038847
0.038561
0.038300
0.037807
0.039749
0.037870
0.038119
0.037760
0.037967
0.037800
0.060240
0.037908
0.038236
0.037947
0.038097
0.037787
0.038103
0.038102
0.038100
0.037972
0.038080
0.038137
0.038046
0.037928
0.038296
0.038161
0.038029
0.038286
0.038041
0.037980
0.060461
0.038310
0.038291
0.038951
0.045034
0.045338
0.045498
0.047745
0.039650
0.040412
0.046865
0.037309
0.047535
0.047963
0.037860
0.037141
0.037252
0.037360
0.037337
0.037124
0.058899
0.036957
0.045227
0.041361
0.039556
0.048046
0.045761
0.046016
0.046563
0.044546
0.049948
0.048321
0.038417
0.046277
0.046349
0.045943
0.046067
0.045759
0.046650
0.048270
0.069840
0.047534
0.039741
0.046871
0.045333
0.045355
0.045233
0.046156
0.045410
0.037753
0.037380
0.045391
0.045239
0.045916
0.043776
0.045355
0.049180
0.045177
0.047222
0.037762
0.060271
0.037950
0.037795
0.037960
0.038273
0.037900
0.037922
0.037746
0.038063
0.037891
0.038126
0.037693
0.038203
0.037639
0.037785
0.037583
0.037704
0.037632
0.037603
0.037533
0.059798
0.037529
0.037785
0.040150
0.045451
0.054120
0.047757
0.048359
0.045632
0.047206
0.047932
0.048670
0.044948
0.046542
0.047616
0.044711
0.042237
0.041105
0.041281
0.041115
0.063853
0.043405
0.041911
0.046587
0.047880
0.045751
0.045958
0.045408
0.046094
0.044989
0.045697
0.049607
0.047186
0.042027
0.041194
0.041539
0.041164
0.041561
0.041234
0.041342
0.064111
0.041071
0.041482
0.041090
0.041500
0.041056
0.041601
0.041169
0.041276
0.041410
0.041375
0.041380
0.041330
0.041044
0.041185
0.041221
0.041086
0.041059
0.041137
0.040974
0.063899
0.041195
0.041046
0.041183
0.041208
0.040916
0.041349
0.041003
0.041307
0.041445
0.041642
0.042007
0.042117
0.041865
0.041838
0.041903
0.042012
0.042162
0.041838
0.041647
0.064796
0.041909
0.041766
0.041716
0.042027
0.041802
0.042128
0.042396
0.041896
0.042226
0.041856
0.041838
0.041872
0.041798
0.041654
0.042101
0.041772
0.041502
0.041787
0.041527
0.064028
0.050192
0.045853
0.049278
0.048140
0.047296
0.046578
0.050613
0.047131
0.045204
0.050320
0.044443
0.047951
0.046559
0.040350
0.048721
0.048856
0.048034
0.052369
0.045296
0.059391
0.037692
0.037478
0.037506
0.037633
0.037754
0.037394
0.037615
0.037614
0.037275
0.037652
0.037385
0.037910
0.037263
0.037449
0.037558
0.040675
0.047285
0.046586
0.045948
0.070791
0.054888
0.042548
0.037515
0.047158
0.038006
0.037335
0.037994
0.037370
0.037719
0.037445
0.034886
0.048486
0.048387
0.038904
0.043556
0.036203
0.036344
0.039187
0.041301
0.070516
0.047513
0.045838
0.045495
0.052670
0.042647
0.039400
0.039462
0.039057
0.039561
0.039792
0.039161
0.039012
0.046640
0.045459
0.043552
0.043210
0.043015
0.038236
0.037894
0.060530
0.038448
0.038212
0.039909
0.038307
0.038163
0.037975
0.039849
0.045063
0.039848
0.038166
0.037976
0.038130
0.038177
0.038090
0.037856
0.038029
0.039678
0.037990
0.038264
0.059952
0.037730
0.045163
0.044531
0.037254
0.037020
0.036919
0.047581
0.038609
0.044400
0.046462
0.037768
0.044301
0.044535
0.043483
0.042759
0.046271
0.040874
0.047933
0.037643
0.070899
0.044379
0.045490
0.048777
0.040519
0.039961
0.038509
0.050469
0.040483
0.039767
0.040252
0.040184
0.040004
0.040024
0.042173
0.049010
0.048509
0.051496
0.050063
0.041588
0.075186
0.040849
0.041598
0.049687
0.046752
0.040100
0.039790
0.046066
0.049117
0.047248
0.053132
0.045269
0.042347
0.047282
0.057747
0.049741
0.047546
0.052255
0.048116
0.047781
0.062595
0.040522
0.040815
0.050856
0.041360
0.039969
0.039996
0.055454
0.040703
0.044476
0.038545
0.045187
0.038679
0.052724
0.049869
0.048904
0.048471
0.041049
0.040304
0.043915
0.062271
0.048318
0.043975
0.040413
0.040327
0.040014
0.050051
0.047346
0.038252
0.041417
0.047427
0.047174
0.049229
0.050994
0.046954
0.049151
0.047285
0.038434
0.038934
0.038750
0.060665
0.038629
0.038573
0.040169
0.047944
0.048150
0.047495
0.048468
0.048473
0.053373
0.042191
0.044624
0.049881
0.042614
0.042836
0.050314
0.049696
0.047317
0.048003
0.048033
0.070370
0.047747
0.041558
0.051878
0.045282
0.042222
0.042735
0.042508
0.042742
0.042860
0.042612
0.042780
0.042727
0.042590
0.042436
0.042724
0.042459
0.042453
0.042498
0.042565
0.064898
0.042843
0.042650
0.042707
0.042660
0.042680
0.043172
0.047910
0.049678
0.047257
0.046966
0.049423
0.047463
0.059608
0.048054
0.043405
0.045652
0.045030
0.051848
0.051065
0.072358
0.051189
0.049838
0.046766
0.038640
0.038833
0.047168
0.048266
0.038479
0.048927
0.056020
0.044097
0.046965
0.048664
0.052624
0.048523
0.049102
0.045717
0.038424
0.038688
0.061135
0.041315
0.047702
0.047186
0.047408
0.046547
0.047337
0.055878
0.048318
0.039188
0.038362
0.047677
0.047427
0.047098
0.049702
0.048245
0.047935
0.053417
0.046124
0.049335
0.069892
0.040915
0.039393
0.039385
0.038861
0.046188
0.048853
0.046995
0.048357
0.049174
0.041442
0.043680
0.047701
0.047754
0.041847
0.048806
0.048974
0.045341
0.053031
0.044823
0.072541
0.051165
0.049432
0.049214
0.050482
0.048409
0.052052
0.042793
0.039753
0.039759
0.040024
0.039623
0.039996
0.039709
0.039820
0.039875
0.039621
0.039670
0.039860
0.039500
0.061937
0.045001
0.039325
0.039625
0.039433
0.039325
0.039355
0.047696
0.040136
0.051682
0.039875
0.039816
0.041359
0.041575
0.041701
0.051380
0.041215
0.041428
0.041726
0.041339
0.061058
0.039385
0.039391
0.051385
0.049493
0.040106
0.041072
0.040976
0.041000
0.050342
0.046593
0.041132
0.041045
0.041610
0.041558
0.042704
0.049467
0.050856
0.048963
0.053539
0.074224
0.043081
0.043280
0.051075
0.053306
0.049911
0.051568
0.051462
0.054252
0.054735
0.052984
0.052140
0.045165
0.045148
0.045397
0.045201
0.045507
0.045055
0.045606
0.045178
0.067349
0.044844
0.044835
0.044755
0.045525
0.044874
0.045093
0.045019
0.044974
0.044936
0.045277
0.045346
0.045032
0.045054
0.044860
0.045002
0.045159
0.045036
0.045358
0.045208
0.067490
0.045711
0.053979
0.052524
0.053802
0.051557
0.051358
0.053349
0.054289
0.050833
0.052436
0.051569
0.041974
0.042247
0.043450
0.050750
0.047184
0.041941
0.041684
0.041363
0.075171
0.053388
0.057235
0.051743
0.052812
0.041949
0.042339
0.051328
0.051555
0.050917
0.050970
0.052397
0.052171
0.050879
0.041655
0.051909
0.050033
0.051879
0.050515
0.051692
0.074106
0.041276
0.041232
0.041188
0.041287
0.041108
0.040992
0.041615
0.041413
0.040764
0.041002
0.041149
0.041698
0.041356
0.040592
0.040799
0.041338
0.041587
0.041310
0.041775
0.062962
0.052979
0.051197
0.055277
0.052892
0.050682
0.050784
0.047530
0.051125
0.050862
0.057885
0.054012
0.042424
0.051498
0.041565
0.041200
0.053166
0.052144
0.041385
0.041667
0.063890
0.041333
0.041577
0.041568
0.041280
0.041450
0.041548
0.041113
0.041216
0.051654
0.055298
0.053245
0.053301
0.041265
0.041612
0.052073
0.050918
0.060763
0.045823
0.040826
0.063304
0.041172
0.048405
0.052324
0.045232
0.051663
0.051463
0.051886
0.053522
0.055321
0.052408
0.050062
0.050957
0.051268
0.042728
0.042537
0.051485
0.051494
0.051206
0.051951
0.073949
0.051665
0.060288
0.059616
0.050567
0.047613
0.057746
0.052813
0.049000
0.047533
0.042809
0.043040
0.042901
0.043278
0.053294
0.050673
0.051152
0.046998
0.054060
0.056043
0.077820
0.056684
0.045349
0.045345
0.055022
0.044963
0.044697
