1.00
1.20
1.19
1.19
1.16
1.15
1.12
1.14
1.11
1.10
1.08
1.08
1.10
1.06
1.09
1.05
1.00
1.00
1.02
0.99
1.04
0.93
0.94
0.98
1.02
0.99
0.98
0.97
0.92
0.94
0.95
0.91
0.90
0.88
0.87
0.88
0.87
0.87
0.82
0.83
0.82
0.84
0.82
0.78
0.75
0.65
0.60
0.61
0.64
0.59
0.56
0.55
0.56
0.58
0.53
0.51
0.59
0.52
0.54
0.52
0.50
0.70
0.71
0.72
0.72
0.70
0.72
0.68
0.64
0.63
0.70
0.65
0.66
0.65
0.65
0.63
0.59
0.61
0.60
0.60
0.57
0.78
0.72
0.74
0.71
0.71
0.70
0.67
0.67
0.67
0.68
0.64
0.67
0.64
0.60
0.69
0.65
0.65
0.65
0.61
0.67
0.78
0.82
0.87
0.86
0.86
0.86
0.86
0.83
0.87
0.85
0.84
0.87
0.86
0.89
0.86
0.87
0.80
0.84
0.83
0.84
1.00
1.01
0.99
1.00
0.98
0.98
0.95
1.02
0.97
0.98
1.00
1.03
0.97
0.99
1.01
1.00
0.93
0.95
0.94
0.87
0.85
0.86
0.71
0.78
0.79
0.67
0.71
0.64
0.63
0.66
0.60
0.53
0.55
0.59
0.57
0.55
0.58
0.50
0.52
0.53
0.74
0.71
0.63
0.63
0.70
0.70
0.62
0.69
0.68
0.67
0.66
0.72
0.72
0.72
0.69
0.69
0.71
0.67
0.66
0.68
0.77
0.80
0.79
0.71
0.79
0.80
0.75
0.80
0.74
0.72
0.75
0.69
0.65
0.60
0.54
0.65
0.64
0.53
0.57
0.68
0.74
0.67
0.74
0.68
0.70
0.72
0.63
0.71
0.70
0.76
0.73
0.69
0.71
0.80
0.76
0.79
0.74
0.70
0.65
0.71
0.91
0.90
0.89
0.85
0.79
0.83
0.78
0.77
0.75
0.77
0.72
0.78
0.83
0.79
0.75
0.71
0.65
0.68
0.75
0.76
0.78
0.72
0.73
0.70
0.63
0.69
0.68
0.59
0.54
0.65
0.56
0.56
0.51
0.53
0.51
0.51
0.44
0.44
0.47
0.49
0.76
0.69
0.62
0.67
0.63
0.58
0.66
0.59
0.65
0.55
0.64
0.52
0.53
0.47
0.51
0.51
0.45
0.55
0.52
0.54
0.86
0.70
0.66
0.71
0.74
0.70
0.61
0.57
0.64
0.76
0.69
0.72
0.59
0.70
0.76
0.75
0.64
0.60
0.59
0.74
0.83
0.87
0.82
0.84
0.78
0.68
0.62
0.82
0.81
0.80
0.77
0.85
0.77
1.02
0.82
0.75
0.77
0.91
0.93
0.78
0.85
0.85
0.80
0.78
0.86
0.74
0.74
0.73
0.66
0.88
0.77
0.66
0.65
0.73
0.61
0.89
0.66
0.81
0.76
0.72
0.86
0.76
0.75
0.71
0.77
0.78
0.67
0.72
0.60
0.66
0.66
0.64
0.59
0.64
0.62
0.67
0.69
0.69
0.84
0.91
0.93
0.99
0.96
0.96
1.04
0.99
0.99
1.05
1.06
1.05
1.08
1.05
1.06
1.06
1.08
1.07
1.06
1.07
1.06
1.03
1.01
1.09
1.05
1.02
1.02
1.07
1.04
1.03
1.03
1.00
1.00
1.00
1.04
0.99
1.01
1.02
0.99
1.01
0.97
0.97
1.05
1.03
1.02
1.03
1.03
1.03
1.02
1.03
1.01
0.99
1.01
0.99
0.98
0.97
0.97
0.97
0.94
0.94
0.95
0.96
1.01
1.01
1.02
1.02
0.99
0.98
0.99
1.00
0.99
0.98
0.95
0.96
0.98
0.99
0.95
0.98
0.97
0.97
0.96
0.94
1.02
1.00
1.02
1.00
0.96
0.98
0.99
1.01
1.01
1.03
1.01
1.01
1.02
0.97
0.98
0.96
0.98
0.99
0.98
0.97
1.07
1.03
1.02
1.06
1.06
1.10
1.04
1.04
1.08
1.09
1.04
1.06
1.05
1.03
0.99
1.00
0.96
0.97
0.95
0.96
1.02
0.98
0.94
0.93
0.97
0.95
0.96
0.97
0.96
0.97
0.98
0.98
0.99
0.99
1.02
0.98
0.94
0.94
0.94
0.93
1.02
0.98
1.02
1.01
0.98
0.97
0.95
0.94
0.88
0.90
0.87
1.04
0.97
0.85
0.91
0.84
0.97
0.93
0.91
0.91
0.88
1.02
0.95
0.86
0.86
0.97
1.06
0.97
0.99
1.05
1.15
0.94
1.02
1.03
1.01
0.91
0.93
0.89
0.70
0.71
0.73
0.80
0.78
0.82
0.82
0.76
0.85
0.82
0.79
0.80
0.78
0.71
0.76
0.81
0.85
0.80
0.78
0.78
0.91
0.81
0.95
0.90
0.88
0.88
0.86
0.86
0.84
0.87
0.88
0.87
0.88
0.81
0.86
0.89
0.86
0.89
0.89
0.84
0.89
0.89
1.00
0.99
1.00
0.95
0.98
0.95
0.96
0.97
0.94
0.97
0.92
0.96
0.91
0.92
0.89
0.89
0.89
0.91
0.90
0.93
0.97
1.02
1.01
1.02
1.01
1.04
1.03
1.02
0.98
0.97
0.99
0.92
0.91
0.94
0.88
0.91
1.00
1.03
1.03
1.06
1.10
1.10
1.10
1.10
1.10
1.09
1.04
1.03
1.03
0.92
0.96
1.03
0.94
0.97
0.88
0.88
0.89
0.83
0.83
0.88
0.88
0.89
0.92
0.89
0.97
0.90
0.94
0.91
0.87
0.84
0.83
0.81
0.81
0.91
0.91
0.92
0.90
0.91
0.82
0.86
1.00
0.89
0.86
0.77
0.77
0.82
0.85
0.80
0.86
1.00
1.08
1.05
1.04
1.08
1.07
1.07
1.01
1.00
0.98
0.94
0.96
0.98
0.98
0.97
0.99
1.03
1.05
1.06
1.03
1.03
1.04
1.00
1.01
0.99
0.94
0.89
0.94
0.91
0.93
0.91
0.94
0.96
0.91
0.92
0.93
0.90
0.90
0.90
0.89
0.90
0.90
0.93
0.94
1.00
1.00
1.03
1.04
1.04
1.06
1.03
1.13
1.11
1.17
1.10
1.10
1.12
1.12
1.11
1.11
1.12
1.12
1.11
1.09
1.06
1.12
1.08
1.07
1.09
1.07
1.09
1.09
1.11
1.13
1.08
1.10
1.12
1.12
1.12
1.12
1.14
1.09
1.08
1.07
1.12
1.06
1.08
1.06
1.10
1.10
1.09
1.03
1.09
1.07
1.05
1.07
1.08
1.06
1.05
1.06
1.07
1.06
1.04
1.07
1.04
1.04
1.04
1.08
1.04
1.02
0.97
0.98
0.91
0.98
0.92
0.96
0.96
0.92
0.93
1.02
1.00
0.98
0.93
0.88
0.90
0.88
0.86
0.87
0.81
0.84
0.85
0.88
0.88
0.83
0.94
0.87
0.88
0.88
0.83
0.84
0.80
0.84
0.82
0.82
0.88
0.80
0.78
0.77
0.83
0.79
0.77
0.93
0.90
0.93
0.90
0.89
0.92
0.89
0.93
0.89
0.91
0.90
0.93
0.92
0.90
0.92
0.92
0.91
0.88
0.95
0.91
1.04
1.04
1.03
1.04
1.02
1.00
1.01
1.01
0.98
0.93
0.96
0.96
0.95
1.02
0.99
1.02
1.05
1.06
1.12
1.16
1.18
1.17
1.16
1.20
1.16
1.10
1.11
1.07
1.01
1.07
1.00
1.04
1.02
1.03
1.02
1.04
1.09
1.12
1.10
1.09
1.11
1.08
1.09
1.09
1.12
1.11
1.11
1.08
1.10
1.11
1.12
1.13
1.08
1.06
1.08
1.06
1.09
1.12
1.12
1.11
1.16
1.12
1.10
1.09
1.11
1.14
1.12
1.12
1.08
1.07
1.09
1.08
1.07
1.10
1.04
1.02
0.96
0.95
0.97
1.00
0.98
0.98
0.95
0.99
0.96
0.97
1.00
0.98
1.01
0.98
0.98
0.96
0.98
0.97
0.94
0.98
0.98
0.88
0.98
0.99
1.06
1.03
1.06
1.05
1.06
1.03
0.95
1.02
0.99
1.00
1.04
1.01
1.00
1.02
1.00
1.02
1.01
0.99
1.00
1.00
1.05
1.03
1.05
0.98
1.04
1.05
1.06
1.03
1.04
1.06
1.05
1.04
1.01
1.03
1.04
1.06
1.04
1.05
1.02
1.04
1.11
1.10
1.08
1.11
1.06
1.10
1.10
1.09
1.05
1.05
1.11
1.06
1.07
1.08
1.05
1.09
1.06
1.06
1.08
1.02
1.09
1.13
1.06
1.08
1.09
1.12
1.09
1.08
1.11
1.08
1.12
1.06
1.10
1.05
1.09
1.10
1.07
1.10
1.10
1.03
1.06
1.04
1.07
1.13
1.05
1.10
1.04
1.07
1.10
1.07
1.11
1.11
1.06
1.10
1.07
1.08
1.08
1.06
1.08
1.08
1.08
1.06
1.12
1.09
1.09
1.09
1.01
1.08
1.06
1.09
1.06
1.08
1.06
1.08
1.10
1.08
1.10
1.10
1.08
1.07
1.09
1.08
1.10
1.06
1.08
1.07
1.08
1.09
1.05
1.08
1.07
1.09
1.08
1.06
1.04
1.07
1.04
1.04
1.04
1.07
1.11
1.09
1.08
1.12
1.10
1.13
1.11
1.13
1.14
1.13
1.16
1.09
1.06
1.05
1.12
1.06
1.01
1.07
0.98
1.06
1.03
1.06
1.01
1.01
0.99
0.99
0.97
0.93
0.98
1.02
1.06
1.05
1.05
0.91
0.88
0.78
0.91
0.75
0.78
0.82
0.77
0.70
0.70
0.66
0.63
0.57
0.58
0.58
0.64
0.73
0.67
0.65
0.64
0.59
0.57
0.54
0.51
0.53
0.57
0.53
0.77
0.79
