0.394872
0.043317
0.045276
0.049799
0.046735
0.037249
0.037169
0.037131
0.037193
0.037076
0.037057
0.037131
0.036880
0.037122
0.037133
0.037168
0.036990
0.036423
0.035354
0.035322
0.050207
0.035558
0.033177
0.035829
0.035805
0.035937
0.035928
0.035399
0.035443
0.035530
0.035546
0.035541
0.035499
0.035641
0.035529
0.035696
0.035601
0.035605
0.035955
0.035823
0.058113
0.035377
0.034840
0.034835
0.034785
0.035096
0.034879
0.041126
0.035249
0.043919
0.044229
0.043204
0.043771
0.048203
0.043398
0.048031
0.035883
0.034734
0.034615
0.034878
0.069010
0.034880
0.042275
0.042310
0.042297
0.042770
0.043448
0.042932
0.042979
0.045334
0.043760
0.043708
0.043174
0.037024
0.044744
0.044208
0.046549
0.045114
0.045141
0.044089
0.066427
0.046404
0.039822
0.036288
0.047684
0.039693
0.044183
0.043875
0.044057
0.044142
0.044956
0.056453
0.044213
0.043921
0.040196
0.042680
0.044897
0.044180
0.044091
0.042884
0.065626
0.042720
0.042750
0.046146
0.043232
0.043875
0.043753
0.043364
0.044145
0.046616
0.050165
0.050029
0.040401
0.035878
0.036193
0.036056
0.036122
0.035894
0.035848
0.035815
0.058242
0.035427
0.035494
0.034523
0.034745
0.034607
0.035956
0.035774
0.035529
0.035576
0.035761
0.035688
0.035875
0.035794
0.036247
0.036019
0.036196
0.035959
0.036125
0.035953
0.055854
0.035779
0.036034
0.035641
0.036007
0.035898
0.035961
0.035808
0.035900
0.035712
0.035791
0.035526
0.035463
0.034987
0.035000
0.035037
0.035581
0.047764
0.038227
0.034971
0.054809
0.032539
0.035264
0.034832
0.035022
0.035211
0.036818
0.040748
0.034902
0.041249
0.044351
0.039420
0.042980
0.043550
0.046227
0.043165
0.035359
0.035388
0.043841
0.040049
0.062447
0.034938
0.035645
0.044355
0.035986
0.045762
0.042866
0.043491
0.044203
0.039495
0.037541
0.042753
0.045312
0.045750
0.046581
0.046487
0.041634
0.034889
0.034865
0.034769
0.054475
0.034593
0.034846
0.034655
0.034753
0.034663
0.034883
0.034533
0.034350
0.034576
0.034287
0.034514
0.034800
0.034553
0.034897
0.034692
0.035288
0.034950
0.035447
0.035321
0.054597
0.035841
0.043397
0.043016
0.044162
0.050734
0.042982
0.043065
0.043407
0.044757
0.040555
0.044582
0.035620
0.043033
0.043570
0.048397
0.043178
0.044472
0.043421
0.038053
0.063027
0.043578
0.046144
0.037961
0.039426
0.043769
0.044888
0.047248
0.046246
0.046916
0.037848
0.047138
0.043989
0.044360
0.036485
0.054214
0.054950
0.044254
0.040344
0.046415
0.057464
0.041884
0.044411
0.044312
0.046057
0.044208
0.041200
0.040266
0.050139
0.044104
0.044445
0.036773
0.038357
0.044348
0.043501
0.043764
0.044835
0.042664
0.045398
0.044515
0.063986
0.042192
0.040543
0.043178
0.042963
0.042948
0.043121
0.042788
0.043202
0.044400
0.044304
0.042526
0.040102
0.043174
0.043799
0.043088
0.045744
0.044531
0.043245
0.044084
0.062836
0.042489
0.043105
0.042575
0.042622
0.042408
0.040749
0.035171
0.035378
0.035079
0.035386
0.035119
0.035160
0.035050
0.035454
0.035171
0.035827
0.035657
0.035644
0.035564
0.055443
0.036145
0.036063
0.035950
0.036237
0.036350
0.037078
0.037145
0.036564
0.036054
0.035534
0.037257
0.035903
0.037098
0.037982
0.038678
0.034435
0.038591
0.039062
0.034422
0.058746
0.034048
0.038690
0.038690
0.038553
0.038651
0.038715
0.038912
0.034306
0.034261
0.034499
0.034222
0.034368
0.034554
0.034709
0.034566
0.034454
0.034466
0.034497
0.034276
0.053960
0.034471
0.034521
0.034272
0.034482
0.034376
0.034650
0.039775
0.034409
0.034246
0.034446
0.034302
0.034345
0.039079
0.038919
0.038445
0.034311
0.034180
0.038981
0.038893
0.058537
0.039310
0.034421
0.034113
0.039375
0.038831
0.034258
0.034068
0.034307
0.034543
0.034432
0.034333
0.034493
0.034348
0.034292
0.034324
0.034434
0.034178
0.034279
0.034138
0.053578
0.034058
0.034735
0.034144
0.034188
0.034079
0.034254
0.034380
0.034562
0.034337
0.034538
0.034648
0.034696
0.040186
0.035021
0.034807
0.034962
0.034575
0.034549
0.034554
0.053957
0.034218
0.034542
0.037175
0.038128
0.036697
0.039845
0.034137
0.033978
0.034335
0.034168
0.033952
0.034152
0.034082
0.034134
0.038338
0.034356
0.034140
0.034169
0.038411
0.053332
0.033884
0.038474
0.045439
0.049916
0.034577
0.034659
0.034363
0.034976
0.034603
0.034497
0.034360
0.034183
0.042302
0.043582
0.040660
0.034937
0.041252
0.040768
0.042212
0.062251
0.050004
0.051276
0.049636
0.048936
0.049339
0.050280
0.049039
0.049348
0.050153
0.048299
0.049036
0.049018
0.047933
0.047021
0.047310
0.047684
0.049232
0.044587
0.041549
0.060672
0.041057
0.041225
0.041735
0.041483
0.041318
0.041478
0.050811
0.041853
0.041769
0.041632
0.056778
0.042501
0.041921
0.046436
0.058506
0.044600
0.044836
0.044472
0.039726
0.064108
0.044192
0.039750
0.044939
0.039994
0.044918
0.045115
0.044665
0.045072
0.039817
0.044351
0.037878
0.042536
0.037745
0.037724
0.037778
0.037948
0.037745
0.037890
0.038224
0.062339
0.042400
0.042649
0.042768
0.042305
0.042615
0.037977
0.042687
0.042506
0.042044
0.042582
0.042416
0.042406
0.042428
0.042274
0.042100
0.042876
0.042487
0.042849
0.042991
0.062741
0.042500
0.042502
0.042539
0.042706
0.042819
0.037870
0.037674
0.037757
0.037842
0.037839
0.037629
0.042428
0.042353
0.042635
0.037867
0.037761
0.037812
0.042208
0.042068
0.061582
0.043164
0.042775
0.043031
0.043175
0.042673
0.055458
0.042652
0.042819
0.043476
0.043054
0.042889
0.043138
0.043209
0.042969
0.043283
0.043310
0.042979
0.038301
0.038410
0.057821
0.038461
0.042735
0.043074
0.042763
0.042791
0.042900
0.042437
0.042603
0.038358
0.038669
0.038283
0.038491
0.038658
0.038494
0.038848
0.038407
0.038638
0.038369
0.038945
0.058208
0.038883
0.038403
0.038764
0.038482
0.038869
0.038637
0.038534
0.038686
0.038445
0.038856
0.038412
0.043514
0.043521
0.042751
0.041770
0.043565
0.043555
0.038910
0.038763
0.058581
0.039011
0.038833
0.038631
0.039082
0.038513
0.038479
0.039081
0.038601
0.038842
0.038798
0.038594
0.038920
0.038398
0.038950
0.038521
0.038915
0.038423
0.038884
0.038896
0.058334
0.039027
0.050598
0.039577
0.039062
0.038945
0.038465
0.038927
0.038320
0.038748
0.038843
0.038881
0.038430
0.039148
0.038479
0.039086
0.038554
0.038967
0.038344
0.043532
0.062641
0.042958
0.042722
0.042902
0.042739
0.043695
0.043740
0.038483
0.038852
0.038334
0.038875
0.038452
0.038885
0.038483
0.039040
0.038357
0.038762
0.038480
0.038910
0.038479
0.058934
0.038533
0.038893
0.038393
0.038858
0.038496
0.038835
0.038387
0.038932
0.043384
0.038736
0.043740
0.043276
0.043353
0.043224
0.038709
0.038704
0.043456
0.043981
0.038748
0.058380
0.043515
0.043374
0.038488
0.042880
0.043384
0.042771
0.043685
0.038523
0.043511
0.043596
0.043013
0.043702
0.043447
0.043134
0.043407
0.045630
0.048753
0.046967
0.049950
0.071151
0.050903
0.051489
0.051779
0.051294
0.045294
0.044372
0.051470
0.046160
0.043859
0.043834
0.045183
0.043674
0.043792
0.043121
0.044827
0.043767
0.051940
0.051070
0.046422
0.062216
0.049569
0.050864
0.051108
0.051229
0.050529
0.049643
0.049954
0.049451
0.049371
0.050287
0.049957
0.050539
0.052475
0.051254
0.051207
0.053190
0.056343
0.040702
0.041118
0.062745
0.041057
0.041023
0.041100
0.041273
0.041381
0.040860
0.036102
0.036437
0.036098
0.036308
0.036255
0.036040
0.036158
0.036530
0.035988
0.036325
0.036217
0.036445
0.036501
0.057972
0.036491
0.036375
0.035865
0.036253
0.035845
0.036304
0.035648
0.036263
0.035859
0.036516
0.035804
0.036222
0.035843
0.036350
0.049162
0.040372
0.035960
0.036278
0.035737
0.057850
0.035948
0.036446
0.035760
0.036360
0.039434
0.036510
0.036006
0.043482
0.043496
0.045221
0.043727
0.043427
0.043605
0.043932
0.045968
0.043220
0.048552
0.044264
0.043274
0.057386
0.041851
0.043480
0.045867
0.043640
0.038131
0.036530
0.043560
0.043496
0.050910
0.050447
0.050610
0.052289
0.051361
0.050946
0.043311
0.044489
0.043094
0.039983
0.045715
0.067111
0.043626
0.043942
0.037716
0.044433
0.043571
0.043621
0.043814
0.036001
0.035589
0.045469
0.044889
0.043968
0.038929
0.042025
0.035254
0.043553
0.043172
0.046004
0.044124
0.065837
0.052809
0.046505
0.043433
0.043307
0.036530
0.043843
0.043222
0.037780
0.043419
0.043213
0.043561
0.050892
0.035414
0.035394
0.036500
0.043906
0.044982
0.041682
0.035388
0.057557
0.053124
0.041846
0.052214
0.050532
0.050526
0.052054
0.049916
0.051460
0.054921
0.049666
0.049361
0.049904
0.050381
0.053230
0.052632
0.042915
0.050893
0.053994
0.051805
0.066525
0.047877
0.042725
0.039737
0.036286
0.035487
0.035845
0.040452
0.047901
0.042867
0.042403
0.040387
0.040674
0.057597
0.044932
0.045620
0.044122
0.043340
0.041112
0.040595
0.065963
0.043475
0.044023
0.039546
0.050237
0.039612
0.040194
0.039728
0.039432
0.039605
0.052783
0.040109
0.039768
0.039341
0.050191
0.050246
0.050098
0.051040
0.043089
0.042952
0.064984
0.049948
0.052980
0.050668
0.049343
0.050277
0.048519
0.040439
0.048523
0.049670
0.049307
0.046994
0.050848
0.041224
0.050906
0.045846
0.049129
0.049281
0.048210
0.044706
0.058868
0.048579
0.038879
0.035172
0.035521
0.035231
0.035487
0.035100
0.035443
0.035129
0.035224
0.035506
0.035288
0.046149
0.035764
0.035255
0.035724
0.035158
0.035294
0.035156
0.056852
0.035198
0.035174
0.035527
0.035239
0.035500
0.035102
0.039935
0.035140
0.035301
0.035141
0.035553
0.034994
0.048455
0.035848
0.035577
0.035374
0.035823
0.035541
0.035230
0.057318
0.036002
0.040102
0.035237
0.039557
0.035184
0.039547
0.038625
0.039639
0.039155
0.039778
0.039210
0.039603
0.039798
0.039862
0.040179
0.035146
0.035447
0.034859
0.039790
0.061127
0.039437
0.039033
0.038483
0.038460
0.039304
0.038723
0.038884
0.039632
0.035360
0.035561
0.040138
0.051403
0.045058
0.044210
0.045786
0.048770
0.048119
0.049732
0.045538
0.069898
0.048694
0.041961
0.036726
0.034887
0.035315
0.035110
0.035269
0.035818
0.035544
0.035594
0.036051
0.035501
0.034754
0.035885
0.035689
0.034736
0.035130
0.035549
0.035524
0.056941
0.035532
0.035580
0.035550
0.035404
0.035280
0.035532
0.035207
0.035587
0.035542
0.035356
0.035659
0.034780
0.035007
0.034489
0.034988
0.035638
0.034894
0.034950
0.034791
0.056197
