324	156	92	58
323	163	93	53
323	154	90	62
324	155	91	60
323	151	94	64
324	153	94	63
324	154	95	63
326	152	93	65
325	154	96	63
326	155	94	62
325	156	96	61
324	157	98	58
327	154	93	61
327	155	92	59
326	154	95	62
326	152	99	62
328	153	91	62
329	155	92	60
329	154	94	61
328	156	95	59
329	151	94	63
330	154	91	58
329	153	92	58
328	150	98	62
326	150	97	64
328	148	95	63
327	148	95	64
327	148	99	64
327	147	94	65
328	147	96	66
328	149	92	63
328	149	94	63
327	148	97	64
328	152	96	62
329	154	93	58
328	151	96	61
328	156	94	57
328	148	99	64
328	152	95	61
329	148	97	64
329	150	95	62
330	147	96	64
329	151	93	60
329	148	96	64
329	151	93	62
328	149	97	62
329	152	95	60
329	148	96	65
328	150	99	62
328	147	98	64
329	145	98	66
330	146	99	66
331	156	94	55
334	150	89	62
333	149	92	61
333	147	95	64
335	146	93	64
334	145	97	65
334	146	97	65
337	154	92	56
337	150	90	62
333	149	96	61
329	148	102	62
333	152	95	59
332	149	99	61
328	149	106	62
329	154	104	59
333	151	97	61
334	153	98	59
333	151	99	61
333	156	99	56
334	152	98	59
333	151	101	61
336	151	99	59
335	153	103	55
336	151	101	56
337	152	101	55
338	153	100	55
336	150	99	58
337	152	101	56
332	152	107	58
331	152	108	58
337	151	102	56
338	153	103	56
338	151	105	55
339	153	105	56
340	153	104	52
341	153	103	54
341	150	101	58
344	152	97	57
340	152	101	57
341	152	101	54
341	153	100	55
342	152	98	55
343	152	96	55
337	152	105	54
340	150	101	54
338	149	103	56
339	150	104	56
337	151	105	56
334	151	108	57
335	151	109	58
333	151	110	59
336	154	105	55
333	154	111	59
332	152	109	59
334	153	108	61
333	155	110	57
334	153	107	61
335	155	106	57
334	153	107	58
334	154	108	55
335	155	109	57
336	153	106	57
337	156	105	55
337	154	107	55
340	154	104	57
339	155	106	56
343	153	101	60
343	156	101	56
344	157	101	55
344	158	100	54
338	157	106	55
342	156	103	58
342	155	99	60
343	160	97	54
342	159	100	55
345	159	96	54
341	158	100	56
343	159	100	56
345	159	96	54
343	159	98	55
344	159	98	57
345	159	96	55
346	158	95	59
346	158	97	57
350	159	93	56
350	161	93	51
347	160	98	55
349	159	95	54
348	160	96	54
349	159	95	58
350	162	94	50
351	161	94	53
351	161	92	52
349	161	94	52
349	161	95	53
350	160	93	54
348	160	96	53
347	160	96	53
346	159	99	56
350	158	93	55
350	158	94	57
350	157	94	57
349	156	96	58
351	155	94	59
353	155	91	59
350	154	97	61
349	155	98	57
346	155	101	57
348	157	102	53
347	156	100	56
350	153	98	56
351	151	97	55
353	150	97	54
350	153	100	49
350	151	106	50
350	151	104	52
350	151	102	52
350	151	108	50
351	152	106	50
351	155	102	47
351	156	106	46
352	156	102	48
353	157	101	46
353	158	102	46
352	158	103	47
352	158	103	45
352	159	105	43
352	158	103	43
353	158	102	44
355	158	100	45
354	158	100	44
353	158	103	44
354	159	102	44
354	159	103	42
355	161	102	42
355	161	102	40
355	163	106	38
354	163	102	40
353	164	104	39
355	165	100	39
355	165	101	39
356	165	99	39
356	166	99	38
353	167	103	37
354	167	100	38
354	168	101	37
354	168	103	37
354	168	101	38
351	168	107	39
353	169	102	37
355	168	104	39
352	169	104	39
354	170	107	38
353	171	107	37
352	172	109	38
353	172	103	38
352	174	105	38
353	175	102	37
353	175	101	37
353	175	105	37
353	175	105	38
353	175	105	39
352	175	110	38
352	175	111	39
354	175	109	39
354	177	104	37
353	176	108	38
354	177	104	38
353	176	108	38
354	176	104	39
354	176	107	38
354	175	105	40
354	175	105	40
354	174	109	39
354	174	108	40
352	173	108	38
355	174	102	40
354	173	109	42
354	174	109	41
356	174	106	40
356	173	110	42
356	175	107	41
359	176	104	40
359	177	105	40
358	176	108	43
360	177	107	39
360	176	107	41
361	177	106	41
360	177	107	39
362	177	106	39
362	177	105	39
360	176	106	43
359	178	107	47
360	179	105	48
357	176	111	51
358	179	107	51
359	179	107	51
358	178	107	51
358	178	106	52
358	178	106	53
357	178	106	52
357	177	106	53
356	178	106	52
358	177	104	54
356	175	107	56
357	175	106	54
357	175	105	54
357	176	105	52
356	174	109	56
357	174	106	55
357	172	106	58
357	174	104	55
360	173	105	56
360	172	103	56
359	171	105	56
359	171	107	57
359	171	104	57
358	169	107	58
360	169	105	58
361	169	106	57
361	171	106	54
363	168	107	57
367	190	95	56
364	167	103	58
358	165	113	61
362	185	102	67
366	168	102	56
362	166	104	58
362	167	103	60
363	167	104	60
363	185	102	39
363	173	102	52
361	171	102	55
363	169	101	58
362	168	104	59
360	167	106	59
361	166	105	60
363	167	103	58
362	165	104	59
361	175	103	61
366	165	101	60
370	175	94	49
365	166	103	57
366	173	101	49
359	167	109	53
364	164	103	59
370	177	96	42
372	171	95	48
363	164	105	57
364	176	103	44
363	164	107	54
362	167	107	55
366	170	101	56
363	161	106	56
365	167	103	51
364	163	104	54
368	168	98	49
369	166	100	54
365	163	102	63
366	155	100	64
364	163	103	58
364	172	102	65
364	160	104	60
362	170	104	50
368	165	101	48
365	161	103	55
363	168	103	53
361	162	106	55
366	165	100	56
360	163	109	53
363	164	103	57
367	173	95	50
367	162	99	52
364	161	102	54
364	161	100	58
363	160	101	56
361	161	103	54
365	159	102	58
360	161	104	57
362	161	103	53
364	160	99	57
364	162	100	51
363	161	103	53
365	166	98	53
365	161	101	52
364	159	101	60
364	161	99	50
363	161	105	52
361	168	101	58
362	161	101	55
362	164	100	49
364	163	100	48
362	164	101	47
363	164	99	48
372	165	90	46
369	164	94	46
377	167	87	43
368	165	96	46
370	165	93	46
368	165	96	46
368	166	96	45
370	166	94	43
374	167	89	43
377	167	86	43
374	167	89	44
375	167	89	45
374	168	88	45
381	170	82	41
370	167	95	46
370	167	92	46
375	169	86	43
376	170	89	42
372	168	91	46
368	167	96	47
371	169	92	45
368	167	95	47
367	167	97	47
368	167	97	47
366	168	99	48
370	169	95	45
369	167	95	48
371	167	93	48
370	167	92	47
369	166	93	49
369	166	93	48
367	164	94	52
372	165	87	50
370	166	89	47
366	166	96	48
367	166	93	48
370	165	91	50
367	165	94	49
370	164	90	50
376	166	82	46
373	166	87	45
371	166	89	46
373	166	85	47
372	166	88	46
370	166	89	45
371	166	90	47
369	166	93	45
370	166	92	45
371	164	91	47
375	164	87	47
375	165	86	45
374	166	89	45
373	166	90	44
373	165	91	46
378	165	84	45
372	166	94	41
377	164	87	44
368	162	98	45
365	173	101	52
371	158	94	49
373	158	92	47
371	166	93	56
375	155	91	57
380	151	85	53
373	156	92	61
375	149	88	60
374	160	90	63
378	157	85	51
375	157	88	49
372	161	90	60
372	158	91	50
371	158	92	49
375	159	86	46
377	159	81	43
377	158	79	43
374	158	81	44
370	157	84	44
367	158	86	44
367	157	84	46
366	158	85	46
368	160	83	44
368	160	80	43
366	159	82	43
364	159	84	44
361	160	85	43
359	161	88	43
359	160	85	45
355	163	90	42
354	163	90	43
354	163	87	46
353	164	86	44
351	164	87	46
352	166	83	44
351	167	82	44
350	168	81	43
349	169	81	42
349	168	80	44
349	169	78	42
346	169	83	42
346	169	81	43
347	169	79	43
346	169	77	43
345	170	82	43
344	171	82	44
345	172	79	42
344	172	79	42
342	172	81	42
341	172	79	43
340	172	80	43
340	172	80	45
340	173	78	44
339	172	79	46
338	173	79	45
335	173	81	45
335	174	80	50
332	174	84	53
329	175	85	52
328	174	86	61
329	175	84	66
331	173	81	60
328	174	83	58
326	176	86	71
324	164	88	76
328	177	81	71
327	168	81	80
327	178	82	79
325	171	83	78
326	179	83	75
322	178	86	70
324	180	83	73
322	178	87	59
322	182	87	68
324	181	83	68
322	182	85	72
319	181	91	61
320	184	88	67
320	184	85	69
321	185	84	70
319	186	88	70
320	186	84	69
321	188	84	69
322	190	81	67
321	191	85	68
319	192	90	65
321	193	84	66
321	194	84	64
322	196	84	56
322	196	82	62
319	197	88	60
319	197	86	55
319	198	85	60
320	198	83	58
320	198	84	60
320	200	84	57
320	201	84	58
320	201	84	57
321	201	82	56
319	204	83	53
319	204	85	51
320	204	82	50
323	206	79	50
321	208	80	47
319	207	86	48
318	209	86	47
320	209	85	49
322	211	80	47
321	209	80	48
321	210	82	48
321	210	82	48
321	213	80	46
321	212	80	46
321	216	81	43
319	217	80	42
319	219	83	38
318	219	84	39
317	219	84	40
320	221	82	37
319	223	80	35
319	224	80	34
320	226	80	31
320	227	78	31
320	227	79	31
320	226	79	32
320	231	80	27
320	233	80	25
321	233	79	24
320	233	81	24
321	235	78	23
320	235	79	23
319	235	81	23
320	236	79	22
321	236	77	22
320	237	79	21
320	237	76	21
321	238	78	19
320	239	78	19
321	238	78	19
319	239	80	19
319	239	80	19
319	239	78	19
319	240	69	19
320	240	66	18
321	239	68	19
319	238	65	20
315	237	65	22
319	240	66	19
318	241	65	17
336	235	63	12
332	222	67	16
335	234	68	15
332	235	69	13
338	220	71	18
334	236	68	13
335	225	66	20
334	234	65	17
332	235	69	16
329	235	73	15
326	236	76	15
322	236	80	16
320	235	80	18
319	236	82	18
315	236	85	16
324	236	79	16
321	221	88	22
306	227	95	26
304	218	102	38
296	229	105	30
298	217	111	41
288	221	119	50
285	211	124	47
281	218	127	50
280	210	131	48
293	217	133	58
291	207	123	49
289	216	121	43
292	211	122	48
294	209	118	49
287	214	124	52
286	209	127	47
281	212	132	50
291	211	122	49
296	209	116	48
293	210	120	48
291	211	119	57
293	208	121	50
282	214	131	50
294	209	119	46
290	215	121	45
293	210	122	49
294	209	118	47
286	215	125	43
290	211	125	47
293	211	119	45
296	210	114	54
294	207	120	54
297	209	116	48
292	210	121	48
298	210	114	47
290	210	121	48
284	210	128	48
289	209	124	48
297	208	115	49
298	208	113	49
295	207	115	50
298	209	115	48
300	209	112	49
295	208	119	50
296	209	116	49
299	208	112	49
294	208	117	48
296	208	115	49
290	209	123	48
289	210	124	47
293	210	118	47
294	210	118	47
294	209	118	48
287	210	125	47
287	208	125	50
292	210	121	48
285	211	127	46
287	209	124	48
291	210	121	47
289	209	122	49
287	210	125	47
291	209	121	48
292	210	120	47
291	210	121	47
292	209	121	48
293	209	117	48
289	207	121	51
294	206	116	52
294	208	117	51
294	208	117	49
296	207	115	50
298	208	113	50
296	209	116	49
291	209	121	48
293	210	120	48
292	209	120	49
294	210	118	47
293	209	117	49
296	210	116	47
294	212	115	47
292	210	118	49
294	210	116	49
293	208	117	52
300	210	111	50
294	209	115	51
298	212	112	48
297	208	113	54
294	208	117	53
289	211	122	51
284	210	127	51
284	208	127	56
279	209	132	53
275	211	136	52
273	209	139	54
271	210	141	51
273	209	140	52
271	209	142	51
273	209	139	54
283	208	129	54
276	207	137	53
303	208	109	52
318	213	94	46
322	222	86	37
322	224	87	34
323	225	85	34
322	224	87	34
321	222	88	36
322	222	84	36
324	221	85	37
323	220	85	39
321	219	89	39
323	220	86	38
323	218	85	39
323	219	84	40
324	220	85	38
324	218	85	41
323	218	85	41
323	217	87	41
322	216	89	42
323	218	87	40
324	215	85	44
322	216	89	43
325	212	84	47
324	214	87	46
325	211	84	48
326	210	85	49
326	211	85	48
326	212	84	48
325	213	86	47
327	211	82	48
325	214	87	45
326	210	85	49
324	211	86	50
327	214	83	44
327	219	83	40
328	211	83	47
326	212	84	49
327	211	83	48
326	215	85	43
326	213	87	46
325	212	85	46
325	213	85	45
326	210	84	48
328	216	81	40
329	222	81	35
329	217	81	40
325	217	84	41
328	212	83	45
325	210	85	47
326	215	84	43
327	215	82	41
328	213	82	44
330	213	79	43
327	209	82	48
326	212	81	45
329	213	79	43
326	209	84	47
329	207	82	49
330	208	80	46
329	207	83	46
329	205	82	47
330	208	81	43
331	207	81	42
329	203	83	47
330	202	82	47
329	199	84	50
330	198	81	49
331	198	81	49
332	198	80	49
331	197	81	49
332	198	80	48
332	199	81	42
333	199	80	41
334	197	80	41
334	196	81	41
334	196	80	40
333	194	81	41
335	194	80	40
334	192	81	40
336	193	80	40
339	190	78	40
339	188	78	43
336	186	82	45
336	184	83	46
340	184	80	46
339	183	80	46
340	184	80	46
341	183	80	47
340	183	82	47
339	183	85	45
341	183	82	45
347	180	76	47
348	183	74	44
349	182	76	45
349	184	76	42
351	184	74	41
352	185	74	41
354	183	73	44
355	185	72	40
356	184	72	41
356	183	72	42
355	184	71	42
355	183	76	42
357	183	71	43
358	183	71	43
358	182	70	43
361	181	69	44
358	180	71	44
362	181	69	41
360	177	72	46
364	182	67	40
361	184	70	40
362	182	71	40
362	181	67	42
364	181	68	42
362	179	71	44
360	178	73	44
359	177	74	46
367	180	66	43
368	180	65	42
367	180	66	42
364	180	69	41
366	179	67	42
367	175	65	46
368	178	65	43
368	179	65	43
368	182	65	41
367	178	66	46
369	181	63	43
369	179	63	46
368	180	65	45
368	178	66	46
373	180	59	43
373	178	62	45
374	180	59	43
375	183	58	39
376	179	57	42
376	177	58	41
376	172	56	47
375	172	55	46
375	168	55	50
375	168	56	51
373	165	57	53
375	164	54	56
375	164	54	56
376	164	52	56
375	164	52	57
374	163	53	56
375	163	52	57
374	163	52	53
373	164	53	52
373	163	54	53
371	164	57	53
371	162	57	55
372	163	55	54
370	164	54	52
371	164	55	54
370	165	55	52
370	166	55	50
369	167	57	49
369	168	57	46
369	166	55	49
370	168	54	44
371	168	54	42
371	168	52	44
372	168	53	43
371	167	52	42
371	167	54	42
371	167	52	41
369	165	53	44
369	164	53	47
369	164	53	48
367	162	53	50
367	163	53	49
366	162	52	49
364	159	52	54
361	161	54	55
358	157	56	60
357	155	55	62
358	147	55	71
354	137	59	81
352	135	59	82
351	133	61	84
351	134	59	83
350	134	59	82
349	134	59	81
345	133	63	83
346	134	61	82
346	133	57	81
346	133	57	80
344	134	59	81
343	134	60	80
344	133	57	81
341	134	58	79
338	133	62	79
335	132	63	80
327	135	71	75
317	135	79	76
315	143	80	67
320	137	77	72
321	141	73	66
314	139	79	67
319	139	76	66
319	143	73	61
316	142	75	59
313	138	81	64
314	139	77	65
319	138	72	66
314	137	75	66
320	140	69	64
316	139	73	58
318	138	73	59
315	140	76	55
315	139	75	54
316	136	75	57
317	139	72	53
318	138	71	54
317	138	72	54
316	140	74	53
318	141	73	51
318	139	73	55
317	140	72	54
320	142	70	53
318	139	73	57
317	140	74	55
318	142	72	53
316	144	73	51
315	143	74	51
315	142	72	53
315	142	73	55
315	143	73	52
313	145	74	52
313	145	75	50
315	147	72	50
315	147	72	50
313	147	72	50
315	147	71	50
315	147	71	50
319	152	67	45
318	148	68	49
316	147	70	50
315	147	72	50
317	150	69	47
316	148	71	52
316	149	69	51
314	149	71	50
313	147	74	56
314	150	71	49
315	151	71	50
319	152	68	48
317	149	69	53
317	152	69	48
317	149	70	52
317	150	69	53
321	149	64	51
322	152	63	47
321	151	63	49
320	148	66	53
319	151	65	53
317	150	68	55
317	155	68	49
317	155	67	49
316	154	69	51
315	154	69	50
316	156	68	48
316	158	68	48
316	157	68	48
314	159	68	48
313	158	71	49
313	160	71	47
313	161	70	47
314	163	68	46
313	162	69	47
313	162	69	49
315	166	67	45
314	167	67	44
314	167	68	44
314	169	67	43
314	172	65	40
311	170	70	42
315	174	65	41
316	173	63	39
320	180	58	32
321	181	59	32
318	179	62	34
314	177	66	36
310	177	70	37
313	179	66	35
310	178	69	35
310	179	70	34
309	177	71	36
303	179	77	36
305	179	74	34
308	179	73	34
303	180	77	33
305	182	75	32
306	182	74	31
304	186	75	26
309	187	72	26
308	187	72	25
307	188	75	24
306	188	76	24
302	188	80	25
300	188	82	23
300	188	83	24
301	191	81	21
302	189	80	22
300	189	83	23
300	188	84	24
297	191	88	27
299	188	85	26
298	191	86	20
299	192	85	20
299	194	85	18
298	194	86	18
298	194	84	18
298	194	86	18
299	190	85	21
297	198	88	19
298	194	86	24
300	188	85	26
294	194	91	26
298	215	85	25
295	196	87	26
294	220	85	19
295	191	90	23
311	194	97	30
299	186	97	28
303	187	97	35
304	202	109	38
286	202	126	48
278	210	135	39
267	217	143	28
272	192	142	31
269	216	144	30
272	194	142	33
266	214	147	35
259	212	154	44
249	206	165	51
260	205	154	51
255	205	161	54
256	206	158	52
262	205	155	50
261	208	155	49
264	209	152	50
269	208	147	52
270	208	145	49
281	209	135	49
284	209	128	49
281	209	131	50
279	209	134	50
273	212	140	47
277	211	137	48
271	211	143	48
279	211	135	47
288	208	124	51
288	210	124	49
295	208	114	50
294	210	116	48
291	209	120	48
297	208	114	49
286	208	123	49
294	208	117	50
289	209	121	49
291	208	120	50
287	211	121	46
295	210	118	47
298	208	114	49
294	208	120	48
286	209	127	48
288	210	125	47
292	209	122	48
295	208	118	50
296	209	116	47
298	209	114	49
298	209	114	48
299	208	112	48
299	208	113	48
295	209	118	47
297	209	116	48
294	209	118	47
296	209	116	48
294	209	120	49
288	209	125	48
289	209	124	48
290	211	122	47
293	210	120	47
293	210	119	47
297	208	115	49
297	208	116	50
296	209	117	49
296	209	116	48
292	209	120	49
292	209	120	48
289	210	122	48
298	209	114	49
287	207	124	52
292	208	121	50
294	209	115	50
289	210	121	49
292	210	120	48
292	209	119	48
293	209	119	49
296	209	116	48
295	210	117	48
296	210	117	48
295	208	117	50
294	208	120	49
288	208	126	50
295	209	118	48
301	209	112	47
297	210	115	47
297	210	116	47
294	210	119	47
294	209	118	49
299	209	113	48
291	209	121	49
292	209	120	49
288	209	124	49
293	208	120	51
296	209	116	49
297	207	116	50
295	209	117	48
296	209	115	48
297	209	116	48
289	209	124	48
298	208	115	49
301	208	111	50
296	208	116	49
293	210	118	47
293	208	119	50
292	209	120	48
288	211	124	46
293	209	121	49
295	208	118	49
299	208	114	49
297	207	116	50
296	208	118	49
294	207	119	51
290	208	124	49
292	206	121	51
292	208	122	49
298	208	115	50
292	208	121	50
299	210	113	48
295	208	116	50
300	207	112	51
302	209	112	49
303	208	108	50
301	208	110	50
299	208	111	49
295	208	116	50
297	207	114	51
293	209	119	50
297	208	114	50
287	208	123	51
296	209	117	48
286	210	123	48
287	209	126	49
290	209	122	49
297	209	115	49
295	208	114	50
287	208	123	49
292	206	121	52
285	207	129	51
279	208	134	51
279	208	135	52
266	208	146	49
271	210	142	47
288	207	125	51
289	208	122	49
290	207	122	50
289	207	123	50
292	206	120	51
300	207	111	51
309	206	107	52
299	207	113	51
307	206	106	52
313	208	97	50
309	208	102	49
298	207	112	50
297	207	113	50
295	207	117	49
289	209	120	47
301	207	110	50
304	208	107	50
300	206	112	51
302	207	109	49
305	208	106	48
301	209	110	48
296	208	114	49
294	208	117	49
284	210	126	47
291	208	122	49
294	206	116	51
294	208	117	49
294	208	116	49
289	209	121	49
291	210	120	47
289	209	121	48
285	209	127	49
288	210	124	46
288	209	123	48
284	210	127	47
276	214	137	43
272	209	141	49
267	210	143	48
280	212	131	45
269	211	144	48
264	209	149	47
272	212	141	46
262	214	151	44
275	210	137	51
260	211	150	52
280	216	131	43
283	213	132	47
276	218	135	39
274	216	137	43
266	212	146	48
261	211	152	50
257	210	155	49
270	209	143	50
255	212	155	45
260	212	152	46
278	208	135	49
263	205	147	53
249	207	164	48
254	208	155	45
256	207	155	48
266	210	144	44
256	208	154	48
259	209	153	47
245	206	167	50
254	207	157	49
248	205	165	51
257	209	156	45
254	207	157	51
250	208	162	48
255	208	156	49
254	208	158	49
247	204	165	53
256	208	157	48
251	208	162	49
242	208	173	48
254	204	156	52
250	206	163	49
258	205	153	51
250	208	162	47
251	205	160	51
259	203	151	54
246	205	165	52
255	206	156	49
249	208	163	47
248	206	162	48
242	209	169	43
251	208	162	48
245	207	167	48
241	207	171	46
248	208	164	47
243	208	169	47
248	208	166	49
246	206	168	49
244	208	168	46
251	208	163	47
241	207	172	48
252	208	158	46
250	209	161	47
245	207	167	49
242	205	171	51
239	208	175	46
248	209	165	44
245	209	166	46
246	210	167	45
249	210	162	45
246	208	167	48
241	207	173	48
240	209	173	44
255	211	162	45
251	210	163	45
246	212	167	42
262	213	175	45
257	211	162	47
254	211	162	46
250	210	167	47
251	211	172	45
251	211	175	44
260	213	165	43
258	213	163	47
254	210	170	48
252	211	174	46
250	211	178	46
251	213	173	44
246	210	189	48
244	210	190	48
244	210	186	48
237	212	202	43
238	210	204	48
230	212	214	46
227	211	220	46
215	211	232	47
205	210	242	46
205	211	246	46
200	210	248	47
199	211	256	46
198	209	255	49
205	211	246	47
201	208	251	52
205	210	246	47
204	208	246	52
206	209	248	49
204	211	247	47
201	213	250	43
202	212	248	44
204	211	247	45
204	208	243	52
205	211	248	46
200	211	252	46
199	211	251	46
199	211	252	46
202	211	248	45
202	210	251	48
201	208	252	50
199	212	250	45
202	211	249	46
203	212	252	46
201	211	247	46
201	212	249	46
204	211	247	48
203	209	253	49
200	211	251	46
201	210	251	48
199	209	253	50
201	212	252	44
203	212	247	46
203	207	243	52
203	213	248	43
203	210	248	47
201	212	250	44
203	210	246	47
203	210	251	46
200	210	248	48
201	211	245	47
203	210	245	48
205	210	245	51
199	211	251	45
202	211	249	46
201	212	252	44
205	211	244	46
202	211	243	46
201	211	248	44
204	210	247	47
205	212	242	45
203	209	246	49
200	211	247	46
198	211	250	45
202	212	246	45
201	212	248	45
205	210	245	49
201	210	252	48
204	212	243	45
204	212	248	46
204	204	244	55
205	208	246	54
200	209	252	51
202	210	247	48
200	213	249	42
204	212	244	44
205	212	240	44
204	212	244	45
205	210	244	49
199	210	252	49
202	210	250	47
200	211	254	47
202	212	249	44
204	211	248	46
201	212	248	46
203	212	249	45
202	210	248	50
198	210	252	47
203	213	247	44
200	212	248	46
202	209	247	50
199	208	257	51
201	210	252	49
199	213	252	43
202	212	248	45
204	210	248	48
202	209	252	50
203	210	250	48
199	209	255	50
201	212	252	45
201	211	248	44
200	210	251	48
206	239	252	57
199	209	257	50
204	213	249	45
202	211	248	45
202	211	249	45
201	212	248	46
202	211	249	46
201	213	249	44
203	211	246	46
204	213	241	44
203	212	248	44
202	210	248	47
201	213	251	43
202	211	246	47
201	212	249	46
200	211	250	46
202	210	247	48
197	212	256	46
200	212	248	45
202	211	247	47
198	211	248	46
201	211	244	45
203	212	246	44
203	213	247	45
202	213	246	42
202	212	250	45
205	210	244	50
202	211	246	47
201	212	249	44
204	213	244	44
202	210	248	48
200	211	251	47
197	208	249	50
202	211	248	45
201	211	249	46
200	212	251	45
200	211	250	45
200	211	249	45
199	211	252	46
202	213	248	43
200	209	253	51
198	210	256	49
198	210	252	49
202	210	248	48
198	210	255	48
197	210	252	47
205	210	246	51
202	211	249	46
198	212	251	46
201	212	247	45
201	212	249	44
202	209	247	48
199	211	254	48
198	211	248	47
202	213	249	43
202	210	249	48
200	209	252	50
204	213	247	45
203	212	246	46
203	211	247	49
201	209	249	52
197	212	255	47
197	213	255	45
192	215	260	45
197	202	256	64
217	244	244	59
210	205	236	55
222	220	231	69
205	213	247	88
210	210	241	81
208	206	247	84
208	203	251	85
207	205	234	60
204	211	231	48
207	210	214	46
223	210	210	50
218	209	207	48
236	209	198	46
239	208	188	49
249	211	174	45
255	209	163	46
268	209	149	47
275	209	142	49
273	209	142	48
283	207	133	50
