464	141	43	44
464	144	42	41
462	146	41	42
459	147	43	41
459	148	44	41
459	148	45	41
463	148	44	42
464	149	45	42
465	149	44	44
466	150	44	43
463	151	43	44
458	151	44	44
449	153	45	43
442	152	45	44
434	153	44	43
431	155	43	43
428	156	45	46
426	161	45	42
424	165	45	44
424	171	48	44
423	174	47	47
423	175	49	47
428	172	45	49
432	165	44	48
437	158	45	47
444	148	48	49
454	138	46	48
464	127	46	46
473	117	46	47
482	106	45	51
488	99	46	47
494	91	46	50
498	85	46	50
505	80	49	47
510	76	45	48
515	73	45	49
516	71	48	48
519	71	47	47
520	69	47	45
520	67	48	48
523	65	45	47
523	66	47	45
523	65	48	47
523	64	47	46
524	64	45	45
524	63	45	47
523	63	46	47
523	64	46	47
520	68	45	45
515	69	46	45
510	71	46	48
505	75	46	48
500	79	44	51
496	85	46	51
492	92	46	50
487	97	46	50
481	104	47	49
473	114	45	47
467	121	43	45
458	128	45	46
448	135	46	45
442	142	45	45
434	148	44	44
428	154	43	44
423	157	45	46
420	162	47	44
419	167	46	43
420	169	45	43
423	171	43	43
425	174	44	42
432	175	43	43
439	176	45	45
446	176	49	47
453	178	51	46
461	179	49	45
467	176	48	49
473	178	48	49
478	176	50	51
486	179	49	51
491	180	51	56
502	185	52	56
511	193	50	54
565	127	49	50
562	123	50	47
521	205	49	56
520	207	50	55
565	105	49	47
566	100	50	47
569	93	48	48
571	87	47	47
573	83	47	49
576	82	44	46
577	84	46	44
582	85	45	44
589	85	46	45
596	89	46	46
603	93	47	47
610	99	47	49
616	107	47	48
622	117	50	47
631	124	49	49
639	131	50	49
646	136	50	49
653	141	55	50
662	145	56	50
672	148	54	48
682	150	52	48
691	154	53	46
703	156	51	44
709	158	51	46
714	162	53	45
719	165	52	45
718	171	50	42
716	173	48	44
711	177	45	40
699	180	45	44
687	185	45	41
679	188	44	41
677	191	45	40
680	192	45	39
686	192	47	40
694	191	48	43
704	193	48	44
711	194	52	47
719	197	52	49
720	199	57	50
716	199	59	51
712	196	61	51
702	192	65	54
693	185	65	56
679	181	67	57
665	177	63	58
534	213	54	54
551	210	43	53
556	209	44	49
562	204	45	51
567	202	44	49
593	166	52	54
580	164	59	59
571	166	60	60
565	170	59	60
562	173	57	58
561	171	59	60
562	168	57	61
561	170	59	58
562	168	58	60
561	169	58	58
563	169	58	57
562	168	60	57
561	169	60	59
563	168	61	61
564	167	61	61
566	167	62	63
568	169	61	64
570	167	62	65
571	171	63	64
572	172	64	64
570	174	66	64
571	176	61	63
567	177	62	63
565	182	62	62
560	187	63	59
562	189	57	61
560	191	57	61
558	195	57	59
559	199	55	60
557	203	56	62
555	206	58	63
552	211	56	58
552	208	55	61
550	207	55	58
548	203	55	59
548	198	52	59
546	193	55	54
543	184	52	54
541	181	50	55
538	177	50	51
539	173	48	53
535	171	49	52
534	171	47	50
534	169	46	48
533	169	44	44
559	95	54	52
559	104	57	59
562	115	57	64
561	132	61	67
560	141	62	66
560	147	56	64
558	153	55	61
538	97	50	59
541	94	50	57
543	91	50	53
544	87	49	53
545	83	50	52
544	77	52	53
546	69	53	54
548	58	52	54
548	45	56	56
549	39	56	54
548	32	55	57
550	31	57	56
550	32	58	58
554	32	60	61
559	40	61	61
562	49	60	66
566	59	62	68
567	71	62	70
568	88	61	65
567	100	61	65
564	112	62	65
563	123	61	66
560	133	65	66
562	141	62	69
561	151	63	68
556	164	63	66
554	178	66	66
554	188	64	67
549	202	64	68
549	218	63	64
545	229	67	65
544	241	61	66
541	253	61	65
540	266	61	61
537	275	60	59
536	278	56	61
534	278	52	57
530	269	53	56
527	259	52	54
523	245	51	56
521	233	52	54
520	223	49	53
519	216	49	51
520	207	47	51
519	202	46	50
522	192	46	50
550	99	57	60
549	111	61	67
547	131	63	68
546	145	61	68
541	159	59	68
535	122	58	54
539	113	52	59
540	108	51	51
539	103	53	50
541	96	54	52
543	90	58	57
550	86	61	61
559	85	60	66
567	87	64	71
571	90	70	71
571	93	66	70
567	93	68	71
566	94	67	73
566	92	71	74
566	90	69	75
565	87	71	72
564	83	70	75
565	83	70	74
564	86	72	72
567	89	74	75
567	93	72	75
564	98	73	76
564	102	71	78
565	107	70	80
564	110	72	78
561	113	70	75
561	113	70	75
559	112	70	73
556	110	67	73
555	110	70	77
556	109	69	78
557	111	70	77
557	112	71	78
558	116	72	77
558	117	70	75
558	118	74	77
561	119	72	77
560	121	72	77
557	124	76	75
546	128	87	73
551	125	79	78
556	131	73	76
553	135	70	74
554	136	71	75
552	139	71	75
550	143	72	72
548	144	70	73
546	141	72	75
548	139	70	77
548	140	69	77
551	139	70	75
548	143	71	74
551	141	70	74
550	142	69	74
550	141	72	76
549	142	71	72
553	140	71	73
553	137	72	74
555	136	72	73
556	134	72	75
560	132	71	75
561	128	73	73
557	122	81	76
547	121	91	75
546	120	89	75
552	114	84	82
562	114	73	78
558	114	73	74
557	114	73	79
547	116	83	77
549	118	79	78
555	120	73	77
550	123	78	76
550	128	78	75
551	130	69	74
551	137	63	74
544	146	66	72
539	154	62	70
539	166	57	63
536	171	56	64
534	178	55	64
535	187	56	61
532	191	64	55
556	188	55	56
572	187	52	53
590	185	51	53
607	183	50	51
624	182	51	48
640	178	53	49
658	175	50	51
669	173	51	47
679	174	51	46
685	171	50	47
690	172	51	43
696	171	51	42
695	171	54	45
697	174	51	45
696	176	54	45
691	179	51	45
681	181	53	46
671	181	53	46
657	180	51	50
641	179	50	50
624	176	48	47
604	165	48	48
587	154	47	51
572	148	46	50
559	144	45	50
549	142	48	50
546	142	47	49
546	140	44	50
544	142	45	49
549	142	46	49
552	144	46	50
555	148	46	51
560	155	46	50
565	163	47	51
569	178	49	52
573	191	49	55
576	203	49	56
579	210	48	52
584	206	46	52
592	197	40	52
597	194	45	44
601	210	46	36
603	247	48	42
601	287	50	48
601	330	54	50
600	359	67	60
597	357	69	71
597	348	73	73
599	352	79	74
599	367	85	76
594	372	81	86
593	373	75	81
591	375	74	78
592	377	75	77
590	379	77	78
591	372	72	74
590	325	70	75
583	251	68	79
589	202	61	81
592	171	52	67
596	193	45	50
598	230	48	49
593	261	54	51
592	270	54	55
579	294	63	66
582	342	69	74
587	386	74	78
587	366	82	71
581	298	65	68
592	232	54	62
596	199	47	51
597	195	48	48
601	216	48	53
609	272	49	64
617	306	63	70
612	288	70	71
611	285	70	75
613	316	68	83
607	377	77	92
593	395	76	78
587	360	81	84
578	279	72	79
584	193	56	66
588	132	46	52
590	101	46	46
594	95	46	45
600	114	45	48
609	163	47	49
620	248	52	54
617	292	53	62
601	306	61	69
595	333	69	74
592	382	74	84
587	406	64	71
585	388	61	78
585	326	67	85
584	224	60	80
587	140	54	63
589	91	47	50
593	61	49	48
599	72	48	50
607	113	48	51
617	194	51	50
611	262	58	61
600	308	69	68
592	359	75	78
587	405	73	68
583	404	74	66
583	336	78	82
572	229	72	83
569	149	61	83
569	100	50	70
567	82	46	54
563	88	45	53
561	123	45	52
559	188	48	56
555	271	57	68
553	300	66	78
556	348	71	80
577	407	66	68
581	430	77	49
582	424	74	52
578	382	76	63
576	295	71	76
576	194	53	66
575	123	48	55
573	81	48	50
572	64	49	49
575	71	48	51
576	107	47	56
580	178	50	58
583	245	56	70
583	271	64	79
592	315	67	85
599	372	72	97
595	428	72	77
594	438	59	62
577	385	66	65
578	273	56	58
468	165	53	52
576	77	53	51
580	49	49	48
583	46	51	49
588	69	49	54
595	126	48	57
610	229	52	59
607	285	59	64
600	355	66	73
594	411	74	61
595	444	71	46
596	447	66	38
486	357	69	43
447	425	63	48
448	385	64	51
444	286	68	65
440	235	67	75
600	240	59	71
592	146	52	61
585	86	52	54
580	56	51	50
574	52	50	51
572	76	50	54
573	129	51	63
573	229	55	71
566	283	67	78
564	323	75	94
566	378	88	91
573	430	81	100
434	278	73	82
436	337	73	76
437	346	70	72
443	264	58	76
445	178	52	64
447	121	47	58
446	96	48	54
445	100	48	52
445	132	49	58
445	199	53	64
442	311	59	69
451	351	66	84
613	414	70	62
610	375	77	70
597	277	79	76
588	182	64	65
571	131	61	54
565	111	54	52
560	115	45	52
550	147	44	50
543	205	44	50
534	253	53	51
542	277	61	52
557	341	64	65
574	381	74	73
581	372	77	75
586	359	78	78
597	372	82	86
609	420	75	57
589	441	79	47
590	448	76	33
600	414	78	44
587	304	71	55
585	164	60	58
581	87	52	57
574	41	47	54
572	22	45	50
568	27	49	50
568	61	46	50
564	123	46	58
566	223	52	68
559	301	59	68
567	319	66	71
578	344	74	83
593	389	75	82
599	392	75	91
596	409	79	85
605	443	81	83
627	400	75	72
610	280	81	77
593	172	73	64
585	101	59	51
575	56	51	52
563	40	51	51
550	50	51	53
540	90	50	57
527	171	52	61
513	276	60	65
477	311	77	73
462	353	80	83
636	326	85	73
626	369	89	82
622	408	96	67
616	397	101	73
606	316	101	84
447	356	82	75
462	310	81	68
484	274	84	68
519	256	108	75
523	250	115	82
559	273	101	80
599	307	86	84
624	338	93	84
641	349	99	75
642	339	107	67
648	322	109	67
653	316	109	65
656	329	112	68
661	362	115	82
669	405	113	70
658	417	117	56
658	385	112	71
655	255	102	78
638	120	82	76
618	32	69	65
592	-22	59	61
500	120	64	49
535	263	60	38
597	304	71	44
621	332	81	61
644	339	84	69
639	338	92	69
636	330	97	70
630	330	95	73
628	341	98	72
620	358	102	80
618	382	103	84
612	406	104	68
610	409	107	64
616	376	106	82
614	278	97	80
596	163	88	72
573	86	86	64
548	46	83	58
555	26	71	60
545	34	58	57
534	74	47	53
522	138	48	57
510	239	48	63
486	312	61	73
482	340	76	73
623	354	83	76
624	368	91	79
640	406	88	66
669	428	71	50
661	369	66	60
643	248	62	71
609	143	58	61
588	79	51	52
567	43	48	49
547	32	46	47
530	45	46	48
514	84	45	47
494	159	49	53
477	259	52	63
483	315	57	62
465	328	59	53
474	351	68	69
479	364	76	64
476	374	72	64
459	381	72	64
440	386	70	72
426	389	69	78
422	384	63	80
420	371	68	75
427	353	67	70
448	329	73	64
486	308	80	65
550	299	79	71
574	307	73	72
595	333	78	73
618	358	72	72
663	386	62	80
685	415	52	58
690	433	51	46
691	405	53	50
683	315	52	62
652	199	57	53
628	115	50	47
605	58	48	49
586	32	48	50
568	30	48	51
554	56	47	54
540	112	45	56
525	204	46	64
509	322	53	54
484	343	61	59
470	369	70	67
459	387	71	71
448	390	71	77
447	383	69	75
446	368	67	74
442	354	69	70
426	353	76	70
404	349	83	73
377	347	82	74
368	341	78	77
359	313	83	76
380	248	67	78
404	181	56	61
425	148	56	53
444	144	52	52
465	170	52	51
485	225	54	56
502	260	60	65
601	272	68	80
480	308	77	82
464	355	72	81
453	376	72	82
456	372	75	75
472	357	80	74
645	320	75	70
620	302	70	70
591	288	62	70
583	285	59	64
584	300	51	66
583	318	52	55
585	318	50	45
588	309	48	43
584	291	55	45
572	275	60	45
553	257	61	53
525	238	68	59
486	217	79	66
446	194	82	74
387	183	97	82
290	191	115	100
170	240	119	109
29	271	143	126
-35	26	122	118
-30	28	111	117
-11	24	87	122
-4	32	60	110
-2	32	57	112
-3	34	58	109
-2	37	57	106
0	34	55	109
-1	31	55	114
-2	30	57	114
-2	31	56	113
-1	28	55	117
-2	29	56	114
-2	30	57	115
-2	31	57	113
-3	33	58	110
-2	33	56	112
-2	33	56	111
-1	32	56	113
-3	32	59	112
-2	31	57	113
-2	30	57	115
-2	33	57	111
-2	34	57	109
-1	36	57	106
-2	31	56	114
-2	32	57	112
-2	31	57	113
-1	31	55	113
-1	31	56	114
-2	29	57	115
-2	32	56	112
