445.58,189.82,53.818,77.919
446,190,53,78
446,190,53,78
446,190,53,78
446,190,53,78
446,190,53,78
446,190,53,78
446,190,53,78
446,191,53,78
446,191,53,78
446,191,53,78
446,191,53,78
446,191,53,78
446,191,53,78
446,191,53,78
446,191,53,78
446,191,53,78
446,191,53,78
446,191,53,78
446,191,53,78
446,191,53,78
446,191,53,78
446,191,53,78
446,191,53,78
446,191,53,78
446,191,53,78
446,191,53,78
446,191,53,78
446,191,53,78
445,191,53,78
445,191,53,78
445,191,53,78
445,191,53,78
445,191,53,78
445,191,53,78
445,191,53,78
445,191,53,78
445,191,53,78
445,191,53,78
445,191,53,78
445,190,53,78
445,190,53,78
445,189,53,78
445,189,53,78
445,188,53,78
445,188,53,78
445,188,53,78
445,187,53,78
445,187,53,78
445,187,53,78
446,186,53,78
446,186,53,78
446,186,53,78
446,185,53,78
446,185,53,78
446,185,53,78
446,185,53,78
446,185,53,78
447,185,53,78
447,185,53,78
447,185,53,78
447,185,53,78
447,184,53,78
447,184,53,78
447,184,53,78
447,184,53,78
447,184,53,78
447,184,53,78
447,184,53,78
447,184,53,78
447,184,53,78
447,184,53,78
447,184,53,78
447,184,53,78
447,184,53,78
446,184,53,78
446,184,53,78
446,184,53,78
446,184,53,78
445,184,53,78
445,184,53,78
445,184,53,78
445,184,53,78
445,183,53,78
444,184,53,78
444,183,53,78
444,183,53,78
443,183,53,78
443,183,53,78
442,183,53,78
442,183,53,78
441,183,53,78
441,183,53,78
440,183,53,78
440,183,53,78
439,183,53,78
438,183,53,78
438,183,53,78
437,183,53,78
437,183,53,78
436,183,53,78
435,183,53,78
435,183,53,78
434,183,53,78
434,183,53,78
433,183,53,78
433,183,53,78
432,183,53,78
432,183,53,78
432,183,53,78
432,183,53,78
431,183,53,78
431,183,53,78
431,183,53,78
431,183,53,78
431,183,53,78
431,183,53,78
431,183,53,78
432,183,53,78
432,183,53,78
432,183,53,78
432,183,53,78
433,183,53,78
433,183,53,78
433,182,53,78
433,182,53,78
434,182,53,78
434,181,53,78
434,181,53,78
435,181,53,78
435,180,53,78
435,180,53,78
435,179,53,78
435,179,53,78
435,178,53,78
435,178,53,78
435,177,53,78
435,177,53,78
435,176,53,78
436,175,53,78
436,175,53,78
436,174,53,78
436,174,53,78
436,173,53,78
436,173,53,78
436,172,53,78
436,172,53,78
436,171,53,78
436,171,53,78
436,170,53,78
436,170,53,78
436,169,53,78
437,169,53,78
437,169,53,78
437,168,53,78
437,168,53,78
437,168,53,78
438,167,53,78
438,167,53,78
438,167,53,78
438,166,53,78
439,166,53,78
439,166,53,78
439,166,53,78
440,166,53,78
440,166,53,78
441,165,53,78
441,165,53,78
442,165,53,78
442,165,53,78
442,165,53,78
443,165,53,78
443,164,53,78
444,164,53,78
444,164,53,78
445,164,53,78
445,164,53,78
446,164,53,78
447,164,53,78
447,164,53,78
448,164,53,78
448,164,53,78
449,164,53,78
449,164,53,78
450,164,53,78
450,164,53,78
451,163,53,78
451,163,53,78
452,163,53,78
452,163,53,78
452,163,53,78
453,163,53,78
453,163,53,78
454,163,53,78
454,163,53,78
455,163,53,78
456,163,53,78
456,164,53,78
457,164,53,78
457,164,53,78
458,164,53,78
458,164,53,78
459,164,53,78
459,164,53,78
460,164,53,78
460,165,53,78
461,165,53,78
461,165,53,78
462,165,53,78
462,165,53,78
462,165,53,78
463,166,53,78
463,166,53,78
463,166,53,78
464,167,53,78
464,167,53,78
464,168,53,78
464,168,53,78
464,169,53,78
465,169,53,78
465,170,53,78
465,170,53,78
465,171,53,78
465,171,53,78
466,172,53,78
466,173,53,78
466,173,53,78
466,174,53,78
466,174,53,78
466,175,53,78
465,176,53,78
465,176,53,78
465,177,53,78
465,177,53,78
465,178,53,78
465,179,53,78
465,179,53,78
464,180,53,78
464,180,53,78
464,181,53,78
464,181,53,78
464,182,53,78
464,182,53,78
464,182,53,78
464,183,53,78
464,183,53,78
464,183,53,78
464,184,53,78
464,184,53,78
464,184,53,78
464,185,53,78
464,185,53,78
464,186,53,78
464,186,53,78
464,187,53,78
464,187,53,78
464,188,53,78
464,188,53,78
464,188,53,78
463,189,53,78
463,189,53,78
463,190,53,78
463,190,53,78
463,190,53,78
463,191,53,78
463,191,53,78
462,191,53,78
462,192,53,78
462,192,53,78
462,192,53,78
462,193,53,78
461,193,53,78
461,193,53,78
461,193,53,78
461,193,53,78
461,194,53,78
460,194,53,78
460,194,53,78
460,194,53,78
460,195,53,78
460,195,53,78
459,195,53,78
459,195,53,78
459,196,53,78
459,196,53,78
458,196,53,78
458,196,53,78
458,196,53,78
457,196,53,78
457,196,53,78
456,197,53,78
456,197,53,78
455,197,53,78
455,197,53,78
454,197,53,78
454,197,53,78
454,197,53,78
453,197,53,78
453,197,53,78
452,197,53,78
452,197,53,78
451,197,53,78
451,197,53,78
450,197,53,78
450,197,53,78
449,197,53,78
449,197,53,78
448,197,53,78
448,197,53,78
447,197,53,78
447,197,53,78
446,197,53,78
446,197,53,78
445,197,53,78
445,197,53,78
444,197,53,78
444,197,53,78
443,197,53,78
443,197,53,78
442,197,53,78
442,196,53,78
442,196,53,78
441,196,53,78
441,196,53,78
441,196,53,78
441,196,53,78
440,196,53,78
440,195,53,78
440,195,53,78
440,194,53,78
440,194,53,78
439,193,53,78
439,193,53,78
439,192,53,78
439,191,53,78
439,191,53,78
438,190,53,78
438,189,53,78
438,189,53,78
438,188,53,78
438,187,53,78
438,187,53,78
438,186,53,78
438,186,53,78
438,185,53,78
438,185,53,78
438,184,53,78
437,184,53,78
437,183,53,78
437,183,53,78
437,182,53,78
437,182,53,78
437,181,53,78
436,181,53,78
436,181,53,78
436,181,53,78
436,180,53,78
436,180,53,78
436,180,53,78
436,180,53,78
436,180,53,78
436,180,53,78
436,179,53,78
436,179,53,78
436,179,53,78
436,179,53,78
436,179,53,78
436,179,53,78
436,179,53,78
435,178,53,78
435,178,53,78
435,178,53,78
435,178,53,78
435,178,53,78
435,177,53,78
435,177,53,78
435,177,53,78
435,177,53,78
435,177,53,78
435,177,53,78
435,177,53,78
435,177,53,78
435,176,53,78
435,176,53,78
435,176,53,78
435,176,53,78
436,176,53,78
436,175,53,78
436,175,53,78
437,175,53,78
438,175,53,78
439,175,53,78
439,174,53,78
440,175,53,78
440,174,53,78
441,175,53,78
441,175,53,78
441,175,53,78
441,175,53,78
441,175,53,78
441,175,53,78
441,176,53,78
441,176,53,78
440,176,53,78
440,177,53,78
440,177,53,78
440,177,53,78
440,178,53,78
440,178,53,78
439,178,53,78
439,178,53,78
439,178,53,78
438,178,53,78
438,178,53,78
438,178,53,78
438,178,53,78
437,178,53,78
437,177,53,78
437,177,53,78
437,177,53,78
438,178,53,78
438,178,53,78
438,179,53,78
439,180,53,78
439,181,53,78
439,180,53,78
438,179,53,78
439,180,53,78
439,180,53,78
439,180,53,78
438,179,53,78
437,178,53,78
437,178,53,78
437,178,53,78
437,178,53,78
437,179,53,78
438,180,53,78
438,180,53,78
438,180,53,78
437,178,53,78
438,179,53,78
438,179,53,78
438,179,53,78
438,179,53,78
438,178,53,78
438,178,53,78
438,178,53,78
438,178,53,78
438,178,53,78
438,178,53,78
438,178,53,78
438,178,53,78
438,178,53,78
438,178,53,78
438,178,53,78
438,178,53,78
438,178,53,78
438,178,53,78
438,178,53,78
438,178,53,78
438,178,53,78
438,178,53,78
438,177,53,78
437,177,53,78
437,177,53,78
437,176,53,78
437,176,53,78
436,175,53,78
436,174,53,78
436,174,53,78
436,174,53,78
436,174,53,78
436,173,53,78
436,173,53,78
436,173,53,78
436,173,53,78
436,172,53,78
436,172,53,78
436,172,53,78
436,171,53,78
436,170,53,78
436,171,53,78
436,171,53,78
436,170,53,78
436,170,53,78
435,170,53,78
435,169,53,78
435,169,53,78
435,169,53,78
435,169,53,78
435,168,53,78
435,168,53,78
435,168,53,78
435,168,53,78
435,168,53,78
435,168,53,78
435,168,53,78
435,167,53,78
435,167,53,78
435,167,53,78
435,167,53,78
435,167,53,78
435,167,53,78
435,167,53,78
435,167,53,78
435,167,53,78
435,167,53,78
435,167,53,78
435,167,53,78
435,167,53,78
435,167,53,78
435,167,53,78
435,167,53,78
435,167,53,78
435,167,53,78
435,168,53,78
435,168,53,78
435,169,53,78
435,169,53,78
435,169,53,78
435,169,53,78
435,169,53,78
435,169,53,78
435,169,53,78
435,168,53,78
435,168,53,78
435,168,53,78
436,168,53,78
436,168,53,78
436,168,53,78
436,168,53,78
436,168,53,78
436,168,53,78
436,168,53,78
436,168,53,78
436,168,53,78
436,168,53,78
436,168,53,78
436,168,53,78
436,168,53,78
436,168,53,78
436,168,53,78
436,167,53,78
436,167,53,78
436,167,53,78
436,167,53,78
436,167,53,78
436,167,53,78
436,167,53,78
436,167,53,78
436,167,53,78
436,166,53,78
436,166,53,78
436,166,53,78
437,166,53,78
437,166,53,78
437,166,53,78
437,166,53,78
437,166,53,78
437,165,53,78
437,165,53,78
437,165,53,78
437,165,53,78
437,165,53,78
437,165,53,78
437,166,53,78
437,166,53,78
437,166,53,78
437,166,53,78
437,166,53,78
437,167,53,78
437,167,53,78
436,167,53,78
437,167,53,78
437,167,53,78
437,167,53,78
437,167,53,78
437,168,53,78
436,167,53,78
437,167,53,78
437,167,53,78
437,167,53,78
437,167,53,78
437,167,53,78
437,167,53,78
437,167,53,78
437,167,53,78
437,167,53,78
438,167,53,78
438,167,53,78
438,166,53,78
438,166,53,78
439,165,53,78
439,165,53,78
439,165,53,78
439,165,53,78
439,164,53,78
439,164,53,78
438,164,53,78
438,164,53,78
438,164,53,78
438,164,53,78
439,165,53,78
439,165,53,78
439,165,53,78
439,165,53,78
439,165,53,78
439,165,53,78
439,165,53,78
439,164,53,78
439,165,53,78
439,164,53,78
439,164,53,78
439,164,53,78
439,165,53,78
439,165,53,78
439,165,53,78
439,165,53,78
439,164,53,78
439,164,53,78
439,164,53,78
439,164,53,78
439,164,53,78
439,164,53,78
439,164,53,78
439,164,53,78
439,164,53,78
439,164,53,78
439,164,53,78
439,164,53,78
439,164,53,78
439,164,53,78
439,164,53,78
439,164,53,78
439,164,53,78
439,164,53,78
439,164,53,78
439,164,53,78
439,164,53,78
439,164,53,78
439,164,53,78
439,164,53,78
439,165,53,78
440,165,53,78
440,165,53,78
440,165,53,78
440,165,53,78
440,165,53,78
440,165,53,78
440,165,53,78
439,165,53,78
440,166,53,78
440,166,53,78
440,166,53,78
440,166,53,78
440,166,53,78
440,166,53,78
440,166,53,78
440,167,53,78
440,167,53,78
440,167,53,78
440,167,53,78
440,167,53,78
440,166,53,78
440,166,53,78
440,166,53,78
440,166,53,78
440,166,53,78
440,166,53,78
440,166,53,78
440,166,53,78
440,166,53,78
440,165,53,78
440,165,53,78
440,165,53,78
440,165,53,78
441,165,53,78
441,165,53,78
441,165,53,78
441,165,53,78
441,164,53,78
441,164,53,78
441,164,53,78
441,164,53,78
441,164,53,78
441,164,53,78
441,164,53,78
441,164,53,78
441,164,53,78
440,163,53,78
440,163,53,78
440,163,53,78
441,163,53,78
441,164,53,78
441,164,53,78
441,164,53,78
441,164,53,78
441,164,53,78
441,164,53,78
441,164,53,78
441,164,53,78
441,164,53,78
440,163,53,78
440,163,53,78
441,163,53,78
441,163,53,78
440,163,53,78
440,163,53,78
440,163,53,78
440,163,53,78
440,163,53,78
440,163,53,78
440,163,53,78
440,163,53,78
440,163,53,78
440,163,53,78
440,163,53,78
440,163,53,78
440,162,53,78
441,162,53,78
441,163,53,78
441,162,53,78
441,162,53,78
441,162,53,78
441,162,53,78
441,162,53,78
441,162,53,78
441,162,53,78
441,162,53,78
441,162,53,78
441,162,53,78
441,162,53,78
442,162,53,78
441,162,53,78
441,162,53,78
441,162,53,78
441,162,53,78
441,162,53,78
441,162,53,78
442,162,53,78
442,162,53,78
442,162,53,78
442,163,53,78
442,163,53,78
442,163,53,78
442,163,53,78
442,163,53,78
447,164,53,78
444,203,53,78
445,207,53,78
445,207,53,78
445,206,53,78
445,206,53,78
446,206,53,78
446,205,53,78
446,204,53,78
446,203,53,78
446,203,53,78
447,203,53,78
447,202,53,78
447,202,53,78
454,204,53,78
455,203,53,78
456,203,53,78
456,202,53,78
457,202,53,78
457,201,53,78
458,201,53,78
461,201,53,78
460,200,53,78
461,200,53,78
461,200,53,78
462,199,53,78
462,199,53,78
462,198,53,78
462,198,53,78
463,198,53,78
463,198,53,78
463,197,53,78
464,197,53,78
464,197,53,78
464,196,53,78
465,196,53,78
465,195,53,78
465,195,53,78
466,195,53,78
466,195,53,78
466,194,53,78
467,194,53,78
467,194,53,78
468,194,53,78
468,194,53,78
468,194,53,78
468,193,53,78
469,193,53,78
469,193,53,78
469,192,53,78
469,192,53,78
470,192,53,78
470,192,53,78
470,191,53,78
468,190,53,78
469,190,53,78
469,190,53,78
469,189,53,78
469,189,53,78
469,189,53,78
469,189,53,78
423,156,53,78
372,141,53,78
368,143,53,78
368,143,53,78
368,143,53,78
368,143,53,78
369,144,53,78
369,144,53,78
369,144,53,78
369,144,53,78
369,144,53,78
369,144,53,78
369,144,53,78
369,144,53,78
369,144,53,78
369,144,53,78
369,144,53,78
369,144,53,78
369,144,53,78
369,144,53,78
369,144,53,78
369,144,53,78
369,144,53,78
369,144,53,78
369,144,53,78
369,144,53,78
369,144,53,78
368,144,53,78
368,143,53,78
368,143,53,78
368,143,53,78
368,142,53,78
368,142,53,78
368,142,53,78
368,142,53,78
368,142,53,78
368,142,53,78
368,142,53,78
368,142,53,78
368,142,53,78
368,142,53,78
368,142,53,78
368,142,53,78
368,142,53,78
368,142,53,78
368,142,53,78
368,142,53,78
368,142,53,78
368,142,53,78
368,142,53,78
368,142,53,78
368,142,53,78
368,142,53,78
368,142,53,78
368,141,53,78
368,141,53,78
368,141,53,78
367,142,53,78
367,141,53,78
367,140,53,78
367,140,53,78
367,140,53,78
367,139,53,78
406,152,53,78
405,152,53,78
404,152,53,78
403,152,53,78
401,152,53,78
399,152,53,78
398,152,53,78
396,153,53,78
394,153,53,78
392,153,53,78
390,153,53,78
387,153,53,78
379,152,53,78
377,152,53,78
379,152,53,78
377,152,53,78
374,152,53,78
372,152,53,78
370,152,53,78
368,151,53,78
367,151,53,78
364,121,53,78
364,118,53,78
364,117,53,78
364,117,53,78
363,117,53,78
363,116,53,78
362,115,53,78
362,114,53,78
361,113,53,78
361,114,53,78
360,113,53,78
360,114,53,78
359,113,53,78
358,109,53,78
358,109,53,78
358,109,53,78
360,114,53,78
361,115,53,78
361,114,53,78
362,115,53,78
362,119,53,78
362,121,53,78
363,122,53,78
364,123,53,78
364,124,53,78
365,125,53,78
367,157,53,78
369,157,53,78
370,158,53,78
370,162,53,78
375,159,53,78
377,160,53,78
379,160,53,78
379,162,53,78
380,163,53,78
381,164,53,78
387,161,53,78
386,163,53,78
390,161,53,78
392,161,53,78
393,161,53,78
394,161,53,78
396,161,53,78
397,161,53,78
398,161,53,78
399,161,53,78
400,161,53,78
400,162,53,78
401,162,53,78
402,162,53,78
402,162,53,78
403,162,53,78
403,162,53,78
403,163,53,78
404,163,53,78
405,164,53,78
405,164,53,78
405,165,53,78
405,165,53,78
404,166,53,78
404,167,53,78
404,167,53,78
404,167,53,78
404,168,53,78
404,168,53,78
404,169,53,78
405,169,53,78
368,143,53,78
368,143,53,78
368,143,53,78
368,143,53,78
368,143,53,78
368,143,53,78
368,143,53,78
368,143,53,78
368,143,53,78
368,143,53,78
368,143,53,78
368,143,53,78
368,143,53,78
368,143,53,78
368,143,53,78
368,143,53,78
368,143,53,78
368,143,53,78
419,168,53,78
421,168,53,78
422,168,53,78
424,168,53,78
425,169,53,78
427,169,53,78
429,169,53,78
431,169,53,78
433,169,53,78
434,170,53,78
436,170,53,78
438,170,53,78
441,170,53,78
443,170,53,78
444,171,53,78
446,171,53,78
448,171,53,78
450,171,53,78
452,171,53,78
454,171,53,78
455,171,53,78
457,170,53,78
459,170,53,78
460,170,53,78
461,170,53,78
463,169,53,78
463,169,53,78
465,169,53,78
466,168,53,78
466,167,53,78
467,167,53,78
467,166,53,78
429,180,53,78
429,180,53,78
429,179,53,78
429,178,53,78
429,177,53,78
429,175,53,78
429,175,53,78
428,175,53,78
428,175,53,78
428,175,53,78
428,175,53,78
428,174,53,78
427,174,53,78
427,174,53,78
426,174,53,78
425,174,53,78
374,144,53,78
368,143,53,78
368,143,53,78
368,143,53,78
368,143,53,78
368,143,53,78
368,143,53,78
368,143,53,78
368,143,53,78
368,143,53,78
368,143,53,78
368,143,53,78
368,143,53,78
368,143,53,78
368,143,53,78
368,143,53,78
368,143,53,78
368,143,53,78
368,143,53,78
368,143,53,78
368,143,53,78
368,143,53,78
368,143,53,78
368,143,53,78
368,143,53,78
368,143,53,78
368,143,53,78
368,143,53,78
373,142,53,78
381,128,53,78
433,162,53,78
434,162,53,78
432,165,53,78
436,161,53,78
447,133,53,78
456,131,53,78
466,136,53,78
486,112,53,78
496,115,53,78
501,118,53,78
550,126,53,78
551,126,53,78
551,126,53,78
553,126,53,78
560,148,53,78
570,146,53,78
581,147,53,78
586,141,53,78
592,144,53,78
629,105,53,78
632,97,53,78
623,125,53,78
628,135,53,78
634,96,53,78
642,97,53,78
650,97,53,78
701,94,53,78
736,97,53,78
736,97,53,78
734,98,53,78
739,103,53,78
775,117,53,78
772,104,53,78
775,117,53,78
801,112,53,78
806,115,53,78
814,129,53,78
831,127,53,78
846,125,53,78
875,123,53,78
875,121,53,78
878,141,53,78
905,113,53,78
905,134,53,78
867,126,53,78
881,125,53,78
894,123,53,78
882,115,53,78
894,114,53,78
905,114,53,78
905,117,53,78
905,121,53,78
867,160,53,78
833,172,53,78
850,139,53,78
872,104,53,78
876,120,53,78
876,124,53,78
876,124,53,78
876,124,53,78
876,124,53,78
876,124,53,78
876,124,53,78
876,124,53,78
876,124,53,78
876,124,53,78
876,124,53,78
876,124,53,78
876,124,53,78
876,124,53,78
876,124,53,78
876,124,53,78
876,124,53,78
876,124,53,78
876,124,53,78
876,124,53,78
876,124,53,78
876,124,53,78
876,124,53,78
876,124,53,78
876,124,53,78
876,124,53,78
876,124,53,78
876,124,53,78
876,124,53,78
876,124,53,78
876,124,53,78
876,124,53,78
876,124,53,78
876,124,53,78
876,124,53,78
876,124,53,78
876,124,53,78
876,124,53,78
876,124,53,78
876,124,53,78
876,123,53,78
876,124,53,78
876,123,53,78
876,123,53,78
876,124,53,78
876,123,53,78
876,123,53,78
876,124,53,78
876,124,53,78
876,123,53,78
876,124,53,78
876,123,53,78
876,124,53,78
876,124,53,78
876,124,53,78
876,124,53,78
876,124,53,78
876,124,53,78
876,124,53,78
876,124,53,78
876,125,53,78
876,164,53,78
876,172,53,78
876,172,53,78
876,172,53,78
876,172,53,78
876,172,53,78
876,172,53,78
876,172,53,78
876,172,53,78
876,172,53,78
876,172,53,78
876,172,53,78
876,172,53,78
876,172,53,78
876,172,53,78
876,172,53,78
876,172,53,78
876,172,53,78
876,172,53,78
876,172,53,78
876,172,53,78
876,172,53,78
876,172,53,78
876,172,53,78
876,172,53,78
876,172,53,78
876,172,53,78
876,172,53,78
876,172,53,78
876,172,53,78
876,172,53,78
876,172,53,78
876,172,53,78
876,172,53,78
876,172,53,78
876,172,53,78
876,172,53,78
876,172,53,78
876,172,53,78
876,172,53,78
876,172,53,78
876,172,53,78
876,172,53,78
876,172,53,78
876,172,53,78
876,172,53,78
876,172,53,78
876,172,53,78
876,172,53,78
876,172,53,78
876,172,53,78
876,172,53,78
876,172,53,78
876,172,53,78
876,172,53,78
876,172,53,78
876,172,53,78
876,172,53,78
876,172,53,78
876,172,53,78
876,172,53,78
876,172,53,78
876,172,53,78
876,172,53,78
876,172,53,78
876,172,53,78
876,172,53,78
876,172,53,78
876,172,53,78
876,172,53,78
876,172,53,78
876,172,53,78
876,172,53,78
876,172,53,78
876,172,53,78
876,172,53,78
876,172,53,78
876,172,53,78
876,172,53,78
876,172,53,78
876,172,53,78
876,172,53,78
876,172,53,78
876,172,53,78
876,172,53,78
876,172,53,78
876,172,53,78
876,172,53,78
876,172,53,78
876,172,53,78
876,172,53,78
876,172,53,78
876,172,53,78
876,172,53,78
876,172,53,78
876,172,53,78
876,172,53,78
876,172,53,78
876,172,53,78
876,172,53,78
876,172,53,78
876,172,53,78
876,172,53,78
876,172,53,78
876,172,53,78
876,172,53,78
876,172,53,78
876,172,53,78
876,172,53,78
876,172,53,78
876,172,53,78
876,172,53,78
876,172,53,78
876,172,53,78
876,172,53,78
876,172,53,78
876,172,53,78
876,172,53,78
876,172,53,78
876,172,53,78
876,172,53,78
876,172,53,78
876,172,53,78
876,172,53,78
876,172,53,78
876,172,53,78
876,172,53,78
876,172,53,78
876,172,53,78
876,172,53,78
876,172,53,78
876,172,53,78
876,172,53,78
876,172,53,78
876,172,53,78
876,172,53,78
876,172,53,78
876,172,53,78
876,172,53,78
876,172,53,78
876,172,53,78
876,172,53,78
876,172,53,78
876,172,53,78
876,172,53,78
876,172,53,78
876,172,53,78
876,172,53,78
876,172,53,78
876,172,53,78
876,172,53,78
876,172,53,78
876,172,53,78
876,172,53,78
876,172,53,78
876,172,53,78
876,172,53,78
876,172,53,78
876,172,53,78
876,172,53,78
876,172,53,78
876,172,53,78
876,172,53,78
876,172,53,78
876,172,53,78
876,172,53,78
876,172,53,78
876,172,53,78
876,172,53,78
876,172,53,78
876,172,53,78
876,172,53,78
876,172,53,78
876,172,53,78
876,172,53,78
876,172,53,78
876,172,53,78
876,172,53,78
876,172,53,78
876,172,53,78
876,172,53,78
876,172,53,78
876,172,53,78
876,172,53,78
876,172,53,78
876,172,53,78
865,170,53,78
848,131,53,78
840,123,53,78
832,123,53,78
824,123,53,78
816,124,53,78
810,125,53,78
804,126,53,78
856,157,53,78
852,156,53,78
844,158,53,78
837,160,53,78
831,162,53,78
825,163,53,78
819,168,53,78
814,168,53,78
810,170,53,78
805,172,53,78
802,173,53,78
797,176,53,78
794,176,53,78
790,177,53,78
786,178,53,78
782,178,53,78
778,177,53,78
774,177,53,78
770,177,53,78
771,176,53,78
768,176,53,78
764,176,53,78
761,176,53,78
758,176,53,78
753,177,53,78
751,176,53,78
747,177,53,78
743,177,53,78
692,157,53,78
684,156,53,78
683,157,53,78
681,158,53,78
679,158,53,78
679,159,53,78
678,160,53,78
678,159,53,78
721,180,53,78
772,178,53,78
773,160,53,78
775,121,53,78
737,99,53,78
737,99,53,78
737,97,53,78
737,97,53,78
737,97,53,78
737,97,53,78
737,97,53,78
737,97,53,78
737,97,53,78
737,97,53,78
737,97,53,78
737,97,53,78
737,97,53,78
737,97,53,78
737,97,53,78
737,97,53,78
737,98,53,78
738,98,53,78
738,98,53,78
738,98,53,78
737,97,53,78
738,98,53,78
738,98,53,78
738,98,53,78
738,97,53,78
738,97,53,78
738,97,53,78
738,97,53,78
738,97,53,78
738,97,53,78
738,97,53,78
738,97,53,78
738,97,53,78
738,97,53,78
738,97,53,78
738,97,53,78
738,97,53,78
738,97,53,78
738,97,53,78
738,97,53,78
738,96,53,78
738,96,53,78
738,96,53,78
738,96,53,78
737,96,53,78
738,96,53,78
738,96,53,78
738,96,53,78
738,96,53,78
736,97,53,78
737,96,53,78
737,96,53,78
736,97,53,78
737,96,53,78
736,97,53,78
738,102,53,78
737,96,53,78
738,102,53,78
738,102,53,78
738,102,53,78
738,102,53,78
738,102,53,78
738,102,53,78
737,96,53,78
738,102,53,78
737,96,53,78
738,102,53,78
738,102,53,78
738,102,53,78
736,97,53,78
738,102,53,78
738,102,53,78
738,102,53,78
738,102,53,78
738,102,53,78
738,102,53,78
738,102,53,78
738,102,53,78
738,102,53,78
738,102,53,78
738,102,53,78
738,98,53,78
738,102,53,78
738,102,53,78
738,102,53,78
738,102,53,78
738,102,53,78
738,102,53,78
738,102,53,78
738,102,53,78
738,102,53,78
738,102,53,78
738,102,53,78
738,102,53,78
738,102,53,78
738,102,53,78
738,102,53,78
738,99,53,78
738,99,53,78
738,99,53,78
738,99,53,78
739,97,53,78
738,99,53,78
738,99,53,78
739,98,53,78
739,98,53,78
738,99,53,78
738,99,53,78
738,99,53,78
739,97,53,78
739,98,53,78
739,98,53,78
739,98,53,78
739,98,53,78
739,98,53,78
739,98,53,78
739,98,53,78
739,98,53,78
739,98,53,78
739,98,53,78
739,98,53,78
739,98,53,78
739,98,53,78
739,98,53,78
739,98,53,78
738,98,53,78
738,98,53,78
738,98,53,78
738,98,53,78
738,98,53,78
738,99,53,78
738,99,53,78
738,99,53,78
737,99,53,78
737,99,53,78
737,99,53,78
737,99,53,78
737,99,53,78
737,99,53,78
737,99,53,78
737,100,53,78
737,100,53,78
737,100,53,78
737,100,53,78
737,100,53,78
737,100,53,78
737,100,53,78
737,100,53,78
737,100,53,78
737,99,53,78
737,100,53,78
737,99,53,78
737,100,53,78
737,100,53,78
737,100,53,78
737,99,53,78
737,99,53,78
738,100,53,78
738,101,53,78
738,101,53,78
738,101,53,78
738,101,53,78
738,101,53,78
738,101,53,78
738,101,53,78
738,101,53,78
738,101,53,78
738,101,53,78
738,101,53,78
738,101,53,78
738,101,53,78
738,101,53,78
738,101,53,78
738,100,53,78
738,100,53,78
738,100,53,78
738,100,53,78
737,100,53,78
738,100,53,78
738,100,53,78
737,99,53,78
738,100,53,78
737,99,53,78
738,100,53,78
737,99,53,78
737,99,53,78
737,99,53,78
737,99,53,78
737,99,53,78
738,99,53,78
738,99,53,78
738,99,53,78
738,99,53,78
738,99,53,78
738,99,53,78
738,99,53,78
738,99,53,78
738,99,53,78
737,99,53,78
738,99,53,78
738,99,53,78
737,99,53,78
737,99,53,78
737,99,53,78
737,99,53,78
737,99,53,78
737,99,53,78
737,99,53,78
737,99,53,78
737,99,53,78
737,99,53,78
737,99,53,78
737,99,53,78
737,99,53,78
737,99,53,78
738,98,53,78
738,98,53,78
738,98,53,78
738,98,53,78
738,98,53,78
738,98,53,78
738,98,53,78
738,98,53,78
738,98,53,78
738,98,53,78
738,98,53,78
738,98,53,78
738,98,53,78
738,98,53,78
738,98,53,78
738,98,53,78
738,98,53,78
738,98,53,78
738,98,53,78
738,98,53,78
738,97,53,78
738,97,53,78
738,97,53,78
738,97,53,78
738,99,53,78
738,99,53,78
738,99,53,78
738,99,53,78
738,102,53,78
738,102,53,78
738,102,53,78
738,102,53,78
738,102,53,78
738,102,53,78
738,102,53,78
738,102,53,78
738,102,53,78
738,102,53,78
738,101,53,78
738,101,53,78
738,101,53,78
738,101,53,78
738,101,53,78
738,101,53,78
739,101,53,78
739,101,53,78
739,101,53,78
739,100,53,78
739,100,53,78
739,100,53,78
739,100,53,78
738,97,53,78
738,97,53,78
738,97,53,78
738,97,53,78
738,99,53,78
738,99,53,78
738,98,53,78
738,98,53,78
738,98,53,78
738,98,53,78
738,99,53,78
738,99,53,78
738,99,53,78
738,99,53,78
739,100,53,78
775,119,53,78
775,119,53,78
775,119,53,78
775,119,53,78
775,119,53,78
775,109,53,78
775,108,53,78
736,74,53,78
733,100,53,78
734,99,53,78
736,99,53,78
737,98,53,78
738,98,53,78
738,102,53,78
739,102,53,78
738,102,53,78
738,102,53,78
738,97,53,78
738,98,53,78
738,102,53,78
738,98,53,78
773,104,53,78
774,105,53,78
775,109,53,78
775,108,53,78
738,102,53,78
738,102,53,78
738,102,53,78
738,102,53,78
738,102,53,78
775,119,53,78
776,117,53,78
738,102,53,78
738,102,53,78
738,98,53,78
738,98,53,78
737,97,53,78
738,97,53,78
737,98,53,78
738,97,53,78
737,98,53,78
737,98,53,78
737,98,53,78
737,97,53,78
737,97,53,78
737,98,53,78
737,98,53,78
737,97,53,78
737,97,53,78
737,98,53,78
737,97,53,78
738,97,53,78
738,97,53,78
738,97,53,78
737,98,53,78
738,97,53,78
737,98,53,78
738,97,53,78
738,97,53,78
738,97,53,78
737,97,53,78
738,101,53,78
738,101,53,78
739,101,53,78
738,101,53,78
739,101,53,78
739,101,53,78
739,101,53,78
739,101,53,78
739,101,53,78
739,101,53,78
739,101,53,78
739,101,53,78
739,101,53,78
739,101,53,78
738,97,53,78
739,101,53,78
738,97,53,78
738,97,53,78
738,97,53,78
738,97,53,78
738,97,53,78
738,97,53,78
738,98,53,78
738,97,53,78
738,97,53,78
738,99,53,78
738,97,53,78
738,97,53,78
738,97,53,78
738,97,53,78
738,97,53,78
738,97,53,78
738,97,53,78
738,97,53,78
738,97,53,78
738,97,53,78
738,97,53,78
738,97,53,78
738,97,53,78
738,97,53,78
738,97,53,78
738,97,53,78
738,97,53,78
738,97,53,78
738,97,53,78
738,97,53,78
738,97,53,78
738,97,53,78
738,97,53,78
738,97,53,78
738,97,53,78
738,97,53,78
738,97,53,78
738,98,53,78
738,99,53,78
738,98,53,78
738,97,53,78
738,99,53,78
738,97,53,78
738,97,53,78
738,98,53,78
738,98,53,78
738,98,53,78
738,97,53,78
738,97,53,78
739,102,53,78
738,97,53,78
738,97,53,78
738,97,53,78
738,97,53,78
738,97,53,78
737,97,53,78
738,97,53,78
738,97,53,78
738,97,53,78
737,98,53,78
738,97,53,78
737,97,53,78
737,97,53,78
737,97,53,78
737,97,53,78
737,97,53,78
737,97,53,78
737,97,53,78
737,97,53,78
737,97,53,78
737,97,53,78
737,97,53,78
737,97,53,78
737,97,53,78
737,97,53,78
737,97,53,78
737,97,53,78
738,101,53,78
737,97,53,78
738,102,53,78
738,102,53,78
738,102,53,78
738,102,53,78
737,97,53,78
737,97,53,78
737,97,53,78
737,97,53,78
737,97,53,78
737,97,53,78
737,97,53,78
737,97,53,78
737,97,53,78
737,97,53,78
737,97,53,78
737,97,53,78
737,97,53,78
737,97,53,78
737,97,53,78
737,97,53,78
737,97,53,78
737,97,53,78
737,97,53,78
737,97,53,78
737,97,53,78
737,97,53,78
737,97,53,78
737,97,53,78
736,97,53,78
736,97,53,78
736,97,53,78
736,97,53,78
736,97,53,78
736,97,53,78
736,97,53,78
736,97,53,78
736,97,53,78
736,97,53,78
736,97,53,78
736,97,53,78
736,97,53,78
736,97,53,78
736,97,53,78
775,117,53,78
736,97,53,78
775,117,53,78
775,117,53,78
775,117,53,78
775,117,53,78
775,117,53,78
775,117,53,78
775,117,53,78
775,117,53,78
775,117,53,78
775,117,53,78
775,117,53,78
775,117,53,78
775,117,53,78
775,117,53,78
736,97,53,78
736,97,53,78
736,97,53,78
736,97,53,78
736,97,53,78
737,97,53,78
736,97,53,78
736,97,53,78
736,97,53,78
737,97,53,78
737,97,53,78
737,97,53,78
737,97,53,78
737,97,53,78
737,97,53,78
737,97,53,78
737,97,53,78
737,97,53,78
737,97,53,78
737,97,53,78
737,97,53,78
737,97,53,78
737,97,53,78
737,97,53,78
737,96,53,78
737,96,53,78
737,97,53,78
737,101,53,78
737,101,53,78
737,101,53,78
737,101,53,78
737,101,53,78
737,101,53,78
737,101,53,78
737,101,53,78
737,101,53,78
737,101,53,78
738,101,53,78
738,101,53,78
738,101,53,78
738,101,53,78
738,101,53,78
738,101,53,78
738,101,53,78
738,101,53,78
738,101,53,78
738,101,53,78
738,101,53,78
738,101,53,78
738,101,53,78
738,101,53,78
738,101,53,78
738,101,53,78
738,101,53,78
738,101,53,78
738,101,53,78
738,101,53,78
737,97,53,78
737,97,53,78
737,97,53,78
738,101,53,78
738,101,53,78
738,101,53,78
736,97,53,78
738,101,53,78
738,101,53,78
738,101,53,78
738,101,53,78
738,101,53,78
738,101,53,78
738,101,53,78
738,101,53,78
738,101,53,78
738,101,53,78
738,101,53,78
738,101,53,78
738,101,53,78
738,101,53,78
738,101,53,78
738,101,53,78
738,101,53,78
738,101,53,78
738,101,53,78
738,101,53,78
738,101,53,78
738,101,53,78
738,101,53,78
738,101,53,78
737,97,53,78
738,101,53,78
737,97,53,78
738,101,53,78
737,97,53,78
737,97,53,78
737,97,53,78
737,97,53,78
737,97,53,78
738,101,53,78
737,97,53,78
