0.349242
0.046596
0.037682
0.043508
0.044322
0.044328
0.043732
0.041093
0.039137
0.038372
0.038654
0.038559
0.042877
0.041475
0.042501
0.042755
0.041890
0.042375
0.044503
0.044902
0.074368
0.040540
0.041120
0.038746
0.042197
0.039318
0.038937
0.038874
0.042869
0.041322
0.041402
0.046519
0.042541
0.044312
0.041456
0.044245
0.046481
0.044769
0.044076
0.043849
0.076534
0.045400
0.045244
0.043598
0.043685
0.039958
0.041685
0.045685
0.043832
0.041909
0.045188
0.043106
0.045680
0.041607
0.042301
0.040965
0.042570
0.045525
0.041109
0.043846
0.080543
0.043382
0.044017
0.048019
0.046549
0.043167
0.043289
0.046590
0.040285
0.039814
0.040634
0.040521
0.043728
0.043071
0.041057
0.044125
0.039597
0.043749
0.041202
0.042349
0.078339
0.041806
0.041911
0.044233
0.040018
0.042519
0.044388
0.043741
0.039610
0.043236
0.043911
0.045289
0.044480
0.042808
0.044270
0.039371
0.043435
0.041284
0.042752
0.041290
0.078700
0.039496
0.043873
0.037975
0.038612
0.038980
0.038544
0.038335
0.039412
0.041408
0.041528
0.039573
0.039346
0.039283
0.039323
0.039936
0.039766
0.039831
0.038819
0.039821
0.073593
0.039244
0.039765
0.042068
0.044528
0.037730
0.038007
0.038981
0.040372
0.038632
0.039502
0.038127
0.038060
0.043856
0.043940
0.039796
0.041739
0.038681
0.045341
0.038125
0.075319
0.039166
0.039159
0.038949
0.040081
0.044339
0.045015
0.043782
0.043610
0.042023
0.041361
0.041531
0.043083
0.042842
0.043771
0.043475
0.040725
0.043208
0.041140
0.043302
0.074369
0.038049
0.037858
0.038102
0.042135
0.038789
0.037667
0.037562
0.037603
0.038018
0.037935
0.037637
0.039413
0.037057
0.037619
0.037050
0.038004
0.037941
0.038558
0.038857
0.073491
0.038934
0.039092
0.039346
0.039485
0.040069
0.039424
0.039437
0.038815
0.038523
0.038711
0.039750
0.045328
0.044981
0.038888
0.038889
0.039660
0.037886
0.039455
0.038831
0.073724
0.038618
0.039526
0.046432
0.040235
0.044422
0.039325
0.039913
0.044449
0.040201
0.038788
0.038448
0.038660
0.038810
0.040595
0.037789
0.038215
0.038707
0.038762
0.039042
0.073973
0.038507
0.039362
0.039474
0.039764
0.040870
0.040043
0.038888
0.039044
0.038825
0.038767
0.039025
0.038588
0.039704
0.042296
0.043312
0.044931
0.044440
