242	69	66	63
239	66	68	62
235	69	69	59
230	68	68	60
225	68	67	62
216	69	73	63
213	68	69	66
208	69	74	66
210	72	78	66
211	73	77	66
216	72	76	64
215	67	79	67
214	64	81	70
210	56	87	71
206	50	82	77
202	59	83	75
197	69	83	75
192	70	87	78
187	75	83	74
180	76	88	75
173	75	85	77
171	70	92	77
194	57	92	81
200	51	94	78
184	52	92	80
167	60	95	76
167	51	94	83
166	38	101	86
177	43	97	78
177	52	102	75
180	59	100	74
186	61	99	79
195	74	93	69
205	75	86	72
214	71	78	72
223	65	79	69
226	49	71	72
230	50	75	70
228	56	81	69
225	55	77	68
246	57	70	68
250	56	66	69
249	41	66	67
256	34	65	68
255	28	64	69
250	25	68	73
254	35	76	70
254	40	77	73
256	46	73	76
247	49	81	74
242	48	88	75
237	50	93	77
231	64	93	75
231	76	90	75
216	98	91	75
213	99	88	77
209	95	86	77
203	94	96	74
199	96	91	78
192	101	90	74
194	100	87	77
196	100	86	75
202	102	86	76
210	107	84	74
218	111	85	74
234	116	76	74
250	124	74	76
256	124	76	78
262	119	71	88
272	117	63	98
277	118	59	109
289	106	61	98
285	102	60	117
288	99	66	129
289	97	56	129
315	89	46	129
298	90	59	138
291	96	64	120
307	88	63	114
299	96	68	108
303	95	70	118
302	97	70	119
304	94	69	128
302	91	66	133
294	89	67	143
293	95	68	134
292	100	67	132
308	108	67	134
316	111	58	140
326	110	61	145
329	114	58	132
334	116	59	133
336	108	55	131
336	114	62	128
350	119	52	128
350	121	56	132
352	136	46	123
367	133	49	124
355	128	61	121
343	116	69	117
329	131	78	117
323	134	74	127
327	133	65	124
340	132	69	127
347	136	65	121
350	128	70	135
360	132	52	144
371	129	60	150
372	131	64	169
377	138	64	176
383	132	74	180
387	124	75	194
399	131	70	202
409	125	74	211
418	112	76	219
430	117	76	213
442	116	74	215
459	119	72	218
471	125	60	220
467	113	57	233
462	110	61	240
456	118	61	230
447	127	60	225
429	110	70	231
426	132	64	211
402	110	83	222
389	133	86	210
369	137	88	200
356	136	87	200
352	137	78	199
349	119	73	219
338	119	74	218
335	126	70	210
324	109	74	231
315	121	76	222
312	94	82	247
311	92	78	254
305	88	73	255
302	94	71	259
299	102	75	262
295	109	75	261
294	123	80	250
284	133	86	241
275	140	85	232
272	140	88	224
259	113	100	248
253	129	103	227
275	152	72	213
272	119	76	246
268	121	79	240
260	105	85	257
248	106	98	259
234	107	112	251
237	105	97	257
237	108	92	258
236	124	85	238
236	100	82	262
229	102	86	265
233	104	87	273
244	110	73	275
252	117	83	277
265	121	75	280
286	126	80	257
299	118	76	262
305	85	77	263
303	75	76	242
292	81	84	222
281	76	97	218
277	65	101	227
301	59	86	244
320	93	71	234
318	101	68	228
314	111	81	219
324	122	76	216
339	141	64	196
334	145	82	201
336	157	84	202
343	162	85	204
357	185	72	183
366	183	65	182
368	180	66	194
360	189	72	190
352	183	77	194
344	184	75	186
339	178	70	190
337	181	54	201
330	185	51	196
326	189	42	195
322	184	37	187
311	188	35	195
298	162	49	211
271	154	63	216
235	158	86	197
229	181	96	189
221	198	99	166
209	210	113	154
195	222	137	141
190	233	139	133
176	239	143	128
189	256	125	144
191	264	127	130
198	269	126	130
200	271	119	132
197	271	118	133
201	266	112	126
187	245	118	123
178	233	119	134
170	224	123	156
164	221	156	163
156	222	163	168
142	218	170	177
145	212	153	173
142	186	154	185
150	187	109	180
153	202	73	170
121	185	72	187
108	176	83	192
83	184	53	194
59	191	60	173
44	204	64	162
12	184	66	183
2	188	54	172
-6	208	65	162
139	288	60	174
117	330	64	164
127	307	52	167
125	322	51	159
120	308	60	136
148	316	58	123
151	323	60	109
180	337	49	94
196	346	54	84
202	353	53	70
207	357	54	58
224	361	51	51
224	367	57	38
225	365	55	30
228	366	56	27
231	360	60	30
236	357	57	26
241	350	57	26
245	345	57	27
246	342	57	27
247	338	56	26
247	341	57	25
249	339	57	25
251	337	57	25
252	334	59	24
257	333	58	25
257	330	58	26
258	328	57	25
262	330	57	26
268	331	56	25
268	334	57	26
267	339	59	25
271	337	57	25
274	340	57	25
282	342	55	23
283	341	58	24
286	338	56	25
287	336	58	25
295	335	56	25
308	336	58	24
316	335	56	25
326	332	56	25
328	329	57	25
340	323	58	27
350	319	58	26
350	318	59	24
352	315	58	26
354	313	58	24
364	309	59	25
361	298	59	24
358	285	52	28
358	260	49	34
350	222	48	41
328	193	47	49
304	149	40	56
283	137	31	53
274	141	27	56
262	127	30	57
261	139	28	64
249	124	29	70
224	109	36	78
203	105	43	83
183	96	50	95
156	97	37	95
140	94	33	104
127	107	33	107
117	107	30	107
