362.400000,75.600000,133.600000,350.280000
362.485138,75.660233,134.000000,350.000000
364.003448,76.227982,134.000000,350.000000
364.418304,75.469223,134.000000,350.000000
367.306641,78.987984,131.372543,343.137268
368.888062,78.676842,131.372543,343.137268
369.363770,78.006844,131.372543,343.137268
369.582977,77.772362,131.372543,343.137268
371.845642,81.039726,128.796616,336.409088
371.734558,81.349312,128.796616,336.409088
373.730011,82.093010,128.796616,336.409088
374.875153,81.716591,128.796616,336.409088
376.422485,82.034737,128.796616,336.409088
379.707520,82.114708,128.796616,336.409088
382.451202,84.824562,126.271194,329.812805
387.185699,87.215569,123.795288,323.345886
387.838898,85.719841,123.795288,323.345886
392.133423,86.504845,121.367928,317.005798
396.556915,87.864868,118.988167,310.789978
397.250244,86.906204,118.988167,310.789978
398.468170,83.639320,121.367928,317.005798
400.194641,83.280647,121.367928,317.005798
405.018799,85.799042,118.988167,310.789978
410.084839,88.278679,116.655067,304.696075
413.713409,88.256020,116.655067,304.696075
419.255402,92.373650,114.367706,298.721619
422.537964,89.889641,116.655067,304.696075
430.136139,90.417091,116.655067,304.696075
439.748383,90.027611,116.655067,304.696075
446.028107,89.220284,116.655067,304.696075
449.913452,88.225777,116.655067,304.696075
453.878357,92.477715,114.367706,298.721619
456.991913,94.690514,114.367706,298.721619
458.058502,91.784920,114.367706,298.721619
459.700958,92.773735,114.367706,298.721619
461.840607,92.706406,112.125206,292.864349
466.152557,94.372246,109.926674,287.121918
466.421295,97.152946,109.926674,287.121918
467.429230,92.603638,112.125206,292.864349
471.739777,94.836449,109.926674,287.121918
472.888947,92.019554,109.926674,287.121918
473.714783,93.113754,107.771248,281.492065
474.170776,96.526146,105.658089,275.972626
474.975708,95.402901,105.658089,275.972626
476.664246,94.155785,105.658089,275.972626
475.801971,96.289986,103.586357,270.561371
475.607697,97.457832,103.586357,270.561371
475.107391,97.884483,103.586357,270.561371
474.228638,95.573891,105.658089,275.972626
471.819763,96.616951,105.658089,275.972626
470.029785,96.339149,105.658089,275.972626
468.035645,96.036125,105.658089,275.972626
466.523987,95.359688,105.658089,275.972626
463.739319,94.426567,105.658089,275.972626
462.361664,94.961586,103.586357,270.561371
460.128540,91.771187,103.586357,270.561371
460.291016,91.559418,101.555252,265.256256
460.500763,92.643730,99.563972,260.055145
460.931335,93.659492,97.611740,254.956039
459.975708,92.801582,97.611740,254.956039
460.529297,96.671852,95.697784,249.956894
459.833466,97.632545,95.697784,249.956894
459.823151,99.430992,95.697784,249.956894
458.574677,97.324989,97.611740,254.956039
458.862885,97.314476,97.611740,254.956039
460.108521,95.901894,97.611740,254.956039
461.539429,94.050240,97.611740,254.956039
463.051514,94.419075,95.697784,249.956894
464.614349,95.342789,93.821358,245.055786
465.336700,96.853119,91.981720,240.250763
465.938599,99.104912,90.178162,235.539963
465.796539,99.426704,90.178162,235.539963
465.867340,99.467857,90.178162,235.539963
465.796051,100.402382,90.178162,235.539963
465.661316,101.192802,90.178162,235.539963
465.740173,102.382530,90.178162,235.539963
465.642090,102.820328,88.409958,230.921539
465.320953,100.678551,90.178162,235.539963
465.686249,99.171471,90.178162,235.539963
466.302612,98.614555,90.178162,235.539963
466.458405,97.885750,90.178162,235.539963
467.122772,97.653358,90.178162,235.539963
468.193695,98.963791,88.409958,230.921539
469.389862,99.514221,88.409958,230.921539
470.309845,100.887894,88.409958,230.921539
470.970917,99.439873,90.178162,235.539963
471.580048,99.317146,90.178162,235.539963
473.508392,98.998604,90.178162,235.539963
475.036957,98.389565,90.178162,235.539963
475.687592,96.928474,90.178162,235.539963
478.329498,98.485428,88.409958,230.921539
479.376678,98.326721,88.409958,230.921539
480.389740,98.247559,88.409958,230.921539
480.680756,98.351913,88.409958,230.921539
481.571136,99.185699,88.409958,230.921539
482.386932,99.583832,88.409958,230.921539
481.758270,97.657051,90.178162,235.539963
482.261505,97.811180,90.178162,235.539963
482.675323,97.130653,90.178162,235.539963
484.201630,98.575424,88.409958,230.921539
484.491669,96.533920,88.409958,230.921539
485.925323,98.739754,86.676430,226.393661
486.066132,98.521446,86.676430,226.393661
487.150848,97.820488,86.676430,226.393661
487.777008,97.665611,86.676430,226.393661
487.661774,97.808189,86.676430,226.393661
487.696014,97.820915,86.676430,226.393661
488.246552,98.206001,86.676430,226.393661
490.020233,97.855721,86.676430,226.393661
491.114044,97.727715,86.676430,226.393661
491.656708,97.718483,86.676430,226.393661
493.650360,96.579750,86.676430,226.393661
494.497345,96.919060,86.676430,226.393661
495.534760,97.326469,86.676430,226.393661
495.452240,97.948616,86.676430,226.393661
495.730927,99.491768,86.676430,226.393661
493.503448,97.279068,88.409958,230.921539
493.770660,98.108414,88.409958,230.921539
493.419403,98.635651,88.409958,230.921539
493.729523,98.767609,88.409958,230.921539
493.993927,98.177475,88.409958,230.921539
493.237579,96.867661,88.409958,230.921539
493.464325,95.838242,88.409958,230.921539
493.091705,95.025253,88.409958,230.921539
494.686981,96.759163,86.676430,226.393661
495.740631,98.167747,84.976891,221.954575
496.447479,97.316643,84.976891,221.954575
496.963654,98.513618,84.976891,221.954575
497.068939,99.700294,84.976891,221.954575
497.355438,99.019753,86.676430,226.393661
495.719879,95.922791,88.409958,230.921539
498.927216,97.283684,86.676430,226.393661
498.589081,97.775276,86.676430,226.393661
498.747467,97.678673,86.676430,226.393661
498.657562,96.063835,86.676430,226.393661
500.128204,97.413841,86.676430,226.393661
500.854034,97.909691,86.676430,226.393661
499.157196,98.628716,86.676430,226.393661
498.549835,99.131203,86.676430,226.393661
491.655121,96.065445,88.409958,230.921539
495.107697,96.884659,88.409958,230.921539
492.913788,96.865906,88.409958,230.921539
494.334015,95.328247,88.409958,230.921539
499.322052,97.611885,86.676430,226.393661
502.817841,97.442436,86.676430,226.393661
500.119659,95.912148,86.676430,226.393661
511.856781,88.451012,84.976891,221.954575
512.541565,87.233543,86.676430,226.393661
512.585693,84.945839,86.676430,226.393661
513.271667,83.993721,86.676430,226.393661
513.304077,84.868767,86.676430,226.393661
490.024017,95.443947,86.676430,226.393661
490.608307,96.789268,84.976891,221.954575
488.446869,97.862190,84.976891,221.954575
490.275543,99.227470,84.976891,221.954575
490.605499,98.232338,86.676430,226.393661
492.240326,99.806053,86.676430,226.393661
490.040741,96.096146,88.409958,230.921539
489.241119,95.794540,88.409958,230.921539
487.813995,97.295593,88.409958,230.921539
487.033722,96.508087,88.409958,230.921539
487.385162,97.691483,88.409958,230.921539
488.484955,97.041672,88.409958,230.921539
488.574432,96.007217,88.409958,230.921539
490.437469,97.516136,86.676430,226.393661
491.679718,97.373909,86.676430,226.393661
492.495331,96.656181,86.676430,226.393661
517.744934,85.482903,86.676430,226.393661
518.572998,81.848686,86.676430,226.393661
519.045959,83.194557,84.976891,221.954575
517.428467,81.502922,84.976891,221.954575
517.624939,82.811409,83.310677,217.602524
516.084045,84.913277,81.677139,213.335800
514.982361,85.164207,81.677139,213.335800
514.280640,85.724709,81.677139,213.335800
512.904602,85.473396,81.677139,213.335800
523.828430,104.093727,81.677139,213.335800
523.899719,106.667549,80.075623,209.152756
525.079773,107.588158,78.505516,205.051712
516.534058,87.905830,78.505516,205.051712
524.627258,107.337471,80.075623,209.152756
525.680054,105.288231,80.075623,209.152756
523.491394,107.052727,78.505516,205.051712
523.041565,108.252869,76.966187,201.031097
521.488464,106.807571,76.966187,201.031097
522.956848,108.432732,75.457047,197.089310
524.588745,109.142860,73.977501,193.224808
523.411987,108.326851,73.977501,193.224808
522.706421,92.075523,73.977501,193.224808
525.643494,111.361633,71.104866,185.721649
522.265930,91.123810,72.526962,189.436096
528.932861,111.241028,69.710648,182.080048
521.530762,93.737625,69.710648,182.080048
529.971863,113.817879,67.003700,175.009659
523.443848,94.735611,68.343773,178.509857
522.433411,96.087212,67.003700,175.009659
523.549133,97.178017,65.689903,171.578110
532.841248,117.344490,65.689903,171.578110
533.223083,116.609077,65.689903,171.578110
533.263550,117.580177,65.689903,171.578110
532.224243,117.226509,65.689903,171.578110
536.035461,117.956322,65.689903,171.578110
534.718567,117.943275,65.689903,171.578110
532.571777,118.496635,65.689903,171.578110
527.152466,117.908745,65.689903,171.578110
536.166382,117.530663,65.689903,171.578110
536.022095,116.243858,65.689903,171.578110
535.886597,115.948677,65.689903,171.578110
536.778259,116.032555,65.689903,171.578110
539.300842,115.492699,65.689903,171.578110
539.403625,114.886391,65.689903,171.578110
540.237976,115.620186,65.689903,171.578110
522.403809,98.767204,65.689903,171.578110
540.475769,117.552940,65.689903,171.578110
540.143677,114.777672,67.003700,175.009659
544.371460,113.124939,68.343773,178.509857
543.558411,111.541870,69.710648,182.080048
543.171814,112.852432,69.710648,182.080048
542.788086,111.990509,71.104866,185.721649
520.260681,93.825745,71.104866,185.721649
520.196777,94.827271,69.710648,182.080048
520.300476,96.442505,68.343773,178.509857
520.462036,96.545296,67.003700,175.009659
521.532532,99.115074,65.689903,171.578110
521.184021,100.613457,65.689903,171.578110
519.373413,97.683647,67.003700,175.009659
520.572144,97.974113,67.003700,175.009659
519.204346,95.608315,67.003700,175.009659
521.568604,97.879555,65.689903,171.578110
521.067993,97.070198,65.689903,171.578110
521.989197,97.924187,65.689903,171.578110
522.026367,97.013725,65.689903,171.578110
522.732666,99.474358,65.689903,171.578110
547.409912,116.533424,65.689903,171.578110
548.602783,116.158669,65.689903,171.578110
549.368835,117.133781,65.689903,171.578110
521.375977,99.376411,67.003700,175.009659
521.245544,99.286110,67.003700,175.009659
521.522339,98.831215,67.003700,175.009659
520.836914,99.362404,67.003700,175.009659
521.835327,100.007103,67.003700,175.009659
521.236450,97.698425,68.343773,178.509857
521.116577,99.509476,68.343773,178.509857
520.969604,99.859680,68.343773,178.509857
520.413208,95.629196,68.343773,178.509857
522.223145,98.457115,67.003700,175.009659
522.076477,99.689995,67.003700,175.009659
521.207458,96.614624,68.343773,178.509857
521.366516,97.551102,68.343773,178.509857
521.520203,97.123657,68.343773,178.509857
521.532959,96.752319,68.343773,178.509857
521.512695,96.378098,68.343773,178.509857
522.052490,99.078606,67.003700,175.009659
521.900146,98.207710,67.003700,175.009659
521.828796,98.211784,67.003700,175.009659
522.117065,98.093376,67.003700,175.009659
522.034424,97.970451,67.003700,175.009659
521.901245,97.994133,67.003700,175.009659
521.761353,97.953529,67.003700,175.009659
522.029236,98.275276,67.003700,175.009659
522.272766,98.730370,67.003700,175.009659
522.667664,98.057350,67.003700,175.009659
522.279358,100.287804,67.003700,175.009659
522.125793,101.019997,67.003700,175.009659
522.034729,98.564758,68.343773,178.509857
521.729553,99.644012,68.343773,178.509857
522.256714,98.733215,68.343773,178.509857
522.315613,98.501511,68.343773,178.509857
521.962280,98.068237,68.343773,178.509857
521.449158,97.635178,68.343773,178.509857
521.568176,98.998413,68.343773,178.509857
521.801453,98.517456,68.343773,178.509857
521.893433,97.243286,68.343773,178.509857
521.566589,97.350998,68.343773,178.509857
522.130310,97.275177,68.343773,178.509857
522.092041,97.618805,68.343773,178.509857
521.967407,97.237091,68.343773,178.509857
521.910095,96.628067,68.343773,178.509857
522.085266,95.571518,68.343773,178.509857
522.619202,97.706871,67.003700,175.009659
522.208801,96.661690,67.003700,175.009659
523.213684,99.644905,65.689903,171.578110
522.654419,98.757561,65.689903,171.578110
523.310242,101.103203,65.689903,171.578110
521.856750,98.536537,67.003700,175.009659
521.725281,96.901024,67.003700,175.009659
522.848145,100.899361,65.689903,171.578110
523.144958,99.961205,65.689903,171.578110
523.248657,100.401817,65.689903,171.578110
521.818176,98.119759,67.003700,175.009659
521.726746,98.991386,67.003700,175.009659
521.526489,98.125511,67.003700,175.009659
521.085815,97.522881,67.003700,175.009659
521.545166,98.232262,67.003700,175.009659
521.207947,99.171654,67.003700,175.009659
521.645569,99.578331,67.003700,175.009659
520.826721,97.488800,68.343773,178.509857
522.245728,97.900040,68.343773,178.509857
522.074646,96.078247,68.343773,178.509857
521.992920,96.306641,68.343773,178.509857
521.985779,95.834656,68.343773,178.509857
522.067810,96.339859,68.343773,178.509857
521.922424,96.048843,68.343773,178.509857
522.189026,97.996300,67.003700,175.009659
521.968323,98.380989,67.003700,175.009659
522.065308,98.188728,67.003700,175.009659
521.874939,97.689583,67.003700,175.009659
522.020874,98.674019,67.003700,175.009659
521.893127,97.963051,67.003700,175.009659
522.127136,98.485817,67.003700,175.009659
521.882874,98.603844,67.003700,175.009659
521.523438,97.824287,67.003700,175.009659
521.670532,98.742561,67.003700,175.009659
521.436401,98.872993,67.003700,175.009659
522.749756,98.928993,67.003700,175.009659
522.163025,97.872658,67.003700,175.009659
522.434998,99.316643,67.003700,175.009659
522.640808,99.102730,67.003700,175.009659
521.773560,98.176544,68.343773,178.509857
522.006165,99.768295,68.343773,178.509857
523.280090,116.131180,68.343773,178.509857
522.143860,98.542480,68.343773,178.509857
521.650024,98.591934,68.343773,178.509857
521.882996,99.706924,68.343773,178.509857
521.273193,99.778839,68.343773,178.509857
521.644104,99.338547,68.343773,178.509857
522.797852,99.367523,68.343773,178.509857
522.405151,97.858444,68.343773,178.509857
522.944336,98.173401,68.343773,178.509857
522.156311,98.229004,68.343773,178.509857
522.544495,97.664154,68.343773,178.509857
522.814392,98.355118,68.343773,178.509857
523.104858,97.709030,68.343773,178.509857
522.186646,97.909210,68.343773,178.509857
522.673584,96.218567,68.343773,178.509857
523.217896,96.544800,68.343773,178.509857
523.064331,96.953171,68.343773,178.509857
522.301575,96.536316,68.343773,178.509857
522.763184,97.076523,68.343773,178.509857
522.878845,97.154343,68.343773,178.509857
521.954468,97.202728,68.343773,178.509857
522.329102,97.200241,68.343773,178.509857
522.338074,96.740158,68.343773,178.509857
522.488953,97.669159,68.343773,178.509857
522.426697,97.818344,68.343773,178.509857
522.558105,97.805969,68.343773,178.509857
522.935852,97.859818,68.343773,178.509857
522.559692,97.938370,68.343773,178.509857
523.159973,97.666122,68.343773,178.509857
522.522705,98.601303,68.343773,178.509857
522.888611,97.417755,68.343773,178.509857
521.957764,97.847595,68.343773,178.509857
522.066406,96.912247,68.343773,178.509857
522.033569,97.457077,68.343773,178.509857
522.320862,98.291550,68.343773,178.509857
522.752808,97.552872,68.343773,178.509857
523.406128,98.458893,68.343773,178.509857
523.239075,97.496078,68.343773,178.509857
522.897217,97.536560,68.343773,178.509857
522.759766,97.503799,68.343773,178.509857
523.304260,98.704071,68.343773,178.509857
522.951111,98.499405,68.343773,178.509857
522.121155,97.790955,68.343773,178.509857
522.531677,97.561386,68.343773,178.509857
523.096558,98.223572,68.343773,178.509857
522.515076,97.725403,68.343773,178.509857
523.038452,97.500992,68.343773,178.509857
522.286865,98.035446,68.343773,178.509857
522.779358,96.563934,68.343773,178.509857
523.513123,97.130890,68.343773,178.509857
522.776733,97.797729,68.343773,178.509857
523.033447,97.008789,68.343773,178.509857
522.539124,97.374405,68.343773,178.509857
523.304016,98.325302,68.343773,178.509857
522.793030,98.359573,68.343773,178.509857
523.344055,98.705032,68.343773,178.509857
523.161743,99.269638,68.343773,178.509857
522.541016,99.339920,68.343773,178.509857
523.113098,98.015991,68.343773,178.509857
523.299500,98.560547,68.343773,178.509857
523.209473,99.293182,68.343773,178.509857
523.874817,115.511688,68.343773,178.509857
523.612061,101.154762,67.003700,175.009659
522.375061,99.352661,68.343773,178.509857
522.635864,98.328125,68.343773,178.509857
523.265137,99.464371,68.343773,178.509857
522.950623,99.683319,68.343773,178.509857
522.813171,99.031586,68.343773,178.509857
523.217957,97.686386,68.343773,178.509857
522.790955,97.763397,68.343773,178.509857
523.347412,97.390228,68.343773,178.509857
522.721436,98.404907,68.343773,178.509857
523.475464,98.829361,68.343773,178.509857
523.063293,98.653351,68.343773,178.509857
522.650024,98.310089,68.343773,178.509857
523.420837,98.624725,68.343773,178.509857
523.098450,98.811508,68.343773,178.509857
522.409424,97.489990,68.343773,178.509857
523.143372,98.401901,68.343773,178.509857
522.649963,98.719604,68.343773,178.509857
523.684082,98.854935,68.343773,178.509857
522.967407,97.168228,68.343773,178.509857
522.317566,97.650192,68.343773,178.509857
522.619629,99.280334,68.343773,178.509857
522.283508,97.522751,68.343773,178.509857
522.215881,98.603027,68.343773,178.509857
522.224548,98.220627,68.343773,178.509857
522.206482,98.064331,68.343773,178.509857
522.166382,98.052841,68.343773,178.509857
522.230774,98.330414,68.343773,178.509857
521.931458,97.920547,68.343773,178.509857
521.551697,98.050980,68.343773,178.509857
521.534363,97.982422,68.343773,178.509857
521.029358,97.294662,68.343773,178.509857
520.216492,96.736328,68.343773,178.509857
521.264648,95.841400,68.343773,178.509857
520.586853,95.873924,67.003700,175.009659
521.215271,96.746681,65.689903,171.578110
521.065247,98.319588,65.689903,171.578110
521.352173,97.023323,65.689903,171.578110
520.276184,97.797203,65.689903,171.578110
519.894104,97.115364,65.689903,171.578110
520.741943,99.395317,64.401863,168.213821
519.949402,100.718315,64.401863,168.213821
539.111938,116.126625,64.401863,168.213821
539.573730,115.368629,64.401863,168.213821
573.243774,108.228630,63.139084,164.915512
573.307922,108.392860,63.139084,164.915512
573.325623,107.986382,63.139084,164.915512
573.277100,107.358803,63.139084,164.915512
573.444641,107.611443,63.139084,164.915512
573.283569,106.451180,63.139084,164.915512
574.009155,107.676399,63.139084,164.915512
573.438049,106.909218,63.139084,164.915512
573.241211,106.306190,63.139084,164.915512
573.498596,107.808510,63.139084,164.915512
573.088806,107.140236,63.139084,164.915512
573.198059,107.876335,63.139084,164.915512
573.330200,107.762291,63.139084,164.915512
573.298462,107.388435,63.139084,164.915512
573.550598,108.125298,63.139084,164.915512
573.096741,107.559776,63.139084,164.915512
573.198853,107.305885,63.139084,164.915512
573.180969,107.908226,63.139084,164.915512
573.240662,107.573021,63.139084,164.915512
573.314148,107.078209,63.139084,164.915512
573.252625,107.492546,63.139084,164.915512
573.203003,107.785896,63.139084,164.915512
573.280884,107.457207,63.139084,164.915512
573.247314,107.861595,63.139084,164.915512
573.104248,107.534660,63.139084,164.915512
573.014771,107.795647,63.139084,164.915512
572.921631,107.400688,63.139084,164.915512
572.794983,107.656746,63.139084,164.915512
572.667664,107.156578,63.139084,164.915512
572.548584,107.422737,63.139084,164.915512
572.391174,107.679253,63.139084,164.915512
573.089172,107.009727,63.139084,164.915512
573.026794,107.302818,63.139084,164.915512
572.857666,107.592064,63.139084,164.915512
572.643311,107.068932,63.139084,164.915512
572.526855,107.509178,63.139084,164.915512
572.371399,107.703224,63.139084,164.915512
572.900513,106.289879,64.401863,168.213821
572.605225,107.294273,63.139084,164.915512
572.482239,107.436317,63.139084,164.915512
572.275513,107.566429,63.139084,164.915512
572.838745,107.080681,63.139084,164.915512
572.626587,107.303032,63.139084,164.915512
572.319763,107.591270,63.139084,164.915512
572.848877,106.981819,63.139084,164.915512
572.597107,107.129433,63.139084,164.915512
572.344238,107.497063,63.139084,164.915512
572.784302,107.611641,63.139084,164.915512
572.462097,107.038094,63.139084,164.915512
572.172485,107.194038,63.139084,164.915512
572.515564,107.294701,63.139084,164.915512
572.142700,107.429436,63.139084,164.915512
572.473328,107.625038,63.139084,164.915512
572.021057,107.079628,63.139084,164.915512
572.217102,107.336143,63.139084,164.915512
572.405945,107.642616,63.139084,164.915512
572.612793,107.093147,63.139084,164.915512
572.040588,107.396660,63.139084,164.915512
572.088989,107.683601,63.139084,164.915512
572.198242,107.102715,63.139084,164.915512
572.163574,107.315834,63.139084,164.915512
572.165649,107.504555,63.139084,164.915512
572.055725,107.683342,63.139084,164.915512
571.807312,107.008202,63.139084,164.915512
571.612427,107.093254,63.139084,164.915512
571.366028,107.283119,63.139084,164.915512
571.850830,107.533195,63.139084,164.915512
571.577515,107.697365,63.139084,164.915512
571.193054,106.944328,63.139084,164.915512
571.572876,107.032967,63.139084,164.915512
571.248657,106.923210,63.139084,164.915512
571.686218,106.941841,63.139084,164.915512
571.377258,106.915306,63.139084,164.915512
571.775574,106.988670,63.139084,164.915512
571.363159,106.919624,63.139084,164.915512
571.684326,107.032875,63.139084,164.915512
571.124573,106.946251,63.139084,164.915512
571.308594,107.070915,63.139084,164.915512
571.569397,107.165977,63.139084,164.915512
571.048340,107.158501,63.139084,164.915512
571.304260,107.304527,63.139084,164.915512
571.536743,107.431801,63.139084,164.915512
571.130615,107.305885,63.139084,164.915512
571.364807,107.218376,63.139084,164.915512
571.525513,107.172447,63.139084,164.915512
571.015869,107.010948,63.139084,164.915512
571.341919,106.940712,63.139084,164.915512
571.601685,106.838829,63.139084,164.915512
571.092285,106.579124,63.139084,164.915512
571.473755,106.298103,63.139084,164.915512
571.163757,106.427895,63.139084,164.915512
571.598022,106.783562,63.139084,164.915512
571.186768,106.283485,63.139084,164.915512
571.657349,106.713158,63.139084,164.915512
571.324829,106.221199,63.139084,164.915512
571.788330,106.687187,63.139084,164.915512
571.598389,106.297081,63.139084,164.915512
571.282471,106.443169,63.139084,164.915512
571.729980,106.638100,63.139084,164.915512
571.415588,106.088127,63.139084,164.915512
571.930725,106.261879,63.139084,164.915512
571.735291,106.518196,63.139084,164.915512
571.493835,106.799843,63.139084,164.915512
571.313721,106.375328,63.139084,164.915512
571.965637,106.725075,63.139084,164.915512
571.861328,106.177223,63.139084,164.915512
571.562683,106.507469,63.139084,164.915512
571.328552,106.639610,63.139084,164.915512
571.959534,106.178169,63.139084,164.915512
571.822327,106.477074,63.139084,164.915512
571.793213,106.637642,63.139084,164.915512
571.802856,106.228127,63.139084,164.915512
571.898560,106.361000,63.139084,164.915512
572.022217,106.439262,63.139084,164.915512
572.183838,106.546349,63.139084,164.915512
572.311829,106.023689,63.139084,164.915512
572.487244,106.346001,63.139084,164.915512
571.881836,106.637032,63.139084,164.915512
571.829834,106.379906,63.139084,164.915512
571.755371,106.768654,63.139084,164.915512
571.660950,106.598122,63.139084,164.915512
571.627441,106.404381,63.139084,164.915512
571.502441,106.870537,63.139084,164.915512
571.378662,106.592644,63.139084,164.915512
572.054443,106.331383,63.139084,164.915512
571.806091,106.809731,63.139084,164.915512
571.683899,106.524635,63.139084,164.915512
571.545776,107.019554,63.139084,164.915512
571.413818,106.742424,63.139084,164.915512
571.952087,106.538597,63.139084,164.915512
571.770142,107.064583,63.139084,164.915512
571.554077,106.831917,63.139084,164.915512
571.390686,106.610069,63.139084,164.915512
572.028137,106.423180,63.139084,164.915512
571.777588,106.958504,63.139084,164.915512
571.564697,106.829048,63.139084,164.915512
571.369202,106.688927,63.139084,164.915512
571.918823,106.533318,63.139084,164.915512
571.637207,107.060097,63.139084,164.915512
571.396729,106.965050,63.139084,164.915512
571.974060,106.757378,63.139084,164.915512
571.739624,106.572273,63.139084,164.915512
571.532227,106.378426,63.139084,164.915512
571.235168,106.985405,63.139084,164.915512
571.742981,106.833641,63.139084,164.915512
571.523804,106.599648,63.139084,164.915512
571.300781,106.254646,63.139084,164.915512
571.850891,106.576454,63.139084,164.915512
571.605530,106.185097,63.139084,164.915512
571.384460,106.596870,63.139084,164.915512
571.940552,106.110237,63.139084,164.915512
571.652893,106.511635,63.139084,164.915512
571.384766,106.858543,63.139084,164.915512
571.901794,106.429024,63.139084,164.915512
571.583252,106.718025,63.139084,164.915512
571.293030,106.329185,63.139084,164.915512
571.828308,106.627129,63.139084,164.915512
571.527344,106.274162,63.139084,164.915512
571.207825,106.615227,63.139084,164.915512
571.678284,106.190254,63.139084,164.915512
571.378418,106.469002,63.139084,164.915512
571.844055,106.718834,63.139084,164.915512
571.672546,106.348427,63.139084,164.915512
571.317993,106.693794,63.139084,164.915512
571.898315,106.182091,63.139084,164.915512
571.622192,106.471184,63.139084,164.915512
571.220093,106.736305,63.139084,164.915512
571.717529,106.281868,63.139084,164.915512
571.380615,106.551582,63.139084,164.915512
571.814453,106.076988,63.139084,164.915512
571.514343,106.459175,63.139084,164.915512
571.139587,106.660759,63.139084,164.915512
571.615845,106.238411,63.139084,164.915512
571.257996,106.564751,63.139084,164.915512
571.620178,106.117485,63.139084,164.915512
571.276733,106.420113,63.139084,164.915512
571.607605,106.620644,63.139084,164.915512
571.264954,106.211174,63.139084,164.915512
571.643799,106.534172,63.139084,164.915512
571.244629,106.842049,63.139084,164.915512
571.658875,106.313484,63.139084,164.915512
571.283386,106.695229,63.139084,164.915512
571.698364,106.205605,63.139084,164.915512
571.321777,106.467155,63.139084,164.915512
571.695679,106.739326,63.139084,164.915512
571.333557,106.219017,63.139084,164.915512
571.636780,106.511024,63.139084,164.915512
571.192627,106.810417,63.139084,164.915512
571.625854,106.277672,63.139084,164.915512
571.212097,106.566856,63.139084,164.915512
571.593201,106.066658,63.139084,164.915512
571.250366,106.261330,63.139084,164.915512
571.700562,106.403862,63.139084,164.915512
571.295227,106.525566,63.139084,164.915512
571.651428,106.669716,63.139084,164.915512
571.339539,106.210960,63.139084,164.915512
571.646301,106.448463,63.139084,164.915512
571.214783,106.582634,63.139084,164.915512
571.612732,105.961281,63.139084,164.915512
571.247314,106.125816,63.139084,164.915512
571.574402,106.291893,63.139084,164.915512
571.191589,106.506737,63.139084,164.915512
571.493408,106.541451,63.139084,164.915512
571.143433,106.743538,63.139084,164.915512
571.557495,106.080025,63.139084,164.915512
571.138916,106.296196,63.139084,164.915512
571.460266,106.370186,63.139084,164.915512
570.992615,106.619453,63.139084,164.915512
571.350403,106.003014,63.139084,164.915512
571.674011,106.133690,63.139084,164.915512
571.279968,106.372505,63.139084,164.915512
571.708923,106.439461,63.139084,164.915512
571.393188,106.623604,63.139084,164.915512
571.763123,106.025429,63.139084,164.915512
571.373352,106.235374,63.139084,164.915512
571.608093,106.417610,63.139084,164.915512
571.239441,106.563972,63.139084,164.915512
571.602661,105.975822,63.139084,164.915512
571.223999,106.116783,63.139084,164.915512
571.508240,106.227028,63.139084,164.915512
571.087219,106.367104,63.139084,164.915512
571.433472,106.488609,63.139084,164.915512
571.030945,106.631248,63.139084,164.915512
571.389648,105.946648,63.139084,164.915512
571.697876,105.910286,63.139084,164.915512
571.288269,106.096718,63.139084,164.915512
571.591675,106.205330,63.139084,164.915512
571.193359,106.303185,63.139084,164.915512
571.437012,106.411095,63.139084,164.915512
570.986328,106.527611,63.139084,164.915512
571.296875,106.647011,63.139084,164.915512
571.447021,104.901924,64.401863,168.213821
571.626709,105.985283,63.139084,164.915512
571.230774,106.077080,63.139084,164.915512
571.512024,106.209175,63.139084,164.915512
571.069824,106.314232,63.139084,164.915512
571.292664,106.423485,63.139084,164.915512
571.552551,106.537453,63.139084,164.915512
571.068604,106.693382,63.139084,164.915512
571.353027,106.014534,63.139084,164.915512
571.666626,106.041130,63.139084,164.915512
571.211426,106.116280,63.139084,164.915512
571.494385,106.126213,63.139084,164.915512
571.049438,106.238380,63.139084,164.915512
571.327759,106.317818,63.139084,164.915512
571.586243,106.380470,63.139084,164.915512
571.076843,106.483070,63.139084,164.915512
571.286438,106.550789,63.139084,164.915512
571.593323,105.997063,63.139084,164.915512
571.139587,106.073265,63.139084,164.915512
571.405090,106.020409,63.139084,164.915512
571.615723,106.024544,63.139084,164.915512
571.111694,106.138206,63.139084,164.915512
571.337952,106.199684,63.139084,164.915512
571.540894,106.199257,63.139084,164.915512
571.071777,106.234718,63.139084,164.915512
571.358459,106.251488,63.139084,164.915512
571.556152,106.195732,63.139084,164.915512
571.067871,106.238716,63.139084,164.915512
571.264648,106.196922,63.139084,164.915512
571.577515,106.247078,63.139084,164.915512
571.183655,106.204659,63.139084,164.915512
571.481567,106.178703,63.139084,164.915512
571.133118,106.268822,63.139084,164.915512
571.503784,106.250343,63.139084,164.915512
571.213196,106.192696,63.139084,164.915512
571.558472,106.071312,63.139084,164.915512
571.316162,106.171898,63.139084,164.915512
571.761292,106.300423,63.139084,164.915512
571.476379,106.426094,63.139084,164.915512
571.209961,106.612602,63.139084,164.915512
571.575928,104.828651,64.401863,168.213821
572.027405,106.685783,63.139084,164.915512
571.681885,106.125145,63.139084,164.915512
571.392761,106.331123,63.139084,164.915512
571.756470,106.497856,63.139084,164.915512
571.468933,106.782387,63.139084,164.915512
571.151611,106.234917,63.139084,164.915512
571.575562,106.481453,63.139084,164.915512
571.290161,106.732582,63.139084,164.915512
571.451904,105.097801,64.401863,168.213821
571.761292,106.052742,63.139084,164.915512
571.465271,106.103386,63.139084,164.915512
571.219788,106.315880,63.139084,164.915512
571.760986,106.554008,63.139084,164.915512
571.505920,105.790718,63.139084,164.915512
571.284485,105.773720,63.139084,164.915512
571.853943,105.778908,63.139084,164.915512
571.678223,105.847206,63.139084,164.915512
571.490601,106.038002,63.139084,164.915512
571.368103,106.191017,63.139084,164.915512
571.977905,106.143456,63.139084,164.915512
571.818176,106.211494,63.139084,164.915512
571.511108,106.283607,63.139084,164.915512
571.219299,106.433372,63.139084,164.915512
571.603577,106.553764,63.139084,164.915512
571.207092,106.077080,63.139084,164.915512
571.576477,106.263863,63.139084,164.915512
571.221741,106.420906,63.139084,164.915512
571.475403,106.556190,63.139084,164.915512
571.081482,106.015450,63.139084,164.915512
571.401062,106.149940,63.139084,164.915512
571.685913,106.373695,63.139084,164.915512
571.349854,106.607628,63.139084,164.915512
571.435974,105.138466,64.401863,168.213821
571.712219,106.415764,63.139084,164.915512
571.337158,106.668861,63.139084,164.915512
571.324341,105.153709,64.401863,168.213821
571.460327,106.294426,63.139084,164.915512
571.042725,106.543785,63.139084,164.915512
571.192566,104.989372,64.401863,168.213821
571.426880,106.077446,63.139084,164.915512
571.652283,106.179329,63.139084,164.915512
571.331787,106.336678,63.139084,164.915512
571.634583,106.437386,63.139084,164.915512
571.182129,106.502922,63.139084,164.915512
571.392212,106.573311,63.139084,164.915512
571.359070,104.998726,64.401863,168.213821
571.457520,106.192818,63.139084,164.915512
570.785767,106.556633,63.139084,164.915512
570.783936,105.061607,64.401863,168.213821
571.241821,105.161339,64.401863,168.213821
571.216797,106.327522,63.139084,164.915512
571.346069,106.638435,63.139084,164.915512
571.294189,105.092430,64.401863,168.213821
571.330627,106.213890,63.139084,164.915512
571.542175,106.392265,63.139084,164.915512
571.032104,106.600044,63.139084,164.915512
571.088074,105.112221,64.401863,168.213821
571.180908,106.266640,63.139084,164.915512
571.345398,106.437401,63.139084,164.915512
571.626526,106.532387,63.139084,164.915512
571.133057,106.906075,63.139084,164.915512
571.096680,105.352669,64.401863,168.213821
571.234985,106.462532,63.139084,164.915512
571.337402,106.554619,63.139084,164.915512
571.237793,104.900459,64.401863,168.213821
571.259277,105.907234,63.139084,164.915512
571.249512,105.898567,63.139084,164.915512
571.365051,105.965431,63.139084,164.915512
571.438965,106.096413,63.139084,164.915512
570.858704,106.289635,63.139084,164.915512
570.971130,106.392082,63.139084,164.915512
571.067505,106.543404,63.139084,164.915512
570.950684,105.201454,64.401863,168.213821
570.869995,106.543633,63.139084,164.915512
570.613464,105.107719,64.401863,168.213821
571.014893,105.220116,64.401863,168.213821
570.797791,106.512321,63.139084,164.915512
570.708984,106.712578,63.139084,164.915512
570.417175,105.066093,64.401863,168.213821
570.830627,105.092522,64.401863,168.213821
570.717102,106.307594,63.139084,164.915512
570.709351,106.414589,63.139084,164.915512
570.655212,106.588936,63.139084,164.915512
570.521240,105.094276,64.401863,168.213821
570.931763,105.141563,64.401863,168.213821
570.990845,106.407845,63.139084,164.915512
571.095703,106.473015,63.139084,164.915512
571.004639,106.664238,63.139084,164.915512
570.865845,105.119865,64.401863,168.213821
570.969482,106.217339,63.139084,164.915512
571.008423,106.467827,63.139084,164.915512
571.129395,106.603401,63.139084,164.915512
571.037048,104.946022,64.401863,168.213821
571.265259,106.107979,63.139084,164.915512
571.273010,106.575920,63.139084,164.915512
571.135925,105.012886,64.401863,168.213821
571.149475,106.324135,63.139084,164.915512
571.233826,106.780678,63.139084,164.915512
570.997925,105.411003,64.401863,168.213821
570.886353,106.812630,63.139084,164.915512
570.684204,105.410698,64.401863,168.213821
571.093079,105.491310,64.401863,168.213821
571.056091,106.754555,63.139084,164.915512
570.743958,105.353432,64.401863,168.213821
571.087952,105.666695,64.401863,168.213821
570.963928,106.932838,63.139084,164.915512
570.577576,105.539452,64.401863,168.213821
570.889343,105.721809,64.401863,168.213821
570.676636,107.105034,63.139084,164.915512
570.316772,105.686775,64.401863,168.213821
570.561340,105.640572,64.401863,168.213821
570.852417,105.656532,64.401863,168.213821
570.584167,106.744545,63.139084,164.915512
570.201294,105.187691,64.401863,168.213821
570.640686,105.227821,64.401863,168.213821
570.800476,105.279320,64.401863,168.213821
570.455811,106.512596,63.139084,164.915512
570.340332,106.860191,63.139084,164.915512
571.073792,106.433205,63.139084,164.915512
570.834900,106.778740,63.139084,164.915512
570.353149,105.386345,64.401863,168.213821
570.558899,105.619392,64.401863,168.213821
570.728455,105.927345,64.401863,168.213821
570.943542,105.322151,64.401863,168.213821
570.700806,106.687935,63.139084,164.915512
570.294800,105.393517,64.401863,168.213821
570.343750,105.610695,64.401863,168.213821
570.503540,105.892220,64.401863,168.213821
570.631470,106.196342,64.401863,168.213821
570.872620,105.723778,64.401863,168.213821
570.536255,107.033348,63.139084,164.915512
570.113586,105.666801,64.401863,168.213821
570.173401,105.962578,64.401863,168.213821
570.188293,105.511513,64.401863,168.213821
570.125183,105.882866,64.401863,168.213821
570.103455,106.194801,64.401863,168.213821
570.068115,105.793037,64.401863,168.213821
570.094482,106.144768,64.401863,168.213821
570.134460,105.748909,64.401863,168.213821
570.060730,105.969002,64.401863,168.213821
570.012024,105.542351,64.401863,168.213821
569.934814,105.833778,64.401863,168.213821
569.908447,106.175407,64.401863,168.213821
569.834656,105.689690,64.401863,168.213821
569.680725,106.043251,64.401863,168.213821
570.348328,105.490288,64.401863,168.213821
570.175354,105.784035,64.401863,168.213821
569.940796,106.127785,64.401863,168.213821
569.838745,105.658821,64.401863,168.213821
569.648499,105.971413,64.401863,168.213821
570.453369,105.510124,64.401863,168.213821
570.383545,105.924583,64.401863,168.213821
570.299316,105.496300,64.401863,168.213821
570.288086,105.957466,64.401863,168.213821
570.234802,105.586937,64.401863,168.213821
570.224976,106.027260,64.401863,168.213821
570.132019,105.733971,64.401863,168.213821
570.001892,106.077766,64.401863,168.213821
569.881836,105.723564,64.401863,168.213821
569.725342,106.058525,64.401863,168.213821
570.343750,105.563530,64.401863,168.213821
570.158142,105.845299,64.401863,168.213821
570.086914,106.228035,64.401863,168.213821
570.109192,105.858742,64.401863,168.213821
570.131592,106.146034,64.401863,168.213821
570.177368,105.811928,64.401863,168.213821
570.213135,106.283379,64.401863,168.213821
570.260437,105.954185,64.401863,168.213821
570.290100,105.668877,64.401863,168.213821
570.263855,106.113853,64.401863,168.213821
570.257812,105.813316,64.401863,168.213821
570.274841,106.265739,64.401863,168.213821
570.277161,105.969948,64.401863,168.213821
570.159546,105.790855,64.401863,168.213821
570.017273,106.169441,64.401863,168.213821
569.867004,105.897362,64.401863,168.213821
569.690430,105.519920,64.401863,168.213821
570.201294,105.916252,64.401863,168.213821
569.848206,105.533546,64.401863,168.213821
569.277344,105.850807,64.401863,168.213821
569.688843,106.220833,64.401863,168.213821
570.023193,105.584831,64.401863,168.213821
569.581726,105.671944,64.401863,168.213821
570.156616,105.835991,64.401863,168.213821
569.753662,106.022804,64.401863,168.213821
570.137939,105.439400,64.401863,168.213821
569.787781,105.806648,64.401863,168.213821
570.236572,106.163155,64.401863,168.213821
569.820740,105.875465,64.401863,168.213821
569.267822,106.359093,64.401863,168.213821
569.583923,106.116890,64.401863,168.213821
569.950378,105.973717,64.401863,168.213821
569.596619,105.619499,64.401863,168.213821
569.971069,105.979652,64.401863,168.213821
569.575928,105.645714,64.401863,168.213821
570.024597,106.047997,64.401863,168.213821
569.610352,105.674812,64.401863,168.213821
569.990051,106.090965,64.401863,168.213821
569.557556,105.782814,64.401863,168.213821
569.742432,106.372749,64.401863,168.213821
569.850342,106.178749,64.401863,168.213821
569.328796,105.954384,64.401863,168.213821
569.351562,105.783104,64.401863,168.213821
569.493530,106.323219,64.401863,168.213821
569.694092,106.099678,64.401863,168.213821
569.702454,105.921974,64.401863,168.213821
569.868774,105.817970,64.401863,168.213821
569.256470,106.435173,64.401863,168.213821
569.377441,106.380150,64.401863,168.213821
569.414124,106.442055,64.401863,168.213821
569.506470,106.550362,64.401863,168.213821
569.415405,106.582863,64.401863,168.213821
569.391663,106.686501,64.401863,168.213821
569.294189,106.640755,64.401863,168.213821
569.322266,106.449791,64.401863,168.213821
569.316345,106.202736,64.401863,168.213821
569.299988,106.001900,64.401863,168.213821
569.288269,105.885170,64.401863,168.213821
569.258789,106.482765,64.401863,168.213821
569.242554,106.309792,64.401863,168.213821
569.321045,106.207512,64.401863,168.213821
569.310425,106.001305,64.401863,168.213821
569.367126,105.879478,64.401863,168.213821
569.205322,106.523125,64.401863,168.213821
569.080811,106.379036,64.401863,168.213821
569.057861,106.126793,64.401863,168.213821
569.002258,105.940529,64.401863,168.213821
568.862000,105.772362,64.401863,168.213821
568.880310,106.373604,64.401863,168.213821
568.920532,106.159447,64.401863,168.213821
568.924377,106.145653,64.401863,168.213821
568.998413,106.171822,64.401863,168.213821
569.020203,106.322777,64.401863,168.213821
569.095154,106.379234,64.401863,168.213821
569.049500,106.487663,64.401863,168.213821
569.101562,106.632149,64.401863,168.213821
569.069336,106.708183,64.401863,168.213821
569.084045,106.775368,64.401863,168.213821
569.030029,106.751167,64.401863,168.213821
568.949280,106.742729,64.401863,168.213821
568.893188,106.608391,64.401863,168.213821
568.798950,106.646873,64.401863,168.213821
569.421875,106.659431,64.401863,168.213821
569.232361,106.697243,64.401863,168.213821
568.976196,106.472755,64.401863,168.213821
568.826782,106.385674,64.401863,168.213821
568.667297,106.279121,64.401863,168.213821
569.181152,105.908531,64.401863,168.213821
568.992188,105.577721,64.401863,168.213821
568.899963,105.901039,64.401863,168.213821
568.833069,105.746132,64.401863,168.213821
568.747009,106.226524,64.401863,168.213821
569.368591,106.019081,64.401863,168.213821
569.147339,105.731209,64.401863,168.213821
568.897644,106.125023,64.401863,168.213821
568.676941,105.976707,64.401863,168.213821
569.270081,105.712868,64.401863,168.213821
569.192261,106.130714,64.401863,168.213821
569.048035,105.794121,64.401863,168.213821
569.027588,106.303505,64.401863,168.213821
568.967590,106.084541,64.401863,168.213821
568.895569,105.779152,64.401863,168.213821
568.898376,106.383125,64.401863,168.213821
568.741211,106.267616,64.401863,168.213821
569.288696,105.980156,64.401863,168.213821
568.969177,105.659706,64.401863,168.213821
568.605652,105.936211,64.401863,168.213821
568.916199,105.496971,64.401863,168.213821
568.547180,105.554024,64.401863,168.213821
568.855652,105.761086,64.401863,168.213821
568.539368,105.817863,64.401863,168.213821
569.003662,106.075142,64.401863,168.213821
568.915955,105.484001,64.401863,168.213821
568.846863,105.573814,64.401863,168.213821
568.899536,105.727730,64.401863,168.213821
569.070129,105.883904,64.401863,168.213821
569.229980,105.914848,64.401863,168.213821
569.431946,105.144051,64.401863,168.213821
569.721680,104.961098,64.401863,168.213821
570.073730,104.960930,64.401863,168.213821
569.466187,105.121346,64.401863,168.213821
569.777954,105.041161,64.401863,168.213821
570.216248,105.253441,64.401863,168.213821
569.827454,105.438637,64.401863,168.213821
569.449768,105.624809,64.401863,168.213821
570.007751,105.809181,64.401863,168.213821
569.868347,106.067543,64.401863,168.213821
569.796509,105.549385,64.401863,168.213821
570.318665,105.762123,64.401863,168.213821
569.888794,106.146202,64.401863,168.213821
569.482361,105.838844,64.401863,168.213821
569.804077,105.989967,64.401863,168.213821
569.480652,105.604805,64.401863,168.213821
569.789978,106.016304,64.401863,168.213821
570.115967,105.871513,64.401863,168.213821
569.619324,106.576408,64.401863,168.213821
569.817261,106.339149,64.401863,168.213821
569.435486,106.209969,64.401863,168.213821
569.634705,106.142174,64.401863,168.213821
569.800110,105.967949,64.401863,168.213821
569.322449,105.711815,64.401863,168.213821
569.566467,106.110359,64.401863,168.213821
569.838745,105.841911,64.401863,168.213821
569.242493,106.329918,64.401863,168.213821
569.540710,106.064323,64.401863,168.213821
569.826050,105.841087,64.401863,168.213821
569.303711,106.475090,64.401863,168.213821
569.675476,106.278664,64.401863,168.213821
570.018738,106.098137,64.401863,168.213821
569.616699,105.910011,64.401863,168.213821
570.037903,105.707466,64.401863,168.213821
569.621033,106.281487,64.401863,168.213821
569.959473,106.038582,64.401863,168.213821
569.576904,105.751442,64.401863,168.213821
569.897766,106.174339,64.401863,168.213821
569.565430,105.881020,64.401863,168.213821
569.900879,106.251762,64.401863,168.213821
569.624573,106.038521,64.401863,168.213821
570.021729,105.805473,64.401863,168.213821
569.723083,106.289146,64.401863,168.213821
570.211304,105.920555,64.401863,168.213821
569.964478,105.554054,64.401863,168.213821
569.670654,105.923042,64.401863,168.213821
570.304016,105.553200,64.401863,168.213821
570.019958,106.135307,64.401863,168.213821
569.972229,106.020119,64.401863,168.213821
569.715332,105.942177,64.401863,168.213821
570.170471,105.848228,64.401863,168.213821
569.860535,106.605919,64.401863,168.213821
569.515869,106.521782,64.401863,168.213821
569.855103,106.541740,64.401863,168.213821
569.503784,106.409081,64.401863,168.213821
569.950562,106.350441,64.401863,168.213821
569.631042,106.208809,64.401863,168.213821
569.924927,106.112511,64.401863,168.213821
569.585144,105.944878,64.401863,168.213821
569.901001,105.827522,64.401863,168.213821
569.398804,106.421440,64.401863,168.213821
569.661072,106.383171,64.401863,168.213821
569.770142,106.231194,64.401863,168.213821
569.821350,106.212410,64.401863,168.213821
569.108154,106.177773,64.401863,168.213821
569.158081,106.103355,64.401863,168.213821
569.122070,106.069054,64.401863,168.213821
569.034241,105.958626,64.401863,168.213821
568.918274,105.884712,64.401863,168.213821
568.723022,106.470757,64.401863,168.213821
569.213867,106.414192,64.401863,168.213821
569.006348,106.308617,64.401863,168.213821
568.724121,106.271492,64.401863,168.213821
569.184692,106.290947,64.401863,168.213821
569.040955,106.239738,64.401863,168.213821
568.824036,106.191902,64.401863,168.213821
568.580444,106.125114,64.401863,168.213821
568.946960,106.103691,64.401863,168.213821
568.623596,106.038277,64.401863,168.213821
568.914856,106.111687,64.401863,168.213821
568.635071,106.078011,64.401863,168.213821
568.944824,106.124702,64.401863,168.213821
568.598633,106.117134,64.401863,168.213821
568.907715,106.169228,64.401863,168.213821
568.667053,106.186668,64.401863,168.213821
569.093445,106.220940,64.401863,168.213821
568.896423,106.179405,64.401863,168.213821
568.705261,106.121788,64.401863,168.213821
569.146729,106.152809,64.401863,168.213821
568.943115,106.172127,64.401863,168.213821
568.771667,106.188164,64.401863,168.213821
569.131775,106.147728,64.401863,168.213821
568.850037,106.127861,64.401863,168.213821
568.588623,106.104012,64.401863,168.213821
569.056946,106.092766,64.401863,168.213821
568.872070,106.043373,64.401863,168.213821
568.593445,105.988380,64.401863,168.213821
568.949158,106.019722,64.401863,168.213821
568.765747,105.978859,64.401863,168.213821
569.099365,105.883247,64.401863,168.213821
568.828613,106.546043,64.401863,168.213821
568.503967,106.445671,64.401863,168.213821
568.878540,106.325768,64.401863,168.213821
568.604004,106.190941,64.401863,168.213821
568.962097,106.066566,64.401863,168.213821
568.666016,105.927635,64.401863,168.213821
568.952820,105.778923,64.401863,168.213821
568.660645,106.465553,64.401863,168.213821
568.938477,106.372780,64.401863,168.213821
568.602051,106.281288,64.401863,168.213821
568.843750,106.190254,64.401863,168.213821
568.446228,106.094749,64.401863,168.213821
568.682251,106.014565,64.401863,168.213821
568.911255,106.027428,64.401863,168.213821
568.537231,105.935875,64.401863,168.213821
568.759644,105.945091,64.401863,168.213821
568.949951,105.837715,64.401863,168.213821
568.389282,106.422325,64.401863,168.213821
568.559265,106.351601,64.401863,168.213821
568.694763,106.314003,64.401863,168.213821
568.869202,106.187584,64.401863,168.213821
568.393188,106.048637,64.401863,168.213821
568.524292,105.957161,64.401863,168.213821
568.684265,105.903252,64.401863,168.213821
568.855591,105.799980,64.401863,168.213821
568.344360,106.450432,64.401863,168.213821
568.434509,106.297813,64.401863,168.213821
568.507996,106.180901,64.401863,168.213821
568.506348,106.086861,64.401863,168.213821
568.599792,106.004295,64.401863,168.213821
568.672913,105.913063,64.401863,168.213821
568.723022,105.856743,64.401863,168.213821
568.681824,106.529182,64.401863,168.213821
568.680298,106.425179,64.401863,168.213821
568.588806,106.316643,64.401863,168.213821
568.669556,106.242851,64.401863,168.213821
568.710327,106.147499,64.401863,168.213821
568.622314,106.038872,64.401863,168.213821
568.668457,105.892830,64.401863,168.213821
568.585266,106.565239,64.401863,168.213821
568.538757,106.390312,64.401863,168.213821
568.479126,106.393532,64.401863,168.213821
568.485413,106.266792,64.401863,168.213821
568.493347,106.179283,64.401863,168.213821
568.531006,106.103874,64.401863,168.213821
568.599121,106.091301,64.401863,168.213821
568.829956,106.157524,64.401863,168.213821
568.451660,106.167839,64.401863,168.213821
568.757629,106.259987,64.401863,168.213821
569.204651,106.407433,64.401863,168.213821
569.045410,106.597588,64.401863,168.213821
569.095947,106.790077,64.401863,168.213821
569.122253,107.025291,64.401863,168.213821
569.476624,106.300819,64.401863,168.213821
569.963501,106.271004,64.401863,168.213821
569.596680,106.413872,64.401863,168.213821
570.250244,106.425758,64.401863,168.213821
570.066406,106.388176,64.401863,168.213821
569.853455,106.551292,64.401863,168.213821
569.652710,106.683907,64.401863,168.213821
570.116333,106.900215,64.401863,168.213821
569.444275,106.824577,64.401863,168.213821
569.619080,107.365608,64.401863,168.213821
569.553162,106.896523,64.401863,168.213821
569.343628,106.122948,64.401863,168.213821
569.161377,105.869682,64.401863,168.213821
569.070862,105.822197,64.401863,168.213821
569.181458,105.372841,64.401863,168.213821
569.249329,105.005928,64.401863,168.213821
569.116577,104.879341,64.401863,168.213821
570.039673,104.953804,64.401863,168.213821
569.453064,105.162422,64.401863,168.213821
569.750488,105.559288,64.401863,168.213821
569.820435,106.087608,64.401863,168.213821
569.280518,105.893257,64.401863,168.213821
569.655151,105.690834,64.401863,168.213821
570.387390,107.048271,63.139084,164.915512
570.381653,106.733238,63.139084,164.915512
570.493652,106.156609,63.139084,164.915512
570.118469,107.201431,61.901062,161.681885
570.455200,106.797211,61.901062,161.681885
570.723694,107.145050,61.901062,161.681885
570.812073,107.607941,61.901062,161.681885
570.598389,107.678284,61.901062,161.681885
570.007202,108.028610,61.901062,161.681885
570.313782,108.514526,61.901062,161.681885
569.252380,107.029686,63.139084,164.915512
568.970886,106.031593,64.401863,168.213821
568.987427,105.969429,64.401863,168.213821
569.529846,106.185524,64.401863,168.213821
570.104431,106.427956,64.401863,168.213821
569.801086,106.768272,64.401863,168.213821
569.198425,107.152245,64.401863,168.213821
569.209778,106.770882,64.401863,168.213821
569.216125,106.897911,64.401863,168.213821
568.894653,106.191170,64.401863,168.213821
568.087585,106.157860,64.401863,168.213821
567.876404,106.181221,64.401863,168.213821
567.561096,106.147835,64.401863,168.213821
568.072388,106.057732,64.401863,168.213821
567.745178,106.030174,64.401863,168.213821
568.274231,106.041573,64.401863,168.213821
567.881897,105.980782,64.401863,168.213821
567.382202,105.961403,64.401863,168.213821
567.814819,105.937477,64.401863,168.213821
567.419250,105.936073,64.401863,168.213821
567.722778,105.992790,64.401863,168.213821
568.009583,105.951622,64.401863,168.213821
567.522461,105.968666,64.401863,168.213821
567.875977,105.923164,64.401863,168.213821
567.359680,105.851860,64.401863,168.213821
567.568787,106.540367,64.401863,168.213821
567.864929,106.593880,64.401863,168.213821
567.365967,106.481316,64.401863,168.213821
567.605103,106.596886,64.401863,168.213821
567.871460,106.700752,64.401863,168.213821
567.341370,106.740730,64.401863,168.213821
567.688049,106.937431,64.401863,168.213821
567.893677,106.038750,64.401863,168.213821
567.368347,106.077293,64.401863,168.213821
567.711853,106.186119,64.401863,168.213821
567.990051,106.115089,64.401863,168.213821
567.413757,105.977303,64.401863,168.213821
567.699219,105.975456,64.401863,168.213821
568.044800,105.930016,64.401863,168.213821
567.512329,105.883659,64.401863,168.213821
567.845642,106.553490,64.401863,168.213821
567.390259,106.500557,64.401863,168.213821
567.727661,106.469673,64.401863,168.213821
568.115723,106.555992,64.401863,168.213821
567.699768,106.542671,64.401863,168.213821
568.198486,106.613701,64.401863,168.213821
567.883850,106.632225,64.401863,168.213821
567.550232,106.677376,64.401863,168.213821
568.135315,106.697838,64.401863,168.213821
567.826294,106.762138,64.401863,168.213821
567.632996,106.903328,64.401863,168.213821
568.229309,106.044594,64.401863,168.213821
568.070801,106.081993,64.401863,168.213821
567.863708,106.125633,64.401863,168.213821
567.718567,106.145729,64.401863,168.213821
568.459900,106.205482,64.401863,168.213821
568.324341,106.237984,64.401863,168.213821
568.183350,106.218498,64.401863,168.213821
568.046875,106.196480,64.401863,168.213821
567.956299,106.233238,64.401863,168.213821
567.863831,106.295601,64.401863,168.213821
567.726685,106.291664,64.401863,168.213821
568.579285,106.317024,64.401863,168.213821
568.525513,106.304314,64.401863,168.213821
568.554138,106.297890,64.401863,168.213821
568.518188,106.309959,64.401863,168.213821
568.505066,106.229713,64.401863,168.213821
568.449768,106.255180,64.401863,168.213821
568.422485,106.198051,64.401863,168.213821
568.416016,106.067451,64.401863,168.213821
568.394470,105.984901,64.401863,168.213821
568.370728,105.919319,64.401863,168.213821
568.331848,105.823357,64.401863,168.213821
568.299500,106.628853,64.401863,168.213821
568.284058,106.640205,64.401863,168.213821
568.306580,106.572334,64.401863,168.213821
568.323975,106.536568,64.401863,168.213821
568.307678,106.552040,64.401863,168.213821
568.298828,106.511955,64.401863,168.213821
568.317139,106.527504,64.401863,168.213821
568.264221,106.524071,64.401863,168.213821
568.276245,106.481880,64.401863,168.213821
568.292542,106.439064,64.401863,168.213821
568.327087,106.423729,64.401863,168.213821
568.332703,106.391838,64.401863,168.213821
568.357849,106.415169,64.401863,168.213821
568.330688,106.382118,64.401863,168.213821
568.312805,106.374992,64.401863,168.213821
568.342712,106.332756,64.401863,168.213821
568.398987,106.328346,64.401863,168.213821
568.390869,106.222954,64.401863,168.213821
568.495300,106.241722,64.401863,168.213821
568.494385,106.191841,64.401863,168.213821
568.426819,106.131187,64.401863,168.213821
568.438171,106.103233,64.401863,168.213821
568.521912,106.015160,64.401863,168.213821
568.598328,105.985847,64.401863,168.213821
568.625549,105.935555,64.401863,168.213821
568.683228,105.921120,64.401863,168.213821
568.741272,105.973015,64.401863,168.213821
568.753967,105.959221,64.401863,168.213821
568.813538,105.883980,64.401863,168.213821
568.056030,106.391624,64.401863,168.213821
568.073730,106.360573,64.401863,168.213821
568.195374,106.249275,64.401863,168.213821
568.250671,106.197624,64.401863,168.213821
568.270203,106.083305,64.401863,168.213821
568.355530,106.032204,64.401863,168.213821
568.336914,105.975899,64.401863,168.213821
568.394409,105.884926,64.401863,168.213821
568.408936,106.576820,64.401863,168.213821
568.447083,106.478233,64.401863,168.213821
568.458618,106.430595,64.401863,168.213821
568.590393,106.259880,64.401863,168.213821
568.667603,106.140312,64.401863,168.213821
568.752991,105.935570,64.401863,168.213821
568.781555,105.786659,64.401863,168.213821
568.770447,106.436485,64.401863,168.213821
568.846680,106.352684,64.401863,168.213821
568.267273,106.260475,64.401863,168.213821
568.329224,106.085136,64.401863,168.213821
568.400391,105.976768,64.401863,168.213821
568.415833,105.790001,64.401863,168.213821
568.419312,106.385338,64.401863,168.213821
568.433167,106.230278,64.401863,168.213821
568.533936,106.020592,64.401863,168.213821
568.624146,105.840050,64.401863,168.213821
568.500977,106.422050,64.401863,168.213821
568.543213,106.250786,64.401863,168.213821
568.592346,106.022133,64.401863,168.213821
568.592468,105.905540,64.401863,168.213821
568.600342,105.766151,64.401863,168.213821
568.592407,106.243874,64.401863,168.213821
568.648682,106.004997,64.401863,168.213821
568.640625,105.756065,64.401863,168.213821
568.569519,106.397163,64.401863,168.213821
568.666748,106.230659,64.401863,168.213821
568.793152,106.065468,64.401863,168.213821
568.849487,105.946968,64.401863,168.213821
568.275452,105.779915,64.401863,168.213821
568.317383,106.360542,64.401863,168.213821
568.379578,106.240410,64.401863,168.213821
568.443542,106.184959,64.401863,168.213821
568.567322,106.047447,64.401863,168.213821
568.695312,105.928932,64.401863,168.213821
568.841919,105.776421,64.401863,168.213821
568.263306,106.273094,64.401863,168.213821
568.335144,106.117821,64.401863,168.213821
568.389893,105.892403,64.401863,168.213821
568.427795,106.523689,64.401863,168.213821
568.521057,106.426918,64.401863,168.213821
568.666260,106.256844,64.401863,168.213821
568.700989,106.124352,64.401863,168.213821
568.778198,105.913429,64.401863,168.213821
568.830078,105.700951,64.401863,168.213821
568.220703,106.115211,64.401863,168.213821
568.315796,106.018517,64.401863,168.213821
568.427856,105.877739,64.401863,168.213821
568.470947,106.690376,64.401863,168.213821
568.593506,106.514137,64.401863,168.213821
568.695862,106.368111,64.401863,168.213821
568.865540,106.220955,64.401863,168.213821
568.342285,106.227455,64.401863,168.213821
568.430908,106.198616,64.401863,168.213821
568.593872,106.180168,64.401863,168.213821
568.702759,106.163826,64.401863,168.213821
568.878601,106.112572,64.401863,168.213821
568.289185,106.049477,64.401863,168.213821
568.454651,105.909416,64.401863,168.213821
568.507141,105.832573,64.401863,168.213821
568.561768,106.599007,64.401863,168.213821
568.626404,106.466225,64.401863,168.213821
568.683838,106.360695,64.401863,168.213821
568.747986,106.284309,64.401863,168.213821
568.838257,106.219978,64.401863,168.213821
568.162659,106.168037,64.401863,168.213821
568.143127,106.001106,64.401863,168.213821
568.122742,106.010033,64.401863,168.213821
568.185425,105.948616,64.401863,168.213821
568.158630,105.846535,64.401863,168.213821
568.095642,106.485039,64.401863,168.213821
568.014282,106.406242,64.401863,168.213821
567.978333,106.426003,64.401863,168.213821
567.930054,106.400581,64.401863,168.213821
567.885925,106.344963,64.401863,168.213821
567.836060,106.267250,64.401863,168.213821
567.795776,106.288521,64.401863,168.213821
568.584900,106.392021,64.401863,168.213821
568.511658,106.407661,64.401863,168.213821
568.411133,106.309319,64.401863,168.213821
568.319641,106.205925,64.401863,168.213821
568.211121,106.194801,64.401863,168.213821
568.110840,106.144203,64.401863,168.213821
567.931763,106.082039,64.401863,168.213821
567.766785,106.133629,64.401863,168.213821
568.421631,106.185066,64.401863,168.213821
568.156433,106.163994,64.401863,168.213821
568.032471,106.072380,64.401863,168.213821
567.919373,106.110588,64.401863,168.213821
567.766907,105.999138,64.401863,168.213821
568.524902,106.029503,64.401863,168.213821
568.414673,106.004951,64.401863,168.213821
568.310730,105.780251,64.401863,168.213821
568.160461,106.498039,64.401863,168.213821
567.998108,106.388100,64.401863,168.213821
567.908813,106.326546,64.401863,168.213821
567.795410,106.350517,64.401863,168.213821
568.528809,106.407372,64.401863,168.213821
568.385193,106.419334,64.401863,168.213821
568.265259,106.309853,64.401863,168.213821
568.135071,106.181160,64.401863,168.213821
568.141113,106.104744,64.401863,168.213821
568.114441,106.015083,64.401863,168.213821
568.045593,105.969002,64.401863,168.213821
568.062805,105.900352,64.401863,168.213821
568.048218,105.955421,64.401863,168.213821
568.078430,105.951134,64.401863,168.213821
568.094727,105.939308,64.401863,168.213821
568.125488,105.934227,64.401863,168.213821
568.112061,105.900764,64.401863,168.213821
568.170410,105.910912,64.401863,168.213821
568.105042,105.833824,64.401863,168.213821
568.070496,106.635612,64.401863,168.213821
568.068726,106.530571,64.401863,168.213821
568.005371,106.497475,64.401863,168.213821
567.978088,106.548576,64.401863,168.213821
567.954529,106.485954,64.401863,168.213821
567.953247,106.447884,64.401863,168.213821
567.997375,106.408134,64.401863,168.213821
567.980652,106.454185,64.401863,168.213821
567.975403,106.443275,64.401863,168.213821
568.008972,106.400215,64.401863,168.213821
567.962585,106.338661,64.401863,168.213821
568.039429,106.284370,64.401863,168.213821
568.068481,106.159767,64.401863,168.213821
568.028381,106.011559,64.401863,168.213821
568.036316,105.921730,64.401863,168.213821
568.021973,105.811714,64.401863,168.213821
567.935486,106.546867,64.401863,168.213821
567.840942,106.439491,64.401863,168.213821
567.767212,106.283867,64.401863,168.213821
568.472107,106.254326,64.401863,168.213821
568.298340,106.052544,64.401863,168.213821
568.156555,105.862282,64.401863,168.213821
567.961792,106.503960,64.401863,168.213821
567.839783,106.391914,64.401863,168.213821
567.683167,106.146843,64.401863,168.213821
568.388977,106.084526,64.401863,168.213821
568.266235,105.956642,64.401863,168.213821
568.103271,105.780647,64.401863,168.213821
567.872131,106.415657,64.401863,168.213821
567.739746,106.317696,64.401863,168.213821
568.424805,106.303337,64.401863,168.213821
568.335754,106.119881,64.401863,168.213821
568.231934,105.948296,64.401863,168.213821
568.159668,105.754921,64.401863,168.213821
568.146179,106.522652,64.401863,168.213821
568.060242,106.489174,64.401863,168.213821
568.042053,106.329094,64.401863,168.213821
568.000977,106.184685,64.401863,168.213821
567.877197,106.087822,64.401863,168.213821
567.856445,106.028236,64.401863,168.213821
567.870789,105.986168,64.401863,168.213821
567.717834,105.767342,64.401863,168.213821
568.508423,106.397316,64.401863,168.213821
568.354919,106.100685,64.401863,168.213821
568.118103,105.828880,64.401863,168.213821
567.991028,106.443596,64.401863,168.213821
567.741333,106.199165,64.401863,168.213821
568.313171,106.110741,64.401863,168.213821
568.114868,105.928062,64.401863,168.213821
567.957642,105.762169,64.401863,168.213821
567.765503,106.336357,64.401863,168.213821
568.377441,106.326256,64.401863,168.213821
568.161621,106.114891,64.401863,168.213821
