1
207.500000,201.500000,61.000000,61.000000
207.500000,201.500000,61.000000,61.000000
207.500000,201.500000,61.000000,61.000000
198.500000,200.500000,63.000000,63.000000
194.000000,200.000000,64.000000,64.000000
189.500000,199.500000,65.000000,65.000000
185.000000,199.000000,66.000000,66.000000
184.500000,198.500000,67.000000,67.000000
184.500000,198.500000,67.000000,67.000000
188.500000,202.500000,67.000000,67.000000
187.500000,197.500000,69.000000,69.000000
195.000000,197.000000,70.000000,70.000000
199.000000,197.000000,70.000000,70.000000
198.000000,196.000000,72.000000,72.000000
197.000000,195.000000,74.000000,74.000000
193.000000,195.000000,74.000000,74.000000
192.500000,194.500000,75.000000,75.000000
183.500000,193.500000,77.000000,77.000000
183.000000,193.000000,78.000000,78.000000
187.000000,193.000000,78.000000,78.000000
187.500000,193.500000,77.000000,77.000000
187.500000,193.500000,77.000000,77.000000
191.500000,193.500000,77.000000,77.000000
199.500000,193.500000,77.000000,77.000000
203.500000,193.500000,77.000000,77.000000
220.000000,190.000000,76.000000,76.000000
220.000000,190.000000,76.000000,76.000000
224.000000,190.000000,76.000000,76.000000
224.000000,190.000000,76.000000,76.000000
228.500000,190.500000,75.000000,75.000000
228.500000,190.500000,75.000000,75.000000
232.500000,190.500000,75.000000,75.000000
236.500000,186.500000,75.000000,75.000000
253.500000,179.500000,73.000000,73.000000
257.500000,179.500000,73.000000,73.000000
257.500000,179.500000,73.000000,73.000000
257.500000,179.500000,73.000000,73.000000
257.500000,179.500000,73.000000,73.000000
257.500000,175.500000,73.000000,73.000000
257.500000,175.500000,73.000000,73.000000
253.000000,171.000000,74.000000,74.000000
249.000000,167.000000,74.000000,74.000000
244.500000,162.500000,75.000000,75.000000
240.500000,162.500000,75.000000,75.000000
240.500000,158.500000,75.000000,75.000000
236.000000,158.000000,76.000000,76.000000
232.000000,154.000000,76.000000,76.000000
224.000000,154.000000,76.000000,76.000000
215.500000,153.500000,77.000000,77.000000
207.500000,157.500000,77.000000,77.000000
183.500000,177.500000,77.000000,77.000000
179.500000,185.500000,77.000000,77.000000
175.500000,189.500000,77.000000,77.000000
180.000000,194.000000,76.000000,76.000000
184.000000,194.000000,76.000000,76.000000
188.000000,194.000000,76.000000,76.000000
196.000000,190.000000,76.000000,76.000000
200.000000,190.000000,76.000000,76.000000
204.500000,190.500000,75.000000,75.000000
229.000000,195.000000,74.000000,74.000000
233.000000,195.000000,74.000000,74.000000
237.000000,199.000000,74.000000,74.000000
241.000000,195.000000,74.000000,74.000000
241.000000,199.000000,74.000000,74.000000
245.500000,199.500000,73.000000,73.000000
245.000000,199.000000,74.000000,74.000000
249.000000,203.000000,74.000000,74.000000
256.500000,202.500000,75.000000,75.000000
263.500000,201.500000,77.000000,77.000000
267.500000,201.500000,77.000000,77.000000
271.000000,197.000000,78.000000,78.000000
275.000000,197.000000,78.000000,78.000000
275.000000,197.000000,78.000000,78.000000
279.500000,197.500000,77.000000,77.000000
279.000000,197.000000,78.000000,78.000000
283.000000,197.000000,78.000000,78.000000
312.000000,198.000000,76.000000,76.000000
319.500000,193.500000,77.000000,77.000000
324.000000,194.000000,76.000000,76.000000
324.000000,194.000000,76.000000,76.000000
328.000000,194.000000,76.000000,76.000000
328.000000,194.000000,76.000000,76.000000
331.500000,193.500000,77.000000,77.000000
332.000000,194.000000,76.000000,76.000000
347.000000,197.000000,78.000000,78.000000
351.000000,197.000000,78.000000,78.000000
355.000000,197.000000,78.000000,78.000000
359.000000,197.000000,78.000000,78.000000
363.000000,197.000000,78.000000,78.000000
366.500000,192.500000,79.000000,79.000000
378.500000,192.500000,79.000000,79.000000
382.500000,196.500000,79.000000,79.000000
386.500000,196.500000,79.000000,79.000000
386.000000,196.000000,80.000000,80.000000
394.000000,196.000000,80.000000,80.000000
405.500000,191.500000,81.000000,81.000000
413.500000,191.500000,81.000000,81.000000
421.000000,191.000000,82.000000,82.000000
432.500000,190.500000,83.000000,83.000000
432.000000,190.000000,84.000000,84.000000
435.500000,189.500000,85.000000,85.000000
435.000000,193.000000,86.000000,86.000000
434.000000,188.000000,88.000000,88.000000
433.500000,187.500000,89.000000,89.000000
433.000000,187.000000,90.000000,90.000000
428.500000,186.500000,91.000000,91.000000
428.000000,186.000000,92.000000,92.000000
428.000000,186.000000,92.000000,92.000000
427.500000,185.500000,93.000000,93.000000
431.500000,185.500000,93.000000,93.000000
434.500000,184.500000,95.000000,95.000000
442.000000,184.000000,96.000000,96.000000
456.000000,182.000000,100.000000,100.000000
464.000000,182.000000,100.000000,100.000000
463.500000,181.500000,101.000000,101.000000
467.000000,181.000000,102.000000,102.000000
468.000000,186.000000,100.000000,100.000000
468.000000,186.000000,100.000000,100.000000
468.000000,186.000000,100.000000,100.000000
468.000000,186.000000,100.000000,100.000000
467.500000,185.500000,101.000000,101.000000
464.000000,186.000000,100.000000,100.000000
471.500000,185.500000,101.000000,101.000000
462.500000,184.500000,103.000000,103.000000
458.500000,180.500000,103.000000,103.000000
462.500000,180.500000,103.000000,103.000000
462.500000,180.500000,103.000000,103.000000
462.500000,180.500000,103.000000,103.000000
462.500000,180.500000,103.000000,103.000000
2
0
0
0
0
1
529.000000,134.000000,98.000000,98.000000
536.500000,129.500000,99.000000,99.000000
536.500000,129.500000,99.000000,99.000000
533.000000,126.000000,98.000000,98.000000
530.500000,127.500000,95.000000,95.000000
526.500000,131.500000,95.000000,95.000000
528.000000,133.000000,92.000000,92.000000
524.000000,133.000000,92.000000,92.000000
524.500000,129.500000,91.000000,91.000000
521.000000,134.000000,90.000000,90.000000
537.000000,138.000000,90.000000,90.000000
545.000000,134.000000,90.000000,90.000000
555.000000,135.000000,90.000000,90.000000
553.000000,135.000000,90.000000,90.000000
543.000000,135.000000,90.000000,90.000000
531.000000,134.000000,90.000000,90.000000
518.000000,136.000000,90.000000,90.000000
509.000000,139.000000,90.000000,90.000000
498.500000,140.500000,87.000000,87.000000
486.500000,148.500000,87.000000,87.000000
480.000000,146.000000,92.000000,92.000000
2
0
0
0
0
1
2
0
0
0
0
1
333.000000,300.000000,112.000000,112.000000
336.500000,299.500000,113.000000,113.000000
325.000000,304.000000,112.000000,112.000000
324.000000,303.000000,114.000000,114.000000
331.500000,302.500000,115.000000,115.000000
367.500000,290.500000,99.000000,99.000000
371.000000,306.000000,100.000000,100.000000
367.000000,290.000000,100.000000,100.000000
366.500000,289.500000,101.000000,101.000000
364.500000,295.500000,97.000000,97.000000
2
0
0
0
0
1
355.000000,390.000000,34.000000,34.000000
354.500000,389.500000,35.000000,35.000000
355.000000,390.000000,34.000000,34.000000
355.000000,390.000000,34.000000,34.000000
355.000000,390.000000,34.000000,34.000000
355.000000,390.000000,34.000000,34.000000
355.000000,390.000000,34.000000,34.000000
355.000000,390.000000,34.000000,34.000000
355.000000,390.000000,34.000000,34.000000
355.000000,390.000000,34.000000,34.000000
355.000000,390.000000,34.000000,34.000000
355.000000,390.000000,34.000000,34.000000
355.000000,390.000000,34.000000,34.000000
355.000000,390.000000,34.000000,34.000000
355.000000,390.000000,34.000000,34.000000
355.000000,390.000000,34.000000,34.000000
355.000000,390.000000,34.000000,34.000000
354.500000,389.500000,35.000000,35.000000
355.000000,390.000000,34.000000,34.000000
355.000000,390.000000,34.000000,34.000000
355.000000,390.000000,34.000000,34.000000
355.000000,390.000000,34.000000,34.000000
355.000000,390.000000,34.000000,34.000000
355.000000,390.000000,34.000000,34.000000
355.000000,390.000000,34.000000,34.000000
355.000000,390.000000,34.000000,34.000000
355.000000,390.000000,34.000000,34.000000
355.000000,390.000000,34.000000,34.000000
355.000000,390.000000,34.000000,34.000000
355.000000,390.000000,34.000000,34.000000
355.000000,390.000000,34.000000,34.000000
355.000000,390.000000,34.000000,34.000000
355.000000,390.000000,34.000000,34.000000
355.000000,390.000000,34.000000,34.000000
355.000000,390.000000,34.000000,34.000000
355.000000,390.000000,34.000000,34.000000
355.000000,390.000000,34.000000,34.000000
355.000000,390.000000,34.000000,34.000000
355.000000,390.000000,34.000000,34.000000
354.500000,389.500000,35.000000,35.000000
354.500000,389.500000,35.000000,35.000000
354.500000,389.500000,35.000000,35.000000
2
0
0
0
0
1
184.500000,201.500000,95.000000,95.000000
169.500000,202.500000,93.000000,93.000000
161.500000,202.500000,93.000000,93.000000
158.000000,203.000000,92.000000,92.000000
146.000000,207.000000,92.000000,92.000000
