0.55594
0.042731
0.044277
0.04318
0.041635
0.040909
0.045017
0.044287
0.044482
0.033169
0.017192
0.015201
0.015509
0.015528
0.04386
0.014595
0.015308
0.014642
0.032467
0.01744
0.06441
0.014973
0.016117
0.016045
0.015106
0.015723
0.044372
0.015066
0.016736
0.016502
0.015858
0.014905
0.042368
0.015716
0.015322
0.015607
0.01546
0.015724
0.043295
0.015386
0.014988
0.015093
0.015784
0.015609
0.042948
0.014632
0.014642
0.015444
0.015303
0.015992
0.043508
0.01824
0.017705
0.017006
0.018226
0.017296
0.046623
0.017978
0.017055
0.031592
0.037508
0.024444
0.060768
0.017936
0.017886
0.017505
0.017142
0.017103
0.045643
0.016854
0.017992
0.020787
0.01727
0.017082
0.044402
0.017145
0.016913
0.017087
0.017213
0.016706
0.04371
0.017445
0.034059
0.018396
0.016704
0.016745
0.044657
0.01694
0.016649
0.016069
0.016206
0.016779
0.045411
0.01693
0.016617
0.017118
0.017113
0.016904
0.0438
0.017192
0.016394
0.016145
0.016221
0.016028
0.043974
0.015814
0.017032
0.026815
0.01655
0.016014
0.043421
0.015933
0.01589
0.016319
0.016995
0.015836
0.043735
0.016914
0.015432
0.017208
0.016631
0.017189
0.045563
0.016535
0.01635
0.015692
0.016609
0.016389
0.044326
0.016365
0.016712
0.016313
0.016486
0.016895
0.043894
0.016977
0.016414
0.017596
0.017207
0.017367
0.04338
0.015974
0.017354
0.017737
0.017434
0.018192
0.043299
0.016127
0.017212
0.045195
0.02713
0.027368
0.059447
0.015214
0.016258
0.016989
0.015583
0.015991
0.044413
0.016259
0.016329
0.016693
0.016518
0.016062
0.043523
0.015637
0.020054
0.015694
0.015645
0.015928
0.045072
0.01539
0.01639
0.0167
0.016634
0.015494
0.044043
0.015501
0.016671
0.016028
0.016085
0.015338
0.044739
0.015402
0.015434
0.016555
0.016284
0.016751
0.044296
0.015624
0.015735
0.016053
0.016452
0.016652
0.043733
0.016845
0.01635
0.016379
0.016123
0.014909
0.042845
0.016679
0.016913
0.017369
0.016306
0.016194
0.043364
0.016726
0.025315
0.029337
0.017138
0.016154
0.045786
0.016093
0.016632
0.015255
0.015891
0.016264
0.043377
0.015663
0.016031
0.016101
0.017204
0.01604
0.044273
0.016184
0.015816
0.015583
0.024407
0.019291
0.043288
0.016517
0.015268
0.01624
0.016178
0.015279
0.042649
0.015312
0.015752
0.01583
0.015947
0.016091
0.042924
0.014708
0.016177
0.015945
0.016162
0.016516
0.042775
0.016135
0.015547
0.015441
0.016228
0.016641
0.042696
0.018533
0.015423
0.015049
0.01641
0.016816
0.043958
0.015507
0.028264
0.018104
0.017471
0.02342
0.059338
0.016098
0.016165
0.015607
0.015804
0.016081
0.043361
0.016082
0.016207
0.016498
0.016116
0.01613
0.044013
0.014704
0.016684
0.015499
0.01588
0.016314
0.05552
0.016551
0.016545
0.018133
0.01637
0.017593
0.043906
0.023017
0.015204
0.014862
0.016803
0.01839
0.043223
0.016331
0.017866
0.015437
0.01526
0.015738
0.043893
0.015588
0.015966
0.015719
0.015616
0.016261
0.044291
0.016819
0.016792
0.016588
0.015133
0.016604
0.060127
0.015909
0.016264
0.017007
0.016232
0.015758
0.043966
0.015392
0.015967
0.016761
0.016429
0.019478
0.062097
0.015756
0.024418
0.016763
0.01533
0.015658
0.043266
0.015514
0.017236
0.016406
0.017055
0.015998
0.044262
0.01595
0.015585
0.015782
0.016286
0.015651
0.045612
0.016036
0.015981
0.015904
0.016305
0.017012
0.043388
0.015686
0.015837
0.015729
0.016494
0.016184
0.044224
0.015998
0.015544
0.018996
0.016904
0.016859
0.045174
0.015771
0.036859
0.01787
0.015926
0.017846
0.043631
0.016602
0.015566
0.015456
0.015449
0.016308
0.044903
0.015628
0.016558
0.01591
0.01667
0.015346
0.042532
0.014999
0.015261
0.016072
0.015403
0.02976
0.043208
0.015768
0.015733
0.016182
0.015909
0.014956
0.042983
0.015809
0.016666
0.015671
0.015416
0.016893
0.045125
0.016011
0.015112
0.016178
0.015251
0.015433
0.043709
0.015398
0.015323
0.016643
0.01671
0.016337
0.042513
0.016272
0.015504
0.015827
0.015874
0.015391
0.044907
0.015381
0.015074
0.015914
0.016137
0.016976
0.044401
0.01501
0.016166
0.021847
0.016481
0.015403
0.043962
0.015984
0.01518
0.01501
0.015656
0.016255
0.044975
0.015513
0.015136
0.015415
0.016954
0.016564
0.045607
0.016586
0.015787
0.016682
0.016314
0.016092
0.044762
0.015835
0.01681
0.01633
0.016579
0.015408
0.046203
0.01779
0.016651
0.016279
0.016043
0.017178
0.04466
0.016433
0.015591
0.016105
0.01655
0.016982
0.04989
0.018732
0.017416
0.017199
0.016512
0.016196
0.044063
0.015166
0.018058
0.016502
0.015934
0.017132
0.044629
0.016347
0.016681
0.018054
0.016186
0.017543
0.044974
0.017293
0.015753
0.016216
0.016632
0.017917
0.045015
0.01637
0.016291
0.016425
0.016145
0.016607
0.044903
0.017589
0.016419
0.016906
0.016303
0.017522
0.04436
0.016924
0.017364
0.015953
0.017308
0.016768
0.044977
0.016857
0.017096
0.016577
0.016333
0.016609
0.045006
0.016734
0.017266
0.017144
0.016903
0.016569
0.044454
0.015887
0.016575
0.016138
0.016133
0.016951
0.04471
0.017845
0.016639
0.017082
0.017059
0.016651
0.0454
0.016228
0.016405
0.01739
0.016488
0.016845
0.044417
0.017064
0.017178
0.016651
0.016521
0.016528
0.04453
0.016936
0.017183
0.016175
0.017079
0.01577
0.044992
0.01691
0.016789
0.016591
0.016057
0.017684
0.043982
0.015218
0.017339
0.017207
0.016652
0.016078
0.043438
0.016014
0.016138
0.016354
0.015897
0.016709
0.045327
0.016099
0.017621
0.016393
0.016397
0.016915
0.045512
0.016998
0.017133
0.017484
0.017371
0.017242
0.046256
0.017812
0.017686
0.017317
0.017669
0.01755
0.0447
0.016559
0.01598
0.017533
0.018235
0.018213
0.045649
0.016616
0.017644
0.017079
0.017669
0.017938
0.046253
0.019473
0.017133
0.017137
0.018019
0.017052
0.045795
0.016745
0.018039
0.016696
0.016769
0.016577
0.045296
0.017765
0.017516
0.018423
0.016654
0.017876
0.046047
0.0172
0.016942
0.018015
0.017384
0.017823
0.046325
0.018078
0.017636
0.018138
0.01782
0.017326
0.046145
0.018176
0.018462
0.017845
0.018452
0.018555
0.045823
0.01806
0.030612
0.018691
0.014729
0.015614
0.043466
0.01623
0.015233
0.014042
0.015435
0.015452
0.043725
0.015103
0.015386
0.015463
0.014739
0.015702
0.041732
0.014971
0.015522
0.016278
0.014998
0.016274
0.042368
0.015119
0.014489
0.01493
0.01444
0.015807
0.044134
0.014224
0.014566
0.014524
0.014483
0.015404
0.042793
0.015188
0.015779
0.015957
0.015021
0.016275
0.042993
0.015752
0.016093
0.015762
0.015171
0.01496
0.042159
0.014366
0.014728
0.014962
0.014485
0.015182
0.042662
0.015302
0.014881
0.014773
0.014903
0.015611
0.043443
0.016596
0.01612
0.016538
0.015991
0.014271
0.042703
0.014255
0.014627
0.01548
0.015993
0.015104
0.042424
0.015742
0.015675
0.015393
0.015792
0.015415
0.041182
0.015752
0.015664
0.015147
0.015211
0.016304
0.045261
0.017926
0.018461
0.017696
0.018205
0.01848
0.044321
0.017397
0.017792
0.017956
0.017413
0.01766
0.045662
0.018306
0.017901
0.017558
0.017112
0.018184
0.045105
0.017143
0.017379
0.016927
0.017203
0.017516
0.044014
0.01951
0.016896
0.016713
0.017129
0.017023
0.045023
0.016906
0.016845
0.01649
0.017027
0.017769
0.044279
0.016635
0.016496
0.016286
0.015839
0.017592
0.045247
0.016328
0.016044
0.016668
0.016891
0.01578
0.045466
0.016894
0.015879
0.016031
0.01599
0.017246
0.043392
0.015809
0.015683
0.016154
0.016096
0.016127
0.043525
0.016719
0.016217
0.015753
0.016313
0.015561
0.043522
0.016513
0.01576
0.015743
0.016676
0.016127
0.043284
0.016305
0.01517
0.016391
0.016674
0.016361
0.044167
0.015544
0.015093
0.026095
0.022895
0.015731
0.044566
0.017001
0.015754
0.017019
0.01698
0.016665
0.044285
0.016212
0.016025
0.017139
0.016004
0.016479
0.043183
0.01656
0.01623
0.016297
0.017145
0.017072
0.044131
0.016271
0.016549
0.01634
0.016228
0.015872
0.044815
0.015758
0.016571
0.016475
0.016788
0.016163
0.042218
0.016183
0.016114
0.015798
0.015453
0.015521
0.044787
0.015103
0.016065
0.01565
0.016591
0.016148
0.044521
0.015879
0.01648
0.017327
0.041755
0.038463
0.051685
0.016331
0.017625
0.017232
0.01604
0.015517
0.045591
0.016543
0.016373
0.017439
0.016938
0.017153
0.04412
0.016656
0.017489
0.016857
0.018059
0.017706
0.045469
0.017593
0.017772
0.015945
0.015003
0.015774
0.044455
0.014655
0.025514
0.018365
0.017904
0.015283
0.042588
0.015146
0.014294
0.015087
0.015076
0.014911
0.042511
0.015119
0.016694
0.014858
0.014703
0.017746
0.041019
0.015804
0.016018
0.015664
0.014678
0.014172
0.044506
0.015123
0.01487
0.014204
0.014423
0.015103
0.043164
0.01443
0.015315
0.015566
0.015379
0.015242
0.043747
0.01827
0.018313
0.018953
0.017531
0.017439
0.047419
0.01744
0.018125
0.017045
0.017988
0.018579
0.044801
0.017509
0.017868
0.017856
0.018345
0.017268
0.046416
0.018616
0.0187
0.017733
0.018126
0.017657
0.045358
0.017097
0.017561
0.017477
0.017702
0.017041
0.043973
0.015429
0.014985
0.015776
0.015706
0.016154
0.042118
0.014045
0.014783
0.014681
0.013983
0.015685
0.044853
0.018141
0.017394
0.017617
0.018142
0.016962
0.045871
0.017776
0.017775
0.0167
0.017331
0.017344
0.044627
0.017464
0.017889
0.017362
0.017489
0.018402
0.046049
0.016252
0.01834
0.018197
0.017154
0.016884
0.046748
0.018257
0.01757
0.018259
0.017281
0.017559
0.045781
0.016614
0.017273
0.018514
0.017904
0.017321
0.045267
0.016881
0.017569
0.017769
0.017494
0.017377
0.044235
0.019016
0.018437
0.018312
0.018276
0.017032
0.044672
0.017945
0.017524
0.017449
0.016968
0.017046
0.044494
0.017528
0.018922
0.017768
0.017393
0.017661
0.045001
0.018477
0.017175
0.017513
0.016918
0.017409
0.045899
0.017611
0.018122
0.018983
0.018622
0.017453
0.045642
0.018043
0.018507
0.017264
0.017286
0.017166
0.04632
0.01711
0.016961
0.017495
0.016909
0.016283
0.044847
0.01782
0.017296
0.017395
0.018808
0.017459
0.044932
0.016779
0.019074
0.017583
0.017028
0.018107
0.044941
0.017617
0.017373
0.017278
0.018341
0.01699
0.045628
0.01686
0.0181
0.017956
0.017147
0.017386
0.046133
0.016858
0.016589
0.017398
0.017582
0.017606
0.046094
0.016891
0.017489
0.016888
0.016856
0.01785
0.045172
0.017357
0.017811
0.017771
0.01751
0.018263
0.046201
0.017787
0.017653
0.018193
0.017772
0.0173
0.045205
0.017745
0.017467
0.017087
0.015925
0.017949
0.045437
0.017855
0.017298
0.016954
0.017868
0.017495
0.045514
0.018433
0.017779
0.016835
0.017671
0.016892
0.046307
0.016561
0.01743
0.018416
0.017888
0.017547
0.04511
0.017531
0.01729
0.017715
0.01758
0.017023
0.045517
0.01833
0.019003
0.018095
0.017556
0.017591
0.044409
0.017269
0.017287
0.024537
0.017728
0.01739
0.046701
0.01717
0.01772
0.016997
0.017071
0.0177
0.045737
0.01668
0.018013
0.017555
0.017797
0.017552
0.045149
0.016544
0.017869
0.017983
0.017961
0.016455
0.047422
0.018256
0.017102
0.017847
0.017882
0.017129
0.045933
0.018286
0.018175
0.017056
0.016728
0.01689
0.044737
0.019135
0.019673
0.016897
0.01847
0.01626
0.045252
0.017255
0.017754
0.017731
0.017674
0.017016
0.044811
0.016869
0.017186
0.016964
0.018172
0.016474
0.043325
0.01723
0.017717
0.018335
0.017275
0.016685
0.044848
0.017078
0.01687
0.016548
0.016814
0.017748
0.044239
0.016929
0.0191
0.016688
0.017329
0.017095
0.044934
0.017664
0.01772
0.016649
0.017652
0.0171
0.044507
0.016829
0.017285
0.017586
0.016456
0.017032
0.045309
0.016874
0.016902
0.017667
0.017394
0.017738
0.044947
0.016183
0.016791
0.016538
0.016807
0.017993
0.044384
0.017238
0.017056
0.016938
0.016426
0.017531
0.043579
0.017441
0.018116
0.017659
0.017423
0.017247
0.045269
0.018115
0.01693
0.016802
0.017961
0.017194
0.044404
0.017504
0.016871
0.017127
0.01806
0.017142
0.044964
0.017774
0.017112
0.017106
0.01794
0.016955
0.04491
0.017259
0.017252
0.017844
0.017449
0.016595
0.045158
0.016453
0.01742
0.016929
0.016672
0.017178
0.043388
0.01717
0.016586
0.016573
0.016747
0.01691
0.04625
0.017721
0.01637
0.018827
0.016653
0.017131
0.045713
0.016625
0.016193
0.0166
0.016923
0.016581
0.044244
0.016757
0.016901
0.017773
0.017669
0.017739
0.044101
0.016451
0.016658
0.016554
0.017108
0.01686
0.044872
0.017266
0.016907
0.017734
0.017679
0.018531
0.042987
0.016559
0.017144
0.01765
0.017086
0.017187
0.043561
0.017204
0.017311
0.01763
0.018142
0.016476
0.046259
0.017164
0.016049
0.017075
0.016582
0.016014
0.044207
0.017821
0.016429
0.017512
0.016427
0.016788
0.044402
0.017877
0.017284
0.017433
0.017108
0.016493
0.044645
0.017015
0.017393
0.017265
0.016388
0.017253
0.044126
0.016212
0.01623
0.017485
0.017475
0.018398
0.043968
0.017091
0.016877
0.017782
0.016754
0.017493
0.045124
0.017061
0.01708
0.017814
0.017827
0.017967
0.043887
0.016446
0.016632
0.0165
0.016947
0.017117
0.04615
0.017082
0.017264
0.016662
0.016567
0.016484
0.045648
0.017096
0.017583
0.017386
0.01701
0.016835
0.045009
0.016748
0.016614
0.01655
0.017691
0.017568
0.045517
0.018104
0.016664
0.016784
0.016698
0.01673
0.045941
0.01692
0.017708
0.017024
0.017057
0.017458
0.045359
0.017101
0.017219
0.016757
0.018251
0.017364
0.044078
0.017018
0.017255
0.016596
0.017283
0.017806
0.04563
0.017142
0.016886
0.016988
0.017171
0.016655
0.043985
0.018002
0.01765
0.026766
0.024251
0.017237
0.045992
0.017154
0.016975
0.01722
0.017223
0.016994
0.046539
0.018053
0.016874
0.017429
0.017443
0.017089
0.045806
0.017413
0.016191
0.017082
0.017504
0.016486
0.04578
0.016864
0.017633
0.017435
0.016565
0.016919
0.04624
0.016786
0.017075
0.016439
0.016741
0.017583
0.044416
0.018106
0.017067
0.016377
0.017467
0.017275
0.045533
0.018882
0.016978
0.016885
0.016579
0.017621
0.042919
0.018155
0.016753
0.01763
0.016956
0.016981
0.045826
0.017204
0.016716
0.016908
0.015993
0.016864
0.044667
0.015693
0.016787
0.016881
0.017342
0.017046
0.045032
0.016737
0.017161
0.017362
0.017134
0.016449
0.044748
0.022946
0.019293
0.017648
0.017318
0.016817
0.044777
0.017099
0.018366
0.016526
0.017141
0.017922
0.044378
0.017805
0.016629
0.016867
0.016603
0.016285
0.044997
0.016615
0.016739
0.016923
0.01646
0.017106
0.045783
0.017988
0.016683
0.017051
0.017294
0.017285
0.043729
0.016967
0.017096
0.017851
0.017117
0.017486
0.044421
0.017666
0.017431
0.017219
0.016696
0.01674
0.044227
0.018699
0.017454
0.017241
0.016936
0.017176
0.044413
0.017303
0.016499
0.017231
0.01688
0.017056
0.044164
0.016292
0.016228
0.016663
0.01748
0.016917
0.044994
0.015952
0.016503
0.016989
0.017212
0.017687
0.044079
0.016317
0.016782
0.016727
0.016575
0.016151
0.044759
0.017474
0.016466
0.017643
0.017761
0.017334
0.045588
0.01749
0.016001
0.017297
0.017373
0.01781
0.044955
0.018065
0.019293
0.018086
0.01726
0.016415
0.045569
0.017904
0.016896
0.016752
0.01658
0.016629
0.043863
0.01777
0.017122
0.016453
0.016028
0.017083
0.043311
0.025105
0.017739
0.016866
0.016925
0.015758
0.043887
0.016803
0.017299
0.016135
0.017013
0.016492
0.04448
0.016668
0.016928
0.017087
0.01762
0.017694
0.044681
0.01674
0.017152
0.017245
0.017277
0.016848
0.044479
0.017088
0.018092
0.017523
0.016778
0.0169
0.045198
0.016982
0.016633
0.016658
0.016255
0.015911
0.044873
0.01633
0.017626
0.016294
0.015756
0.01595
0.044718
0.015362
0.018044
0.016059
0.016336
0.016742
0.044601
0.017376
0.017469
0.017354
0.017769
0.016994
0.043839
0.016295
0.01573
0.016442
0.017204
0.017369
0.043837
0.016988
0.01802
0.017437
0.016306
0.016136
0.044215
0.017773
0.017217
0.017751
0.016604
0.0162
0.045291
0.017434
0.016709
0.016344
0.016904
0.017185
0.044309
0.017509
0.015909
0.017136
0.016358
0.016976
0.04415
0.017116
0.018325
0.01772
0.017893
0.016883
0.044786
0.017249
0.017295
0.016706
0.016282
0.016276
0.044073
0.016344
0.0158
0.016687
0.016998
0.016733
0.043962
0.017476
0.016048
0.015965
0.017539
0.017441
0.045835
0.016342
0.016755
0.016655
0.016126
0.016607
0.04592
0.016489
0.016215
0.017398
0.016123
0.016844
0.044301
0.015951
0.016452
0.016765
0.016471
0.016149
0.043536
0.017327
0.017244
0.017307
0.016424
0.016895
0.044655
0.016026
0.017044
0.016992
0.017039
0.01712
0.043307
0.018207
0.016458
0.016181
0.016397
0.017982
0.044294
0.01587
0.016607
0.017603
0.016389
0.01698
0.044742
0.016803
0.016825
0.016047
