242.000000,69.000000,66.000000,63.000000
241.982391,65.085464,66.000000,63.000000
239.324738,65.315704,66.000000,63.000000
234.134094,68.095169,66.000000,63.000000
227.441010,68.803932,67.320000,64.260002
220.014755,68.556152,68.666397,65.545197
214.322968,68.692505,68.666397,65.545197
211.595520,68.310783,70.039726,66.856102
212.254166,70.535454,71.440521,68.193230
215.601303,72.788155,70.039726,66.856102
219.603470,70.693054,71.440521,68.193230
220.878906,67.109192,72.869331,69.557091
219.132156,63.548466,75.813255,72.367195
218.502686,55.855885,75.813255,72.367195
212.139893,49.367142,78.876106,75.290833
206.818863,57.246559,78.876106,75.290833
200.101486,67.049011,78.876106,75.290833
198.731018,70.556335,78.876106,75.290833
193.092667,73.599632,78.876106,75.290833
183.272675,74.382568,80.453629,76.796646
177.761200,73.906380,80.453629,76.796646
175.423721,67.347427,83.703957,79.899231
197.724518,55.934280,82.062706,78.332581
204.487198,50.281105,82.062706,78.332581
184.392548,50.012226,85.378036,81.497215
171.407181,56.142879,87.085602,83.127159
174.085541,50.723042,85.378036,81.497215
182.996445,38.551064,83.703957,79.899231
189.431259,39.430618,83.703957,79.899231
196.592484,49.602333,80.453629,76.796646
194.876816,53.619743,83.703957,79.899231
204.327240,61.272011,82.062706,78.332581
209.546417,71.404915,78.876106,75.290833
213.284164,74.935043,77.329521,73.814545
217.912933,72.680084,77.329521,73.814545
228.157593,63.940552,77.329521,73.814545
227.135757,50.912502,75.813255,72.367195
231.956482,49.068367,78.876106,75.290833
237.926926,56.504124,75.813255,72.367195
230.243469,52.459305,77.329521,73.814545
246.161835,56.100727,74.326721,70.948235
248.447617,54.380657,75.813255,72.367195
244.502777,37.155830,77.329521,73.814545
251.077271,30.344667,77.329521,73.814545
247.286972,24.610373,80.453629,76.796646
243.975876,20.173769,83.703957,79.899231
256.421234,29.990852,82.062706,78.332581
255.764206,37.827232,80.453629,76.796646
253.044846,42.804626,82.062706,78.332581
248.691025,45.671799,80.453629,76.796646
247.005325,44.719063,82.062706,78.332581
245.953415,47.665901,82.062706,78.332581
238.026184,58.883900,85.378036,81.497215
234.174255,70.552811,85.378036,81.497215
221.698318,92.849335,82.062706,78.332581
217.231857,95.216782,83.703957,79.899231
210.700592,90.417450,85.378036,81.497215
209.628540,90.535019,82.062706,78.332581
203.254227,95.097931,82.062706,78.332581
199.116058,99.824364,80.453629,76.796646
198.982727,98.876350,80.453629,76.796646
201.835251,98.988754,78.876106,75.290833
205.576691,100.865799,77.329521,73.814545
214.830429,107.097557,75.813255,72.367195
225.058090,111.931892,75.813255,72.367195
236.184174,118.072197,74.326721,70.948235
247.545502,130.398361,72.869331,69.557091
258.758118,136.787231,70.039726,66.856102
249.334198,128.902313,72.869331,69.557091
259.443512,136.935226,71.440521,68.193230
266.455078,133.908920,70.039726,66.856102
276.353180,133.415802,68.666397,65.545197
282.091370,130.514099,66.000000,63.000000
285.654541,128.802551,68.666397,65.545197
283.619629,126.532372,71.440521,68.193230
284.658386,126.289406,72.869331,69.557091
286.690460,125.711121,70.039726,66.856102
289.593506,126.084541,67.320000,64.260002
290.453278,124.847412,68.666397,65.545197
293.673920,122.231155,70.039726,66.856102
294.371002,117.875023,72.869331,69.557091
295.607361,115.744240,71.440521,68.193230
295.563965,118.764359,70.039726,66.856102
291.744873,122.452759,68.666397,65.545197
286.837250,127.125427,70.039726,66.856102
288.416260,131.213455,72.869331,69.557091
289.092590,132.976929,72.869331,69.557091
303.764038,141.394119,70.039726,66.856102
311.996643,148.252396,70.039726,66.856102
319.643982,142.642090,71.440521,68.193230
322.525513,142.661926,70.039726,66.856102
331.018433,142.167480,70.039726,66.856102
331.245239,135.256088,71.440521,68.193230
335.639862,136.086578,72.869331,69.557091
347.398560,140.129288,72.869331,69.557091
347.132416,147.898560,72.869331,69.557091
347.759430,156.431885,74.326721,70.948235
343.817719,158.924957,72.869331,69.557091
342.022705,158.601120,72.869331,69.557091
334.721497,157.077682,72.869331,69.557091
331.404510,165.792557,71.440521,68.193230
324.624756,163.353577,70.039726,66.856102
325.932434,160.788177,68.666397,65.545197
337.587982,161.573700,68.666397,65.545197
348.978821,163.535980,68.666397,65.545197
355.026337,164.881546,70.039726,66.856102
361.080383,163.442764,72.869331,69.557091
370.265808,168.968918,71.440521,68.193230
374.276154,170.480347,72.869331,69.557091
378.471436,173.700317,74.326721,70.948235
385.860931,180.129028,74.326721,70.948235
392.368286,183.371552,74.326721,70.948235
401.741699,188.683792,72.869331,69.557091
413.747467,186.066864,74.326721,70.948235
427.304443,181.360931,71.440521,68.193230
439.017792,178.887680,74.326721,70.948235
449.459198,176.956726,77.329521,73.814545
468.309113,180.977615,75.813255,72.367195
476.257416,175.705994,77.329521,73.814545
474.444458,173.764481,80.453629,76.796646
468.994598,171.802856,83.703957,79.899231
458.309387,171.204803,85.378036,81.497215
444.023926,174.084473,82.062706,78.332581
428.040314,172.948135,78.876106,75.290833
419.287598,172.656387,75.813255,72.367195
406.803192,173.248245,77.329521,73.814545
388.998718,174.809204,80.453629,76.796646
370.947388,173.411224,83.703957,79.899231
355.791809,172.544312,85.378036,81.497215
347.870300,171.990631,88.827309,84.789703
340.972595,168.248474,88.827309,84.789703
329.031219,163.094482,87.085602,83.127159
323.700287,164.097412,83.703957,79.899231
316.943604,168.526276,85.378036,81.497215
310.982727,167.866760,85.378036,81.497215
311.650055,167.487549,83.703957,79.899231
308.561584,170.240128,83.703957,79.899231
295.742615,165.893112,80.453629,76.796646
294.687134,171.518387,80.453629,76.796646
295.744202,177.437698,78.876106,75.290833
294.710602,179.800598,82.062706,78.332581
295.764221,182.108368,83.703957,79.899231
286.941284,185.535660,87.085602,83.127159
278.125549,182.524643,87.085602,83.127159
276.611664,181.157043,83.703957,79.899231
274.084656,177.703003,85.378036,81.497215
269.415161,177.712326,87.085602,83.127159
266.674622,181.285080,88.827309,84.789703
266.266113,181.047958,88.827309,84.789703
264.557312,181.978012,87.085602,83.127159
260.818268,182.604797,90.603859,86.485497
257.640106,183.709045,92.415932,88.215210
255.441879,183.880096,90.603859,86.485497
247.896957,183.724945,88.827309,84.789703
238.524521,185.232697,92.415932,88.215210
233.408524,182.468307,92.415932,88.215210
232.793045,178.206467,92.415932,88.215210
231.803909,185.158997,90.603859,86.485497
236.868240,193.212814,90.603859,86.485497
243.981552,199.906479,88.827309,84.789703
256.815369,208.578323,88.827309,84.789703
268.067688,209.617142,88.827309,84.789703
285.725891,202.944092,85.378036,81.497215
298.383759,186.422607,88.827309,84.789703
303.800873,170.483368,85.378036,81.497215
300.604767,158.393127,87.085602,83.127159
293.539032,150.391586,88.827309,84.789703
286.012299,138.004913,88.827309,84.789703
285.968628,129.073288,88.827309,84.789703
303.842285,138.560806,85.378036,81.497215
307.190216,153.273544,87.085602,83.127159
306.151764,159.080963,85.378036,81.497215
308.747894,167.753510,82.062706,78.332581
314.304535,174.385590,82.062706,78.332581
320.753998,172.653717,85.378036,81.497215
327.403198,186.388382,82.062706,78.332581
334.728394,201.104599,78.876106,75.290833
346.078522,207.907944,75.813255,72.367195
349.012115,214.517090,74.326721,70.948235
354.870575,219.122589,74.326721,70.948235
360.962555,216.454102,75.813255,72.367195
354.481445,223.857315,72.869331,69.557091
346.807465,220.423920,74.326721,70.948235
329.691528,217.906372,77.329521,73.814545
339.708374,209.182526,80.453629,76.796646
331.948608,211.868866,83.703957,79.899231
326.312622,218.285721,80.453629,76.796646
317.356171,220.638596,77.329521,73.814545
302.575317,221.033463,80.453629,76.796646
289.687805,218.083099,83.703957,79.899231
284.516541,212.627914,82.062706,78.332581
272.621033,201.946030,83.703957,79.899231
267.529633,199.905579,80.453629,76.796646
262.353424,210.276260,77.329521,73.814545
253.245880,212.382523,77.329521,73.814545
240.243423,211.694641,80.453629,76.796646
206.142380,218.724335,82.062706,78.332581
204.459793,234.611633,82.062706,78.332581
210.049759,244.555862,80.453629,76.796646
213.617416,253.912750,78.876106,75.290833
222.332703,308.186615,78.876106,75.290833
260.255615,266.263245,75.813255,72.367195
261.619781,267.560822,72.869331,69.557091
261.311035,271.198029,72.869331,69.557091
259.923340,268.476837,71.440521,68.193230
245.594635,240.306137,72.869331,69.557091
239.598755,223.028793,70.039726,66.856102
228.716019,222.022629,71.440521,68.193230
215.259415,224.094604,74.326721,70.948235
207.289917,226.020126,77.329521,73.814545
196.615860,229.775253,80.453629,76.796646
186.388977,227.218567,78.876106,75.290833
186.368652,211.719849,77.329521,73.814545
176.801712,206.693497,77.329521,73.814545
151.683502,216.611786,77.329521,73.814545
134.610733,218.924988,75.813255,72.367195
109.533257,221.234528,78.876106,75.290833
73.423523,229.036682,75.813255,72.367195
54.811619,214.715912,77.329521,73.814545
34.117706,222.464752,74.326721,70.948235
10.395802,223.759888,75.813255,72.367195
-6.714408,218.928070,77.329521,73.814545
-25.926199,219.016174,78.876106,75.290833
-40.542511,259.017395,82.062706,78.332581
-36.035637,291.638000,82.062706,78.332581
-23.474659,292.179565,78.876106,75.290833
1.104703,319.917267,77.329521,73.814545
108.191399,339.085266,77.329521,73.814545
134.003769,340.696564,74.326721,70.948235
162.306778,362.934265,71.440521,68.193230
174.338562,364.210846,68.666397,65.545197
196.391693,369.520508,68.666397,65.545197
206.770157,371.411194,66.000000,63.000000
215.308807,371.065765,63.437141,60.553635
224.548431,365.770905,62.193275,59.366306
230.222366,360.229584,59.778233,57.061043
234.079956,355.621307,57.456970,54.845291
233.691803,354.144653,57.456970,54.845291
239.487183,351.036926,57.456970,54.845291
245.324020,347.912903,55.225849,52.715580
249.435043,339.701233,54.142986,51.681942
252.285049,336.391327,55.225849,52.715580
253.634369,333.760712,53.081360,50.668571
256.719421,331.093262,51.020145,48.701050
258.562286,331.285187,52.040550,49.675072
259.464539,329.473694,52.040550,49.675072
259.655609,327.778198,51.020145,48.701050
262.048706,324.185699,53.081360,50.668571
266.773712,324.162079,51.020145,48.701050
266.744019,321.534149,51.020145,48.701050
268.357269,320.499451,51.020145,48.701050
270.536713,320.647247,53.081360,50.668571
276.643860,321.402771,53.081360,50.668571
276.871368,324.484375,55.225849,52.715580
277.654419,328.138824,54.142986,51.681942
280.396820,329.319305,52.040550,49.675072
281.857208,330.862000,53.081360,50.668571
290.789398,332.179108,51.020145,48.701050
294.368408,330.632263,52.040550,49.675072
295.650177,329.119019,51.020145,48.701050
296.930511,326.962311,51.020145,48.701050
303.686066,325.996735,53.081360,50.668571
316.594421,326.066772,54.142986,51.681942
324.373749,325.132141,54.142986,51.681942
333.396210,322.320435,54.142986,51.681942
337.510803,320.373260,52.040550,49.675072
348.853546,314.098267,54.142986,51.681942
359.669342,311.596191,52.040550,49.675072
360.029327,308.600586,54.142986,51.681942
361.562531,306.960266,53.081360,50.668571
362.739838,302.685608,53.081360,50.668571
373.542938,300.826660,52.040550,49.675072
372.388519,289.238983,52.040550,49.675072
368.662903,277.155365,53.081360,50.668571
369.989288,273.390442,53.081360,50.668571
355.832611,258.676910,51.020145,48.701050
365.373596,262.951080,50.019753,47.746128
408.880981,273.146851,48.077423,45.892086
378.198395,280.072723,46.210518,44.110039
384.285675,273.724335,44.416107,42.397194
375.582581,262.584961,43.545204,41.565876
344.799072,219.865784,45.304432,43.245136
326.323853,234.960617,45.304432,43.245136
306.165741,225.243362,47.134727,44.992241
281.883484,187.455566,45.304432,43.245136
269.824188,198.346146,43.545204,41.565876
227.368286,194.067734,44.416107,42.397194
203.016296,185.734894,42.691376,40.750858
194.732056,192.078918,41.033619,39.168453
186.954865,190.350052,41.854290,39.951824
