445.000000,126.000000,79.000000,120.000000
442.950000,126.820000,79.000000,120.000000
440.350000,128.600000,79.000000,120.000000
438.070000,128.430000,80.580000,122.400000
435.750000,129.130000,80.580000,122.400000
433.590000,129.710000,80.580000,122.400000
432.830000,131.180000,80.580000,122.400000
430.580000,130.860000,82.192000,124.850000
430.200000,131.610000,82.192000,124.850000
428.540000,131.000000,83.835000,127.340000
429.330000,131.990000,83.835000,127.340000
428.750000,132.720000,83.835000,127.340000
428.680000,132.260000,85.512000,129.890000
427.710000,132.560000,85.512000,129.890000
426.330000,133.650000,85.512000,129.890000
424.350000,134.370000,85.512000,129.890000
423.320000,134.660000,85.512000,129.890000
422.930000,134.700000,85.512000,129.890000
424.330000,136.180000,83.835000,127.340000
423.570000,137.250000,83.835000,127.340000
424.940000,137.450000,83.835000,127.340000
425.820000,137.310000,83.835000,127.340000
426.310000,139.050000,83.835000,127.340000
426.280000,138.700000,85.512000,129.890000
427.660000,139.360000,85.512000,129.890000
428.280000,139.970000,85.512000,129.890000
428.360000,140.810000,85.512000,129.890000
429.070000,140.900000,87.222000,132.490000
429.770000,140.660000,88.967000,135.140000
429.990000,140.970000,88.967000,135.140000
430.570000,142.000000,88.967000,135.140000
430.540000,142.630000,88.967000,135.140000
429.750000,141.490000,90.746000,137.840000
430.070000,142.960000,90.746000,137.840000
430.650000,144.420000,90.746000,137.840000
430.350000,144.280000,92.561000,140.600000
429.670000,143.940000,94.412000,143.410000
429.700000,144.910000,94.412000,143.410000
428.750000,144.660000,96.301000,146.280000
428.390000,145.950000,96.301000,146.280000
427.360000,145.350000,98.227000,149.200000
427.150000,147.020000,98.227000,149.200000
425.810000,146.630000,100.190000,152.190000
425.730000,148.290000,100.190000,152.190000
424.510000,147.450000,102.190000,155.230000
422.530000,146.670000,104.240000,158.340000
421.630000,148.390000,104.240000,158.340000
420.480000,149.040000,104.240000,158.340000
418.380000,148.880000,106.320000,161.500000
416.910000,150.360000,106.320000,161.500000
413.780000,149.450000,108.450000,164.730000
411.900000,151.090000,108.450000,164.730000
409.970000,151.640000,108.450000,164.730000
408.340000,152.140000,108.450000,164.730000
406.350000,153.940000,108.450000,164.730000
403.830000,154.490000,110.620000,168.030000
400.070000,153.380000,112.830000,171.390000
397.920000,154.350000,112.830000,171.390000
395.450000,155.360000,112.830000,171.390000
392.680000,156.610000,112.830000,171.390000
389.570000,158.370000,112.830000,171.390000
386.880000,159.180000,115.090000,174.820000
381.740000,158.910000,117.390000,178.310000
377.930000,160.430000,117.390000,178.310000
374.540000,162.490000,117.390000,178.310000
370.070000,162.660000,119.740000,181.880000
366.930000,164.040000,119.740000,181.880000
362.850000,166.660000,119.740000,181.880000
358.340000,166.650000,122.130000,185.520000
353.670000,166.940000,124.580000,189.230000
350.390000,169.330000,124.580000,189.230000
345.750000,171.120000,124.580000,189.230000
339.590000,171.210000,127.070000,193.010000
335.790000,172.380000,127.070000,193.010000
330.700000,174.040000,127.070000,193.010000
326.110000,174.640000,129.610000,196.870000
321.170000,173.860000,132.200000,200.810000
316.250000,175.500000,132.200000,200.810000
311.290000,178.540000,132.200000,200.810000
305.820000,179.030000,134.840000,204.830000
300.780000,180.460000,134.840000,204.830000
295.260000,182.270000,134.840000,204.830000
289.110000,182.600000,137.540000,208.920000
283.870000,185.200000,137.540000,208.920000
276.890000,185.670000,140.290000,213.100000
270.880000,187.690000,140.290000,213.100000
266.000000,189.990000,140.290000,213.100000
260.480000,190.040000,143.100000,217.360000
254.420000,191.620000,143.100000,217.360000
250.430000,193.390000,143.100000,217.360000
244.260000,192.850000,145.960000,221.710000
238.060000,195.160000,145.960000,221.710000
232.850000,194.370000,148.880000,226.140000
228.600000,196.480000,148.880000,226.140000
223.330000,196.110000,151.860000,230.670000
218.900000,197.970000,151.860000,230.670000
214.970000,199.900000,151.860000,230.670000
209.390000,199.350000,154.890000,235.280000
205.430000,202.410000,154.890000,235.280000
201.100000,201.850000,157.990000,239.990000
196.740000,205.370000,157.990000,239.990000
192.860000,204.550000,161.150000,244.790000
189.810000,205.110000,161.150000,244.790000
186.530000,205.550000,161.150000,244.790000
184.890000,207.650000,161.150000,244.790000
185.580000,209.370000,161.150000,244.790000
183.680000,211.450000,161.150000,244.790000
182.500000,214.380000,161.150000,244.790000
180.270000,216.580000,161.150000,244.790000
178.800000,216.750000,164.370000,249.680000
178.500000,217.300000,164.370000,249.680000
176.540000,216.970000,164.370000,249.680000
176.930000,218.390000,164.370000,249.680000
174.260000,218.750000,164.370000,249.680000
176.170000,222.540000,164.370000,249.680000
175.650000,223.740000,167.660000,254.680000
176.550000,222.560000,171.010000,259.770000
176.250000,229.670000,161.150000,244.790000
176.540000,231.630000,161.150000,244.790000
178.590000,230.410000,161.150000,244.790000
181.390000,233.220000,157.990000,239.990000
183.980000,232.410000,157.990000,239.990000
186.930000,230.590000,164.370000,249.680000
182.500000,234.330000,161.150000,244.790000
190.680000,234.610000,161.150000,244.790000
193.300000,236.020000,161.150000,244.790000
221.710000,255.380000,112.810000,171.350000
229.140000,253.500000,112.810000,171.350000
237.600000,254.630000,110.590000,167.990000
241.390000,257.010000,108.430000,164.700000
243.510000,257.780000,108.430000,164.700000
247.400000,256.270000,108.430000,164.700000
256.790000,258.850000,106.300000,161.470000
255.420000,258.740000,106.300000,161.470000
269.600000,268.830000,80.576000,122.390000
278.030000,266.100000,77.447000,117.640000
281.440000,266.380000,75.928000,115.330000
286.950000,267.190000,74.439000,113.070000
292.590000,267.070000,72.980000,110.860000
269.590000,291.500000,71.549000,108.680000
279.120000,290.810000,70.146000,106.550000
294.370000,295.050000,70.146000,106.550000
296.740000,292.810000,70.146000,106.550000
302.990000,293.740000,70.146000,106.550000
199.970000,379.470000,68.770000,104.460000
120.020000,33.976000,193.380000,293.740000
129.440000,281.730000,80.576000,122.390000
222.910000,410.450000,80.576000,122.390000
251.600000,206.700000,161.150000,244.790000
257.930000,208.640000,161.150000,244.790000
345.750000,346.540000,154.890000,235.280000
360.190000,367.510000,154.890000,235.280000
373.450000,371.500000,154.890000,235.280000
24.692000,337.670000,154.890000,235.280000
36.348000,351.410000,154.890000,235.280000
49.574000,356.590000,154.890000,235.280000
137.430000,285.830000,112.810000,171.350000
292.760000,58.736000,193.380000,293.740000
294.880000,51.390000,193.380000,293.740000
132.150000,242.540000,189.590000,287.980000
291.090000,233.360000,161.150000,244.790000
154.150000,262.750000,164.370000,249.680000
80.442000,332.070000,164.370000,249.680000
163.510000,274.920000,164.370000,249.680000
333.820000,321.950000,80.576000,122.390000
223.920000,329.380000,80.576000,122.390000
341.550000,87.782000,161.150000,244.790000
347.550000,186.920000,161.150000,244.790000
354.270000,193.640000,151.860000,230.670000
356.450000,194.610000,148.880000,226.140000
359.760000,192.810000,148.880000,226.140000
364.070000,192.730000,145.960000,221.710000
369.380000,192.140000,143.100000,217.360000
378.490000,192.750000,137.540000,208.920000
382.770000,192.580000,134.840000,204.830000
390.180000,193.860000,129.610000,196.870000
394.460000,192.600000,124.580000,189.230000
398.970000,193.330000,122.130000,185.520000
403.140000,194.600000,117.390000,178.310000
409.230000,196.310000,112.830000,171.390000
420.240000,188.750000,110.620000,168.030000
423.390000,191.050000,106.320000,161.500000
432.180000,185.360000,102.190000,155.230000
437.090000,187.520000,98.227000,149.200000
445.490000,183.050000,96.301000,146.280000
449.300000,181.990000,94.412000,143.410000
205.700000,383.700000,92.561000,140.600000
348.660000,57.461000,193.380000,293.740000
143.920000,291.090000,193.380000,293.740000
370.430000,83.236000,161.150000,244.790000
374.190000,81.095000,161.150000,244.790000
375.180000,81.818000,161.150000,244.790000
361.000000,77.441000,161.150000,244.790000
375.020000,45.695000,193.380000,293.740000
310.230000,142.770000,189.590000,287.980000
420.540000,79.400000,161.150000,244.790000
419.850000,71.315000,161.150000,244.790000
334.190000,153.260000,161.150000,244.790000
336.030000,154.010000,157.990000,239.990000
332.920000,157.370000,154.890000,235.280000
337.300000,157.960000,154.890000,235.280000
357.610000,65.391000,154.890000,235.280000
335.340000,156.910000,154.890000,235.280000
424.150000,65.611000,161.150000,244.790000
293.670000,264.690000,112.810000,171.350000
349.280000,265.860000,110.590000,167.990000
347.250000,262.430000,112.810000,171.350000
346.340000,258.820000,115.060000,174.780000
346.400000,257.030000,115.060000,174.780000
346.740000,251.760000,115.060000,174.780000
343.630000,249.260000,117.360000,178.270000
344.040000,247.040000,119.710000,181.840000
342.390000,242.190000,122.100000,185.480000
341.860000,242.170000,124.550000,189.180000
333.430000,239.670000,127.040000,192.970000
335.090000,236.040000,127.040000,192.970000
332.380000,236.040000,127.040000,192.970000
331.410000,232.770000,127.040000,192.970000
331.250000,233.160000,127.040000,192.970000
327.790000,230.420000,127.040000,192.970000
324.080000,231.320000,129.580000,196.830000
321.770000,230.940000,129.580000,196.830000
316.750000,228.490000,129.580000,196.830000
315.110000,230.010000,129.580000,196.830000
312.680000,231.120000,127.040000,192.970000
307.990000,231.670000,127.040000,192.970000
303.730000,231.790000,127.040000,192.970000
299.090000,230.450000,127.040000,192.970000
298.550000,230.110000,127.040000,192.970000
291.370000,231.640000,127.040000,192.970000
288.390000,230.100000,127.040000,192.970000
283.640000,232.110000,127.040000,192.970000
279.550000,230.660000,127.040000,192.970000
275.600000,231.190000,127.040000,192.970000
269.670000,230.270000,127.040000,192.970000
265.780000,230.880000,127.040000,192.970000
260.590000,229.260000,127.040000,192.970000
254.450000,229.340000,127.040000,192.970000
251.960000,229.430000,127.040000,192.970000
244.730000,226.420000,127.040000,192.970000
236.180000,225.380000,129.580000,196.830000
231.440000,225.800000,129.580000,196.830000
223.560000,225.940000,129.580000,196.830000
286.930000,46.393000,161.150000,244.790000
284.060000,47.282000,161.150000,244.790000
281.820000,49.764000,161.150000,244.790000
265.690000,53.784000,157.990000,239.990000
264.720000,62.794000,154.890000,235.280000
262.340000,66.942000,154.890000,235.280000
258.660000,62.366000,161.150000,244.790000
253.940000,61.454000,161.150000,244.790000
187.620000,33.270000,161.150000,244.790000
192.660000,44.532000,161.150000,244.790000
168.690000,-1.315900,193.380000,293.740000
167.500000,6.723700,189.590000,287.980000
159.390000,5.347100,193.380000,293.740000
152.640000,3.216000,197.250000,299.620000
144.670000,4.918500,197.250000,299.620000
131.410000,0.513300,201.190000,305.610000
131.660000,6.450900,193.380000,293.740000
124.750000,10.706000,189.590000,287.980000
114.280000,13.763000,189.590000,287.980000
106.240000,12.821000,189.590000,287.980000
109.250000,38.655000,161.150000,244.790000
105.560000,46.831000,161.150000,244.790000
96.011000,47.251000,161.150000,244.790000
94.787000,50.371000,157.990000,239.990000
85.740000,50.157000,157.990000,239.990000
67.567000,38.900000,161.150000,244.790000
67.360000,48.173000,161.150000,244.790000
62.947000,51.025000,157.990000,239.990000
55.722000,55.525000,154.890000,235.280000
47.101000,59.757000,151.860000,230.670000
43.214000,58.397000,151.860000,230.670000
38.906000,56.974000,151.860000,230.670000
28.526000,56.814000,151.860000,230.670000
23.846000,55.489000,151.860000,230.670000
13.500000,54.912000,151.860000,230.670000
6.743600,55.421000,148.880000,226.140000
0.505900,58.772000,145.960000,221.710000
-6.522300,59.908000,145.960000,221.710000
321.800000,358.280000,143.100000,217.360000
297.170000,343.750000,143.100000,217.360000
276.960000,-0.921970,193.380000,293.740000
149.250000,300.570000,189.590000,287.980000
374.080000,343.090000,189.590000,287.980000
384.910000,342.630000,189.590000,287.980000
369.610000,362.770000,189.590000,287.980000
359.400000,363.280000,189.590000,287.980000
357.640000,363.630000,189.590000,287.980000
363.140000,362.110000,189.590000,287.980000
363.770000,360.920000,189.590000,287.980000
358.920000,364.030000,189.590000,287.980000
429.320000,329.690000,189.590000,287.980000
275.890000,309.210000,189.590000,287.980000
292.850000,335.290000,189.590000,287.980000
315.640000,348.550000,189.590000,287.980000
433.640000,318.850000,189.590000,287.980000
383.380000,342.430000,189.590000,287.980000
300.560000,327.810000,189.590000,287.980000
350.390000,310.610000,189.590000,287.980000
271.650000,10.994000,193.380000,293.740000
156.790000,284.170000,189.590000,287.980000
450.510000,328.080000,189.590000,287.980000
311.370000,330.180000,189.590000,287.980000
304.520000,318.080000,189.590000,287.980000
283.730000,304.680000,189.590000,287.980000
276.240000,-0.581190,193.380000,293.740000
149.910000,283.830000,189.590000,287.980000
302.890000,326.740000,189.590000,287.980000
300.060000,328.460000,189.590000,287.980000
448.680000,325.420000,189.590000,287.980000
276.320000,308.800000,189.590000,287.980000
280.030000,-0.964480,193.380000,293.740000
156.590000,289.410000,189.590000,287.980000
366.870000,337.160000,189.590000,287.980000
311.490000,325.760000,189.590000,287.980000
300.500000,344.300000,189.590000,287.980000
359.630000,360.880000,189.590000,287.980000
297.230000,345.660000,189.590000,287.980000
308.190000,348.220000,189.590000,287.980000
293.090000,334.060000,189.590000,287.980000
310.740000,347.980000,189.590000,287.980000
386.690000,342.910000,189.590000,287.980000
281.410000,312.210000,189.590000,287.980000
297.700000,336.040000,189.590000,287.980000
295.500000,348.540000,189.590000,287.980000
371.360000,347.850000,189.590000,287.980000
431.000000,319.910000,189.590000,287.980000
315.730000,318.580000,189.590000,287.980000
311.060000,354.810000,189.590000,287.980000
295.610000,334.640000,189.590000,287.980000
158.190000,281.700000,189.590000,287.980000
386.530000,344.030000,189.590000,287.980000
390.780000,345.340000,189.590000,287.980000
443.270000,329.000000,189.590000,287.980000
315.070000,274.720000,189.590000,287.980000
273.260000,8.993900,193.380000,293.740000
153.720000,297.860000,189.590000,287.980000
437.690000,328.160000,189.590000,287.980000
314.660000,321.890000,189.590000,287.980000
366.140000,339.650000,189.590000,287.980000
276.350000,304.850000,189.590000,287.980000
270.130000,8.281000,193.380000,293.740000
145.910000,291.050000,193.380000,293.740000
443.110000,323.820000,193.380000,293.740000
434.790000,323.630000,193.380000,293.740000
369.460000,366.220000,193.380000,293.740000
305.670000,347.750000,193.380000,293.740000
298.420000,343.270000,193.380000,293.740000
299.300000,344.120000,193.380000,293.740000
297.750000,345.060000,193.380000,293.740000
307.590000,348.470000,193.380000,293.740000
303.580000,318.120000,193.380000,293.740000
302.660000,355.220000,193.380000,293.740000
66.584000,181.230000,193.380000,293.740000
50.849000,182.140000,189.590000,287.980000
300.200000,328.890000,189.590000,287.980000
438.010000,320.920000,189.590000,287.980000
433.110000,328.520000,189.590000,287.980000
282.400000,314.780000,189.590000,287.980000
270.320000,8.799000,193.380000,293.740000
183.110000,282.730000,80.576000,122.390000
149.270000,282.380000,80.576000,122.390000
435.850000,427.330000,80.576000,122.390000
488.860000,403.960000,80.576000,122.390000
376.140000,362.010000,80.576000,122.390000
277.150000,-0.252890,193.380000,293.740000
203.320000,271.720000,80.576000,122.390000
428.000000,426.430000,80.576000,122.390000
354.620000,408.430000,80.576000,122.390000
509.680000,412.000000,80.576000,122.390000
341.710000,393.060000,80.576000,122.390000
130.210000,173.540000,193.380000,293.740000
211.760000,251.780000,80.576000,122.390000
432.410000,424.140000,80.576000,122.390000
428.680000,427.930000,80.576000,122.390000
371.590000,411.290000,80.576000,122.390000
363.150000,400.620000,80.576000,122.390000
338.220000,402.440000,80.576000,122.390000
359.970000,401.330000,80.576000,122.390000
360.690000,401.160000,80.576000,122.390000
359.130000,400.850000,80.576000,122.390000
431.150000,425.580000,80.576000,122.390000
417.260000,388.270000,80.576000,122.390000
102.220000,0.425170,193.380000,293.740000
228.540000,280.500000,80.576000,122.390000
514.220000,412.200000,78.996000,119.990000
427.500000,424.370000,78.996000,119.990000
437.760000,427.390000,78.996000,119.990000
383.110000,370.240000,78.996000,119.990000
122.870000,203.280000,193.380000,293.740000
131.380000,153.970000,189.590000,287.980000
433.060000,322.680000,189.590000,287.980000
369.890000,339.250000,189.590000,287.980000
447.410000,325.340000,189.590000,287.980000
352.310000,310.390000,189.590000,287.980000
157.720000,159.160000,193.380000,293.740000
159.690000,145.560000,193.380000,293.740000
189.910000,174.220000,161.150000,244.790000
196.490000,172.330000,161.150000,244.790000
200.300000,168.230000,161.150000,244.790000
385.930000,334.950000,154.890000,235.280000
266.530000,21.433000,193.380000,293.740000
268.250000,23.039000,189.590000,287.980000
224.870000,165.170000,161.150000,244.790000
274.730000,45.157000,161.150000,244.790000
234.880000,156.160000,157.990000,239.990000
238.060000,157.630000,154.890000,235.280000
239.010000,158.340000,154.890000,235.280000
245.400000,156.950000,154.890000,235.280000
283.340000,36.361000,161.150000,244.790000
282.830000,33.618000,161.150000,244.790000
283.370000,37.692000,161.150000,244.790000
287.610000,32.668000,161.150000,244.790000
287.670000,-8.563900,193.380000,293.740000
284.940000,-0.359560,189.590000,287.980000
286.400000,3.087400,185.870000,282.340000
288.590000,6.162800,182.230000,276.800000
294.880000,8.847900,178.650000,271.370000
296.040000,6.311000,178.650000,271.370000
304.270000,12.551000,171.720000,260.840000
309.080000,8.868500,175.150000,266.050000
340.090000,145.270000,161.150000,244.790000
345.520000,142.540000,161.150000,244.790000
348.650000,142.520000,161.150000,244.790000
362.460000,138.230000,154.890000,235.280000
293.160000,-17.883000,193.380000,293.740000
325.240000,-16.217000,189.590000,287.980000
367.880000,133.400000,161.150000,244.790000
370.630000,133.720000,154.890000,235.280000
372.090000,133.200000,151.860000,230.670000
370.300000,133.440000,148.880000,226.140000
372.510000,132.210000,148.880000,226.140000
376.450000,130.290000,151.860000,230.670000
237.300000,211.270000,161.150000,244.790000
242.690000,211.350000,161.150000,244.790000
246.220000,200.600000,161.150000,244.790000
252.340000,199.010000,164.370000,249.680000
257.170000,201.180000,164.370000,249.680000
258.850000,192.280000,164.370000,249.680000
268.400000,193.460000,161.150000,244.790000
270.860000,192.450000,161.150000,244.790000
284.160000,189.650000,161.150000,244.790000
293.630000,192.860000,161.150000,244.790000
297.590000,183.850000,157.990000,239.990000
300.540000,190.480000,154.890000,235.280000
294.300000,178.100000,161.150000,244.790000
295.090000,173.040000,161.150000,244.790000
263.240000,347.680000,161.150000,244.790000
228.610000,375.780000,161.150000,244.790000
246.940000,176.200000,193.380000,293.740000
280.080000,179.030000,189.590000,287.980000
254.960000,325.710000,185.870000,282.340000
242.190000,336.020000,185.870000,282.340000
245.440000,327.880000,185.870000,282.340000
230.780000,313.300000,185.870000,282.340000
249.740000,171.590000,193.380000,293.740000
160.690000,283.160000,189.590000,287.980000
269.610000,339.140000,189.590000,287.980000
252.450000,335.920000,189.590000,287.980000
246.840000,334.280000,189.590000,287.980000
234.060000,358.200000,189.590000,287.980000
304.100000,344.230000,189.590000,287.980000
304.890000,347.500000,189.590000,287.980000
287.710000,333.920000,189.590000,287.980000
323.190000,85.753000,161.150000,244.790000
296.870000,357.260000,164.370000,249.680000
305.080000,358.320000,164.370000,249.680000
300.090000,345.110000,164.370000,249.680000
290.190000,359.270000,164.370000,249.680000
278.680000,352.380000,164.370000,249.680000
283.680000,346.740000,164.370000,249.680000
283.720000,348.930000,164.370000,249.680000
285.530000,344.030000,164.370000,249.680000
300.360000,344.040000,164.370000,249.680000
302.170000,346.770000,164.370000,249.680000
284.070000,335.220000,164.370000,249.680000
277.580000,335.440000,164.370000,249.680000
272.050000,333.430000,164.370000,249.680000
286.550000,326.470000,164.370000,249.680000
235.950000,376.090000,164.370000,249.680000
164.410000,309.120000,164.370000,249.680000
281.690000,50.031000,161.150000,244.790000
279.190000,50.083000,161.150000,244.790000
265.270000,335.230000,161.150000,244.790000
171.600000,338.700000,161.150000,244.790000
268.050000,24.938000,193.380000,293.740000
150.410000,278.220000,193.380000,293.740000
255.740000,325.610000,193.380000,293.740000
378.510000,335.130000,193.380000,293.740000
404.800000,334.970000,193.380000,293.740000
209.230000,321.960000,193.380000,293.740000
439.620000,298.250000,193.380000,293.740000
218.020000,295.670000,193.380000,293.740000
378.660000,337.820000,193.380000,293.740000
384.260000,339.090000,193.380000,293.740000
290.520000,333.840000,193.380000,293.740000
217.460000,328.550000,193.380000,293.740000
214.450000,367.260000,193.380000,293.740000
203.410000,368.270000,193.380000,293.740000
288.780000,335.990000,193.380000,293.740000
295.500000,349.320000,193.380000,293.740000
413.070000,115.200000,161.150000,244.790000
336.080000,173.740000,157.990000,239.990000
313.440000,145.520000,193.380000,293.740000
156.960000,280.960000,189.590000,287.980000
448.750000,326.650000,189.590000,287.980000
445.260000,322.120000,189.590000,287.980000
443.810000,323.860000,189.590000,287.980000
277.620000,308.680000,189.590000,287.980000
316.240000,146.680000,193.380000,293.740000
336.210000,145.480000,189.590000,287.980000
337.710000,149.880000,185.870000,282.340000
304.050000,328.720000,182.230000,276.800000
296.150000,331.640000,182.230000,276.800000
337.140000,311.860000,182.230000,276.800000
334.330000,139.260000,193.380000,293.740000
340.550000,137.240000,193.380000,293.740000
287.880000,324.290000,193.380000,293.740000
300.400000,324.010000,193.380000,293.740000
289.550000,324.670000,193.380000,293.740000
298.790000,311.440000,193.380000,293.740000
294.490000,342.020000,193.380000,293.740000
164.320000,281.120000,193.380000,293.740000
292.400000,313.200000,193.380000,293.740000
297.330000,319.780000,193.380000,293.740000
296.140000,344.090000,193.380000,293.740000
296.010000,345.240000,193.380000,293.740000
335.440000,127.040000,193.380000,293.740000
333.810000,126.080000,193.380000,293.740000
331.870000,124.630000,193.380000,293.740000
328.920000,123.200000,197.250000,299.620000
330.950000,121.150000,197.250000,299.620000
328.580000,118.990000,197.250000,299.620000
326.530000,119.100000,197.250000,299.620000
328.430000,120.860000,193.380000,293.740000
325.970000,124.830000,189.590000,287.980000
360.190000,129.970000,161.150000,244.790000
316.960000,346.000000,157.990000,239.990000
281.240000,337.090000,157.990000,239.990000
310.560000,355.690000,157.990000,239.990000
308.550000,362.500000,157.990000,239.990000
349.310000,128.410000,161.150000,244.790000
301.080000,353.540000,154.890000,235.280000
374.220000,360.560000,154.890000,235.280000
298.690000,336.290000,154.890000,235.280000
308.260000,364.750000,154.890000,235.280000
320.620000,329.860000,154.890000,235.280000
310.840000,349.730000,154.890000,235.280000
313.210000,351.990000,154.890000,235.280000
312.540000,347.600000,154.890000,235.280000
281.890000,332.040000,154.890000,235.280000
307.980000,365.760000,154.890000,235.280000
295.490000,364.420000,154.890000,235.280000
370.180000,360.250000,154.890000,235.280000
305.420000,353.350000,154.890000,235.280000
330.540000,-33.449000,161.150000,244.790000
335.230000,74.033000,154.890000,235.280000
335.460000,73.259000,151.860000,230.670000
348.160000,-14.418000,148.880000,226.140000
329.960000,76.764000,145.960000,221.710000
340.520000,-10.108000,145.960000,221.710000
298.110000,365.330000,143.100000,217.360000
301.760000,346.880000,143.100000,217.360000
305.130000,365.300000,143.100000,217.360000
317.450000,366.760000,143.100000,217.360000
298.340000,362.750000,143.100000,217.360000
310.340000,362.220000,143.100000,217.360000
312.550000,362.100000,143.100000,217.360000
299.210000,29.531000,112.810000,171.350000
309.860000,29.621000,110.590000,167.990000
307.630000,31.027000,108.430000,164.700000
272.270000,56.113000,161.150000,244.790000
269.710000,54.245000,161.150000,244.790000
270.140000,50.371000,161.150000,244.790000
351.130000,340.370000,157.990000,239.990000
288.860000,1.857900,193.380000,293.740000
147.150000,302.020000,185.870000,282.340000
304.660000,329.380000,185.870000,282.340000
459.560000,331.000000,185.870000,282.340000
431.720000,323.630000,185.870000,282.340000
286.980000,314.370000,185.870000,282.340000
281.020000,-3.637700,193.380000,293.740000
146.700000,290.170000,189.590000,287.980000
446.060000,325.710000,189.590000,287.980000
300.550000,320.770000,189.590000,287.980000
298.930000,344.060000,189.590000,287.980000
299.690000,344.740000,189.590000,287.980000
297.700000,342.850000,189.590000,287.980000
296.170000,343.940000,189.590000,287.980000
297.260000,346.630000,189.590000,287.980000
292.260000,349.070000,189.590000,287.980000
295.950000,330.410000,189.590000,287.980000
210.750000,367.900000,189.590000,287.980000
290.890000,334.410000,189.590000,287.980000
308.290000,349.530000,189.590000,287.980000
447.710000,327.000000,189.590000,287.980000
429.140000,334.310000,189.590000,287.980000
426.380000,328.910000,189.590000,287.980000
294.580000,317.410000,189.590000,287.980000
295.440000,337.970000,189.590000,287.980000
307.470000,353.950000,189.590000,287.980000
454.510000,325.700000,189.590000,287.980000
444.170000,326.730000,189.590000,287.980000
365.220000,340.540000,189.590000,287.980000
275.030000,305.680000,189.590000,287.980000
298.330000,345.910000,189.590000,287.980000
305.690000,348.100000,189.590000,287.980000
431.960000,329.980000,189.590000,287.980000
359.660000,338.040000,189.590000,287.980000
454.760000,330.220000,189.590000,287.980000
379.780000,364.520000,189.590000,287.980000
292.420000,345.960000,189.590000,287.980000
157.140000,284.550000,189.590000,287.980000
417.710000,334.960000,189.590000,287.980000
356.840000,338.840000,189.590000,287.980000
318.230000,355.140000,189.590000,287.980000
301.590000,353.700000,189.590000,287.980000
299.900000,352.470000,189.590000,287.980000
302.570000,345.690000,189.590000,287.980000
290.130000,350.190000,189.590000,287.980000
277.990000,334.240000,189.590000,287.980000
372.240000,343.600000,189.590000,287.980000
352.080000,305.530000,189.590000,287.980000
272.900000,16.552000,193.380000,293.740000
165.180000,286.920000,185.870000,282.340000
378.590000,348.090000,185.870000,282.340000
283.770000,46.798000,161.150000,244.790000
283.630000,46.039000,161.150000,244.790000
365.150000,333.240000,157.990000,239.990000
274.570000,12.216000,193.380000,293.740000
166.900000,280.400000,193.380000,293.740000
282.690000,44.194000,161.150000,244.790000
410.870000,370.480000,157.990000,239.990000
409.110000,367.490000,157.990000,239.990000
308.800000,339.520000,157.990000,239.990000
277.200000,-2.538300,193.380000,293.740000
152.040000,288.820000,189.590000,287.980000
453.130000,327.720000,189.590000,287.980000
303.990000,320.780000,189.590000,287.980000
307.210000,324.780000,189.590000,287.980000
340.310000,358.400000,189.590000,287.980000
295.020000,337.880000,189.590000,287.980000
162.050000,287.280000,189.590000,287.980000
439.520000,322.870000,189.590000,287.980000
444.490000,324.590000,189.590000,287.980000
398.410000,358.300000,189.590000,287.980000
380.850000,364.240000,189.590000,287.980000
403.870000,359.210000,189.590000,287.980000
391.470000,361.160000,189.590000,287.980000
358.620000,362.880000,189.590000,287.980000
358.020000,362.830000,189.590000,287.980000
448.190000,327.710000,189.590000,287.980000
332.730000,305.970000,189.590000,287.980000
296.860000,336.410000,189.590000,287.980000
155.300000,287.630000,189.590000,287.980000
299.250000,331.350000,189.590000,287.980000
433.710000,329.760000,189.590000,287.980000
450.910000,327.370000,189.590000,287.980000
284.820000,312.720000,189.590000,287.980000
304.040000,345.530000,189.590000,287.980000
294.430000,344.020000,189.590000,287.980000
373.080000,340.710000,189.590000,287.980000
432.340000,319.870000,189.590000,287.980000
356.550000,334.720000,189.590000,287.980000
301.220000,349.210000,189.590000,287.980000
270.960000,8.104500,193.380000,293.740000
152.970000,284.570000,189.590000,287.980000
299.540000,323.440000,189.590000,287.980000
309.840000,335.650000,189.590000,287.980000
387.560000,342.120000,189.590000,287.980000
284.880000,311.100000,189.590000,287.980000
278.420000,-2.815200,193.380000,293.740000
156.210000,284.500000,189.590000,287.980000
427.350000,326.410000,189.590000,287.980000
449.100000,325.890000,189.590000,287.980000
436.330000,345.890000,189.590000,287.980000
387.410000,359.830000,189.590000,287.980000
293.430000,350.640000,189.590000,287.980000
304.300000,353.120000,189.590000,287.980000
302.450000,339.840000,189.590000,287.980000
288.710000,347.940000,189.590000,287.980000
448.890000,322.850000,189.590000,287.980000
286.310000,309.580000,189.590000,287.980000
291.650000,348.820000,189.590000,287.980000
157.400000,288.430000,189.590000,287.980000
426.050000,326.340000,189.590000,287.980000
438.380000,331.470000,189.590000,287.980000
299.120000,325.180000,189.590000,287.980000
293.150000,314.530000,189.590000,287.980000
271.950000,9.541500,193.380000,293.740000
157.230000,284.900000,189.590000,287.980000
448.220000,327.000000,189.590000,287.980000
298.020000,322.820000,189.590000,287.980000
368.440000,340.200000,189.590000,287.980000
290.980000,316.350000,189.590000,287.980000
277.720000,-5.194600,193.380000,293.740000
156.320000,280.610000,189.590000,287.980000
446.520000,325.800000,189.590000,287.980000
430.850000,314.980000,189.590000,287.980000
294.630000,329.540000,189.590000,287.980000
282.130000,312.180000,189.590000,287.980000
276.930000,-2.490300,193.380000,293.740000
138.860000,297.040000,189.590000,287.980000
382.960000,345.230000,189.590000,287.980000
454.100000,327.680000,189.590000,287.980000
385.070000,366.070000,189.590000,287.980000
380.670000,363.810000,189.590000,287.980000
302.330000,348.850000,189.590000,287.980000
263.870000,362.120000,189.590000,287.980000
313.100000,342.910000,189.590000,287.980000
369.260000,365.370000,189.590000,287.980000
301.080000,326.130000,189.590000,287.980000
355.540000,306.070000,189.590000,287.980000
292.300000,340.510000,189.590000,287.980000
297.180000,349.410000,189.590000,287.980000
447.520000,328.170000,189.590000,287.980000
434.120000,324.780000,189.590000,287.980000
315.430000,335.420000,189.590000,287.980000
328.360000,311.420000,189.590000,287.980000
278.720000,-1.598800,193.380000,293.740000
163.470000,283.200000,189.590000,287.980000
454.400000,326.470000,189.590000,287.980000
373.070000,342.240000,189.590000,287.980000
375.980000,342.720000,189.590000,287.980000
341.100000,305.500000,189.590000,287.980000
303.920000,343.260000,189.590000,287.980000
153.290000,292.590000,189.590000,287.980000
448.400000,325.950000,189.590000,287.980000
317.330000,332.840000,189.590000,287.980000
371.050000,341.410000,189.590000,287.980000
293.180000,313.080000,189.590000,287.980000
278.090000,-2.651700,193.380000,293.740000
141.100000,299.910000,189.590000,287.980000
302.210000,323.510000,189.590000,287.980000
301.540000,330.100000,189.590000,287.980000
280.700000,339.730000,189.590000,287.980000
302.560000,345.710000,189.590000,287.980000
292.060000,346.220000,189.590000,287.980000
302.590000,349.230000,189.590000,287.980000
333.640000,365.080000,189.590000,287.980000
299.890000,350.040000,189.590000,287.980000
382.930000,343.590000,189.590000,287.980000
347.960000,361.720000,189.590000,287.980000
292.080000,338.800000,189.590000,287.980000
150.810000,292.110000,189.590000,287.980000
432.950000,327.370000,189.590000,287.980000
438.220000,321.050000,189.590000,287.980000
370.770000,335.700000,189.590000,287.980000
285.750000,314.440000,189.590000,287.980000
439.970000,325.480000,189.590000,287.980000
375.900000,361.570000,189.590000,287.980000
385.840000,342.730000,189.590000,287.980000
442.930000,327.850000,189.590000,287.980000
305.150000,319.880000,189.590000,287.980000
287.290000,307.550000,189.590000,287.980000
296.110000,342.350000,189.590000,287.980000
164.050000,284.560000,189.590000,287.980000
300.870000,325.840000,189.590000,287.980000
311.310000,334.930000,189.590000,287.980000
303.000000,325.290000,189.590000,287.980000
274.780000,310.370000,189.590000,287.980000
291.930000,345.910000,189.590000,287.980000
298.920000,345.520000,189.590000,287.980000
384.740000,111.630000,161.150000,244.790000
384.890000,111.690000,161.150000,244.790000
379.070000,107.430000,161.150000,244.790000
384.330000,110.390000,154.890000,235.280000
386.220000,110.830000,151.860000,230.670000
386.860000,110.710000,151.860000,230.670000
387.460000,111.210000,148.880000,226.140000
389.480000,110.570000,148.880000,226.140000
325.460000,358.990000,143.100000,217.360000
313.220000,348.880000,143.100000,217.360000
302.640000,368.370000,143.100000,217.360000
246.600000,381.850000,143.100000,217.360000
470.270000,357.500000,143.100000,217.360000
282.760000,46.387000,161.150000,244.790000
282.620000,46.029000,161.150000,244.790000
390.710000,105.220000,157.990000,239.990000
270.580000,11.413000,193.380000,293.740000
155.860000,292.110000,193.380000,293.740000
288.020000,46.264000,161.150000,244.790000
420.100000,25.792000,161.150000,244.790000
418.000000,27.298000,161.150000,244.790000
288.790000,329.830000,164.370000,249.680000
272.090000,13.138000,193.380000,293.740000
154.470000,300.000000,193.380000,293.740000
446.390000,319.310000,193.380000,293.740000
293.420000,323.620000,193.380000,293.740000
431.250000,33.524000,161.150000,244.790000
290.960000,332.880000,157.990000,239.990000
272.090000,5.198400,193.380000,293.740000
197.590000,310.210000,189.590000,287.980000
389.500000,109.180000,161.150000,244.790000
406.060000,123.960000,157.990000,239.990000
403.200000,123.150000,154.890000,235.280000
398.580000,124.520000,151.860000,230.670000
412.370000,66.976000,148.880000,226.140000
402.800000,123.610000,145.960000,221.710000
404.320000,124.130000,145.960000,221.710000
413.990000,76.675000,145.960000,221.710000
415.350000,83.438000,140.290000,213.100000
415.340000,89.068000,137.540000,208.920000
414.700000,90.024000,137.540000,208.920000
406.060000,129.740000,134.840000,204.830000
418.930000,104.760000,129.610000,196.870000
409.550000,130.530000,127.070000,193.010000
412.620000,131.680000,119.740000,181.880000
414.190000,133.330000,117.390000,178.310000
415.940000,135.270000,115.090000,174.820000
415.870000,137.070000,112.830000,171.390000
416.380000,141.200000,108.450000,164.730000
418.160000,145.230000,104.240000,158.340000
417.470000,145.930000,104.240000,158.340000
416.940000,147.110000,104.240000,158.340000
415.680000,148.580000,104.240000,158.340000
415.900000,150.150000,104.240000,158.340000
413.640000,149.260000,106.320000,161.500000
413.270000,150.290000,106.320000,161.500000
410.620000,149.750000,108.450000,164.730000
410.120000,151.290000,108.450000,164.730000
408.910000,152.820000,108.450000,164.730000
407.290000,152.570000,110.620000,168.030000
406.640000,154.450000,110.620000,168.030000
406.070000,155.640000,110.620000,168.030000
403.360000,155.050000,112.830000,171.390000
402.250000,156.260000,112.830000,171.390000
401.280000,157.450000,112.830000,171.390000
400.190000,157.230000,115.090000,174.820000
400.040000,158.510000,115.090000,174.820000
399.380000,160.190000,115.090000,174.820000
399.580000,161.650000,115.090000,174.820000
397.720000,160.900000,117.390000,178.310000
397.790000,161.990000,117.390000,178.310000
397.300000,163.260000,117.390000,178.310000
397.530000,164.510000,117.390000,178.310000
396.570000,166.940000,117.390000,178.310000
395.070000,166.360000,119.740000,181.880000
396.410000,167.620000,119.740000,181.880000
395.510000,168.570000,122.130000,185.520000
395.230000,168.310000,124.580000,189.230000
395.550000,170.360000,124.580000,189.230000
396.300000,171.620000,124.580000,189.230000
396.090000,170.750000,127.070000,193.010000
396.890000,171.850000,127.070000,193.010000
397.220000,172.940000,127.070000,193.010000
398.630000,174.210000,127.070000,193.010000
397.840000,175.350000,129.610000,196.870000
396.190000,174.460000,132.200000,200.810000
394.930000,175.500000,132.200000,200.810000
393.040000,176.700000,132.200000,200.810000
390.780000,176.550000,134.840000,204.830000
390.010000,178.550000,134.840000,204.830000
387.680000,178.440000,137.540000,208.920000
385.730000,178.260000,140.290000,213.100000
384.760000,180.180000,140.290000,213.100000
382.630000,181.060000,140.290000,213.100000
379.390000,180.500000,143.100000,217.360000
377.280000,180.620000,143.100000,217.360000
374.390000,182.110000,143.100000,217.360000
372.590000,184.130000,143.100000,217.360000
368.010000,183.660000,145.960000,221.710000
366.140000,185.120000,145.960000,221.710000
363.550000,186.610000,145.960000,221.710000
360.970000,187.710000,145.960000,221.710000
358.590000,188.390000,145.960000,221.710000
356.310000,189.480000,145.960000,221.710000
354.610000,191.080000,145.960000,221.710000
352.670000,192.610000,145.960000,221.710000
350.650000,192.050000,148.880000,226.140000
349.570000,192.390000,148.880000,226.140000
347.860000,193.550000,148.880000,226.140000
347.910000,194.440000,148.880000,226.140000
346.380000,195.620000,148.880000,226.140000
345.900000,196.850000,148.880000,226.140000
345.450000,198.100000,148.880000,226.140000
345.630000,198.060000,148.880000,226.140000
344.690000,198.310000,148.880000,226.140000
344.090000,197.500000,151.860000,230.670000
343.970000,198.880000,151.860000,230.670000
343.630000,199.410000,151.860000,230.670000
343.760000,201.310000,151.860000,230.670000
344.730000,202.000000,151.860000,230.670000
344.130000,201.740000,151.860000,230.670000
343.810000,201.980000,151.860000,230.670000
343.390000,202.780000,151.860000,230.670000
342.960000,203.500000,151.860000,230.670000
342.920000,204.190000,151.860000,230.670000
341.870000,204.130000,151.860000,230.670000
341.610000,203.990000,151.860000,230.670000
341.180000,203.810000,151.860000,230.670000
340.850000,203.150000,151.860000,230.670000
342.200000,203.870000,151.860000,230.670000
341.340000,203.570000,151.860000,230.670000
341.920000,204.080000,151.860000,230.670000
341.940000,203.760000,151.860000,230.670000
342.030000,203.490000,151.860000,230.670000
342.480000,204.310000,151.860000,230.670000
342.430000,204.540000,151.860000,230.670000
342.690000,204.890000,151.860000,230.670000
342.980000,204.000000,151.860000,230.670000
343.250000,203.980000,151.860000,230.670000
342.750000,204.320000,151.860000,230.670000
342.520000,204.360000,151.860000,230.670000
342.710000,204.710000,151.860000,230.670000
343.130000,204.150000,151.860000,230.670000
343.120000,204.390000,151.860000,230.670000
343.310000,204.350000,151.860000,230.670000
343.000000,204.250000,151.860000,230.670000
343.710000,204.020000,151.860000,230.670000
344.200000,204.080000,151.860000,230.670000
344.330000,203.920000,151.860000,230.670000
344.390000,203.440000,151.860000,230.670000
344.290000,204.090000,151.860000,230.670000
344.330000,203.540000,151.860000,230.670000
344.490000,203.980000,151.860000,230.670000
344.570000,203.740000,151.860000,230.670000
344.860000,203.020000,151.860000,230.670000
345.010000,203.480000,151.860000,230.670000
345.080000,203.960000,151.860000,230.670000
344.500000,203.500000,151.860000,230.670000
344.940000,204.080000,151.860000,230.670000
344.780000,203.930000,151.860000,230.670000
344.550000,203.830000,151.860000,230.670000
344.260000,203.750000,151.860000,230.670000
343.880000,203.740000,151.860000,230.670000
343.990000,203.760000,151.860000,230.670000
344.140000,203.810000,151.860000,230.670000
343.450000,203.970000,151.860000,230.670000
343.860000,204.120000,151.860000,230.670000
344.120000,203.920000,151.860000,230.670000
343.750000,203.700000,151.860000,230.670000
344.120000,203.320000,151.860000,230.670000
344.970000,203.850000,151.860000,230.670000
345.250000,203.230000,151.860000,230.670000
345.210000,203.900000,151.860000,230.670000
344.950000,203.950000,151.860000,230.670000
345.720000,204.200000,151.860000,230.670000
345.970000,204.150000,151.860000,230.670000
346.870000,204.030000,151.860000,230.670000
347.610000,203.870000,151.860000,230.670000
347.720000,203.670000,151.860000,230.670000
348.960000,204.530000,151.860000,230.670000
349.150000,204.570000,151.860000,230.670000
348.890000,204.300000,151.860000,230.670000
349.750000,204.410000,151.860000,230.670000
350.620000,204.280000,151.860000,230.670000
350.490000,203.460000,151.860000,230.670000
349.270000,203.610000,151.860000,230.670000
349.670000,203.940000,151.860000,230.670000
350.110000,203.750000,151.860000,230.670000
350.670000,203.740000,151.860000,230.670000
350.970000,202.750000,151.860000,230.670000
352.460000,202.790000,151.860000,230.670000
355.070000,202.720000,151.860000,230.670000
357.790000,202.780000,151.860000,230.670000
357.710000,204.130000,151.860000,230.670000
346.370000,205.540000,154.890000,235.280000
341.280000,206.090000,157.990000,239.990000
341.680000,203.370000,157.990000,239.990000
340.970000,201.000000,157.990000,239.990000
333.760000,200.400000,154.890000,235.280000
334.190000,201.320000,151.860000,230.670000
334.840000,204.080000,148.880000,226.140000
336.790000,205.240000,148.880000,226.140000
339.100000,204.550000,151.860000,230.670000
340.320000,205.230000,151.860000,230.670000
341.160000,205.160000,151.860000,230.670000
341.620000,205.050000,151.860000,230.670000
342.570000,205.030000,151.860000,230.670000
342.700000,204.960000,151.860000,230.670000
342.700000,204.900000,151.860000,230.670000
343.060000,204.440000,151.860000,230.670000
343.840000,204.670000,151.860000,230.670000
344.350000,204.490000,151.860000,230.670000
344.140000,204.800000,151.860000,230.670000
343.760000,204.260000,151.860000,230.670000
344.220000,204.490000,151.860000,230.670000
343.750000,204.320000,151.860000,230.670000
343.940000,204.430000,151.860000,230.670000
344.310000,204.590000,151.860000,230.670000
343.850000,204.620000,151.860000,230.670000
344.390000,204.760000,151.860000,230.670000
344.070000,204.140000,151.860000,230.670000
344.150000,204.040000,151.860000,230.670000
344.110000,204.060000,151.860000,230.670000
344.270000,204.190000,151.860000,230.670000
344.250000,204.270000,151.860000,230.670000
344.340000,204.400000,151.860000,230.670000
344.500000,204.580000,151.860000,230.670000
344.290000,204.580000,151.860000,230.670000
344.270000,204.810000,151.860000,230.670000
344.400000,204.000000,151.860000,230.670000
344.310000,204.110000,151.860000,230.670000
344.500000,204.090000,151.860000,230.670000
344.690000,204.240000,151.860000,230.670000
344.940000,204.210000,151.860000,230.670000
345.210000,204.460000,151.860000,230.670000
345.110000,204.360000,151.860000,230.670000
345.250000,204.390000,151.860000,230.670000
345.480000,204.250000,151.860000,230.670000
345.380000,204.360000,151.860000,230.670000
345.500000,204.370000,151.860000,230.670000
345.550000,204.500000,151.860000,230.670000
345.620000,204.450000,151.860000,230.670000
346.100000,204.540000,151.860000,230.670000
346.100000,204.730000,151.860000,230.670000
346.290000,204.020000,151.860000,230.670000
345.780000,204.190000,151.860000,230.670000
346.590000,204.060000,151.860000,230.670000
346.550000,203.930000,151.860000,230.670000
346.450000,203.910000,151.860000,230.670000
346.670000,203.800000,151.860000,230.670000
346.700000,203.810000,151.860000,230.670000
346.430000,203.790000,151.860000,230.670000
346.050000,203.830000,151.860000,230.670000
346.500000,204.210000,151.860000,230.670000
346.130000,203.960000,151.860000,230.670000
345.800000,204.030000,151.860000,230.670000
346.270000,204.080000,151.860000,230.670000
346.040000,204.240000,151.860000,230.670000
346.800000,204.300000,151.860000,230.670000
346.740000,204.220000,151.860000,230.670000
346.490000,204.150000,151.860000,230.670000
345.900000,204.210000,151.860000,230.670000
346.490000,204.100000,151.860000,230.670000
346.460000,203.940000,151.860000,230.670000
346.180000,203.880000,151.860000,230.670000
346.020000,204.060000,151.860000,230.670000
346.290000,203.860000,151.860000,230.670000
346.080000,203.810000,151.860000,230.670000
346.110000,203.950000,151.860000,230.670000
346.190000,204.420000,151.860000,230.670000
346.550000,204.700000,151.860000,230.670000
346.920000,204.200000,151.860000,230.670000
347.100000,204.410000,151.860000,230.670000
346.650000,204.380000,151.860000,230.670000
346.810000,203.890000,151.860000,230.670000
347.770000,203.180000,151.860000,230.670000
349.690000,203.130000,151.860000,230.670000
351.930000,202.180000,151.860000,230.670000
355.300000,201.240000,151.860000,230.670000
357.720000,199.980000,151.860000,230.670000
361.640000,198.080000,151.860000,230.670000
364.400000,196.810000,151.860000,230.670000
367.070000,195.720000,148.880000,226.140000
366.700000,190.400000,154.890000,235.280000
367.070000,187.040000,157.990000,239.990000
368.960000,186.680000,154.890000,235.280000
369.760000,185.510000,154.890000,235.280000
371.440000,187.040000,151.860000,230.670000
371.860000,187.460000,151.860000,230.670000
372.150000,188.270000,151.860000,230.670000
371.410000,188.610000,151.860000,230.670000
370.030000,189.570000,151.860000,230.670000
368.320000,190.340000,151.860000,230.670000
366.400000,190.440000,151.860000,230.670000
362.630000,186.160000,154.890000,235.280000
362.970000,188.130000,151.860000,230.670000
362.390000,190.340000,151.860000,230.670000
359.240000,188.840000,154.890000,235.280000
357.420000,187.510000,157.990000,239.990000
356.300000,187.930000,157.990000,239.990000
355.310000,188.930000,157.990000,239.990000
353.330000,186.860000,161.150000,244.790000
355.130000,186.060000,161.150000,244.790000
356.410000,184.930000,161.150000,244.790000
358.430000,185.080000,161.150000,244.790000
358.710000,186.720000,157.990000,239.990000
359.200000,188.680000,154.890000,235.280000
358.880000,189.590000,154.890000,235.280000
357.280000,191.160000,154.890000,235.280000
356.010000,192.870000,154.890000,235.280000
353.490000,191.290000,157.990000,239.990000
352.820000,192.310000,157.990000,239.990000
351.170000,190.890000,161.150000,244.790000
349.320000,191.250000,161.150000,244.790000
346.490000,192.030000,161.150000,244.790000
342.110000,190.190000,164.370000,249.680000
340.210000,190.460000,164.370000,249.680000
338.140000,191.460000,164.370000,249.680000
336.770000,192.100000,164.370000,249.680000
335.370000,192.350000,164.370000,249.680000
331.920000,191.720000,164.370000,249.680000
331.990000,193.000000,164.370000,249.680000
332.110000,194.030000,164.370000,249.680000
331.480000,194.540000,164.370000,249.680000
340.170000,193.110000,164.370000,249.680000
349.110000,193.100000,164.370000,249.680000
347.950000,196.190000,164.370000,249.680000
339.120000,197.090000,164.370000,249.680000
341.840000,198.850000,164.370000,249.680000
339.810000,197.500000,164.370000,249.680000
337.730000,193.710000,167.660000,254.680000
339.590000,192.670000,167.660000,254.680000
339.280000,192.060000,167.660000,254.680000
337.960000,191.550000,167.660000,254.680000
340.350000,193.440000,164.370000,249.680000
340.900000,193.110000,164.370000,249.680000
341.320000,191.780000,164.370000,249.680000
343.140000,193.480000,161.150000,244.790000
344.160000,195.640000,157.990000,239.990000
344.360000,196.370000,157.990000,239.990000
345.360000,196.340000,157.990000,239.990000
345.240000,196.220000,157.990000,239.990000
345.350000,197.320000,157.990000,239.990000
345.090000,197.860000,157.990000,239.990000
344.510000,198.810000,157.990000,239.990000
345.120000,198.380000,157.990000,239.990000
345.200000,195.750000,161.150000,244.790000
345.010000,194.790000,161.150000,244.790000
344.720000,196.790000,157.990000,239.990000
344.570000,199.570000,154.890000,235.280000
348.550000,206.760000,151.860000,230.670000
346.390000,204.400000,151.860000,230.670000
344.240000,205.450000,151.860000,230.670000
344.750000,208.530000,148.880000,226.140000
375.070000,162.040000,164.370000,249.680000
356.770000,181.030000,164.370000,249.680000
352.270000,189.650000,164.370000,249.680000
349.730000,183.370000,167.660000,254.680000
347.690000,180.320000,164.370000,249.680000
349.200000,183.260000,161.150000,244.790000
347.790000,183.810000,157.990000,239.990000
345.820000,184.840000,154.890000,235.280000
342.630000,181.040000,154.890000,235.280000
343.670000,182.290000,151.860000,230.670000
345.540000,181.010000,148.880000,226.140000
346.720000,180.430000,145.960000,221.710000
350.700000,179.370000,145.960000,221.710000
357.170000,177.840000,145.960000,221.710000
359.950000,180.610000,143.100000,217.360000
361.750000,180.410000,143.100000,217.360000
365.510000,180.170000,143.100000,217.360000
366.660000,177.910000,143.100000,217.360000
367.610000,174.940000,143.100000,217.360000
365.850000,170.620000,143.100000,217.360000
375.050000,172.100000,140.290000,213.100000
386.610000,172.350000,140.290000,213.100000
389.020000,169.850000,140.290000,213.100000
390.560000,169.090000,140.290000,213.100000
394.240000,169.300000,137.540000,208.920000
396.390000,169.330000,134.840000,204.830000
397.790000,167.290000,134.840000,204.830000
400.220000,165.300000,132.200000,200.810000
403.400000,167.010000,129.610000,196.870000
406.060000,166.990000,127.070000,193.010000
408.740000,166.610000,124.580000,189.230000
413.080000,167.260000,119.740000,181.880000
415.940000,167.960000,119.740000,181.880000
406.710000,176.000000,119.740000,181.880000
408.190000,174.650000,117.390000,178.310000
411.820000,175.270000,115.090000,174.820000
412.460000,171.580000,112.830000,171.390000
417.820000,170.500000,110.620000,168.030000
417.720000,168.760000,108.450000,164.730000
419.370000,167.400000,108.450000,164.730000
419.340000,164.660000,108.450000,164.730000
422.000000,165.360000,106.320000,161.500000
423.860000,165.900000,104.240000,158.340000
425.540000,166.300000,102.190000,155.230000
426.920000,166.480000,100.190000,152.190000
427.920000,166.100000,98.227000,149.200000
428.600000,166.240000,96.301000,146.280000
430.790000,165.500000,96.301000,146.280000
431.640000,163.700000,94.412000,143.410000
434.910000,164.310000,92.561000,140.600000
435.860000,163.620000,90.746000,137.840000
436.200000,162.970000,90.746000,137.840000
436.740000,162.990000,90.746000,137.840000
438.050000,164.510000,88.967000,135.140000
332.650000,389.780000,88.967000,135.140000
342.810000,402.460000,88.967000,135.140000
395.420000,-9.080800,164.370000,249.680000
395.370000,-7.361900,164.370000,249.680000
395.480000,-7.682800,164.370000,249.680000
396.430000,-7.737100,164.370000,249.680000
399.980000,-10.037000,164.370000,249.680000
403.840000,87.485000,164.370000,249.680000
400.970000,88.508000,164.370000,249.680000
399.600000,91.683000,161.150000,244.790000
401.410000,96.014000,154.890000,235.280000
402.380000,98.603000,151.860000,230.670000
403.420000,99.074000,148.880000,226.140000
402.200000,97.997000,145.960000,221.710000
404.300000,100.530000,143.100000,217.360000
407.490000,99.740000,140.290000,213.100000
409.410000,98.011000,140.290000,213.100000
409.060000,101.820000,137.540000,208.920000
408.990000,102.810000,134.840000,204.830000
411.420000,107.880000,129.610000,196.870000
411.030000,109.630000,127.070000,193.010000
406.020000,108.980000,127.070000,193.010000
413.470000,114.000000,124.580000,189.230000
417.960000,108.220000,124.580000,189.230000
423.100000,112.140000,122.130000,185.520000
276.200000,44.563000,164.370000,249.680000
276.800000,44.258000,164.370000,249.680000
405.380000,22.210000,115.060000,174.780000
407.510000,43.748000,110.590000,167.990000
411.530000,46.784000,106.300000,161.470000
346.960000,137.430000,164.370000,249.680000
316.100000,347.530000,161.150000,244.790000
398.870000,38.468000,164.370000,249.680000
397.120000,36.860000,167.660000,254.680000
398.940000,39.366000,167.660000,254.680000
398.860000,43.001000,164.370000,249.680000
393.320000,-3.170800,161.150000,244.790000
81.852000,-37.528000,164.370000,249.680000
84.305000,-33.485000,161.150000,244.790000
94.875000,-33.243000,157.990000,239.990000
86.425000,-24.388000,154.890000,235.280000
228.550000,341.790000,148.880000,226.140000
345.500000,132.020000,164.370000,249.680000
343.230000,130.040000,164.370000,249.680000
305.340000,345.320000,164.370000,249.680000
427.780000,19.860000,115.060000,174.780000
331.370000,399.510000,110.590000,167.990000
192.320000,344.360000,110.590000,167.990000
332.660000,392.170000,110.590000,167.990000
332.710000,384.040000,110.590000,167.990000
336.320000,385.820000,110.590000,167.990000
418.990000,20.458000,115.060000,174.780000
334.340000,396.690000,115.060000,174.780000
235.920000,372.040000,115.060000,174.780000
332.920000,381.080000,115.060000,174.780000
341.190000,368.380000,115.060000,174.780000
327.280000,379.270000,115.060000,174.780000
365.760000,13.709000,115.060000,174.780000
324.930000,395.130000,112.810000,171.350000
189.860000,340.090000,112.810000,171.350000
333.600000,388.140000,112.810000,171.350000
331.720000,387.760000,112.810000,171.350000
294.340000,-107.120000,112.810000,171.350000
315.490000,29.172000,115.060000,174.780000
315.990000,32.394000,115.060000,174.780000
312.830000,28.977000,117.360000,178.270000
311.840000,31.697000,115.060000,174.780000
311.440000,35.319000,112.810000,171.350000
311.160000,36.076000,112.810000,171.350000
306.170000,35.900000,112.810000,171.350000
304.960000,35.313000,112.810000,171.350000
301.280000,35.694000,112.810000,171.350000
303.030000,38.782000,110.590000,167.990000
300.050000,39.670000,110.590000,167.990000
297.890000,43.200000,106.300000,161.470000
297.370000,45.769000,104.220000,158.300000
296.880000,47.489000,100.170000,152.150000
295.910000,49.336000,98.204000,149.170000
290.930000,47.745000,98.204000,149.170000
287.800000,44.969000,100.170000,152.150000
284.670000,47.854000,98.204000,149.170000
278.110000,46.685000,98.204000,149.170000
273.280000,46.434000,96.279000,146.250000
270.230000,43.125000,96.279000,146.250000
230.220000,-54.142000,164.370000,249.680000
303.910000,-0.095988,164.370000,249.680000
304.940000,3.923500,164.370000,249.680000
311.040000,342.720000,164.370000,249.680000
310.950000,354.700000,164.370000,249.680000
175.260000,303.670000,164.370000,249.680000
321.950000,350.090000,164.370000,249.680000
312.630000,346.670000,164.370000,249.680000
84.201000,-37.779000,164.370000,249.680000
73.245000,-31.204000,161.150000,244.790000
76.290000,-28.783000,157.990000,239.990000
79.302000,-22.800000,154.890000,235.280000
107.950000,-21.110000,148.880000,226.140000
81.988000,-6.610600,143.100000,217.360000
82.919000,-1.267900,137.540000,208.920000
75.874000,4.718400,134.840000,204.830000
99.779000,5.191500,132.200000,200.810000
77.018000,11.271000,129.610000,196.870000
80.763000,14.309000,129.610000,196.870000
283.920000,39.593000,164.370000,249.680000
309.770000,342.160000,161.150000,244.790000
304.500000,336.300000,161.150000,244.790000
266.150000,2.144100,197.250000,299.620000
84.404000,302.000000,193.380000,293.740000
304.950000,323.330000,193.380000,293.740000
375.960000,339.080000,193.380000,293.740000
297.070000,322.440000,193.380000,293.740000
356.740000,301.610000,193.380000,293.740000
290.840000,333.750000,193.380000,293.740000
83.589000,302.180000,193.380000,293.740000
378.060000,339.650000,193.380000,293.740000
293.550000,311.240000,193.380000,293.740000
292.330000,312.060000,193.380000,293.740000
357.410000,309.280000,193.380000,293.740000
288.860000,333.480000,193.380000,293.740000
87.827000,303.650000,193.380000,293.740000
299.010000,321.990000,193.380000,293.740000
298.130000,311.740000,193.380000,293.740000
79.763000,-36.430000,164.370000,249.680000
107.260000,-36.121000,157.990000,239.990000
80.429000,-21.312000,154.890000,235.280000
84.782000,-15.785000,148.880000,226.140000
88.238000,-37.138000,164.370000,249.680000
79.816000,-28.320000,157.990000,239.990000
84.886000,-22.039000,154.890000,235.280000
98.002000,-17.151000,148.880000,226.140000
268.770000,6.820200,197.250000,299.620000
146.390000,291.020000,193.380000,293.740000
