0.961450
0.051331
0.052487
0.051852
0.050858
0.051069
0.051110
0.051288
0.050879
0.051249
0.101991
0.051497
0.051004
0.050987
0.051639
0.050870
0.052084
0.052035
0.052717
0.052389
0.122292
0.051886
0.052321
0.051112
0.050694
0.050917
0.051099
0.050593
0.050557
0.050900
0.125132
0.050671
0.050674
0.051123
0.051658
0.054661
0.056740
0.051245
0.050924
0.051028
0.141054
0.051381
0.051193
0.050660
0.051033
0.050780
0.050885
0.050787
0.050858
0.051244
0.147924
0.050832
0.050925
0.050776
0.051170
0.051239
0.051235
0.051538
0.051269
0.051244
0.163074
0.051266
0.051451
0.051829
0.051272
0.051802
0.050954
0.051250
0.051379
0.050993
0.171362
0.051617
0.052425
0.050976
0.051362
0.051699
0.051417
0.051206
0.051171
0.051488
0.186559
0.052453
0.052511
0.051963
0.052640
0.052458
0.052155
0.052609
0.052263
0.052173
0.230645
0.052422
0.052169
0.052622
0.052741
0.052495
0.052428
0.052460
0.052158
0.052357
0.237975
0.052755
0.052614
0.052219
0.052699
0.052693
0.052782
0.052569
0.052296
0.052533
0.257619
0.052632
0.052412
0.052558
0.052380
0.052601
0.052592
0.052578
0.052539
0.052452
0.274923
0.052789
0.051953
0.051304
0.051410
0.051423
0.051568
0.051183
0.051455
0.051638
0.283493
0.051217
0.050761
0.050980
0.051070
0.051558
0.050975
0.051802
0.050399
0.050701
0.299510
0.051426
0.051231
0.050633
0.050654
0.051319
0.051309
0.051101
0.050651
0.050576
0.308735
0.051317
0.051103
0.051181
0.052365
0.052373
0.052182
0.052233
0.052317
0.051517
0.272231
0.051114
0.052373
0.052496
0.052491
0.050643
0.050489
0.050682
0.050694
0.050878
0.285502
0.051085
0.051058
0.050979
0.050917
0.051214
0.051143
0.051479
0.051046
0.050860
0.294186
0.051437
0.051165
0.051090
0.051064
0.051018
0.051031
0.051069
0.051324
0.051196
0.308662
0.051597
0.051297
0.051246
0.051449
0.050946
0.051121
0.051363
0.050985
0.050814
0.317734
0.052585
0.052219
0.052146
0.050911
0.050801
0.050505
0.050627
0.050626
0.050626
0.330251
0.052401
0.051089
0.052486
0.052341
0.052403
0.052384
0.052465
0.052118
0.052467
0.341271
0.052670
0.052378
0.052639
0.052366
0.050709
0.050590
0.050856
0.050861
0.051069
0.339983
0.051651
0.050740
0.051083
0.050683
0.051748
0.051250
0.050933
0.051459
0.051413
0.339579
0.051031
0.050956
0.050828
0.051564
0.051009
0.050679
0.050517
0.051043
0.050695
0.339111
0.051186
0.050974
0.051066
0.051002
0.051450
0.051227
0.051060
0.051090
0.050658
0.340858
0.050970
0.051420
0.050908
0.050664
0.051011
0.051240
0.050904
0.050397
0.050900
0.339777
0.050841
0.051386
0.051245
0.050742
0.050958
0.051432
0.050981
0.051001
0.050593
0.339038
0.050944
0.051161
0.051301
0.051110
0.050899
0.053228
0.050591
0.050500
0.050776
0.339225
0.050912
0.051116
0.051141
0.050911
0.050966
0.051066
0.050930
0.050620
0.050661
0.339841
0.051202
0.051903
0.051600
0.051369
0.051331
0.051128
0.051306
0.052073
0.051233
0.340076
0.050831
0.050550
0.050786
0.050476
0.051016
0.050874
0.052048
0.051181
0.051091
0.339741
0.051348
0.051010
0.051379
0.051450
0.051682
0.050915
0.054590
0.051388
0.050761
0.340039
0.051616
0.051174
0.051250
0.051243
0.051054
0.050638
0.050726
0.051159
0.051418
0.339625
0.051075
0.050691
0.050943
0.051487
0.050950
0.051220
0.051402
0.052250
0.054855
0.343530
0.051576
0.051542
0.051498
0.051640
0.051284
0.051364
0.051461
0.051653
0.051389
0.340360
0.051257
0.050734
0.051222
0.051227
0.051469
0.051270
0.051656
0.050561
0.050468
0.340094
0.051557
0.051018
0.050835
0.051024
0.050921
0.050982
0.051379
0.051584
0.051379
0.340039
0.051322
0.051483
0.051257
0.052438
0.052470
0.052526
0.052168
0.053098
0.052153
0.341632
0.052327
0.052413
0.052446
0.052552
0.052146
0.052426
0.052407
0.052001
0.052607
0.341539
0.052356
0.052381
0.051072
0.051058
0.051366
0.051756
0.051260
0.051724
0.051030
0.340239
0.052211
0.051810
0.051227
0.052358
0.052714
0.052877
0.052655
0.052121
0.051475
0.341339
0.051840
0.051292
0.051370
0.051736
0.051784
0.051320
0.051055
0.051172
0.051661
0.340385
0.052131
0.051425
0.051614
0.051845
0.051900
0.051871
0.051624
0.051256
0.051497
0.340353
0.051624
0.051672
0.051316
0.051624
0.051665
0.051116
0.052015
0.051517
0.051323
0.340477
0.051872
0.051306
0.051412
0.051004
0.051390
0.051196
0.051469
0.051448
0.051062
0.341359
0.053004
0.052692
0.052902
0.053164
0.052615
0.052447
0.051466
0.051306
0.051376
0.341380
0.052912
0.052292
0.052696
0.051579
0.051111
0.051054
0.051843
0.055440
0.052399
0.340434
0.051466
0.051598
0.051727
0.051161
0.051322
0.051662
0.051130
0.051121
0.051183
0.339596
0.051264
0.050815
0.051672
0.050798
0.051236
0.051004
0.051253
0.051593
0.050996
0.340472
0.051522
0.050952
0.051809
0.051938
0.051408
0.049934
0.051677
0.050002
0.051125
0.340021
0.051460
0.051273
0.051362
0.051353
0.051829
0.051539
0.051131
0.050902
0.051221
0.340118
0.051526
0.051141
0.051238
0.051069
0.051066
0.051762
0.050989
0.051674
0.051260
0.339663
0.051113
0.050879
0.051140
0.051285
0.051978
0.052380
0.050632
0.050724
0.051596
0.340686
0.051595
0.050999
0.051340
0.050977
0.050834
0.051121
0.051522
0.052597
0.051542
0.340034
0.051812
0.051485
0.051303
0.051783
0.051299
0.051814
0.051396
0.051461
0.051591
0.340228
0.051477
0.051260
0.051702
0.051083
0.051141
0.051452
0.051717
0.051519
0.051032
0.340380
0.051070
0.051351
0.050839
0.051215
0.050930
0.050982
0.050624
0.051047
0.051201
0.339294
0.050526
0.051073
0.050939
0.050944
0.050811
0.051162
0.051238
0.051085
0.050730
0.338718
0.051652
0.050770
0.051006
0.050632
0.050334
0.050637
0.050645
0.050176
0.050483
0.338673
0.050288
0.050777
0.050247
0.050554
0.050199
0.339065
0.050366
0.049859
0.049873
0.338860
0.051164
0.050321
0.050378
0.050904
0.049919
0.050496
0.338840
0.050476
0.050920
0.338873
0.051467
0.050561
0.339645
0.339993
0.051231
0.050671
0.050743
0.050648
0.050271
0.339453
0.050199
0.050630
0.050923
0.051055
0.051022
0.050812
0.051303
0.050351
0.050681
0.339881
0.051016
0.051286
0.050375
0.050905
0.339977
0.051781
0.050880
0.050939
0.051006
0.340282
0.051351
0.051187
0.051299
0.051300
0.051223
0.340255
0.050755
0.051294
0.051604
0.340863
0.051130
0.051839
0.051955
0.052588
0.052922
0.053380
0.053619
0.053367
0.053557
0.342007
0.053659
0.053365
0.053141
0.053273
0.052862
0.052541
0.053171
0.053248
0.052426
0.341815
0.053502
0.051077
0.051163
0.050751
0.053043
0.050103
0.053659
0.052461
0.053361
0.342486
0.052913
0.052971
0.052652
0.054233
0.052375
0.052859
0.052644
0.052928
0.052871
0.341443
0.053077
0.052431
0.056242
0.052406
0.052711
0.052500
0.052583
0.052599
0.052341
0.341738
0.052509
0.051997
0.052385
0.052583
0.052679
0.052631
0.052537
0.052589
0.052907
0.342389
0.052983
0.052954
0.053550
0.050984
0.053607
0.052614
0.053040
0.053122
0.053043
0.342452
0.053656
0.052917
0.052679
0.052813
0.053177
0.053090
0.053074
0.052635
0.052917
0.342053
0.052990
0.052571
0.052853
0.052767
0.052845
0.052803
0.052824
0.053429
0.052602
0.342411
0.054192
0.053172
0.053038
0.053314
0.052826
0.053364
0.053390
0.053209
0.053518
0.341277
0.050916
0.053100
0.052077
0.052316
0.053428
0.053177
0.053300
0.053256
0.053616
0.341454
0.052995
0.052468
0.052763
0.052018
0.051780
0.050807
0.051213
0.051327
0.050963
0.340683
0.051369
0.050975
0.052030
0.052284
0.051034
0.051359
0.051560
0.051411
0.051377
0.340291
0.051178
0.051170
0.051909
0.051523
0.051765
0.051262
0.051297
0.050699
0.051336
0.340479
0.051706
0.051184
0.051270
0.051156
0.050835
0.051117
0.051068
0.051251
0.051230
0.341745
0.052597
0.052255
0.052056
0.052800
0.052369
0.052119
0.051902
0.051985
0.052522
0.341692
0.052166
0.052785
0.052301
0.053261
0.052621
0.052846
0.052732
0.052579
0.341231
0.341104
0.340238
0.051477
0.340108
0.340199
0.051564
0.050934
0.050753
0.051368
0.050977
0.339425
0.050877
0.050348
0.051016
0.049778
0.051050
0.050889
0.050838
0.050624
0.050707
0.339587
0.050903
0.050629
0.051093
0.050996
0.050412
0.050546
0.051014
0.050532
0.051553
0.339982
0.051007
0.051006
0.051478
0.051494
0.051336
0.051217
0.050703
0.051434
0.051188
0.339959
0.051418
0.051103
0.050329
0.050961
0.050631
0.050863
0.051208
0.051810
0.051974
0.340903
0.052945
0.052828
0.052592
0.053220
0.053071
0.052929
0.052495
0.052641
0.052589
0.341159
0.052692
0.052808
0.052873
0.052376
0.052431
0.052913
0.052490
0.052490
0.052793
0.341881
0.051777
0.051527
0.051546
0.051930
0.051676
0.051874
0.052428
0.052299
0.051906
0.341318
0.052238
0.052475
0.051523
0.052662
0.052507
0.052523
0.052227
0.052451
0.052690
0.341125
0.052306
0.052512
0.052067
0.051374
0.051012
0.051272
0.051518
0.051008
0.051493
0.339994
0.051031
0.050667
0.050771
0.051619
0.051013
0.051084
0.052726
0.054085
0.053190
0.339796
0.051111
0.051670
0.051144
0.051327
0.051179
0.051307
0.050766
0.054184
0.050771
0.339981
0.051183
0.051237
0.051252
0.050860
0.051189
0.051587
0.050875
0.051537
0.051952
0.339624
0.050972
0.051195
0.050999
0.051069
0.051018
0.051174
0.051340
0.049857
0.051813
0.339846
