261,208,340,374
261,206,344,372
260,204,343,377
259,204,343,373
260,202,344,376
262,202,346,375
261,202,346,373
257,203,347,374
260,205,347,372
261,208,344,369
259,207,344,368
260,202,343,376
263,204,343,373
263,203,344,376
263,198,346,379
264,198,347,380
266,193,346,383
268,201,348,379
269,203,352,381
267,207,355,375
265,207,351,374
266,207,352,370
264,206,349,373
266,201,350,379
265,203,350,372
266,202,350,378
267,201,348,373
268,201,348,379
269,201,349,376
270,204,349,373
271,202,349,378
269,201,347,378
269,202,347,375
269,200,347,379
268,194,348,379
267,193,351,379
266,189,348,380
268,192,347,380
265,193,343,380
266,190,345,386
269,192,346,383
269,195,348,380
269,190,350,382
270,191,352,378
270,190,350,386
272,193,348,387
274,191,347,384
273,189,339,389
284,187,342,390
294,188,347,395
299,189,357,404
309,190,361,404
312,193,368,402
318,189,370,413
330,188,384,420
330,188,394,428
331,184,399,426
333,182,395,425
331,175,392,426
324,181,379,419
299,178,366,398
289,181,348,381
274,190,341,395
262,184,333,381
254,179,325,370
247,178,312,362
238,202,298,365
231,198,288,365
225,200,285,370
222,206,280,372
221,211,280,366
211,210,277,362
213,207,276,357
216,202,275,365
214,195,274,367
214,179,275,365
215,169,276,364
214,176,277,368
218,191,275,378
219,168,276,364
216,163,276,370
218,162,274,372
217,164,279,372
216,166,276,372
218,186,275,380
219,181,274,368
217,168,275,366
221,181,276,373
221,165,278,364
224,162,284,367
231,175,287,370
237,171,291,361
246,189,292,359
252,194,300,355
257,201,301,353
254,210,299,353
257,216,302,349
264,222,307,346
272,222,317,347
268,222,332,349
272,219,344,352
289,218,359,348
302,213,357,339
302,216,357,352
309,215,361,338
312,220,365,338
320,220,366,330
302,228,360,345
265,230,347,332
276,228,355,331
292,225,351,338
309,225,354,326
315,224,356,320
315,226,358,322
314,228,364,323
314,226,372,311
314,231,371,325
314,224,370,326
305,225,367,327
253,220,304,315
273,235,324,345
282,220,328,316
229,224,283,315
242,237,302,327
253,225,321,316
278,219,346,329
288,215,354,345
303,212,370,355
315,211,381,354
325,217,404,362
334,220,421,378
343,213,434,388
344,210,460,380
346,207,470,384
353,188,468,399
361,176,479,421
374,173,484,429
386,177,509,429
402,175,519,432
423,177,537,429
436,181,544,408
450,181,540,418
457,187,546,416
462,188,554,412
469,195,555,392
473,196,564,393
476,201,582,387
480,205,588,392
495,204,582,388
493,201,578,388
493,201,571,389
491,204,563,388
490,200,558,388
487,204,559,390
490,202,554,387
492,202,553,391
495,205,553,388
499,207,558,388
505,212,565,386
514,209,574,385
517,208,581,383
519,203,580,385
528,202,585,385
533,205,589,386
541,207,593,385
544,206,596,383
547,205,597,382
545,206,603,381
548,207,602,382
548,205,602,380
550,204,600,382
550,204,604,382
553,203,605,384
554,205,608,381
554,206,613,383
556,206,614,385
555,206,619,382
556,201,620,382
557,199,620,382
558,200,620,384
557,199,621,383
558,200,621,382
555,204,616,387
554,205,620,380
553,202,616,384
554,203,612,384
554,207,613,387
557,204,612,382
555,204,605,387
555,199,598,369
NaN,NaN,NaN,NaN
551,180,604,353
NaN,NaN,NaN,NaN
552,206,598,379
555,204,601,385
554,207,602,386
553,203,603,384
556,205,605,382
555,208,607,383
555,208,606,383
554,209,606,382
554,202,602,384
553,202,601,384
552,202,600,384
553,206,601,383
550,205,606,384
550,207,606,384
550,206,606,384
551,208,606,384
552,205,606,383
551,204,605,383
552,204,606,384
554,205,604,380
555,203,602,384
555,206,604,383
555,204,605,384
552,209,608,383
552,206,607,384
553,207,604,382
554,206,603,381
553,202,603,381
