-100
-100
-100
-100
-100
-100
0.18166
0.31119
-0.032244
0.081512
0.12124
0.17373
0.086747
0.2463
0.3583
1.0025
1.2068
1.1438
1.1832
1.4026
1.6239
1.9054
3.4667
2.3088
2.1473
2.8193
2.0098
0.85038
0.56094
0.29486
0.11131
0.18071
0.45324
0.49791
0.59313
0.60762
0.69695
0.37354
0.48565
0.44971
0.69513
0.96936
0.99255
1.0583
1.3095
0.92145
0.60889
0.68039
0.48727
0.51714
0.60982
0.4033
0.28865
0.2142
0.18352
0.12582
0.06009
0.020578
-0.047353
-0.090342
-0.09691
-0.10379
-0.12588
0.18747
0.14677
0.22158
0.21171
0.70451
0.47808
0.58732
0.5276
0.46094
0.3281
0.26201
0.2901
0.31732
0.51396
0.71694
0.69391
0.83933
0.84748
0.7807
0.75206
0.62011
0.63674
0.54595
0.42097
0.33021
0.24288
0.37352
0.15377
0.11999
0.13598
0.19682
0.29913
0.48054
0.20849
0.29215
0.29769
0.061892
0.12767
0.24159
0.23519
0.4063
0.082034
0.16796
-0.0764
-0.030039
0.023429
-0.11846
-0.040341
-0.27767
-0.18023
-0.14009
-0.092975
-0.15269
-0.033141
-0.23105
-0.20521
-0.24471
-0.1844
-0.18422
-0.12472
0.013929
-0.16586
0.11725
3.6698
13.504
21.494
16.508
16.491
15.905
13.562
7.3001
4.8054
4.4873
4.9214
4.6121
7.5771
12.053
12.558
9.709
5.3527
2.584
2.1142
2.6838
5.1987
10.601
14.815
12.663
11.25
11.104
14.958
12.204
17.64
16.499
15.355
13.641
11.873
9.7214
9.0571
9.5216
10.949
11.129
9.707
10.159
9.1032
10.348
10.524
9.3758
10.822
10.012
8.9605
9.8749
9.8605
9.6795
10.638
9.2794
10.119
10.256
9.7083
10.92
10.609
12.756
11.195
12.151
12.741
0.54667
0.014706
-0.090067
-0.16325
-0.17452
-0.20386
-0.26022
-0.20488
-0.15607
-0.28013
-0.31386
-0.31307
-0.39704
-0.24904
-0.3129
-0.27816
-0.28393
-0.26321
-0.30043
-0.17864
-0.30981
-0.16358
-0.22649
-0.19895
-0.38163
-0.31752
-0.37262
-0.35987
-0.34066
-0.35365
-0.26167
-0.32438
-0.37182
-0.35828
-0.28738
-0.26049
-0.10208
-0.17865
-0.26517
-0.17009
-0.21676
-0.11213
0.24197
0.29834
0.74386
1.2352
1.9101
3.7102
3.6698
3.9791
13.816
45.493
27.543
28.159
25.693
27.057
27.168
28.744
25.78
33.777
27.389
29.302
27.376
39.536
30.832
30.568
40.596
27.474
27.905
31.762
26.215
41.036
45.422
33.614
27.219
29.648
24.045
26.021
18.786
52.209
14.736
19.74
10.89
11.807
15.328
21.136
22.688
19.847
22.767
20.01
41.73
28.744
27.764
21.592
10.566
1.1315
0.67457
2.4871
21.573
17.667
15.263
15.591
13.16
14.05
13.009
14.366
14.542
13.738
7.7792
5.1729
3.6905
6.1002
49.738
10.649
11.079
10.43
11.251
11.19
12.49
11.413
16.12
8.6498
0.75542
1.5636
19.212
24.342
25.928
11.497
15.205
14.881
11.489
12.181
4.7961
17.728
3.7737
1.8049
4.7153
54.675
13.286
12.566
10.203
9.9591
10.02
9.0208
8.3191
8.5159
8.5874
11.276
10.561
11.2
21.011
13.432
9.045
9.4894
10.138
10.896
11.846
11.148
13.413
10.879
13.173
1.1052
2.4325
0.82955
1.1068
7.7653
64.938
12.186
11.499
12.304
12.113
11.549
1.6313
4.3354
0.50615
0.27151
1.4308
22.318
21.414
18.147
15.194
9.5659
8.9216
9.8415
8.3794
7.9885
8.3139
8.0757
7.9443
7.6968
7.5494
7.5713
8.0669
8.418
8.54
8.1478
8.6563
8.9249
9.8118
9.3555
9.7154
8.9307
8.8935
8.8095
8.7286
8.6562
8.7498
9.6662
10.509
10.147
10.059
9.9966
11.534
12.424
11.349
9.6044
10.135
9.7014
11.544
7.5637
8.3311
1.0753
0.94873
1.3435
1.2533
1.0323
0.97559
0.65786
0.48345
0.40707
0.43876
0.41417
0.40552
0.34145
0.33174
0.21435
0.26918
0.24433
0.30066
0.52592
1.4002
1.6825
6.1485
28.112
28.768
19.935
18.133
22.297
17.494
54.078
39.813
43.416
53.863
78.355
89.704
107.96
109.38
98.494
44.669
66.461
68.144
64.622
92.273
37.875
62.598
77.499
63.413
8.2636
8.5398
8.1203
8.3743
9.1331
9.1898
9.2275
9.515
9.138
8.2548
8.2608
7.7924
7.6313
7.8557
7.7012
8.4971
7.8367
8.4601
8.2984
7.837
7.9548
7.7942
7.2342
7.1855
6.8373
6.8396
7.3546
7.2541
7.4664
7.7959
7.2951
8.1679
7.0037
7.2858
7.438
7.7787
7.4757
7.4015
5.7207
5.3063
5.9412
9.372
9.1838
6.9337
7.3103
10.71
12.439
11.962
16.2
7.6948
6.9286
5.3256
4.7582
4.1563
3.9853
5.1629
1.5928
1.793
2.2482
2.0336
2.1266
2.7735
3.0431
3.4025
2.1852
1.7397
2.0449
3.1176
7.6456
36.198
13.203
50.53
57.901
16.471
17.177
16.951
16.486
34.092
25.064
51.547
31.123
41.352
39.719
30.972
45.259
13.951
15.124
11.404
14.407
8.8959
9.6713
8.7369
10.906
12.275
13.56
13.288
11.493
12.92
13.667
12.368
12.84
41.75
97.85
24.572
56.793
13.801
14.653
10.19
5.7744
11.838
11.915
12.128
10.615
6.4204
8.8776
11.273
26.376
7.6042
8.7296
8.8984
10.898
9.6752
10.092
11.608
11.138
8.0691
7.9603
8.1801
8.5368
10.262
14.191
21.602
30.796
7.1153
7.9808
7.5522
7.575
9.5775
8.5444
58.494
22.844
22.5
32.804
11.418
12.915
24.876
11.153
10.136
8.4316
10.265
5.8399
7.8884
34.053
17.272
22.213
29.992
10.164
9.6155
10.555
10.87
14.253
9.2983
9.5104
8.872
10.044
10.371
38.03
23.203
56.162
16.956
16.437
16.283
18.281
18.414
14.368
9.3573
8.7501
8.9209
8.6672
9.5445
8.7308
9.3945
8.3643
8.3357
8.4767
10.866
16.759
22.449
12.744
12.686
8.965
30.19
33.172
19.949
51.253
14.328
11.863
12.59
11.744
23.026
26.575
11.628
12.601
4.3043
4.7505
6.8793
39.841
11.243
9.7917
9.3753
9.9078
36.285
31.698
17.533
17.353
33.247
30.017
52.94
63.274
9.7047
10.167
11.408
13.056
12.653
15.265
13.926
15.064
45.126
68.28
12.008
12.017
10.886
10.228
10.09
10.003
9.3842
10.273
8.8966
9.2563
7.7729
9.3226
8.7109
9.5
8.7728
9.6667
9.4899
10.22
10.169
11.581
12.748
11.952
12.494
10.028
