112,164,68,42
112,164,68,42
112,164,69,43
112,164,68,42
112,164,68,42
112,164,68,42
112,164,68,42
112,164,68,42
112,164,68,42
112,164,68,42
113,164,67,41
112,164,68,42
114,165,66,41
112,164,68,42
112,164,68,42
112,164,68,42
112,164,69,43
112,163,69,43
112,164,68,42
112,164,68,42
112,164,69,43
112,164,68,42
112,164,68,42
114,164,70,43
118,159,70,44
124,153,70,43
132,143,71,44
140,135,70,44
149,128,70,43
159,122,68,42
169,117,66,41
176,113,68,42
185,111,67,41
191,110,68,42
198,113,67,41
200,120,66,41
198,128,64,39
193,136,65,40
189,145,64,40
187,152,62,39
189,154,61,38
189,155,61,38
191,154,59,37
192,153,61,38
195,152,59,36
198,150,59,36
202,149,59,36
205,148,59,36
210,150,57,35
214,149,57,35
219,149,56,35
225,149,56,35
229,150,58,36
234,152,59,37
241,154,58,36
247,155,58,36
254,155,57,35
260,154,58,36
267,153,59,36
274,152,58,36
281,153,57,35
284,151,59,36
286,151,58,36
287,150,59,37
286,149,61,38
285,148,63,39
283,148,64,39
283,148,64,39
281,148,65,40
281,150,66,41
280,151,68,42
281,152,68,42
279,152,70,43
279,153,70,44
279,153,73,45
280,153,72,44
283,156,70,43
287,153,68,42
289,151,70,44
291,149,72,44
296,150,70,44
298,150,72,44
304,151,70,44
309,151,69,43
310,153,70,43
315,153,68,42
319,153,68,42
319,156,68,42
322,156,68,42
319,159,70,44
319,159,69,43
318,162,68,42
316,162,70,43
315,163,70,44
311,163,68,42
315,164,70,43
319,164,68,42
315,165,66,41
304,167,65,40
314,162,64,40
308,162,63,39
308,159,64,40
304,159,62,39
304,158,63,39
303,155,64,40
303,155,62,39
306,165,62,38
308,162,60,37
309,166,58,36
309,165,58,36
309,165,58,36
311,161,58,36
312,162,59,37
312,160,60,37
314,158,61,38
315,158,59,36
313,158,61,38
316,162,60,37
313,158,62,38
309,162,62,39
309,161,61,38
311,160,60,37
307,159,62,38
310,159,61,38
310,159,59,36
309,158,61,38
309,159,59,37
308,158,61,38
307,158,62,38
308,157,62,38
307,157,62,39
307,158,64,40
308,160,65,40
308,160,66,41
308,159,68,42
309,159,66,41
308,159,66,41
308,159,65,40
308,158,64,40
309,159,62,39
311,160,61,38
312,161,61,38
313,162,60,37
315,164,58,36
315,164,57,35
316,165,55,34
317,166,56,35
317,167,55,34
320,168,54,34
321,169,53,33
325,169,51,32
325,167,50,31
324,165,49,30
321,171,51,31
321,168,52,32
320,166,53,33
319,167,54,34
321,168,53,33
320,168,53,33
319,169,54,34
316,168,56,35
312,170,58,36
312,169,59,36
309,167,61,38
307,166,62,39
307,165,63,39
306,166,62,38
306,164,64,39
305,165,64,40
305,166,63,39
304,165,65,40
305,166,64,39
305,167,65,40
306,166,64,40
308,163,64,40
309,164,66,41
308,163,68,42
307,167,66,41
309,166,64,40
306,168,63,39
305,167,62,39
305,168,64,40
306,167,62,39
307,167,62,38
305,167,62,38
307,168,60,37
305,167,62,38
306,166,61,38
306,166,61,38
304,164,62,39
303,163,64,40
303,163,65,40
302,167,66,41
304,167,64,39
305,165,63,39
305,165,63,39
304,164,65,40
304,163,67,41
304,162,68,42
305,163,66,41
303,162,68,42
304,163,66,41
305,163,65,40
304,161,66,41
305,161,64,40
304,161,65,40
304,161,64,39
304,161,65,40
298,159,67,41
297,159,66,41
294,157,66,41
293,157,68,42
291,156,69,43
290,155,70,44
289,155,72,44
289,154,72,44
302,154,70,44
302,153,72,44
305,151,73,45
302,150,75,47
281,156,77,48
281,155,77,48
280,155,79,49
278,154,80,50
279,155,79,49
277,153,80,50
279,155,78,48
278,155,80,50
275,155,83,51
275,154,85,53
274,154,88,54
274,154,89,55
276,154,91,56
277,153,94,58
278,153,94,58
276,152,97,60
277,152,95,59
278,154,95,59
278,154,93,58
279,154,93,58
284,156,91,56
283,156,91,56
281,156,93,58
274,154,91,56
272,155,94,58
272,156,94,58
273,159,93,58
271,159,94,58
271,160,94,58
271,162,93,58
272,163,91,56
272,164,93,58
269,161,96,59
270,162,94,58
269,163,96,59
271,165,93,58
270,165,94,58
272,165,93,58
271,166,94,58
272,166,93,58
270,166,95,59
272,166,92,57
274,167,89,55
273,166,90,56
273,166,89,55
275,167,88,54
274,166,89,55
275,166,89,55
278,167,86,53
274,165,89,55
272,164,90,56
270,163,91,56
269,162,94,58
267,161,97,60
269,161,94,58
269,160,96,59
271,161,95,59
271,160,94,58
271,162,94,58
271,162,94,58
269,161,96,59
269,161,97,60
268,161,96,59
270,161,95,59
269,160,97,60
270,160,94,58
270,159,96,59
269,159,97,60
269,159,97,60
269,159,97,60
269,159,97,60
270,160,95,59
270,160,95,59
270,160,94,58
269,161,94,58
268,160,96,59
268,161,97,60
267,162,99,61
268,162,96,59
267,163,98,61
268,164,96,59
268,165,96,59
267,165,96,59
268,166,95,59
269,166,95,59
268,166,97,60
267,164,98,61
267,166,97,60
264,164,100,62
264,165,100,62
264,164,101,62
264,164,100,62
267,165,97,60
265,165,100,62
264,164,101,62
265,165,99,61
266,165,98,61
267,167,97,60
265,166,100,62
266,166,99,61
268,166,96,59
269,166,97,60
270,168,96,59
269,168,96,59
272,168,93,58
272,169,93,58
270,167,96,59
271,167,94,58
271,167,94,58
272,166,95,59
269,164,98,61
272,166,95,59
270,165,97,60
268,164,99,61
270,164,96,59
270,164,97,60
271,165,95,59
269,163,98,61
269,163,98,61
272,164,95,59
270,164,97,60
268,163,98,61
269,164,97,60
271,164,95,59
268,163,98,61
269,163,96,59
267,163,98,61
268,162,98,61
267,162,100,62
268,161,99,61
268,162,99,61
267,161,100,62
267,162,99,61
265,162,102,63
266,163,100,62
266,162,101,62
267,162,99,61
266,162,101,62
265,161,103,64
267,162,100,62
268,161,98,61
269,162,97,60
268,162,98,61
268,162,100,62
268,162,98,61
268,161,98,61
271,163,95,59
269,162,97,60
267,162,100,62
267,163,100,62
268,163,98,61
268,164,99,61
267,165,99,61
269,164,97,60
269,165,97,60
267,164,100,62
267,164,100,62
266,165,101,62
266,164,101,62
266,164,102,63
267,163,101,62
265,162,103,64
266,162,102,63
266,161,103,64
266,161,102,63
266,161,102,63
266,161,102,63
266,161,101,62
265,161,102,63
263,159,104,64
263,159,104,64
264,160,104,64
266,160,102,63
266,161,102,63
266,161,102,63
265,161,102,63
266,161,102,63
265,161,102,63
263,159,104,64
263,159,104,64
264,160,105,65
263,160,105,65
262,159,108,67
263,160,105,65
264,160,105,65
263,160,105,65
263,160,105,65
263,160,104,64
263,161,104,64
264,161,103,64
262,162,106,66
262,162,105,65
262,163,105,65
260,162,106,66
263,161,105,65
263,161,104,64
266,161,102,63
267,162,100,62
265,161,102,63
267,161,100,62
267,162,100,62
266,161,101,62
266,162,101,62
266,162,101,62
265,161,103,64
265,161,103,64
263,161,104,64
263,161,105,65
264,161,103,64
264,162,103,64
265,162,101,62
265,162,101,62
265,162,102,63
265,162,101,62
265,162,101,62
266,162,101,62
265,162,102,63
267,163,99,61
266,163,100,62
266,163,100,62
266,162,100,62
266,162,100,62
265,162,101,62
264,161,103,64
265,161,101,62
264,161,103,64
266,162,100,62
266,162,100,62
265,162,101,62
265,162,101,62
267,162,98,61
266,162,100,62
266,162,100,62
266,162,100,62
266,162,100,62
266,162,99,61
265,162,100,62
266,161,100,62
267,161,100,62
269,161,97,60
267,161,99,61
267,161,99,61
267,161,100,62
268,161,99,61
268,160,98,61
267,160,101,62
268,160,99,61
267,161,101,62
267,161,101,62
269,160,100,62
267,159,102,63
268,159,100,62
268,159,100,62
268,158,100,62
267,158,102,63
267,157,101,62
266,158,103,64
268,158,100,62
267,158,101,62
268,158,100,62
267,158,101,62
266,158,103,64
267,157,102,63
265,157,104,64
267,157,102,63
266,157,103,64
265,156,105,65
266,157,103,64
265,158,104,64
265,159,105,65
267,159,102,63
265,159,104,64
266,159,103,64
267,160,103,64
266,160,104,64
267,161,102,63
267,161,102,63
269,161,99,61
267,161,102,63
268,161,100,62
268,161,100,62
268,161,100,62
268,162,100,62
268,161,100,62
267,161,102,63
267,161,102,63
268,161,100,62
269,161,99,61
268,160,101,62
268,160,101,62
268,161,101,62
267,160,103,64
266,160,104,64
268,160,102,63
267,160,103,64
266,160,103,64
265,160,104,64
266,160,103,64
268,160,101,62
266,160,103,64
266,159,103,64
268,160,101,62
267,159,102,63
268,160,100,62
267,159,102,63
266,159,103,64
265,159,104,64
265,159,103,64
265,159,103,64
266,160,102,63
265,159,104,64
266,159,103,64
266,159,104,64
264,158,106,66
265,159,105,65
267,159,103,64
265,158,105,65
264,158,106,66
264,157,106,66
266,158,104,64
268,159,102,63
266,158,105,65
267,158,103,64
266,158,104,64
266,158,105,65
266,158,104,64
266,158,104,64
266,159,105,65
267,159,103,64
266,159,105,65
267,159,103,64
268,159,102,63
267,159,103,64
266,159,104,64
266,159,105,65
266,159,105,65
267,159,105,65
267,159,105,65
267,159,105,65
267,159,105,65
267,159,104,64
266,160,104,64
266,160,104,64
266,161,105,65
266,161,105,65
264,160,107,66
264,161,108,67
264,161,107,66
264,161,106,66
263,160,108,67
264,159,106,66
264,160,107,66
264,160,106,66
261,159,109,68
261,160,109,68
263,161,107,66
263,161,107,66
263,160,106,66
261,160,109,68
262,161,107,66
263,160,106,66
262,160,108,67
263,160,106,66
263,160,107,66
263,160,107,66
263,160,107,66
263,160,107,66
263,160,107,66
261,159,109,68
263,160,107,66
263,160,107,66
262,160,107,66
264,160,106,66
265,161,105,65
264,161,105,65
263,160,107,66
265,161,105,65
265,161,105,65
264,161,105,65
264,161,105,65
262,160,107,66
263,160,106,66
263,160,106,66
263,160,106,66
262,159,107,66
264,160,105,65
262,159,107,66
264,160,105,65
265,160,103,64
263,159,106,66
263,159,107,66
263,159,106,66
263,159,107,66
263,159,106,66
265,160,105,65
265,160,105,65
265,160,105,65
265,160,105,65
265,160,105,65
266,161,103,64
264,161,105,65
262,160,108,67
263,161,106,66
264,161,105,65
265,161,103,64
264,161,105,65
264,161,105,65
262,160,107,66
264,161,105,65
262,160,107,66
264,161,105,65
264,161,105,65
263,161,106,66
263,160,106,66
264,161,105,65
264,161,105,65
263,161,106,66
264,161,105,65
263,161,106,66
264,162,105,65
266,162,103,64
264,161,106,66
263,161,108,67
263,161,108,67
263,161,108,67
263,161,107,66
263,161,108,67
263,161,108,67
264,161,106,66
263,161,108,67
263,161,108,67
265,161,105,65
265,161,105,65
265,161,105,65
265,161,105,65
266,161,104,64
264,160,106,66
266,160,104,64
266,160,105,65
265,159,106,66
264,159,107,66
266,160,104,64
265,159,106,66
264,159,108,67
266,159,105,65
264,158,106,66
265,158,105,65
264,158,107,66
264,158,108,67
264,158,107,66
264,158,107,66
264,158,107,66
265,158,107,66
265,158,106,66
265,158,107,66
265,157,106,66
264,157,108,67
264,158,107,66
264,158,108,67
265,158,106,66
263,157,109,68
265,158,106,66
264,158,107,66
265,158,106,66
265,158,106,66
266,159,105,65
264,158,108,67
264,158,106,66
263,158,108,67
265,159,105,65
265,159,105,65
264,159,106,66
263,159,108,67
265,159,105,65
264,158,106,66
263,158,108,67
265,159,105,65
264,158,106,66
265,159,105,65
265,159,105,65
264,158,106,66
267,159,103,64
264,159,106,66
266,159,105,65
266,159,105,65
266,159,104,64
266,159,105,65
264,158,107,66
264,158,106,66
264,159,106,66
263,159,107,66
263,158,106,66
263,158,107,66
264,159,106,66
263,158,107,66
263,158,108,67
263,158,108,67
262,158,108,67
263,158,107,66
261,158,109,68
264,159,106,66
263,159,108,67
261,158,109,68
264,159,107,66
264,159,106,66
264,158,106,66
265,158,106,66
264,158,107,66
264,158,108,67
265,158,107,66
265,158,108,67
266,158,106,66
265,157,108,67
265,157,108,67
265,157,108,67
264,156,109,68
264,154,109,68
266,154,106,66
267,154,105,65
270,152,102,63
271,152,100,62
269,154,103,64
269,153,102,63
268,157,105,65
266,159,108,67
265,157,109,68
266,159,108,67
266,159,108,67
266,158,108,67
265,158,107,66
265,158,108,67
264,158,109,68
265,158,108,67
264,157,109,68
265,158,108,67
264,157,109,68
264,157,108,67
264,157,108,67
265,157,106,66
263,157,109,68
265,158,107,66
265,159,108,67
265,159,107,66
264,159,109,68
263,159,110,68
263,159,110,68
263,159,110,68
264,160,108,67
264,160,108,67
265,160,108,67
265,159,107,66
264,159,109,68
264,159,109,68
266,160,107,66
266,160,108,67
266,160,108,67
265,160,109,68
266,161,108,67
267,161,107,66
265,160,109,68
266,161,108,67
265,161,108,67
265,160,108,67
265,160,108,67
265,159,108,67
263,159,110,68
265,159,107,66
264,158,109,68
265,159,108,67
265,159,108,67
265,160,108,67
264,159,109,68
265,160,108,67
265,160,108,67
266,160,107,66
265,160,108,67
265,160,108,67
265,160,108,67
264,160,109,68
264,160,109,68
265,160,107,66
265,160,108,67
265,160,108,67
265,160,108,67
264,159,109,68
265,160,108,67
265,160,108,67
265,160,108,67
266,160,108,67
266,161,108,67
266,161,107,66
266,161,108,67
266,161,108,67
266,161,108,67
265,160,109,68
266,161,108,67
264,161,110,68
267,161,107,66
265,160,109,68
265,160,109,68
264,160,109,68
265,159,109,68
265,160,108,67
264,159,109,68
265,160,108,67
264,160,109,68
265,160,107,66
265,160,108,67
265,160,108,67
265,160,108,67
264,159,109,68
266,160,108,67
266,160,108,67
266,160,108,67
266,159,108,67
265,159,109,68
265,159,109,68
265,159,109,68
266,159,107,66
265,159,109,68
265,158,109,68
265,159,109,68
264,159,110,68
266,160,107,66
265,159,109,68
266,160,108,67
265,159,109,68
265,159,109,68
265,159,109,68
264,159,110,68
265,159,109,68
264,159,109,68
263,159,110,68
265,159,108,67
265,159,108,67
265,159,108,67
264,158,109,68
263,158,109,68
264,159,109,68
263,158,109,68
263,158,109,68
264,158,109,68
265,159,108,67
264,158,109,68
264,158,109,68
265,159,108,67
265,158,108,67
264,157,109,68
264,157,109,68
264,157,109,68
265,158,108,67
265,158,108,67
266,158,108,67
264,157,109,68
266,158,107,66
265,157,109,68
265,158,108,67
266,158,108,67
264,157,110,68
264,157,109,68
265,157,108,67
264,157,109,68
265,158,108,67
265,158,108,67
264,157,109,68
264,156,109,68
265,157,108,67
264,156,110,68
266,157,108,67
264,156,111,69
266,156,108,67
265,155,109,68
265,156,109,68
265,156,109,68
266,157,108,67
264,156,110,68
265,156,109,68
265,156,109,68
265,156,109,68
266,157,108,67
264,157,109,68
264,157,110,68
265,157,109,68
265,157,109,68
265,157,109,68
265,156,109,68
265,156,109,68
265,156,109,68
266,157,108,67
266,157,108,67
266,157,108,67
265,157,109,68
264,156,110,68
265,157,109,68
265,157,109,68
266,158,108,67
265,158,109,68
265,159,109,68
264,159,111,69
264,159,111,69
262,158,114,70
265,159,110,68
264,159,110,68
264,159,111,69
264,159,111,69
261,158,114,70
262,158,112,70
264,159,110,68
262,158,112,70
263,159,111,69
263,159,111,69
265,159,108,67
263,158,111,69
264,158,110,68
264,158,109,68
263,158,110,68
265,158,108,67
264,157,109,68
264,158,108,67
265,158,107,66
264,158,108,67
264,158,108,67
263,157,109,68
262,158,110,68
264,158,108,67
264,158,107,66
264,159,108,67
264,158,108,67
264,158,107,66
263,157,109,68
264,158,107,66
263,157,109,68
263,156,109,68
263,156,109,68
263,157,109,68
263,157,109,68
263,157,109,68
263,157,109,68
263,156,110,68
263,157,109,68
262,157,111,69
265,158,108,67
265,158,108,67
264,158,108,67
262,158,110,68
261,158,111,69
259,157,114,70
260,158,112,70
259,158,112,70
257,158,115,71
258,158,112,70
258,159,111,69
259,158,109,68
258,158,110,68
257,159,110,68
258,159,108,67
256,159,108,67
254,158,110,68
251,157,110,68
251,158,109,68
250,157,109,68
248,158,110,68
249,158,108,67
247,158,110,68
248,158,107,66
247,157,109,68
246,157,110,68
246,157,110,68
247,157,110,68
246,157,114,70
246,156,115,71
246,157,115,71
245,155,116,72
242,154,118,73
241,153,116,72
239,155,112,70
234,153,114,70
231,152,112,70
226,151,109,68
223,151,106,66
221,152,104,64
217,150,104,64
216,150,102,63
217,151,100,62
216,153,102,63
213,154,105,65
209,160,107,66
211,161,108,67
209,156,110,68
209,156,112,70
211,157,111,69
211,156,111,69
211,154,115,71
212,153,115,71
214,152,117,72
215,153,117,72
217,153,116,72
220,152,114,70
223,152,112,70
226,152,110,68
227,153,112,70
226,153,115,71
229,152,114,70
231,153,114,70
235,154,111,69
236,155,111,69
239,156,110,68
239,155,110,68
239,156,114,70
239,156,115,71
239,156,114,70
238,157,117,72
239,157,115,71
243,156,111,69
242,156,114,70
241,156,116,72
240,157,116,72
238,159,119,74
240,158,117,72
242,156,116,72
241,156,117,72
242,156,116,72
240,156,119,74
240,156,118,73
238,155,119,74
239,156,119,74
240,156,118,73
239,156,118,73
234,156,122,75
232,156,123,76
234,157,119,74
231,156,123,76
230,156,122,75
228,156,122,75
230,157,118,73
225,156,122,75
220,156,125,78
220,156,122,75
214,156,125,78
209,155,127,78
206,154,124,77
202,153,122,75
196,152,122,75
190,154,118,73
185,161,118,73
180,164,115,71
171,166,116,72
165,168,115,71
156,168,116,72
147,165,118,73
143,161,117,72
136,160,117,72
133,159,115,71
126,163,117,72
121,165,119,74
119,165,119,74
115,164,120,75
113,164,118,73
107,165,120,75
98,167,124,77
93,167,128,79
