100
0.024773
0.024593
0.024622
0.023621
0.022984
0.023047
0.022493
0.022263
0.022417
0.022532
0.022268
0.022148
0.022094
0.022542
0.021886
0.021511
0.02171
0.021541
0.0191
0.017601
0.016983
0.016884
0.017171
0.016594
0.014794
0.013998
0.013074
0.013825
0.013756
0.013201
0.013831
0.013714
0.014526
0.013978
0.014069
0.013729
0.014245
0.014257
0.0144
0.0144
0.014825
0.014527
0.014507
0.013821
0.014602
0.015044
0.015045
0.014396
0.015293
0.01496
0.01508
0.015296
0.015512
0.016065
0.016362
0.016673
0.016514
0.016912
0.016786
0.017071
0.016982
0.017216
0.017488
0.017597
0.017711
0.01761
0.017368
0.017908
0.017514
0.017071
0.016739
0.016027
0.01612
0.016434
0.01557
0.014732
0.014398
0.01477
0.014352
0.01482
0.015443
0.014922
0.015064
0.014164
0.012336
0.011282
0.010111
0.010319
0.012155
0.012374
0.012726
0.012988
0.013487
0.014097
0.014326
0.01435
0.014075
0.013696
0.013327
0.013647
0.013952
0.013733
0.013299
0.012411
0.011613
0.010459
0.0087488
0.008446
0.0081662
0.00836
0.0085607
0.0085242
0.0085622
0.0086782
0.0085423
0.0087071
0.0093178
0.0095055
0.010322
0.010694
0.01101
0.011004
0.011364
0.011182
0.01152
0.011823
0.011852
0.012347
0.012356
0.012754
0.012621
0.012881
0.012675
0.013106
0.013467
0.013106
0.013524
0.013617
0.013581
0.013831
0.013755
0.014035
0.01378
0.013642
0.013417
0.01254
0.011934
0.01146
0.010587
0.010561
0.0096376
0.0092254
0.0088549
0.0087313
0.0082219
0.0075905
0.0074532
0.0080729
0.0084328
0.0084875
0.0088281
0.0090284
0.0090727
0.0093052
0.0096556
0.0097048
0.0099284
0.01002
0.010089
0.010378
0.010304
0.010433
0.010514
0.010377
0.010333
0.010473
0.0099011
0.009679
0.0096304
0.0094132
0.0093057
0.009318
0.0099069
0.0094422
0.0088779
0.0092405
0.0090238
0.0094233
0.0096309
0.0095646
0.0096614
0.0098599
0.010361
0.010414
0.010505
0.010422
0.0105
0.010215
0.010665
0.010853
0.011208
0.011367
0.01124
0.011426
0.011722
0.011753
0.011775
0.012037
0.012229
0.012244
0.012413
0.012182
0.012459
0.012619
0.012542
0.012709
0.013054
0.01293
0.012961
0.012811
0.012994
0.012914
0.012703
0.013086
0.012921
0.012872
0.012435
0.012671
0.012727
0.012897
0.013131
0.013028
0.013493
0.01366
0.013644
0.013553
0.01379
0.014107
0.013794
0.01401
0.01416
0.014505
0.014315
0.014424
0.014458
0.01454
0.015004
0.014907
0.015103
0.014732
0.014961
0.01522
0.015552
0.015172
0.015643
0.015697
0.015394
0.015834
0.01565
0.016338
0.015843
0.016214
0.016138
0.016266
0.01614
0.01623
0.01673
0.016507
0.016796
0.01694
0.016473
0.016877
0.016998
0.017015
0.017154
0.017247
0.016847
0.016884
0.01726
0.017116
0.017055
0.01694
0.017173
0.017381
0.017674
0.017437
0.017282
0.017334
0.017871
0.017811
0.01782
0.018131
0.017897
0.017493
0.018076
0.017663
0.018156
0.017291
0.017776
0.017473
0.017826
0.017892
0.017887
0.017765
0.017768
0.01811
0.018205
0.018191
0.018361
0.018362
0.018182
0.01858
0.018463
0.018468
0.018598
0.018684
0.018447
0.018437
0.018493
0.018507
0.018587
0.018707
0.018693
0.018617
0.018902
0.018811
0.018956
0.019315
0.018848
0.018741
0.018834
0.018878
0.018928
0.018933
0.01897
0.019081
0.01868
0.01895
0.018948
0.018777
0.019037
0.019432
0.019294
0.019145
0.019018
0.019554
0.0193
0.019523
0.019603
0.019372
0.019772
0.019325
0.019283
0.01952
0.019498
0.019451
0.019532
0.019587
0.019318
0.016315
0.015629
0.017078
0.016749
0.016853
0.017637
0.01732
0.017713
0.017956
0.018133
0.018311
0.018005
0.017828
0.018
0.018109
0.017821
0.017849
0.018212
0.017961
0.018135
0.018302
0.017972
0.018034
0.01805
0.018231
0.018105
0.018265
0.018815
0.017998
0.018427
0.018188
0.018723
0.018933
0.018605
0.018528
0.018479
0.018419
0.018568
0.018535
0.018263
0.018743
0.01852
0.019034
0.019011
0.01875
0.018782
0.018711
0.018549
0.018405
0.018991
0.019098
0.018269
0.01835
0.018074
0.018241
0.018479
0.018012
0.018076
0.017878
0.018331
0.017867
0.017861
0.018209
0.017521
0.017931
0.017837
0.017612
0.017646
0.017513
0.017626
0.018046
0.018175
0.018282
0.01776
0.017676
0.018192
0.018313
0.018066
0.018338
0.018009
0.018393
0.018371
0.018356
0.01842
0.018463
0.018579
0.018377
0.018602
0.018064
0.01815
0.01847
0.01855
0.018419
0.018317
0.018136
0.018193
0.018149
0.018174
0.018399
0.018189
0.017998
0.018179
0.018351
0.017794
0.017902
0.017938
0.018215
0.018147
0.017847
0.01793
0.018317
0.018719
0.01854
0.018365
0.018527
0.018845
0.018248
0.018717
0.018505
0.01892
0.019069
0.018699
0.018794
0.018858
0.018638
0.018526
0.0191
0.018921
0.018552
0.018675
0.018746
0.018748
0.018775
0.018837
0.018447
0.018883
0.018842
0.018444
0.019088
0.01871
0.018613
0.018954
0.018331
0.018812
0.018741
0.018918
0.018917
0.01869
0.018881
0.018765
0.018353
0.018569
0.018963
0.018529
0.018443
0.018825
0.018447
0.018635
0.019005
0.018734
0.01872
0.018589
0.018345
0.018919
0.018458
0.018422
0.01851
0.018463
0.018409
0.018482
0.018553
0.018527
0.018752
0.018479
0.018485
0.018676
0.019093
0.018772
0.018176
0.018298
0.018722
0.018702
0.018895
0.018779
0.018915
0.018832
0.018537
0.018819
0.018671
0.019011
0.018644
0.018783
0.018727
0.018576
0.018764
0.018737
0.018569
0.018694
0.018456
0.018838
0.018919
0.018216
0.018755
0.018694
0.018742
0.01863
0.018934
0.018519
0.018709
0.018792
0.018763
0.01863
0.019014
0.018686
0.018218
0.018484
0.018962
0.018388
0.018671
0.018543
0.018728
0.018341
0.01826
0.018615
0.018474
0.018922
0.018576
0.01877
0.018746
0.018639
0.018614
0.018739
0.018821
0.018201
0.018416
0.018623
0.019094
0.018904
0.01888
0.018769
0.01897
0.018863
0.019283
0.018569
0.018726
0.018965
0.018909
0.018699
0.018891
0.018451
0.018741
0.01888
0.018598
0.018587
0.018663
0.018817
0.019014
0.018745
0.018505
0.018783
0.018541
0.018623
0.018911
0.018617
0.018499
0.018829
0.018194
0.018688
0.01824
0.018359
0.018684
0.018458
0.01849
0.018829
0.018726
0.018328
0.018714
0.018711
0.018594
0.018662
0.018467
0.018681
0.01856
0.018736
0.018637
0.018554
0.018419
0.018122
0.017893
0.017847
0.01872
0.017788
0.018551
0.018575
0.017935
0.018963
0.018966
0.017968
0.017933
0.018524
0.019047
0.019194
0.017677
0.017991
0.018325
0.019255
0.018515
0.018057
0.018416
0.019258
0.018842
0.019407
0.018944
0.019321
0.019037
0.018961
0.019073
0.019294
0.019023
0.019021
0.018946
0.019431
0.019076
0.019216
0.019866
0.019438
0.019606
0.019672
0.019475
0.019261
0.01966
0.019454
0.019643
0.019227
0.0189
0.01904
0.019607
0.019459
0.019228
0.019531
0.019258
0.01983
0.01919
0.01942
0.019959
0.019343
0.01956
0.019729
0.019566
0.019777
0.019393
0.019925
0.019635
0.019992
0.01995
0.019964
0.019935
0.019747
0.020174
0.019989
0.020165
0.020035
0.019866
0.020009
0.019873
0.019945
0.020021
0.020052
0.019764
0.019854
0.019957
0.01974
0.01961
0.018855
0.018917
0.019031
0.018846
0.019682
0.01948
0.019303
0.019244
0.019209
0.020314
0.02065
0.020146
0.020066
0.02065
0.02072
0.020576
0.020305
0.019787
0.019743
0.019708
0.01958
0.019669
0.019489
0.020145
0.020279
0.020318
0.020212
0.020592
0.020346
0.020345
0.02029
0.021006
0.021024
0.021199
0.021161
0.021548
0.021267
0.021287
0.021224
0.021381
0.021322
0.021167
0.021114
0.021505
0.021046
0.020937
0.021169
0.020789
0.020914
0.020609
0.021226
0.020902
0.020053
0.019246
0.019635
0.019908
0.019997
0.019724
0.019955
0.019723
0.019963
0.019679
0.020387
0.019881
0.019982
0.020089
0.020168
0.020149
0.019769
0.019975
0.020002
0.02003
0.020186
0.019973
0.020687
0.020642
0.020614
0.020048
0.020464
0.020055
0.020184
0.020461
0.020455
0.02058
0.020717
0.02056
0.020613
0.020711
0.020189
0.020389
0.020531
0.020441
0.02095
0.020921
0.020764
0.020698
0.020705
0.020629
0.020792
0.020647
0.020588
0.020814
0.020832
0.020815
0.020807
0.020533
0.020711
0.021111
0.020678
0.020574
0.020887
0.020729
0.021009
0.020904
0.020853
0.02073
0.020718
0.020708
0.020483
0.020848
0.020613
0.020632
0.020804
0.020826
0.02089
0.020504
0.02087
0.020777
0.020853
0.020823
0.021114
0.020733
0.021135
0.020634
0.020565
0.020845
0.020736
0.021015
0.02106
0.020924
0.021142
0.0212
0.020821
0.020909
0.02134
0.020852
0.021333
0.021205
0.020961
0.021038
0.021158
0.020845
0.021046
0.021046
0.021158
0.021188
0.020764
0.020542
0.020943
0.020914
0.021142
0.02056
0.021136
0.021029
0.021273
0.02058
0.021016
0.020612
0.020793
0.020329
0.020918
0.02119
0.021065
0.021
0.020638
0.021055
0.020551
0.020643
0.021049
0.020869
0.020776
0.020966
0.020858
0.021117
0.021166
0.021084
0.020829
0.020912
0.020949
0.021004
0.021291
0.021041
0.020819
0.02119
0.021047
0.021094
0.020643
0.021133
0.020939
0.021103
0.021283
0.021115
0.021183
0.02102
0.020997
0.021022
0.020834
0.020742
0.020951
0.021033
0.020765
0.021108
0.021452
0.021302
0.021007
0.020987
0.021018
0.020913
0.0211
0.020858
0.020959
0.021296
0.021273
0.02074
0.021146
0.020993
0.020984
0.021254
0.021111
0.021166
0.021047
0.0213
0.020954
0.021171
0.021007
0.021298
0.020859
0.021095
0.02124
0.021116
0.021215
0.020981
0.020991
0.020745
0.021011
0.021024
0.021286
0.021132
0.020843
0.021336
0.02086
0.021214
0.021317
0.021354
0.020771
0.021223
0.02103
0.020906
0.021154
0.020734
0.021288
0.021126
0.020994
0.020742
0.021261
0.020871
0.021191
0.021368
0.021038
0.020848
0.0212
0.020892
0.021279
0.021693
0.021188
0.021277
0.020463
0.019952
0.019987
0.019981
0.02038
0.020683
0.020894
0.020948
0.021243
0.021465
0.021383
0.021422
0.020774
0.021349
0.021238
0.020762
0.021611
0.02124
0.021011
0.021103
0.020946
0.021203
0.020768
0.020805
0.021301
0.021048
0.021395
0.021108
0.021376
0.020938
0.021455
0.021026
0.020918
0.021423
0.020809
0.021004
0.020769
0.021045
0.020945
0.020889
0.020946
0.021
0.021291
0.021242
0.020953
0.021146
0.021199
0.021105
0.021
0.02099
0.021228
0.020987
0.020992
0.02109
0.020775
0.021038
0.021336
0.021151
0.021096
0.021183
0.021371
0.021128
0.021167
0.021336
0.021041
0.021215
0.020962
0.021245
0.021119
0.021232
0.02094
0.020933
0.021153
0.021331
0.021389
0.021455
0.020927
0.021616
0.021354
0.021496
0.020838
0.021076
0.02065
0.021491
0.021067
0.021192
0.021547
0.020907
0.021342
0.020984
0.021614
0.021039
0.021288
0.021212
0.021234
0.021007
0.02115
0.021066
0.021322
0.021424
0.021297
0.021113
0.021229
0.021591
0.021368
0.021113
0.021541
0.02087
0.021197
0.021414
0.021294
0.020987
0.021674
0.020913
0.021213
0.021633
0.021022
0.021196
0.021361
0.021232
0.020984
0.021328
0.021436
0.021398
0.021123
0.021071
0.021525
0.02134
0.0214
0.021605
0.021083
0.021207
0.021002
0.021461
0.021743
0.021479
0.021327
0.021478
0.020423
0.021186
0.021518
0.021671
0.021076
0.021097
0.021417
0.020853
0.021491
0.021241
0.020975
0.021339
0.021625
0.021126
0.021439
0.021541
0.021022
0.021043
0.02152
0.021712
0.021432
0.02114
0.021439
0.021186
0.021298
0.021156
0.021174
0.021338
0.021322
0.021226
0.020673
0.021106
0.021116
0.021325
0.021239
0.02124
0.021626
0.021377
0.020995
0.020938
0.021203
0.021227
0.021273
0.021291
0.020982
0.021572
0.021199
0.021039
0.021168
0.02106
0.020877
0.021418
0.021151
0.021343
0.02148
0.021067
0.021206
0.021512
0.020934
0.021417
0.021204
0.021137
0.021001
0.021037
0.021599
0.021068
0.021249
0.021103
0.02121
0.021071
0.021138
0.02159
0.021216
0.021233
0.02151
0.021605
0.021261
0.021422
0.021398
0.021397
0.021539
0.02145
0.021383
0.021242
0.021539
0.021491
0.021376
0.021366
0.021541
0.021498
0.021181
0.021298
0.021572
0.02165
0.021125
0.02165
0.02112
0.021221
0.021019
0.021394
0.021298
0.021565
0.021511
0.021466
0.02136
0.021149
0.021245
0.021068
0.021323
0.02111
0.021158
0.021482
0.021503
0.021391
0.021409
0.021482
0.021469
0.021297
0.020899
0.021204
0.021168
0.021297
0.021206
0.021167
0.021088
0.021713
0.021052
0.02144
0.020832
0.021285
0.021597
0.021061
0.021288
0.021452
0.021431
0.02124
0.021174
0.020984
0.021132
0.021494
0.020954
0.020909
0.020848
0.021546
0.021041
0.021351
0.021291
0.020932
0.021446
0.021032
0.021262
0.02097
0.020802
0.021676
0.02132
0.021315
0.021085
0.021134
0.021149
0.021095
0.020948
0.021131
0.020625
0.021358
0.021331
0.021087
0.021074
0.020961
0.021198
0.021001
0.021006
0.021575
0.021423
0.021302
0.02145
0.021491
0.021533
0.021208
0.021079
0.021473
0.021907
0.021337
0.021306
0.021201
0.021425
0.021055
0.02128
0.020446
0.02017
0.019903
0.019809
0.020262
0.020731
0.021214
0.021469
0.021031
0.02128
0.02127
0.021381
0.021515
0.021221
0.021276
0.02095
0.021088
0.021233
0.021344
0.021427
0.021297
0.020919
0.02132
0.021549
0.021221
0.021127
0.021051
0.021183
0.021646
0.021532
0.021315
0.021005
0.020877
0.021435
0.021259
0.020538
0.02098
0.021154
0.021454
0.021341
0.021227
0.021385
0.021055
0.021226
0.021243
0.021469
0.021323
0.021153
0.021185
0.02101
0.021159
0.021328
0.021347
0.02075
0.021472
0.021301
0.021398
0.021434
0.021357
0.021444
0.021489
0.021256
0.021294
0.021304
0.020932
0.020817
0.021289
0.021452
0.021173
0.021096
0.021265
0.021399
0.021296
0.021202
0.021098
0.02099
0.021283
