100
0.83088
0.69253
0.64715
0.65934
0.6684
0.69263
0.69713
0.647
0.62599
0.60254
0.60542
0.60631
0.60632
0.6076
0.61278
0.61511
0.61851
0.61896
0.61859
0.61799
0.61301
0.60658
0.60254
0.60273
0.60478
0.60561
0.60569
0.60739
0.60656
0.6061
0.60719
0.6061
0.6059
0.60636
0.60614
0.60786
0.6085
0.60784
0.60653
0.60615
0.60662
0.60769
0.60736
0.60708
0.60774
0.60731
0.60806
0.60854
0.60798
0.6079
0.60608
0.60716
0.60866
0.6073
0.60797
0.60798
0.60779
0.60787
0.60833
0.60846
0.6078
0.61046
0.61061
0.61144
0.61214
0.61073
0.6085
0.61218
0.61011
0.61254
0.61307
0.60811
0.59813
0.6
0.59056
0.58097
0.57634
0.57445
0.57818
0.5762
0.57591
0.5822
0.59079
0.59905
0.60006
0.60521
0.60296
0.60368
0.60358
0.6046
0.6015
0.6024
0.60406
0.60424
0.60449
0.60397
0.60378
0.60042
0.59528
0.58895
0.57906
0.57679
0.57655
0.57672
0.57739
0.58147
0.57971
0.58473
0.60005
0.605
0.60678
0.60938
0.60976
0.61014
0.61194
0.60583
0.60924
0.60526
0.60523
0.60721
0.60609
0.60652
0.60684
0.60589
0.60641
0.60661
0.60779
0.60777
0.6071
0.60623
0.60617
0.60671
0.60622
0.60595
0.60677
0.60739
0.6059
0.60647
0.60592
0.60709
0.60625
0.60666
0.60664
0.60737
0.60802
0.60721
0.60862
0.60677
0.60816
0.60726
0.60765
0.60887
0.60802
0.60775
0.6066
0.60685
0.6093
0.61182
0.61219
0.61169
0.61351
0.6133
0.61068
0.60906
0.60735
0.60816
0.61055
0.61001
0.61161
0.61251
0.61045
0.60842
0.60905
0.61075
0.61161
0.61254
0.61379
0.63603
0.64464
0.63105
0.60895
0.60972
0.60793
0.60824
0.60963
0.61116
0.61041
0.61011
0.60887
0.60976
0.60938
0.60934
0.6088
0.60956
0.60789
0.60819
0.60956
0.60681
0.60835
0.60718
0.60813
0.60738
0.60764
0.60816
0.60876
0.60854
0.60747
0.60678
0.60753
0.60804
0.60704
0.60761
0.60738
0.60789
0.60815
0.60838
0.60808
0.60753
0.60773
0.60705
0.60712
0.60837
0.6091
0.60809
0.60965
0.61094
0.61023
0.61298
0.6111
0.60882
0.61018
0.61029
0.61355
0.61273
0.61173
0.61101
0.61049
0.61202
0.61142
0.61264
0.61179
0.61122
0.61126
0.61102
0.61062
0.61096
0.61092
0.61098
0.61064
0.60885
0.60951
0.61211
0.60992
0.61085
0.60983
0.60961
0.61022
0.61057
0.60994
0.61137
0.61072
0.61089
0.6114
0.60606
0.60815
0.61296
0.6132
0.60898
0.60963
0.6102
0.60982
0.60856
0.60773
0.60405
0.60393
0.61451
0.59407
0.5972
0.59361
0.57846
0.60161
0.60881
0.61026
0.60941
0.61046
0.61012
0.61059
0.6095
0.61143
0.61177
0.60931
0.60972
0.61001
0.60912
0.60818
0.60982
0.61756
0.61688
0.61552
0.61223
0.60104
0.5913
0.58878
0.59051
0.59851
0.59992
0.58201
0.54914
0.54408
0.52185
0.55756
0.57694
0.59255
0.59276
0.59109
0.58753
0.58322
0.58183
0.58285
0.58654
0.58892
0.59013
0.58947
0.57851
0.57023
0.54407
0.46572
0.44151
0.55132
0.58947
0.59555
0.59577
0.59535
0.59564
0.59395
0.59496
0.59528
0.59438
0.59473
0.59449
0.5948
0.59649
0.59457
0.59414
0.59532
0.59581
0.59501
0.59466
0.59506
0.59281
0.59503
0.5942
0.59371
0.59634
0.5949
0.59503
0.59429
0.59489
0.59656
0.59529
0.59521
0.59599
0.5952
0.59487
0.59447
0.59466
0.5945
0.59413
0.59442
0.59548
0.59427
0.59522
0.59457
0.59448
0.59476
0.59645
0.59614
0.59646
0.59661
0.59548
0.59701
0.59701
0.59471
0.5965
0.59605
0.59561
0.59574
0.59574
0.5963
0.59604
0.59632
0.59709
0.59775
0.59728
0.59711
0.59662
0.59636
0.59614
0.59591
0.59466
0.59505
0.59428
0.59626
0.59491
0.59509
0.59618
0.59566
0.595
0.5955
0.5959
0.59552
0.59516
0.5946
0.59503
0.59576
0.5953
0.59468
0.59532
0.59422
0.59329
0.59536
0.5943
0.59441
0.59446
0.59419
0.59478
0.59473
0.59452
0.59413
0.59446
0.59331
0.59474
0.59407
0.59494
0.59459
0.59405
0.59405
0.59445
0.59416
0.59431
0.59466
0.59489
0.59361
0.59409
0.59382
0.59356
0.596
0.59289
0.59392
0.59366
0.59463
0.59457
0.5938
0.59445
0.59464
0.595
0.59424
0.59468
0.59417
0.5936
0.59518
0.5947
0.5942
0.59325
0.5946
0.59391
0.59446
0.59437
0.59327
0.59476
0.59449
0.59452
0.5951
0.59542
0.59516
0.59479
0.59538
0.59485
0.5962
0.59613
0.59494
0.59582
0.59555
0.59672
0.59588
0.59477
0.59561
0.59559
0.59605
0.59592
0.59495
0.5958
0.59621
0.59548
0.59488
0.5962
0.59482
0.5941
0.5946
0.59404
0.59299
0.59512
0.59535
0.59513
0.5949
0.59327
0.59292
0.5943
0.59248
0.59463
0.59575
0.5956
0.59493
0.59517
0.59394
0.59353
0.59558
0.59621
0.59542
0.59584
0.59481
0.59461
0.59483
0.59466
0.59402
0.5951
0.59489
0.59595
0.59543
0.59543
0.59523
0.59537
0.59589
0.59489
0.59561
0.59517
0.59636
0.59588
0.59625
0.59651
0.59577
0.59649
0.59623
0.59742
0.59691
0.59692
0.59615
0.59748
0.59751
0.59648
0.59675
0.59689
0.59767
0.59747
0.59597
0.59769
0.5972
0.59719
0.59754
0.59656
0.59603
0.59652
0.59678
0.5967
0.59635
0.59696
0.59691
0.59714
0.59513
0.59715
0.59727
0.59648
0.59668
0.59677
0.59636
0.5968
0.59691
0.59518
0.59707
0.59575
0.596
0.59619
0.59654
0.5966
0.59565
0.59647
0.59639
0.59663
0.59584
0.59683
0.59495
0.59538
0.5969
0.59637
0.59689
0.59643
0.59624
0.59586
0.59477
0.59617
0.5965
0.59625
0.59681
0.59544
0.59597
0.59533
0.59608
0.5952
0.59656
0.59619
0.59697
0.59514
0.59696
0.59561
0.59703
0.59584
0.59486
0.59595
0.59546
0.59608
0.59588
0.59525
0.59608
0.59455
0.5969
0.5943
0.59533
0.59614
0.59543
0.5957
0.59431
0.59453
0.59383
0.59627
0.59429
0.59553
0.59661
0.59534
0.5949
0.5942
0.59481
0.59384
0.59406
0.59682
0.59414
0.59387
0.59448
0.59538
0.59362
0.5948
0.59497
0.59515
0.59507
0.59429
0.59483
0.59519
0.59527
0.59508
0.59394
0.59476
0.59533
0.5943
0.59346
0.59484
0.59374
0.59501
0.59518
0.59462
0.59616
0.59466
0.5958
0.59555
0.59473
0.5955
0.59419
0.59432
0.59519
0.5956
0.5951
0.59573
0.59485
0.5968
0.59652
0.59532
0.59516
0.59603
0.59642
0.59692
0.5951
0.5956
0.5974
0.59602
0.59661
0.59633
0.5971
0.59616
0.59656
0.59681
0.59637
0.59538
0.59479
0.59573
0.59569
0.5964
0.59687
0.59649
0.59584
0.59556
0.59646
0.59611
0.59627
0.59477
0.59661
0.59677
0.59544
0.59522
0.59544
0.59588
0.59649
0.59588
0.59517
0.59553
0.5964
0.59651
0.59586
0.59502
0.59499
0.59511
0.59606
0.59514
0.59621
0.59491
0.59596
0.5948
0.59445
0.5957
0.59534
0.59538
0.59572
0.59395
0.59495
0.59433
0.59456
0.59601
0.59784
0.59688
0.59569
0.59539
0.59452
0.59554
0.59605
0.59546
0.59568
0.59566
0.59571
0.59542
0.59558
0.5968
0.59448
0.59689
0.5974
0.59647
0.59629
0.59553
0.5964
0.59527
0.59568
0.59589
0.59591
0.59558
0.59688
0.59411
0.59566
0.5978
0.59605
0.59619
0.5966
0.59595
0.59576
0.59503
0.59633
0.5968
0.59593
0.59663
0.59683
0.5965
0.59717
0.59681
0.59667
0.59612
0.59597
0.59631
0.596
0.59748
0.59694
0.59577
0.5966
0.59656
0.59654
0.59504
0.59737
0.59646
0.59701
0.59698
0.59658
0.59637
0.59596
0.59604
0.59582
0.59718
0.59573
0.59642
0.59662
0.59664
0.59511
0.59495
0.59616
0.59472
0.59476
0.59428
0.59603
0.59448
0.59568
0.59562
0.59572
0.59589
0.59508
0.59362
0.5956
0.5958
0.5953
0.59483
0.59506
0.59457
0.59469
0.59571
0.59444
0.595
0.59576
0.5954
0.59415
0.59482
0.59528
0.59539
0.59412
0.59489
0.59486
0.59518
0.59479
0.59539
0.59488
0.596
0.5955
0.59543
0.59466
0.59443
0.59491
0.59564
0.59539
0.59527
0.59488
0.59429
0.59448
0.59495
0.59476
0.59557
0.59554
0.59586
0.59414
0.59411
0.59601
0.59423
0.59481
0.59527
0.59514
0.59431
0.59565
0.59543
0.59476
0.59522
0.59486
0.59472
0.59508
0.59467
0.59603
0.59476
0.5956
0.59579
0.59516
0.5966
0.59563
0.59606
0.59617
0.59545
0.59599
0.59627
0.5963
0.5946
0.59637
0.59493
0.59602
0.59648
0.59646
0.5967
0.5965
0.59606
0.59681
0.59587
0.59648
0.59713
0.59599
0.59585
0.59639
0.59671
0.5971
0.59662
0.59728
0.59578
0.59756
0.5958
0.5953
0.59672
0.59635
0.59549
0.59613
0.59702
0.59587
0.59621
0.59744
0.59482
0.59619
0.59829
0.59729
0.59635
0.59602
0.59691
0.59614
0.59621
0.59509
0.59535
0.59486
0.59542
0.59457
0.5979
0.5963
0.59512
0.59598
0.59643
0.59619
0.59632
0.5947
0.59561
0.596
0.59487
0.59551
0.59579
0.59628
0.59625
0.59581
0.59572
0.59572
0.59454
0.59566
0.59652
0.59497
0.59527
0.59572
0.5956
0.59508
0.59555
0.59581
0.59673
0.59597
0.59566
0.59479
0.59551
0.59587
0.59782
0.59556
0.59539
0.59521
0.59603
0.59609
0.59445
0.59576
0.59528
0.59468
0.59619
0.59525
0.59546
0.59543
0.59608
0.59569
0.5963
0.59625
0.59485
0.59444
0.59585
0.59604
0.59554
0.5959
0.59498
0.59658
0.59649
0.5967
0.59619
0.59616
0.59582
0.59662
0.5949
0.59546
0.59557
0.59624
0.5953
0.59776
0.59563
0.59492
0.59631
0.59603
0.5959
0.59549
0.59544
0.59524
0.59479
0.59587
0.59594
0.59611
0.59568
0.595
0.59578
0.59515
0.59491
0.59631
0.59541
0.59494
0.59775
0.59452
0.59639
0.59598
0.59664
0.59743
0.59596
0.59616
0.59588
0.59683
0.59662
0.59641
0.59559
0.59519
0.5962
0.59629
0.59596
0.59646
0.59573
0.59472
0.5965
0.5963
0.59554
0.59592
0.59623
0.59463
0.59579
0.59639
0.59609
0.59675
0.59553
0.59612
0.59626
0.59807
0.59673
0.597
0.59617
0.59522
0.59644
0.59664
0.59744
0.59588
0.5967
0.59739
0.59548
0.59755
0.59693
0.59674
0.59709
0.59624
0.59589
0.59656
0.59735
0.59595
0.59569
0.59487
0.59514
0.59394
0.5944
0.59526
0.59632
0.59643
0.59667
0.59693
0.59675
0.59638
0.59725
0.59626
0.59713
0.5968
0.59745
0.59878
0.60145
0.61094
0.60581
0.61219
0.61732
0.62078
0.63707
0.59549
0.5795
0.56984
0.58124
0.57183
0.54721
0.48046
0.50578
0.66358
0.64729
0.55994
0.56035
0.56867
0.58121
0.59829
0.60752
0.60389
0.60531
