0.0010306
0.02494
0.023318
0.023464
0.023884
0.023691
0.022865
0.023171
0.023784
0.02344
0.022843
0.023433
0.023537
0.024538
0.023288
0.023938
0.023237
0.023673
0.023072
0.023365
0.023351
0.024497
0.024242
0.023846
0.023899
0.025446
0.023212
0.023136
0.023233
0.023043
0.023339
0.02429
0.023259
0.024291
0.023172
0.023589
0.023844
0.023743
0.023075
0.02302
0.02448
0.031773
0.026132
0.028636
0.023217
0.022895
0.02327
0.023277
0.025194
0.023129
0.023184
0.023471
0.023304
0.024412
0.023224
0.023934
0.023113
0.024206
0.024495
0.022728
0.023168
0.02359
0.022995
0.023322
0.023416
0.022797
0.022881
0.023173
0.023016
0.023413
0.022535
0.023307
0.023398
0.023438
0.023346
0.023672
0.022939
0.023605
0.022659
0.023688
0.024899
0.024206
0.022917
0.023558
0.023019
0.023754
0.023399
0.022994
0.023538
0.023251
0.023354
0.022752
0.022993
0.022688
0.02331
0.02332
0.024387
0.035808
0.024508
0.024421
0.023329
0.023107
0.024373
0.023351
0.02452
0.023833
0.023137
0.023563
0.023877
0.023883
0.024696
0.025091
0.023016
0.023409
0.023864
0.023435
0.023533
0.023549
0.023584
0.023816
0.023675
0.023266
0.023092
0.020737
0.021813
0.02215
0.024301
0.020678
0.024103
0.023699
0.023977
0.023062
0.023284
0.023588
0.02335
0.023104
0.02294
0.023549
0.024305
0.02283
0.023827
0.023041
0.02262
0.022599
0.023429
0.023228
0.023526
0.023089
0.022826
0.023461
0.022962
0.023326
0.024122
0.023065
0.02581
0.024325
0.018213
0.015983
0.015915
0.023429
0.023122
0.023276
0.02336
0.023032
0.017935
0.017629
0.016803
0.017577
0.017771
0.015265
0.014741
0.015075
0.017361
0.017929
0.015923
0.015917
0.017621
0.024281
0.02315
0.023648
0.023243
0.02359
0.023354
0.023197
0.023571
0.024848
0.023776
0.023868
0.023727
0.023589
0.023669
0.023374
0.023572
0.023285
0.023673
0.023298
0.02299
0.024445
0.02343
0.014256
0.014694
0.014418
0.016989
0.015475
0.015127
0.01568
0.015638
0.014026
0.013585
0.015907
0.015816
0.01602
0.015208
0.015084
0.014785
0.015057
0.013442
0.014378
0.014173
0.013917
0.014083
0.013791
0.013421
0.01474
0.014212
0.01465
0.013987
0.013788
0.013996
0.013755
0.013667
0.013826
0.015513
0.015904
0.014744
0.015509
0.013909
0.016266
0.015038
0.015276
0.016718
0.016602
0.015343
0.024016
0.023185
0.023178
0.023058
0.022756
0.023458
0.022854
0.024116
0.022911
0.024906
0.023135
0.023741
0.023323
0.023092
0.023368
0.023458
0.023306
0.023188
0.023279
0.023189
0.02331
0.023024
0.023603
0.023149
0.023384
0.023741
0.022951
0.023267
0.023203
0.023589
0.023909
0.023242
0.023049
0.023073
0.022938
0.023187
0.023229
0.024077
0.023156
0.02299
0.023763
0.023163
0.023301
0.023948
0.023098
0.02331
0.024029
0.02325
0.023189
0.023595
0.023824
0.023739
0.023308
0.023065
0.023517
0.023104
0.024004
0.023954
0.022967
0.023368
0.02141
0.020138
0.017793
0.018274
0.014946
0.015825
0.018954
0.015257
0.01619
0.015655
0.014025
0.013703
0.01481
0.014423
0.014833
0.014919
0.014334
0.014005
0.013585
0.015671
0.015008
0.015916
0.01515
0.018979
0.016154
0.017658
0.024688
0.023554
0.023236
0.023073
0.018166
0.015822
0.015487
0.019853
0.018996
0.024497
0.014564
0.015419
0.015048
0.018146
0.014929
0.017468
0.016531
0.014621
0.015306
0.016211
0.015281
0.016799
0.018225
0.022346
0.021469
0.021078
0.024668
0.02314
0.023518
0.023672
0.025099
0.023029
0.022856
0.023104
0.02338
0.023239
0.024097
0.024029
0.02319
0.023152
0.02312
0.021387
0.016209
0.019608
0.023998
0.023274
0.024431
0.023127
0.023295
0.023244
0.023445
0.023142
0.023761
0.023481
0.024316
0.0239
0.023264
0.036533
0.02434
0.024124
0.023366
0.023397
0.023702
0.023904
0.026244
0.029593
0.023029
0.023277
0.023659
0.023981
0.023406
0.0235
0.023266
0.023479
0.025233
0.023839
0.023495
0.023435
0.023599
0.02301
0.023727
0.02359
0.023524
0.024322
0.024029
0.02388
0.024112
0.019115
0.016182
0.018214
0.015376
0.023282
0.024451
0.023276
0.023385
0.023791
0.02309
0.023738
0.023681
0.023238
0.023716
0.023241
0.023031
0.023159
0.025584
0.023539
0.02306
0.023868
0.022859
0.023098
0.023918
0.024119
0.023342
0.023689
0.023653
0.017295
0.023654
0.02454
0.023571
0.023452
0.023809
0.024055
0.027769
0.026565
0.026236
0.023533
0.022957
0.02346
0.023257
0.023606
0.023669
0.023542
0.022975
0.024838
0.023512
0.023344
0.024332
0.023688
0.023725
0.02359
0.023998
0.023409
0.023669
0.023699
0.023235
0.023421
0.025113
0.022973
0.023391
0.023626
0.023949
0.024352
0.023586
0.023626
0.023767
0.023665
0.023346
0.023467
0.015425
0.015284
0.015848
0.015261
0.015937
0.015847
0.015229
0.01639
0.01667
0.015363
0.017124
0.016698
0.017902
0.015333
0.015844
0.014825
0.016298
0.016755
0.015715
0.017497
0.026034
0.022673
0.016911
0.01646
0.019964
0.017634
0.017254
0.016427
0.020079
0.016141
0.017987
0.019586
0.019256
0.018347
0.024623
0.023221
0.015601
0.019029
0.016493
0.018174
0.014953
0.016307
0.018646
0.015526
0.01805
0.01499
0.015223
0.01394
0.01352
0.014611
0.015212
0.015229
0.013353
0.014826
0.014762
0.014517
0.024421
0.02439
0.025733
0.024638
0.024122
0.024207
0.024823
0.023889
0.023783
0.024636
0.023984
0.024202
0.023841
0.018133
0.022304
0.02461
0.037998
0.024125
0.024081
0.023641
0.023849
0.023872
0.024418
0.023761
0.025129
0.024566
0.023925
0.024504
0.023512
0.023751
0.024021
0.025007
0.024252
0.023682
0.024323
0.024587
0.023919
0.023794
0.024283
0.023907
0.023959
0.024501
0.023862
0.02411
0.023838
0.02427
0.023782
0.023664
0.023888
0.024061
0.023773
0.024818
0.024288
0.023646
0.024088
0.024274
0.024968
0.023655
0.024174
0.025829
0.023889
0.023926
0.023721
0.024814
0.024208
0.024
0.024031
0.023705
0.023852
0.023981
0.023972
0.021619
0.022253
0.022265
0.021911
0.021389
0.022744
0.024141
0.023935
0.023899
0.023734
0.024024
0.024517
0.023737
0.023794
0.024473
0.023914
0.0241
0.023823
0.02383
0.024058
0.023973
0.023415
0.024301
0.023505
0.02341
0.023949
0.024051
0.023791
0.023613
0.023846
0.023436
0.023635
0.024166
0.023655
0.023892
0.023417
0.023937
0.023876
0.024273
0.024063
0.02498
0.024364
0.025181
0.023471
0.023773
0.023939
0.015254
0.01569
0.024835
0.023814
0.023436
0.025316
0.023752
0.024136
0.024298
0.023576
0.023639
0.023919
0.023963
0.023534
0.024306
0.02356
0.025865
0.023753
0.024416
0.023948
0.023971
0.024047
0.024459
0.023414
0.022105
0.016027
0.017753
0.014609
0.016884
0.015167
0.013907
0.014176
0.014931
0.01493
0.016681
0.015533
0.017374
0.024416
0.024082
0.024113
0.023534
0.023599
0.023542
0.023761
0.023412
0.023733
0.025699
0.024026
0.024072
0.024673
0.023531
0.023874
0.024752
0.024731
0.024171
0.024498
0.023881
0.024841
0.026065
0.024091
0.02455
0.024069
0.024564
0.023508
0.024743
0.024539
0.02436
0.02426
0.024181
0.023766
0.024146
0.023683
0.024169
0.024012
0.024464
0.023691
0.023682
0.02462
0.023753
0.024042
0.024784
0.024112
0.024024
0.024432
0.023935
0.024031
0.0257
0.024378
0.023928
0.023877
0.023935
0.024746
0.024611
0.023857
0.0242
0.023901
0.024465
0.024897
0.024299
0.02409
0.024763
0.024044
0.02429
0.024899
0.023583
0.023859
0.024838
0.024715
0.024038
0.024073
0.024271
0.024196
0.024082
0.024155
0.024464
0.025653
0.024429
0.02423
0.023896
0.024281
0.024167
0.02468
0.024594
0.024014
0.023912
0.024371
0.024724
0.023879
0.024443
0.024383
0.025549
0.023919
0.023791
0.024575
0.025069
0.023904
0.024713
0.024125
0.02415
0.024325
0.024551
0.024291
0.025612
0.023924
0.024748
0.023948
0.02448
0.024453
0.025026
0.02379
0.024653
0.024553
0.023841
0.024634
0.024388
0.024495
0.024084
0.025544
0.024116
0.023761
0.024277
0.024492
0.024497
0.024306
0.025214
0.025346
0.023811
0.024407
0.014069
0.013229
0.015648
0.014896
0.015158
0.01481
0.014673
0.014755
0.014752
0.014905
0.015046
0.015206
0.014903
0.014904
0.014587
0.013561
0.015418
0.015982
0.015651
0.024706
0.024448
0.02384
0.026075
0.024559
0.024045
0.024122
0.024472
0.024197
0.024868
0.02487
0.024258
0.024036
0.0241
0.016026
0.017079
0.018019
0.016649
0.016504
0.016598
0.015767
0.01661
0.017511
0.016563
0.015559
0.017151
0.015587
0.014964
0.014839
0.015176
0.024256
0.024041
0.025124
0.023581
0.023802
0.02612
0.024098
0.023931
0.02417
0.024414
0.024257
0.024696
0.024477
0.024034
0.024614
0.024554
0.023719
0.024631
0.025016
0.023782
0.024275
0.024138
