1.000000
0.582316
0.603010
0.567664
0.561336
0.557456
0.533406
0.576800
0.544608
0.561418
0.558520
0.560753
0.551301
0.587500
0.546644
0.553037
0.534988
0.534113
0.557906
0.558262
0.549262
0.572582
0.567757
0.549887
0.592089
0.557528
0.539537
0.606745
0.587632
0.596570
0.552001
0.534107
0.585644
0.591306
0.603891
0.575402
0.570523
0.561517
0.584713
0.569848
0.553890
0.593391
0.540888
0.518649
0.492992
0.523496
0.523351
0.520011
0.477205
0.471773
0.446426
0.475478
0.476447
0.457454
0.463422
0.474125
0.496563
0.473570
0.457122
0.429565
0.467324
0.462107
0.454374
0.505325
0.463523
0.486615
0.476897
0.464070
0.468235
0.472076
0.458213
0.433661
0.421899
0.457157
0.443429
0.493258
0.486120
0.430282
0.461331
0.488084
0.489958
0.510533
0.513688
0.537245
0.533511
0.562535
0.547780
0.544456
0.553580
0.569548
0.549420
0.556023
0.528914
0.560645
0.532362
0.514029
0.533778
0.522513
0.503898
0.524130
0.536363
0.465301
0.465970
0.506777
0.471755
0.503174
0.480244
0.514318
0.526870
0.488619
0.455381
0.486730
0.464725
0.482008
0.474496
0.461720
0.449769
0.443534
0.492794
0.491556
0.472007
0.473140
0.461451
0.465375
0.465829
0.476055
0.458055
0.444097
0.463779
0.472245
0.438874
0.446006
0.440206
0.446762
0.442731
0.467906
0.459967
0.424019
0.429454
0.421533
0.415758
0.451809
0.449085
0.502231
0.454835
0.479662
0.488121
0.486049
0.495611
0.491631
0.484913
0.465545
0.490950
0.488004
0.500700
0.514395
0.504736
0.521158
0.519478
0.521595
0.507697
0.520498
0.478940
0.474123
0.449271
0.526300
0.513301
0.511147
0.502246
0.485817
0.494710
0.517507
0.517392
0.522026
0.482128
0.497818
0.508550
0.560529
0.534792
0.528475
0.502577
0.517453
0.487704
0.492933
0.505796
0.518411
0.513229
0.532992
0.503359
0.522338
0.499677
0.518523
0.486014
0.504686
0.499390
0.509812
0.492986
0.494510
0.467107
0.482168
0.448986
0.496157
0.463590
0.456485
0.467650
0.436917
0.450671
0.457980
0.470958
0.473067
0.477384
0.484724
0.460920
0.482879
0.484212
0.479446
0.500133
0.463635
0.465692
0.467168
0.486201
0.481619
0.455634
0.457548
0.445169
0.480664
0.455199
0.497958
0.489386
0.480632
0.516427
0.478402
0.500864
0.492761
0.498508
0.528654
0.523509
0.524246
0.544012
0.517589
0.563709
0.557857
0.567615
0.593298
0.552417
0.560589
0.508424
0.555503
0.557469
0.487414
0.485863
0.512689
0.519313
0.506618
0.504113
0.499479
0.533923
0.537358
0.579214
0.572561
0.561623
0.577956
0.556513
0.566631
0.561626
0.569302
0.558352
0.526362
0.543528
0.551226
0.550569
0.554349
0.554333
0.564124
0.571799
0.551487
0.500682
0.553577
0.545222
0.545935
0.533342
0.538724
0.543455
0.509273
0.499887
0.478845
0.506864
0.465984
0.488896
0.460111
0.488671
0.499714
0.484500
0.459276
0.473277
0.452542
0.463855
0.463625
0.437328
0.425837
0.453202
0.428721
0.433888
0.437827
0.416479
0.381604
0.370524
0.322460
0.333792
0.294840
0.250392
0.253439
0.195170
0.213455
0.178607
0.168058
0.175256
0.165798
0.169303
0.177789
0.193373
0.195766
0.201517
0.184953
0.203479
0.218403
0.207993
0.216285
0.245474
0.232654
0.214350
0.253080
0.247863
0.246748
0.266404
0.244778
0.263251
0.245143
0.260415
0.284481
0.293217
0.280161
0.287318
0.279474
0.272944
0.284889
0.288732
0.284366
0.270761
0.270069
0.277871
0.276517
0.282420
0.303785
0.291600
0.273625
0.287451
0.307561
0.312151
0.287320
0.287618
0.270341
0.290361
0.303393
0.293153
0.317936
0.299083
0.288948
0.289934
0.313037
0.336464
0.327319
0.339546
0.331242
0.329255
0.350885
0.349738
0.340149
0.335508
0.316328
0.310371
0.343758
0.328767
0.317042
0.297885
0.317445
0.308801
0.323081
0.308513
0.312391
0.297554
0.290256
0.271603
0.300832
0.295972
0.294279
0.297529
0.298087
0.280770
0.290979
0.274817
0.255998
0.243232
0.247221
0.228433
0.256232
0.238216
0.237442
0.235184
0.241299
0.242911
0.258781
0.274425
0.269201
0.267267
0.277672
0.273405
0.309413
0.306558
0.296338
0.304728
0.277877
0.295841
0.324518
0.321510
0.318899
0.329137
0.337214
0.322326
0.352028
0.353912
0.351242
0.369347
0.320063
0.318411
0.339573
0.314277
0.305316
0.302695
0.319610
0.324793
0.336559
0.325168
0.334784
0.336779
0.348312
0.347612
0.373624
0.359354
0.360135
0.360322
0.361965
0.374160
0.388704
0.392328
0.374930
0.388200
0.385654
0.380257
0.403130
0.419656
0.405766
0.381889
0.373758
0.391970
0.383540
0.393474
0.375623
0.406163
0.393225
0.398225
0.414006
0.400804
0.409208
0.382323
0.397057
0.387397
0.392123
0.386393
0.377512
0.385322
0.372559
0.352347
0.365975
0.347859
0.331096
0.304633
0.279910
0.259519
0.268924
0.244700
0.244336
0.210829
0.208944
0.198856
0.223151
0.226727
0.215762
0.216609
0.221728
0.214050
0.228687
0.218738
0.222536
0.208404
0.208161
0.199935
0.228203
0.216802
0.217341
0.201167
0.216007
0.215729
0.241797
0.230730
0.203028
0.205481
0.219997
0.207897
0.231475
0.213149
0.216175
0.196930
0.175538
0.190052
0.198308
0.192069
0.189961
0.158021
0.172172
0.159054
0.198181
0.181730
0.176650
0.179617
0.187160
0.182070
0.215547
0.229730
0.212260
0.221009
0.227018
0.198941
0.218503
0.223070
0.201688
0.203681
0.243156
0.205040
0.233711
0.235311
0.228130
0.210766
0.217926
0.230993
0.239492
0.247730
0.213427
0.220561
0.217566
0.219162
0.248128
0.230338
0.209693
0.219122
0.241660
0.240912
0.228666
0.242186
0.243637
0.220094
0.244558
0.223462
0.237920
0.224019
0.214064
0.234636
0.240407
0.229901
0.266891
0.251750
0.244895
0.244324
0.249255
0.242131
0.242131
0.238096
0.267171
0.262248
0.283458
0.262755
0.280232
0.264419
0.311236
0.287484
0.298858
0.300794
0.284440
0.301895
0.325054
0.329380
0.328916
0.307722
0.318815
0.294177
0.314896
0.293205
0.290330
0.290330
0.285588
0.285588
0.261287
0.260280
0.260280
0.227430
0.229228
0.216679
0.216679
0.187093
0.187093
0.167315
0.172528
0.156186
0.189968
0.209457
0.209457
0.197528
0.222908
0.226298
0.204022
0.236875
0.254670
0.235371
0.238366
0.257641
0.265200
0.255703
0.253246
0.255249
0.243943
0.255374
0.288016
0.284132
0.265517
0.259403
0.293309
0.264304
0.297129
0.314340
0.291862
0.283040
0.297135
0.282342
0.312602
0.339174
0.322852
0.313966
0.327348
0.332546
0.347936
0.318451
0.333052
0.331278
0.316778
0.333436
0.342039
0.344183
0.356438
0.338746
0.335413
0.352200
0.360361
0.382650
0.357375
0.351181
0.346006
0.365321
0.379688
0.368738
0.368738
0.384849
0.382440
0.392758
0.360565
0.394538
0.399938
0.412277
0.406474
0.405891
0.404856
0.402775
0.419582
0.403192
0.403972
0.427256
0.419612
0.408961
0.433407
0.426355
0.414604
0.420188
0.408708
0.418553
0.428819
0.444610
0.427762
0.424359
0.437719
0.436477
0.454721
0.432180
0.457747
0.461263
0.451257
0.432530
0.440934
0.451568
0.427512
0.440686
0.451875
0.434064
0.427544
0.421629
0.436401
0.396169
0.412367
0.409380
0.438250
0.428535
0.428930
0.402373
0.435119
0.402114
0.430644
0.413778
0.421410
0.410437
0.418611
0.432043
0.397449
0.417213
0.394703
0.384870
0.387969
0.387058
0.369547
0.372682
0.377380
0.355577
0.359671
0.346855
0.332327
0.343075
0.348375
0.304194
0.310986
0.279103
0.260762
0.266910
0.241070
0.221878
0.228318
0.212998
0.217686
0.204401
0.211242
0.185996
0.181077
0.181444
0.190871
0.199196
0.167814
0.152587
0.158785
0.161874
0.180577
0.167782
0.178650
0.183772
0.167653
0.167668
0.195036
0.208437
0.191842
0.180418
0.199997
0.183671
0.215095
0.200685
0.212344
0.210999
0.190586
0.188044
0.225020
0.205441
0.225178
0.214097
0.207398
0.201458
0.213500
0.225468
0.211610
0.211610
0.220431
0.193881
0.197425
0.212039
0.232164
0.215246
0.211433
0.200795
0.201901
0.198622
0.235503
0.220874
0.202673
0.191962
0.192082
0.180576
0.213999
0.211657
0.207054
0.225422
0.218430
0.230569
0.268260
0.234657
0.239429
0.250634
0.227851
0.238048
0.242290
0.221430
0.228620
0.234013
0.214991
0.224224
0.245821
0.249453
0.257823
0.252352
0.238849
0.256026
0.280076
0.240353
0.271348
0.278589
0.257573
0.274393
0.274122
0.276853
0.279093
0.273499
0.291125
0.251974
0.296432
0.285387
0.281596
0.283105
0.280930
0.260385
0.299483
0.280945
0.261199
0.287062
0.259552
0.268377
0.262564
0.266534
0.284828
0.274935
0.275648
0.260304
0.298372
0.278565
0.283164
0.275637
0.283502
0.293711
0.288404
0.308673
0.311206
0.325353
0.329303
0.327501
0.334558
0.319544
0.352648
0.353974
0.372284
0.367629
0.361506
0.358522
0.336879
0.369896
0.350402
0.316953
0.341664
0.352224
0.353779
0.327094
0.357455
0.359432
0.367832
0.345272
0.380828
0.361789
0.334853
0.351591
0.390000
0.366423
0.394353
0.383250
0.374779
0.374779
0.353862
0.354480
0.368539
0.372802
0.372802
0.389066
0.389066
0.380461
0.380461
0.351404
0.351404
0.381810
0.381810
0.360308
0.370820
0.356019
0.356019
0.348326
0.348326
0.375161
0.369187
0.388820
0.379966
0.380461
0.382554
0.385099
0.374811
0.359590
0.392883
0.397346
0.390435
0.382803
0.390532
0.385787
0.394915
0.411903
0.404597
0.387122
0.413571
0.414142
0.422449
0.423358
0.412258
0.416117
0.420284
0.407139
0.411397
0.424499
0.421676
0.412172
0.428041
0.428041
0.421042
0.397899
0.444777
0.437037
0.420916
0.417152
0.423740
0.432396
0.442966
0.456949
0.444335
0.433245
0.442428
0.464447
0.442069
0.443211
0.445556
0.436949
0.448985
0.433645
0.434409
0.453050
0.418425
0.424711
0.400601
0.387960
0.411508
0.396651
0.396443
0.381126
0.374973
0.350987
0.370661
0.346129
0.318915
0.327359
0.342351
0.334663
0.337463
0.321504
0.332004
0.325743
0.303611
0.306032
0.308169
0.286398
0.269071
0.254748
0.254748
0.247467
0.259343
0.265779
0.288096
0.298895
0.298895
0.261761
0.249631
0.262201
0.258373
0.231971
0.248011
0.247828
0.218303
0.218303
0.219272
0.213682
0.211025
0.205664
0.210788
0.224990
0.194671
0.196657
0.178935
0.178935
0.166141
0.166141
0.159128
0.159999
0.159999
0.177471
0.177471
0.169183
0.169183
0.180920
0.180920
0.183321
0.189237
0.190327
0.176437
0.189829
0.211328
0.211839
0.236705
0.247318
0.227864
0.227864
0.237160
0.230149
0.235776
0.229045
0.244215
0.227449
0.227449
0.217086
0.215754
0.215754
0.213863
0.205731
0.191066
0.193726
0.216013
0.234577
0.211264
0.206486
0.216058
0.215914
0.253367
0.243631
0.241614
0.225603
0.216583
0.222541
0.230816
0.229029
0.224034
0.210620
0.217630
0.207674
0.232313
0.250514
0.246751
0.238095
0.236494
0.246706
0.259569
0.262181
0.257593
0.268207
0.269878
0.256198
0.289715
0.292283
0.283529
0.293796
0.294651
0.284333
0.308735
0.307215
0.322975
0.321853
0.302446
0.323398
0.340982
0.338047
0.352204
0.357258
0.353632
0.349618
0.378972
0.378054
0.363206
0.359005
0.342973
0.347436
0.367007
0.356272
0.356066
0.354631
0.335391
0.328334
0.357112
0.349248
0.347576
0.338360
0.336669
0.353314
0.358990
0.340375
0.340519
0.340519
0.337229
0.325172
0.330583
0.349347
0.349347
0.324350
0.325392
0.325392
0.327976
0.323494
0.307129
0.307129
0.309687
0.322955
0.321653
0.321653
0.313542
0.305302
0.309982
0.327326
0.304479
0.305359
0.330169
0.334681
0.325991
0.338428
0.317469
0.336271
0.336760
0.338254
0.360006
0.352635
0.352635
0.357028
0.357028
0.348384
0.350401
0.350401
0.339518
0.346387
0.346387
0.341006
0.334974
0.334974
0.321956
0.301019
0.324010
0.321391
0.321754
0.304372
0.305212
0.287689
0.317221
0.299540
0.308168
0.300812
0.295792
0.310093
0.317535
0.303715
0.312184
0.285477
0.266181
0.271377
0.287918
0.305070
0.305070
0.285360
0.297139
0.261312
0.275890
0.275890
0.264928
0.264928
0.283113
0.283113
0.274430
0.274430
0.283489
0.283489
0.283380
0.283380
0.288445
0.288445
0.304296
0.304296
0.308673
0.308673
0.291669
0.291669
0.310641
0.302642
0.302642
0.340145
0.344097
0.328655
0.362154
0.350808
0.342014
0.354853
0.357433
0.363718
0.363718
0.357510
0.375432
0.380978
0.373774
0.390541
0.400094
0.407113
0.410592
0.406541
0.395971
0.415658
0.430840
0.436925
0.432630
0.424065
0.426049
0.414971
0.411182
0.448413
0.448413
0.417036
0.416462
0.420870
0.432292
0.406008
0.436204
0.436204
0.424450
0.432124
0.439242
0.416656
0.436832
0.430397
0.432465
0.423879
0.422761
0.429763
0.411579
0.411886
0.430491
0.413759
0.437054
0.414399
0.381405
0.407635
0.408802
0.386616
0.384214
0.378252
0.392740
0.357276
0.356759
0.364071
0.346265
0.313117
0.324509
0.318408
0.343193
0.330797
0.302866
0.312744
0.287809
0.284606
0.285950
0.298252
0.274909
0.250336
0.254431
0.237043
0.246529
0.228315
0.235605
0.225464
0.202981
0.185634
0.206768
0.189265
0.189018
0.168492
0.162507
0.142535
0.174205
0.160947
0.153197
0.131850
0.144633
0.138220
0.144586
0.143939
0.137239
0.130208
0.116129
0.118468
0.128685
0.133092
0.128878
0.130120
0.123852
0.133981
0.157149
0.158513
0.183720
0.180445
0.176887
0.177095
0.240715
0.212838
0.235747
0.225949
0.222223
0.217357
0.236161
0.233545
0.244355
0.242220
0.226947
0.242049
0.247377
0.243174
0.219445
0.240589
0.199544
0.208055
0.236847
0.235291
0.238817
0.215198
0.216103
0.221125
0.234250
0.253108
0.227919
0.246912
0.235902
0.220950
0.269449
0.266586
0.273044
0.265174
0.250281
0.275865
0.283165
0.272582
0.267447
0.281576
0.281753
0.253884
0.273719
0.271905
0.274799
0.273830
0.262336
0.278801
0.278801
0.267107
0.285270
0.273067
0.273067
0.299010
0.295698
0.295177
0.303342
0.292629
0.344347
0.337526
0.333712
0.332226
0.336494
0.321151
0.339351
0.337580
0.341900
0.345839
0.338481
0.335847
0.359591
0.346505
0.346505
0.353833
0.343020
0.348643
0.347887
0.338969
0.370478
0.367572
0.343090
0.356181
0.346601
0.367535
0.355942
0.350925
0.370778
0.339887
0.359537
0.354709
0.358225
0.360653
0.347562
0.356426
0.340626
0.336994
0.367640
0.367640
0.368893
0.399307
0.399307
0.379194
0.409533
0.409533
0.400020
0.403779
0.403779
0.384652
0.388961
0.388518
0.403295
0.402669
0.403330
0.397242
0.397242
0.365143
0.386284
0.377231
0.369096
0.376509
0.389409
0.389409
0.359872
0.341404
0.341404
0.366435
0.361155
0.350171
0.383785
0.384596
0.371900
0.361883
0.366907
0.375420
0.375420
0.375509
0.409944
0.394167
0.394167
0.387768
0.372623
0.354427
0.353598
0.333787
0.383550
0.389679
0.357505
0.370265
0.368024
0.370857
0.385299
0.392331
0.400311
0.370224
0.387473
0.401869
0.411916
0.391039
0.418919
0.394468
0.396755
0.373669
0.403133
0.390631
0.400986
0.384288
0.383038
0.387467
0.398572
0.380068
0.386565
0.384007
0.367038
0.364860
0.385170
0.364855
0.360463
0.357358
0.360770
0.341375
0.352329
0.325695
0.346431
0.333676
0.342667
0.337083
0.361863
0.335376
0.352678
0.338554
0.324703
0.335872
0.359183
0.359209
0.342648
0.326009
0.311515
0.328876
0.360425
0.318335
0.311941
0.306629
0.314756
0.311510
0.304655
0.301562
0.301092
0.287883
0.267955
0.328168
0.327845
0.310751
0.312843
0.311133
0.309570
0.308957
0.342402
0.373060
0.341713
0.363578
0.360680
0.365397
0.364658
0.377556
0.346217
0.348578
0.356717
0.361289
0.377690
0.368867
0.392027
0.362193
0.356774
0.361577
0.374132
0.379819
0.374776
0.388301
0.379438
0.380753
0.420242
0.411995
0.411371
0.393403
0.401255
0.409832
0.427050
0.418264
0.424398
0.432280
0.414850
0.418098
0.433608
0.436277
0.436629
0.435397
0.421661
0.445635
0.451204
0.470264
0.445001
0.461761
0.410272
0.379201
0.357339
0.357265
0.365956
0.372292
0.385668
0.389128
0.398451
0.414020
0.398359
0.409902
0.422527
0.398000
0.414126
0.421150
0.421551
0.424409
0.419906
0.386050
0.387426
0.372477
0.374931
0.386374
0.378863
0.373817
0.372758
0.344315
0.370503
0.362394
0.357700
0.361979
0.378741
0.382859
0.386284
0.375693
0.380640
0.399973
0.404416
0.393388
0.399658
0.399352
0.412693
0.385074
0.399744
0.408607
0.395851
0.405695
0.419804
0.402819
0.411000
0.413543
0.416402
0.401440
0.411149
0.412554
0.417908
0.413260
0.398590
0.410328
0.411413
0.400670
0.437748
0.455123
0.449522
0.438771
0.454579
0.459746
0.445301
0.420538
0.418192
0.425290
0.426098
0.421978
0.437394
0.441474
0.427556
0.433760
0.422322
0.413095
0.416994
0.398576
0.390548
0.392890
0.395364
0.388773
0.403786
0.415867
0.390151
0.409752
0.401375
0.384236
0.404270
0.404596
0.380718
0.397484
0.396665
0.387378
0.427695
0.415091
0.405636
0.409610
0.418074
0.417973
0.430409
0.437027
0.417917
0.413712
0.424807
0.433294
0.454036
0.445420
0.413994
0.425698
0.406822
0.415915
0.427456
0.415920
0.435899
0.410538
0.412381
0.418500
0.409895
0.416506
0.403618
0.416312
0.416142
0.408110
0.430993
0.437105
0.436518
0.420385
0.391057
0.400724
0.417148
0.386522
0.390696
0.381632
0.379706
0.394316
0.420806
0.424774
0.413790
0.422166
0.392409
0.406165
0.404962
0.395029
0.397731
0.398270
0.409388
0.427548
0.434596
0.440161
0.428696
0.447036
0.423755
0.425144
0.426952
0.410099
0.411964
0.398086
0.411558
0.424904
0.452557
0.453668
0.461156
0.470159
0.449752
0.444130
0.467739
0.474381
0.485082
0.477161
0.443367
0.419006
0.427968
0.410177
0.400473
0.391390
0.358602
0.375259
0.367180
0.342198
0.348272
0.387894
0.381294
0.372696
0.389193
0.380415
0.375036
0.357791
0.374824
0.375755
0.371180
0.364287
0.382712
0.361188
0.357137
0.380790
0.374858
0.361507
0.341932
0.330619
0.336459
0.334559
0.345691
0.337283
0.337131
0.330876
0.323426
0.334827
0.351269
0.355413
0.361055
0.366821
0.378042
0.380027
0.410583
0.404167
0.433211
0.446039
0.442910
0.469374
0.453360
0.454516
0.442535
0.452368
0.452116
0.461527
0.459341
0.466628
0.476747
0.479148
0.471456
0.464399
0.494500
0.492527
0.471086
0.458831
0.463268
0.461011
0.445077
0.464825
0.464677
0.457750
0.447687
0.444105
0.441543
0.449838
0.441630
0.438108
0.438767
0.443597
0.441517
0.432962
0.437202
0.415141
0.412990
0.419472
0.425586
0.423080
0.424393
0.421977
0.425307
0.429324
0.433704
0.435635
0.446958
0.444740
0.436626
0.419967
0.433343
0.430458
0.434258
0.435780
0.446390
0.421990
0.418124
0.409113
0.391911
0.377767
0.397358
0.402130
0.399218
0.421266
0.421266
0.440069
0.452224
0.437556
0.451376
0.431291
0.465811
0.460459
0.466960
0.484366
0.467085
0.478225
0.489852
0.505126
0.491017
0.483891
0.484083
0.490805
0.503700
0.500023
0.511472
0.486759
0.497549
0.485031
0.491399
0.493605
0.495744
0.483446
0.497440
0.483128
0.478371
0.479155
0.471447
0.467719
0.474586
0.477998
0.493213
0.478610
0.475758
0.469806
0.461449
0.461715
0.482781
0.486108
0.473719
0.466307
0.478540
0.471265
0.475617
0.481942
0.481578
0.472325
0.465994
0.462562
0.461955
0.459038
0.444047
0.450181
0.427634
0.435534
0.444884
0.453053
0.462253
0.459491
0.459383
0.461709
0.472452
0.476859
0.468926
0.487691
0.459719
0.475677
0.490246
0.484282
0.491973
0.475990
0.492709
0.479752
0.503457
0.495090
0.500424
0.493421
0.509413
0.490892
0.514562
0.514999
0.513547
0.512367
0.502258
0.504843
0.510842
0.513047
0.520938
0.516324
0.506324
0.504892
0.515860
0.504747
0.504550
0.503008
0.493369
0.504534
0.501749
0.493367
0.493971
0.501673
0.501760
0.506015
0.510328
0.502013
0.503189
0.489602
0.508344
0.485056
0.502193
0.503757
0.513897
0.488395
0.511649
0.510496
0.528074
0.539785
0.525292
0.513240
0.503548
0.502255
0.487531
0.476933
0.467651
0.437781
0.427154
0.417661
0.395833
0.375066
0.385146
0.366671
0.371373
0.356398
0.360694
0.343035
0.316904
0.318836
0.302580
0.299688
0.307162
0.294563
0.264196
0.239246
0.223672
0.240491
0.232973
0.260938
0.270713
0.278029
0.287730
0.288273
0.302888
0.323813
0.306879
0.304398
0.287942
0.299835
0.308139
0.326976
0.291967
0.311634
0.304577
0.307857
0.309755
0.309755
0.290005
0.290005
0.265050
0.277519
0.259958
0.259958
0.246954
0.246954
0.219939
0.215445
0.224571
0.220456
0.220456
0.203647
0.239955
0.234263
0.214059
0.214059
0.218672
0.218672
0.214398
0.214398
0.238232
0.238232
0.215654
0.215654
0.228536
0.228536
0.224181
0.224181
0.214232
0.214232
0.211941
0.211941
0.240229
0.240229
0.243644
0.243644
0.250321
0.250321
0.231026
0.231026
0.229519
0.229519
0.220895
0.206823
0.206823
0.210331
0.210331
0.222304
0.208698
0.208698
0.210541
0.210541
0.200443
0.215675
0.215675
0.211559
0.211559
0.207104
0.223977
0.231008
0.225942
0.212102
0.206254
0.197822
0.217880
0.200699
0.173198
0.153334
0.144625
0.137586
0.161851
0.164719
0.171718
0.173969
0.180969
0.176555
0.215929
0.211643
0.211624
0.210405
0.196729
0.201691
0.248716
0.239468
0.230560
0.216079
0.227443
0.213522
0.239448
0.235499
0.208249
0.206196
0.223913
0.205342
0.213523
0.211765
0.247505
0.247192
0.256786
0.279992
0.304783
0.305957
0.302268
0.309592
0.296919
0.314745
0.326701
0.311858
0.313567
0.304021
0.316740
0.316740
0.311997
0.317419
0.334148
0.338628
0.328599
0.327563
0.337719
0.318763
0.350010
0.352007
0.368797
0.361241
0.346397
0.362466
0.383420
0.365235
0.384138
0.386675
0.377611
0.377611
0.376597
0.391690
0.407614
0.389017
0.421023
0.401651
0.417050
0.401171
0.425010
0.423407
0.419748
0.417539
0.424114
0.424114
0.407789
0.401765
0.414032
0.406632
0.387062
0.369771
0.363389
0.378558
0.365659
0.340793
0.329774
0.314313
0.282635
0.279207
0.289638
0.265537
0.232501
0.236949
0.219556
0.220042
0.216957
0.218329
0.202614
0.212688
0.214608
0.217349
0.235049
0.234348
0.224552
0.216366
0.231218
0.214824
0.259870
0.254832
0.262718
0.269166
0.260355
0.283166
0.321640
0.307937
0.291054
0.286484
0.294043
0.274628
0.289598
0.281041
0.282480
0.291141
0.273792
0.268033
0.303303
0.323211
0.319980
0.317006
0.324905
0.316498
0.346361
0.358261
0.353995
0.365410
0.355884
0.373460
0.373569
0.414160
0.399393
0.408140
0.405381
0.416461
0.392710
0.402646
0.393444
0.383379
0.370764
0.370085
0.355585
0.363507
0.342289
0.334393
0.320874
0.332849
0.343697
0.340745
0.325532
0.335146
0.328106
0.332663
0.362265
0.350231
0.346098
0.324854
0.338142
0.338550
0.383475
0.359815
0.363232
0.353100
0.363623
0.340446
0.349672
0.354897
0.333727
0.332378
0.326615
0.308807
0.309905
0.330607
0.312880
0.301002
0.286205
0.293853
0.322134
0.313175
0.292222
0.284757
0.254492
0.224840
0.230039
0.224955
0.210067
0.209292
0.195957
0.190983
0.228325
0.198948
0.188955
0.202892
0.195727
0.212807
0.250422
0.235969
0.248855
0.230408
0.250466
0.246756
0.267377
0.247253
0.220550
0.263162
0.244906
0.245131
0.272353
0.270221
0.309720
0.280658
0.296444
0.277380
0.312429
0.326221
0.310473
0.313343
0.328541
0.281430
0.318823
0.323535
0.303566
0.285465
0.310601
0.281638
0.293295
0.298700
0.274485
0.272484
0.274025
0.263764
0.267605
0.285009
0.289837
0.273696
0.281497
0.285357
0.294824
0.264661
0.262495
0.241409
0.235952
0.242500
0.253931
0.244820
0.235539
0.235539
0.219191
0.216488
0.205119
0.219906
0.232101
0.235010
0.228672
0.242642
0.249094
0.252989
0.274450
0.270421
0.256011
0.284940
0.268824
0.248998
0.294313
0.293227
0.288259
0.300013
0.281433
0.295084
0.319069
0.313840
0.308177
0.292190
0.297356
0.286698
0.315060
0.295157
0.297618
0.293074
0.298176
0.295409
0.323458
0.316206
0.319413
0.313462
0.321603
0.316981
0.327238
0.330751
0.328240
0.320299
0.324263
0.325049
0.344903
0.327349
0.316572
0.313336
0.319211
0.317206
0.336607
0.322908
0.314398
0.344998
0.343766
0.343882
0.368923
0.363849
0.357980
0.350603
0.354564
0.350233
0.365957
0.369507
0.372296
0.347530
0.336626
0.339179
0.347220
0.349690
0.351091
0.336935
0.326763
0.300800
0.306578
0.307885
0.306930
0.314621
0.286647
0.282387
0.271625
0.280086
0.276166
0.268199
0.257024
0.254896
0.291251
0.283960
0.266787
0.258013
0.273190
0.258102
0.264943
0.270066
0.270976
0.273662
0.283869
0.252364
