254.500000,324.000000,64.000000,120.150000
254.540000,324.100000,64.000000,120.150000
254.560000,324.070000,64.000000,120.150000
254.500000,324.040000,64.000000,120.150000
254.360000,323.920000,64.000000,120.150000
254.170000,324.380000,64.000000,120.150000
253.740000,324.540000,64.000000,120.150000
254.150000,324.700000,64.000000,120.150000
254.050000,325.400000,64.000000,120.150000
253.920000,325.140000,64.000000,120.150000
254.040000,324.720000,64.000000,120.150000
253.460000,325.020000,64.000000,120.150000
253.420000,324.550000,64.000000,120.150000
253.740000,324.940000,64.000000,120.150000
254.000000,324.700000,64.000000,120.150000
253.850000,325.450000,64.000000,120.150000
254.040000,325.460000,64.000000,120.150000
254.230000,325.740000,64.000000,120.150000
255.220000,326.050000,64.000000,120.150000
257.940000,323.870000,64.000000,120.150000
263.570000,319.340000,64.000000,120.150000
269.860000,313.740000,64.000000,120.150000
276.370000,311.770000,64.000000,120.150000
283.480000,310.010000,64.000000,120.150000
290.350000,309.330000,64.000000,120.150000
295.730000,310.110000,64.000000,120.150000
302.170000,309.700000,67.200000,126.160000
308.510000,313.540000,67.200000,126.160000
313.420000,317.840000,64.000000,120.150000
316.840000,320.030000,64.000000,120.150000
322.020000,321.880000,64.000000,120.150000
323.420000,327.380000,64.000000,120.150000
326.330000,329.290000,64.000000,120.150000
329.200000,331.560000,64.000000,120.150000
331.520000,333.930000,64.000000,120.150000
335.770000,335.050000,64.000000,120.150000
340.590000,334.870000,64.000000,120.150000
345.270000,335.520000,64.000000,120.150000
349.410000,334.580000,64.000000,120.150000
352.990000,334.940000,64.000000,120.150000
355.600000,334.760000,64.000000,120.150000
357.340000,336.120000,64.000000,120.150000
357.520000,336.770000,64.000000,120.150000
358.670000,338.400000,64.000000,120.150000
360.930000,338.620000,64.000000,120.150000
363.030000,340.210000,64.000000,120.150000
364.120000,340.900000,64.000000,120.150000
366.270000,342.420000,64.000000,120.150000
368.890000,343.420000,64.000000,120.150000
369.470000,341.750000,67.200000,126.160000
370.350000,343.810000,67.200000,126.160000
372.430000,343.660000,67.200000,126.160000
372.890000,343.780000,67.200000,126.160000
373.010000,344.050000,67.200000,126.160000
372.240000,344.120000,67.200000,126.160000
372.040000,344.090000,67.200000,126.160000
371.780000,343.900000,67.200000,126.160000
371.160000,344.320000,67.200000,126.160000
371.270000,344.380000,67.200000,126.160000
371.480000,344.890000,67.200000,126.160000
371.140000,345.390000,67.200000,126.160000
371.280000,345.670000,67.200000,126.160000
371.370000,345.880000,67.200000,126.160000
371.840000,345.990000,67.200000,126.160000
371.200000,345.640000,67.200000,126.160000
370.720000,345.580000,67.200000,126.160000
369.410000,344.970000,67.200000,126.160000
367.210000,344.810000,67.200000,126.160000
367.550000,345.360000,67.200000,126.160000
367.180000,343.890000,67.200000,126.160000
366.640000,342.060000,67.200000,126.160000
364.740000,337.460000,67.200000,126.160000
363.980000,332.830000,67.200000,126.160000
362.560000,328.280000,67.200000,126.160000
359.720000,320.820000,67.200000,126.160000
359.470000,316.590000,67.200000,126.160000
358.550000,311.700000,67.200000,126.160000
358.190000,307.940000,67.200000,126.160000
358.570000,304.980000,67.200000,126.160000
359.320000,303.290000,67.200000,126.160000
359.780000,301.620000,67.200000,126.160000
359.150000,299.260000,67.200000,126.160000
359.010000,295.910000,67.200000,126.160000
357.030000,289.650000,70.560000,132.470000
357.970000,279.960000,70.560000,132.470000
358.310000,270.050000,70.560000,132.470000
360.170000,259.820000,70.560000,132.470000
362.060000,252.490000,70.560000,132.470000
365.300000,250.970000,70.560000,132.470000
371.460000,252.570000,70.560000,132.470000
372.090000,254.810000,70.560000,132.470000
373.850000,256.230000,70.560000,132.470000
375.600000,258.120000,70.560000,132.470000
376.800000,259.480000,70.560000,132.470000
376.050000,260.590000,70.560000,132.470000
373.570000,261.940000,70.560000,132.470000
370.260000,262.180000,70.560000,132.470000
364.840000,262.520000,70.560000,132.470000
359.740000,261.960000,70.560000,132.470000
357.870000,261.840000,70.560000,132.470000
357.580000,263.450000,70.560000,132.470000
357.620000,265.560000,70.560000,132.470000
359.290000,265.370000,70.560000,132.470000
362.000000,262.580000,70.560000,132.470000
366.740000,258.700000,67.200000,126.160000
370.040000,250.070000,67.200000,126.160000
375.260000,241.050000,67.200000,126.160000
379.590000,230.220000,67.200000,126.160000
381.790000,221.010000,67.200000,126.160000
382.320000,211.890000,67.200000,126.160000
381.360000,203.180000,67.200000,126.160000
380.010000,188.000000,67.200000,126.160000
380.170000,176.840000,67.200000,126.160000
381.620000,173.930000,64.000000,120.150000
383.790000,168.550000,64.000000,120.150000
383.950000,163.830000,64.000000,120.150000
383.490000,160.260000,64.000000,120.150000
383.910000,155.960000,64.000000,120.150000
384.010000,151.130000,64.000000,120.150000
385.650000,147.220000,64.000000,120.150000
385.870000,145.670000,64.000000,120.150000
385.680000,143.610000,64.000000,120.150000
385.160000,141.370000,64.000000,120.150000
385.470000,139.080000,64.000000,120.150000
385.070000,136.360000,64.000000,120.150000
386.140000,134.240000,64.000000,120.150000
387.110000,132.140000,64.000000,120.150000
386.750000,130.390000,64.000000,120.150000
386.840000,129.950000,64.000000,120.150000
387.980000,127.940000,64.000000,120.150000
388.050000,125.950000,64.000000,120.150000
387.560000,123.930000,64.000000,120.150000
387.320000,121.550000,64.000000,120.150000
386.520000,116.620000,67.200000,126.160000
386.430000,115.730000,67.200000,126.160000
385.920000,115.840000,67.200000,126.160000
386.100000,114.660000,67.200000,126.160000
386.370000,114.980000,67.200000,126.160000
386.730000,114.940000,67.200000,126.160000
386.140000,116.080000,67.200000,126.160000
386.340000,118.020000,67.200000,126.160000
386.400000,120.680000,67.200000,126.160000
386.390000,125.350000,67.200000,126.160000
383.230000,125.400000,70.560000,132.470000
381.980000,130.680000,70.560000,132.470000
379.820000,134.700000,70.560000,132.470000
379.050000,138.310000,70.560000,132.470000
378.310000,140.830000,70.560000,132.470000
377.940000,145.040000,70.560000,132.470000
376.300000,149.430000,70.560000,132.470000
375.340000,152.860000,70.560000,132.470000
370.510000,151.990000,74.088000,139.090000
366.510000,154.950000,74.088000,139.090000
357.190000,166.780000,74.088000,139.090000
358.960000,198.540000,77.792000,146.040000
357.630000,221.940000,74.088000,139.090000
351.390000,232.260000,74.088000,139.090000
348.380000,243.740000,74.088000,139.090000
347.490000,253.750000,74.088000,139.090000
344.040000,257.580000,74.088000,139.090000
342.930000,258.050000,74.088000,139.090000
342.590000,259.090000,74.088000,139.090000
342.250000,258.470000,74.088000,139.090000
342.160000,256.980000,74.088000,139.090000
341.710000,256.440000,74.088000,139.090000
342.350000,257.030000,74.088000,139.090000
343.460000,257.070000,74.088000,139.090000
345.080000,256.680000,74.088000,139.090000
347.750000,255.290000,74.088000,139.090000
352.530000,253.010000,74.088000,139.090000
356.900000,247.420000,74.088000,139.090000
363.630000,243.410000,74.088000,139.090000
369.920000,239.720000,74.088000,139.090000
376.660000,236.390000,74.088000,139.090000
383.090000,232.460000,74.088000,139.090000
384.940000,220.100000,77.792000,146.040000
395.860000,222.120000,74.088000,139.090000
402.280000,218.480000,74.088000,139.090000
407.980000,205.450000,77.792000,146.040000
415.610000,198.840000,77.792000,146.040000
420.290000,189.590000,77.792000,146.040000
427.690000,186.270000,77.792000,146.040000
429.900000,177.360000,77.792000,146.040000
437.460000,174.100000,77.792000,146.040000
438.430000,166.230000,77.792000,146.040000
443.040000,162.960000,77.792000,146.040000
444.910000,159.880000,77.792000,146.040000
445.790000,154.980000,77.792000,146.040000
446.410000,151.930000,77.792000,146.040000
446.130000,147.720000,77.792000,146.040000
446.420000,143.690000,77.792000,146.040000
446.520000,138.080000,77.792000,146.040000
448.550000,137.440000,74.088000,139.090000
448.570000,132.460000,74.088000,139.090000
447.130000,125.670000,74.088000,139.090000
448.200000,122.300000,74.088000,139.090000
448.180000,119.370000,74.088000,139.090000
448.250000,116.290000,74.088000,139.090000
448.120000,113.170000,74.088000,139.090000
447.870000,110.770000,74.088000,139.090000
448.310000,108.750000,74.088000,139.090000
447.480000,108.420000,74.088000,139.090000
446.810000,107.830000,74.088000,139.090000
446.230000,108.280000,74.088000,139.090000
445.240000,109.800000,74.088000,139.090000
444.990000,111.750000,74.088000,139.090000
444.380000,114.070000,74.088000,139.090000
444.590000,116.750000,74.088000,139.090000
444.680000,121.260000,74.088000,139.090000
446.510000,127.430000,74.088000,139.090000
446.230000,134.280000,74.088000,139.090000
442.550000,134.640000,77.792000,146.040000
442.160000,140.260000,77.792000,146.040000
442.070000,143.160000,77.792000,146.040000
442.250000,147.370000,77.792000,146.040000
441.810000,150.540000,77.792000,146.040000
441.380000,153.210000,77.792000,146.040000
440.940000,154.850000,77.792000,146.040000
440.930000,158.430000,77.792000,146.040000
440.580000,161.430000,77.792000,146.040000
439.590000,165.100000,77.792000,146.040000
437.660000,169.760000,77.792000,146.040000
437.470000,176.270000,77.792000,146.040000
433.380000,183.590000,77.792000,146.040000
428.290000,189.170000,81.682000,153.350000
417.930000,194.690000,81.682000,153.350000
412.370000,206.520000,77.792000,146.040000
404.210000,220.230000,74.088000,139.090000
394.840000,230.330000,74.088000,139.090000
387.560000,241.190000,74.088000,139.090000
381.000000,252.480000,74.088000,139.090000
375.490000,263.480000,74.088000,139.090000
371.520000,275.090000,74.088000,139.090000
368.850000,292.320000,74.088000,139.090000
366.260000,301.580000,74.088000,139.090000
361.910000,311.910000,70.560000,132.470000
362.070000,317.380000,67.200000,126.160000
361.150000,318.960000,67.200000,126.160000
360.750000,319.050000,67.200000,126.160000
359.670000,318.150000,67.200000,126.160000
360.300000,321.030000,64.000000,120.150000
361.320000,323.630000,60.952000,114.430000
360.520000,324.400000,60.952000,114.430000
360.060000,324.430000,60.952000,114.430000
358.970000,324.340000,60.952000,114.430000
358.900000,323.800000,60.952000,114.430000
359.210000,322.050000,60.952000,114.430000
360.320000,320.700000,60.952000,114.430000
360.850000,320.730000,60.952000,114.430000
361.510000,321.300000,60.952000,114.430000
362.630000,321.820000,60.952000,114.430000
363.860000,321.340000,60.952000,114.430000
365.170000,321.310000,60.952000,114.430000
366.340000,322.040000,60.952000,114.430000
367.300000,322.870000,60.952000,114.430000
368.090000,323.020000,60.952000,114.430000
369.140000,322.910000,60.952000,114.430000
369.300000,322.800000,60.952000,114.430000
368.640000,321.620000,60.952000,114.430000
367.040000,314.350000,60.952000,114.430000
366.440000,303.140000,60.952000,114.430000
366.640000,290.840000,60.952000,114.430000
364.720000,280.960000,60.952000,114.430000
365.700000,273.300000,60.952000,114.430000
371.350000,275.280000,64.000000,120.150000
375.280000,276.960000,64.000000,120.150000
379.760000,285.110000,64.000000,120.150000
383.780000,287.550000,64.000000,120.150000
386.280000,296.040000,64.000000,120.150000
386.210000,303.400000,64.000000,120.150000
385.490000,310.970000,64.000000,120.150000
384.130000,320.440000,64.000000,120.150000
381.200000,331.280000,64.000000,120.150000
375.560000,340.950000,64.000000,120.150000
369.670000,353.400000,64.000000,120.150000
364.440000,368.430000,64.000000,120.150000
355.180000,385.810000,64.000000,120.150000
347.590000,404.600000,64.000000,120.150000
339.750000,425.860000,64.000000,120.150000
328.040000,445.880000,67.200000,126.160000
315.260000,448.230000,67.200000,126.160000
336.540000,431.880000,67.200000,126.160000
337.770000,429.720000,67.200000,126.160000
338.730000,427.650000,67.200000,126.160000
338.690000,429.280000,67.200000,126.160000
338.070000,429.760000,67.200000,126.160000
337.700000,430.530000,67.200000,126.160000
336.270000,429.580000,67.200000,126.160000
337.070000,430.490000,67.200000,126.160000
337.280000,430.780000,67.200000,126.160000
337.170000,431.070000,67.200000,126.160000
337.820000,429.290000,67.200000,126.160000
337.920000,429.380000,67.200000,126.160000
338.450000,429.330000,67.200000,126.160000
335.770000,428.720000,67.200000,126.160000
330.470000,427.000000,70.560000,132.470000
323.100000,437.010000,70.560000,132.470000
321.290000,419.830000,74.088000,139.090000
322.180000,429.060000,74.088000,139.090000
322.530000,420.860000,74.088000,139.090000
332.370000,421.040000,74.088000,139.090000
335.550000,422.080000,74.088000,139.090000
335.920000,421.040000,74.088000,139.090000
335.410000,421.700000,74.088000,139.090000
334.590000,420.880000,74.088000,139.090000
334.910000,421.940000,74.088000,139.090000
334.860000,422.100000,74.088000,139.090000
334.720000,423.140000,74.088000,139.090000
334.560000,424.000000,74.088000,139.090000
333.810000,423.700000,74.088000,139.090000
333.700000,424.220000,74.088000,139.090000
333.700000,423.780000,74.088000,139.090000
333.810000,423.960000,74.088000,139.090000
333.980000,423.890000,74.088000,139.090000
333.080000,423.960000,74.088000,139.090000
332.940000,423.980000,74.088000,139.090000
334.040000,424.220000,74.088000,139.090000
333.670000,423.690000,74.088000,139.090000
333.610000,423.830000,74.088000,139.090000
333.780000,423.590000,74.088000,139.090000
333.800000,423.400000,74.088000,139.090000
333.890000,423.740000,74.088000,139.090000
333.850000,423.470000,74.088000,139.090000
333.860000,423.280000,74.088000,139.090000
334.550000,423.440000,74.088000,139.090000
334.060000,423.880000,74.088000,139.090000
333.430000,423.350000,74.088000,139.090000
333.650000,423.810000,74.088000,139.090000
333.830000,423.840000,74.088000,139.090000
333.650000,423.790000,74.088000,139.090000
333.530000,423.900000,74.088000,139.090000
333.870000,423.540000,74.088000,139.090000
334.010000,423.200000,74.088000,139.090000
333.590000,423.440000,74.088000,139.090000
334.120000,423.990000,74.088000,139.090000
333.670000,424.310000,74.088000,139.090000
333.930000,424.170000,74.088000,139.090000
334.200000,424.360000,74.088000,139.090000
333.640000,423.870000,74.088000,139.090000
334.030000,423.470000,74.088000,139.090000
333.530000,423.210000,74.088000,139.090000
333.780000,423.950000,74.088000,139.090000
333.880000,423.960000,74.088000,139.090000
333.630000,423.280000,74.088000,139.090000
333.230000,423.530000,74.088000,139.090000
332.990000,422.930000,74.088000,139.090000
332.470000,423.990000,74.088000,139.090000
333.590000,425.350000,74.088000,139.090000
332.790000,425.810000,74.088000,139.090000
332.600000,424.420000,74.088000,139.090000
332.140000,423.400000,74.088000,139.090000
332.220000,423.900000,74.088000,139.090000
332.460000,423.840000,74.088000,139.090000
332.360000,423.610000,74.088000,139.090000
333.120000,423.220000,74.088000,139.090000
333.130000,423.680000,74.088000,139.090000
333.010000,423.380000,74.088000,139.090000
332.650000,423.790000,74.088000,139.090000
332.840000,423.570000,74.088000,139.090000
333.010000,423.640000,74.088000,139.090000
332.620000,423.510000,74.088000,139.090000
333.090000,423.750000,74.088000,139.090000
332.920000,423.750000,74.088000,139.090000
333.260000,423.940000,74.088000,139.090000
332.940000,423.850000,74.088000,139.090000
333.270000,423.820000,74.088000,139.090000
333.070000,423.810000,74.088000,139.090000
332.540000,423.680000,74.088000,139.090000
332.630000,423.060000,74.088000,139.090000
332.870000,423.730000,74.088000,139.090000
334.400000,424.050000,74.088000,139.090000
333.780000,423.710000,74.088000,139.090000
333.210000,424.100000,74.088000,139.090000
333.330000,423.460000,74.088000,139.090000
333.630000,423.020000,74.088000,139.090000
334.280000,423.280000,74.088000,139.090000
334.280000,423.540000,74.088000,139.090000
334.060000,423.010000,74.088000,139.090000
333.960000,423.000000,74.088000,139.090000
333.940000,422.670000,74.088000,139.090000
334.440000,422.600000,74.088000,139.090000
334.750000,422.290000,74.088000,139.090000
334.960000,422.730000,74.088000,139.090000
334.700000,422.150000,74.088000,139.090000
334.910000,422.090000,74.088000,139.090000
335.020000,422.360000,74.088000,139.090000
334.610000,422.500000,74.088000,139.090000
335.000000,422.080000,74.088000,139.090000
334.150000,422.470000,74.088000,139.090000
334.100000,422.140000,74.088000,139.090000
334.180000,422.640000,74.088000,139.090000
334.120000,422.580000,74.088000,139.090000
333.880000,422.680000,74.088000,139.090000
333.870000,423.380000,74.088000,139.090000
333.660000,425.000000,74.088000,139.090000
334.020000,424.990000,74.088000,139.090000
334.790000,422.820000,74.088000,139.090000
335.170000,422.850000,74.088000,139.090000
334.780000,422.410000,74.088000,139.090000
335.740000,423.140000,74.088000,139.090000
336.020000,422.730000,74.088000,139.090000
335.880000,422.130000,74.088000,139.090000
336.550000,422.530000,74.088000,139.090000
336.260000,421.930000,74.088000,139.090000
336.090000,422.180000,74.088000,139.090000
336.240000,422.090000,74.088000,139.090000
336.280000,422.110000,74.088000,139.090000
336.570000,422.030000,74.088000,139.090000
336.820000,422.090000,74.088000,139.090000
337.180000,421.980000,74.088000,139.090000
336.570000,421.840000,74.088000,139.090000
336.710000,421.710000,74.088000,139.090000
336.490000,421.770000,74.088000,139.090000
336.230000,421.690000,74.088000,139.090000
336.160000,421.670000,74.088000,139.090000
335.550000,421.760000,74.088000,139.090000
335.940000,422.100000,74.088000,139.090000
336.580000,422.460000,74.088000,139.090000
336.340000,421.920000,74.088000,139.090000
336.100000,422.090000,74.088000,139.090000
335.980000,422.140000,74.088000,139.090000
335.770000,422.130000,74.088000,139.090000
335.950000,422.290000,74.088000,139.090000
336.190000,422.340000,74.088000,139.090000
335.760000,422.260000,74.088000,139.090000
336.040000,422.480000,74.088000,139.090000
335.680000,421.840000,74.088000,139.090000
336.080000,422.060000,74.088000,139.090000
336.200000,422.290000,74.088000,139.090000
336.180000,422.400000,74.088000,139.090000
336.330000,422.400000,74.088000,139.090000
336.610000,422.060000,74.088000,139.090000
336.690000,421.740000,74.088000,139.090000
337.120000,421.320000,74.088000,139.090000
336.630000,421.720000,74.088000,139.090000
336.700000,421.440000,74.088000,139.090000
337.040000,421.910000,74.088000,139.090000
336.700000,421.580000,74.088000,139.090000
337.090000,421.100000,74.088000,139.090000
337.050000,421.220000,74.088000,139.090000
337.020000,421.350000,74.088000,139.090000
337.240000,421.660000,74.088000,139.090000
337.390000,421.260000,74.088000,139.090000
337.380000,421.490000,74.088000,139.090000
337.640000,421.040000,74.088000,139.090000
337.290000,421.160000,74.088000,139.090000
337.130000,421.390000,74.088000,139.090000
336.930000,421.650000,74.088000,139.090000
337.390000,421.640000,74.088000,139.090000
337.140000,421.540000,74.088000,139.090000
336.720000,421.270000,74.088000,139.090000
336.260000,422.120000,74.088000,139.090000
335.410000,422.760000,74.088000,139.090000
334.890000,422.980000,74.088000,139.090000
334.690000,423.510000,74.088000,139.090000
334.100000,423.620000,74.088000,139.090000
333.060000,423.940000,74.088000,139.090000
332.060000,424.720000,74.088000,139.090000
331.980000,425.190000,74.088000,139.090000
331.250000,426.040000,74.088000,139.090000
330.650000,426.970000,74.088000,139.090000
330.200000,427.130000,74.088000,139.090000
329.420000,427.600000,74.088000,139.090000
328.760000,427.770000,74.088000,139.090000
328.830000,428.000000,74.088000,139.090000
328.830000,428.360000,74.088000,139.090000
328.660000,428.760000,74.088000,139.090000
328.150000,428.520000,74.088000,139.090000
327.350000,428.560000,74.088000,139.090000
327.190000,428.450000,74.088000,139.090000
326.410000,428.780000,74.088000,139.090000
325.920000,428.620000,74.088000,139.090000
325.740000,428.260000,74.088000,139.090000
325.730000,429.060000,74.088000,139.090000
325.540000,430.410000,74.088000,139.090000
325.930000,431.160000,74.088000,139.090000
327.120000,431.240000,74.088000,139.090000
326.060000,430.520000,74.088000,139.090000
325.530000,429.280000,74.088000,139.090000
326.410000,429.770000,74.088000,139.090000
326.180000,428.990000,74.088000,139.090000
326.530000,430.070000,74.088000,139.090000
327.320000,430.290000,74.088000,139.090000
325.330000,430.790000,74.088000,139.090000
324.640000,429.630000,74.088000,139.090000
325.010000,430.590000,74.088000,139.090000
326.560000,432.690000,70.560000,132.470000
326.730000,432.250000,70.560000,132.470000
326.090000,431.650000,70.560000,132.470000
326.130000,432.320000,70.560000,132.470000
326.220000,432.120000,70.560000,132.470000
326.340000,431.690000,70.560000,132.470000
326.610000,432.290000,70.560000,132.470000
327.130000,432.510000,70.560000,132.470000
326.850000,432.400000,70.560000,132.470000
326.700000,432.140000,70.560000,132.470000
327.830000,432.380000,70.560000,132.470000
327.780000,432.270000,70.560000,132.470000
327.510000,432.110000,70.560000,132.470000
327.720000,432.440000,70.560000,132.470000
328.150000,432.910000,70.560000,132.470000
327.650000,432.590000,70.560000,132.470000
327.760000,433.100000,70.560000,132.470000
327.180000,432.620000,70.560000,132.470000
327.290000,433.060000,70.560000,132.470000
327.450000,432.940000,70.560000,132.470000
327.210000,432.800000,70.560000,132.470000
327.370000,432.370000,70.560000,132.470000
327.430000,432.960000,70.560000,132.470000
327.390000,432.540000,70.560000,132.470000
327.500000,433.310000,70.560000,132.470000
327.700000,433.110000,70.560000,132.470000
327.820000,433.110000,70.560000,132.470000
327.280000,432.520000,70.560000,132.470000
327.230000,433.140000,70.560000,132.470000
327.740000,432.610000,70.560000,132.470000
327.600000,432.670000,70.560000,132.470000
327.510000,433.120000,70.560000,132.470000
327.480000,432.370000,70.560000,132.470000
327.600000,432.650000,70.560000,132.470000
327.440000,432.700000,70.560000,132.470000
327.180000,432.900000,70.560000,132.470000
326.680000,432.330000,70.560000,132.470000
327.060000,432.920000,70.560000,132.470000
326.700000,432.430000,70.560000,132.470000
327.420000,432.910000,70.560000,132.470000
327.540000,432.460000,70.560000,132.470000
327.500000,432.580000,70.560000,132.470000
327.390000,432.820000,70.560000,132.470000
327.170000,432.380000,70.560000,132.470000
326.780000,432.810000,70.560000,132.470000
326.400000,432.200000,70.560000,132.470000
326.890000,432.760000,70.560000,132.470000
326.850000,433.010000,70.560000,132.470000
326.850000,432.710000,70.560000,132.470000
327.110000,433.400000,70.560000,132.470000
327.340000,432.860000,70.560000,132.470000
327.580000,432.860000,70.560000,132.470000
327.850000,432.840000,70.560000,132.470000
327.270000,432.690000,70.560000,132.470000
327.420000,433.390000,70.560000,132.470000
327.830000,433.040000,70.560000,132.470000
327.400000,432.570000,70.560000,132.470000
327.640000,433.240000,70.560000,132.470000
327.800000,433.010000,70.560000,132.470000
327.270000,432.420000,70.560000,132.470000
327.400000,433.100000,70.560000,132.470000
327.490000,432.510000,70.560000,132.470000
328.100000,433.020000,70.560000,132.470000
327.350000,432.570000,70.560000,132.470000
327.250000,433.110000,70.560000,132.470000
326.970000,432.500000,70.560000,132.470000
327.010000,432.670000,70.560000,132.470000
327.180000,432.920000,70.560000,132.470000
327.430000,432.170000,70.560000,132.470000
327.320000,432.500000,70.560000,132.470000
327.380000,432.770000,70.560000,132.470000
326.980000,432.170000,70.560000,132.470000
326.680000,432.160000,70.560000,132.470000
326.700000,432.250000,70.560000,132.470000
326.810000,431.920000,70.560000,132.470000
326.250000,431.900000,70.560000,132.470000
326.530000,431.620000,70.560000,132.470000
326.880000,432.430000,70.560000,132.470000
326.720000,432.450000,70.560000,132.470000
326.220000,432.440000,70.560000,132.470000
326.200000,432.280000,70.560000,132.470000
326.160000,431.950000,70.560000,132.470000
325.760000,432.170000,70.560000,132.470000
326.380000,431.800000,70.560000,132.470000
326.560000,431.900000,70.560000,132.470000
326.800000,431.890000,70.560000,132.470000
326.680000,432.130000,70.560000,132.470000
327.090000,432.440000,70.560000,132.470000
326.860000,432.670000,70.560000,132.470000
326.840000,432.890000,70.560000,132.470000
326.670000,432.550000,70.560000,132.470000
327.170000,433.110000,70.560000,132.470000
326.900000,432.420000,70.560000,132.470000
326.700000,432.700000,70.560000,132.470000
327.190000,433.020000,70.560000,132.470000
326.730000,432.540000,70.560000,132.470000
326.400000,432.710000,70.560000,132.470000
326.700000,433.080000,70.560000,132.470000
327.080000,432.940000,70.560000,132.470000
326.750000,432.880000,70.560000,132.470000
326.530000,432.480000,70.560000,132.470000
327.290000,433.180000,70.560000,132.470000
327.320000,432.890000,70.560000,132.470000
327.270000,432.780000,70.560000,132.470000
327.460000,432.680000,70.560000,132.470000
327.510000,433.400000,70.560000,132.470000
327.580000,433.200000,70.560000,132.470000
327.640000,433.150000,70.560000,132.470000
327.720000,432.870000,70.560000,132.470000
327.900000,432.490000,70.560000,132.470000
327.550000,432.540000,70.560000,132.470000
328.140000,432.990000,70.560000,132.470000
327.610000,432.630000,70.560000,132.470000
327.840000,433.110000,70.560000,132.470000
327.240000,432.590000,70.560000,132.470000
327.030000,433.360000,70.560000,132.470000
326.880000,433.370000,70.560000,132.470000
326.610000,433.560000,70.560000,132.470000
326.580000,434.010000,70.560000,132.470000
326.570000,433.800000,70.560000,132.470000
326.300000,433.570000,70.560000,132.470000
325.900000,434.540000,70.560000,132.470000
324.810000,435.140000,70.560000,132.470000
324.030000,435.090000,70.560000,132.470000
323.720000,435.450000,70.560000,132.470000
323.200000,436.140000,70.560000,132.470000
323.010000,436.090000,70.560000,132.470000
322.680000,435.910000,70.560000,132.470000
323.140000,435.780000,70.560000,132.470000
322.160000,435.680000,70.560000,132.470000
322.100000,436.690000,70.560000,132.470000
321.390000,436.630000,70.560000,132.470000
321.330000,436.780000,70.560000,132.470000
321.270000,436.990000,70.560000,132.470000
321.060000,437.830000,70.560000,132.470000
322.100000,438.500000,70.560000,132.470000
322.240000,438.180000,70.560000,132.470000
322.640000,438.190000,70.560000,132.470000
322.690000,438.270000,70.560000,132.470000
322.260000,438.050000,70.560000,132.470000
322.730000,437.960000,70.560000,132.470000
322.100000,438.220000,70.560000,132.470000
321.550000,439.060000,70.560000,132.470000
322.040000,438.620000,70.560000,132.470000
321.510000,439.300000,70.560000,132.470000
321.520000,439.520000,70.560000,132.470000
321.050000,440.110000,70.560000,132.470000
320.040000,440.020000,70.560000,132.470000
319.450000,441.340000,70.560000,132.470000
319.040000,442.010000,70.560000,132.470000
317.850000,441.980000,70.560000,132.470000
315.520000,442.850000,70.560000,132.470000
315.810000,443.550000,70.560000,132.470000
315.500000,444.780000,70.560000,132.470000
316.310000,445.190000,70.560000,132.470000
316.540000,446.220000,70.560000,132.470000
316.010000,447.100000,70.560000,132.470000
316.430000,447.740000,70.560000,132.470000
315.420000,449.350000,70.560000,132.470000
314.630000,449.660000,70.560000,132.470000
315.670000,452.940000,67.200000,126.160000
314.580000,452.350000,67.200000,126.160000
313.930000,451.920000,67.200000,126.160000
314.300000,451.980000,67.200000,126.160000
314.380000,451.760000,67.200000,126.160000
313.780000,452.210000,67.200000,126.160000
313.800000,452.390000,67.200000,126.160000
313.340000,452.870000,67.200000,126.160000
313.350000,453.040000,67.200000,126.160000
312.960000,452.890000,67.200000,126.160000
313.370000,453.000000,67.200000,126.160000
313.070000,452.710000,67.200000,126.160000
312.480000,453.010000,67.200000,126.160000
312.760000,452.400000,67.200000,126.160000
312.880000,452.740000,67.200000,126.160000
312.800000,452.780000,67.200000,126.160000
313.120000,452.640000,67.200000,126.160000
313.750000,452.450000,67.200000,126.160000
313.660000,451.960000,67.200000,126.160000
313.910000,451.200000,67.200000,126.160000
313.440000,451.360000,67.200000,126.160000
314.730000,451.010000,67.200000,126.160000
314.870000,450.590000,67.200000,126.160000
315.090000,450.620000,67.200000,126.160000
315.620000,450.130000,67.200000,126.160000
315.670000,449.300000,67.200000,126.160000
316.540000,449.100000,67.200000,126.160000
316.420000,448.590000,67.200000,126.160000
316.610000,448.250000,67.200000,126.160000
317.510000,448.070000,67.200000,126.160000
318.210000,447.470000,67.200000,126.160000
319.280000,447.600000,67.200000,126.160000
319.670000,447.340000,67.200000,126.160000
320.250000,446.910000,67.200000,126.160000
320.830000,447.650000,67.200000,126.160000
320.690000,446.400000,67.200000,126.160000
321.140000,445.850000,67.200000,126.160000
322.570000,445.470000,67.200000,126.160000
321.550000,443.910000,67.200000,126.160000
322.670000,442.800000,67.200000,126.160000
322.400000,442.150000,67.200000,126.160000
322.600000,440.260000,67.200000,126.160000
322.150000,439.850000,67.200000,126.160000
323.100000,439.800000,67.200000,126.160000
324.320000,439.010000,67.200000,126.160000
325.240000,437.730000,67.200000,126.160000
325.930000,437.780000,67.200000,126.160000
326.120000,436.670000,67.200000,126.160000
327.470000,435.950000,67.200000,126.160000
327.790000,434.770000,67.200000,126.160000
329.060000,434.850000,67.200000,126.160000
330.300000,434.540000,67.200000,126.160000
331.290000,433.670000,67.200000,126.160000
332.020000,432.940000,67.200000,126.160000
332.010000,431.950000,67.200000,126.160000
333.120000,432.390000,67.200000,126.160000
334.380000,431.320000,67.200000,126.160000
334.090000,429.060000,70.560000,132.470000
334.700000,427.280000,70.560000,132.470000
336.380000,427.340000,70.560000,132.470000
337.640000,426.980000,70.560000,132.470000
338.840000,427.400000,70.560000,132.470000
339.800000,427.040000,70.560000,132.470000
338.850000,425.180000,70.560000,132.470000
337.900000,429.230000,70.560000,132.470000
333.260000,433.540000,70.560000,132.470000
327.810000,436.120000,70.560000,132.470000
327.350000,451.390000,67.200000,126.160000
337.310000,443.530000,67.200000,126.160000
336.680000,443.980000,67.200000,126.160000
328.250000,450.110000,67.200000,126.160000
308.810000,446.060000,67.200000,126.160000
327.520000,441.880000,67.200000,126.160000
308.620000,441.990000,67.200000,126.160000
319.330000,445.720000,64.000000,120.150000
310.050000,446.000000,64.000000,120.150000
298.350000,442.950000,60.952000,114.430000
283.190000,425.500000,60.952000,114.430000
274.700000,416.760000,60.952000,114.430000
262.760000,406.760000,60.952000,114.430000
255.940000,403.460000,60.952000,114.430000
248.660000,395.110000,60.952000,114.430000
240.890000,385.290000,60.952000,114.430000
236.760000,385.400000,58.050000,108.980000
231.650000,384.810000,55.286000,103.790000
227.560000,384.440000,55.286000,103.790000
225.630000,384.210000,55.286000,103.790000
223.540000,381.490000,55.286000,103.790000
220.420000,380.880000,55.286000,103.790000
218.030000,380.950000,55.286000,103.790000
216.080000,380.200000,55.286000,103.790000
215.900000,378.660000,55.286000,103.790000
213.880000,378.660000,55.286000,103.790000
212.280000,379.010000,55.286000,103.790000
211.270000,378.410000,55.286000,103.790000
209.150000,378.460000,55.286000,103.790000
208.170000,379.120000,55.286000,103.790000
208.650000,379.200000,55.286000,103.790000
207.920000,380.980000,55.286000,103.790000
207.360000,382.270000,55.286000,103.790000
207.120000,383.560000,55.286000,103.790000
208.530000,384.960000,55.286000,103.790000
211.910000,387.550000,55.286000,103.790000
220.290000,396.820000,52.653000,98.848000
230.990000,404.570000,52.653000,98.848000
246.370000,418.360000,52.653000,98.848000
248.880000,414.110000,50.146000,94.141000
268.170000,417.340000,50.146000,94.141000
282.380000,424.450000,47.758000,89.658000
288.670000,422.900000,47.758000,89.658000
311.160000,448.320000,47.758000,89.658000
317.750000,447.420000,47.758000,89.658000
320.480000,441.820000,47.758000,89.658000
323.620000,437.240000,47.758000,89.658000
328.670000,436.170000,47.758000,89.658000
330.990000,434.640000,50.146000,94.141000
334.830000,432.220000,52.653000,98.848000
336.230000,433.010000,52.653000,98.848000
337.680000,432.780000,52.653000,98.848000
336.890000,430.170000,55.286000,103.790000
337.930000,429.680000,55.286000,103.790000
338.500000,429.920000,55.286000,103.790000
338.120000,429.390000,55.286000,103.790000
338.670000,429.480000,55.286000,103.790000
338.590000,429.470000,55.286000,103.790000
338.130000,429.660000,55.286000,103.790000
337.760000,430.100000,55.286000,103.790000
337.550000,430.610000,55.286000,103.790000
337.270000,430.030000,55.286000,103.790000
338.320000,429.950000,55.286000,103.790000
338.620000,429.640000,55.286000,103.790000
338.450000,429.290000,55.286000,103.790000
337.450000,429.600000,55.286000,103.790000
319.990000,421.350000,55.286000,103.790000
337.620000,426.420000,55.286000,103.790000
339.300000,427.490000,55.286000,103.790000
340.180000,427.510000,55.286000,103.790000
340.110000,427.800000,55.286000,103.790000
339.840000,428.310000,55.286000,103.790000
339.400000,427.980000,55.286000,103.790000
338.970000,427.990000,55.286000,103.790000
339.470000,428.070000,55.286000,103.790000
339.350000,427.480000,55.286000,103.790000
339.720000,426.230000,55.286000,103.790000
339.420000,424.730000,55.286000,103.790000
340.500000,424.560000,55.286000,103.790000
339.940000,424.530000,55.286000,103.790000
341.020000,426.520000,55.286000,103.790000
341.090000,427.020000,55.286000,103.790000
330.530000,442.170000,55.286000,103.790000
322.550000,430.230000,55.286000,103.790000
297.190000,420.420000,55.286000,103.790000
282.630000,408.060000,55.286000,103.790000
269.060000,399.570000,55.286000,103.790000
259.250000,392.360000,55.286000,103.790000
249.820000,387.180000,55.286000,103.790000
242.090000,383.600000,55.286000,103.790000
237.860000,384.650000,52.653000,98.848000
234.020000,382.730000,52.653000,98.848000
228.310000,381.850000,52.653000,98.848000
226.650000,381.680000,52.653000,98.848000
224.010000,381.620000,52.653000,98.848000
222.420000,380.630000,52.653000,98.848000
221.760000,379.370000,52.653000,98.848000
221.120000,378.680000,52.653000,98.848000
221.880000,375.920000,52.653000,98.848000
222.090000,376.320000,52.653000,98.848000
225.220000,381.180000,52.653000,98.848000
230.210000,384.200000,52.653000,98.848000
235.400000,390.440000,52.653000,98.848000
242.950000,395.350000,52.653000,98.848000
249.940000,398.690000,52.653000,98.848000
256.650000,401.120000,52.653000,98.848000
269.020000,406.180000,52.653000,98.848000
281.880000,413.610000,55.286000,103.790000
296.930000,421.490000,55.286000,103.790000
297.710000,414.700000,55.286000,103.790000
309.450000,427.080000,55.286000,103.790000
319.080000,442.080000,55.286000,103.790000
328.210000,458.190000,55.286000,103.790000
325.790000,456.160000,55.286000,103.790000
331.150000,447.820000,55.286000,103.790000
331.770000,450.060000,55.286000,103.790000
329.920000,446.940000,58.050000,108.980000
330.740000,446.910000,58.050000,108.980000
329.970000,450.770000,58.050000,108.980000
327.700000,448.700000,60.952000,114.430000
327.280000,450.460000,60.952000,114.430000
326.430000,450.280000,60.952000,114.430000
325.190000,449.580000,60.952000,114.430000
327.760000,448.760000,60.952000,114.430000
328.270000,446.550000,60.952000,114.430000
329.620000,445.860000,60.952000,114.430000
329.270000,443.410000,60.952000,114.430000
336.980000,437.020000,60.952000,114.430000
337.890000,434.930000,60.952000,114.430000
338.600000,432.400000,60.952000,114.430000
340.320000,433.130000,60.952000,114.430000
341.710000,432.340000,60.952000,114.430000
342.320000,431.090000,60.952000,114.430000
343.750000,430.450000,60.952000,114.430000
344.310000,430.230000,60.952000,114.430000
343.120000,428.350000,64.000000,120.150000
343.270000,428.630000,64.000000,120.150000
343.080000,428.250000,64.000000,120.150000
343.130000,428.170000,64.000000,120.150000
342.960000,427.690000,64.000000,120.150000
343.580000,428.060000,64.000000,120.150000
342.990000,427.420000,64.000000,120.150000
343.760000,428.030000,64.000000,120.150000
343.420000,427.710000,64.000000,120.150000
343.060000,428.420000,64.000000,120.150000
342.160000,428.340000,64.000000,120.150000
341.970000,428.730000,64.000000,120.150000
342.860000,429.020000,64.000000,120.150000
341.680000,428.840000,64.000000,120.150000
341.840000,429.910000,64.000000,120.150000
340.390000,431.660000,64.000000,120.150000
339.950000,433.530000,64.000000,120.150000
338.820000,432.800000,64.000000,120.150000
338.120000,432.920000,64.000000,120.150000
336.540000,432.020000,64.000000,120.150000
337.450000,431.610000,64.000000,120.150000
338.380000,432.130000,64.000000,120.150000
337.760000,433.190000,64.000000,120.150000
336.310000,434.800000,64.000000,120.150000
335.020000,435.800000,64.000000,120.150000
334.020000,436.340000,64.000000,120.150000
332.900000,436.520000,64.000000,120.150000
333.060000,437.100000,64.000000,120.150000
332.540000,435.990000,64.000000,120.150000
332.880000,435.840000,64.000000,120.150000
333.550000,436.240000,64.000000,120.150000
333.410000,436.430000,64.000000,120.150000
332.920000,437.230000,64.000000,120.150000
333.330000,437.840000,64.000000,120.150000
332.700000,438.430000,64.000000,120.150000
332.320000,438.240000,64.000000,120.150000
332.010000,438.920000,64.000000,120.150000
331.670000,439.840000,64.000000,120.150000
331.910000,439.360000,64.000000,120.150000
331.930000,438.530000,64.000000,120.150000
331.760000,438.510000,64.000000,120.150000
331.830000,438.120000,64.000000,120.150000
332.150000,437.260000,64.000000,120.150000
331.640000,437.180000,64.000000,120.150000
331.970000,437.020000,64.000000,120.150000
331.820000,437.450000,64.000000,120.150000
332.000000,437.380000,64.000000,120.150000
331.280000,437.360000,64.000000,120.150000
331.200000,437.300000,64.000000,120.150000
331.250000,437.400000,64.000000,120.150000
331.410000,437.360000,64.000000,120.150000
331.630000,437.350000,64.000000,120.150000
331.710000,437.300000,64.000000,120.150000
331.660000,437.400000,64.000000,120.150000
331.480000,437.670000,64.000000,120.150000
331.470000,437.810000,64.000000,120.150000
330.860000,438.020000,64.000000,120.150000
330.680000,437.970000,64.000000,120.150000
330.710000,438.020000,64.000000,120.150000
330.330000,437.970000,64.000000,120.150000
330.120000,437.630000,64.000000,120.150000
330.110000,437.930000,64.000000,120.150000
329.930000,437.690000,64.000000,120.150000
330.740000,438.160000,64.000000,120.150000
330.380000,437.730000,64.000000,120.150000
330.420000,437.920000,64.000000,120.150000
330.340000,438.260000,64.000000,120.150000
330.020000,437.950000,64.000000,120.150000
329.260000,437.940000,64.000000,120.150000
329.710000,437.800000,64.000000,120.150000
330.290000,438.480000,64.000000,120.150000
329.770000,438.270000,64.000000,120.150000
329.800000,438.290000,64.000000,120.150000
329.980000,438.060000,64.000000,120.150000
330.110000,437.950000,64.000000,120.150000
329.140000,437.950000,64.000000,120.150000
329.090000,438.500000,64.000000,120.150000
328.900000,438.700000,64.000000,120.150000
329.670000,438.800000,64.000000,120.150000
329.540000,438.940000,64.000000,120.150000
329.390000,438.500000,64.000000,120.150000
329.270000,438.500000,64.000000,120.150000
329.180000,438.980000,64.000000,120.150000
329.160000,438.770000,64.000000,120.150000
329.490000,438.840000,64.000000,120.150000
330.070000,438.910000,64.000000,120.150000
330.000000,438.880000,64.000000,120.150000
330.480000,439.030000,64.000000,120.150000
330.290000,438.590000,64.000000,120.150000
329.850000,438.450000,64.000000,120.150000
330.420000,438.560000,64.000000,120.150000
330.130000,438.880000,64.000000,120.150000
329.970000,439.340000,64.000000,120.150000
330.120000,439.270000,64.000000,120.150000
329.740000,438.820000,64.000000,120.150000
330.400000,439.180000,64.000000,120.150000
330.300000,438.740000,64.000000,120.150000
330.080000,438.680000,64.000000,120.150000
329.630000,438.960000,64.000000,120.150000
330.090000,438.590000,64.000000,120.150000
330.340000,438.290000,64.000000,120.150000
330.300000,438.410000,64.000000,120.150000
330.280000,438.410000,64.000000,120.150000
329.940000,438.580000,64.000000,120.150000
330.240000,438.860000,64.000000,120.150000
329.880000,439.230000,64.000000,120.150000
329.940000,439.140000,64.000000,120.150000
330.020000,439.310000,64.000000,120.150000
329.630000,439.090000,64.000000,120.150000
329.990000,439.000000,64.000000,120.150000
330.440000,438.840000,64.000000,120.150000
330.180000,439.070000,64.000000,120.150000
329.620000,438.870000,64.000000,120.150000
330.350000,439.290000,64.000000,120.150000
330.110000,439.120000,64.000000,120.150000
329.720000,438.920000,64.000000,120.150000
330.050000,439.250000,64.000000,120.150000
329.710000,438.860000,64.000000,120.150000
330.320000,439.060000,64.000000,120.150000
330.000000,438.530000,64.000000,120.150000
329.610000,438.740000,64.000000,120.150000
330.110000,439.150000,64.000000,120.150000
329.880000,438.660000,64.000000,120.150000
330.260000,439.080000,64.000000,120.150000
330.180000,438.520000,64.000000,120.150000
330.030000,439.120000,64.000000,120.150000
329.670000,439.360000,64.000000,120.150000
330.490000,439.520000,64.000000,120.150000
330.110000,439.350000,64.000000,120.150000
329.750000,439.190000,64.000000,120.150000
330.340000,439.250000,64.000000,120.150000
329.920000,439.620000,64.000000,120.150000
330.160000,439.920000,64.000000,120.150000
329.710000,439.670000,64.000000,120.150000
329.780000,439.770000,64.000000,120.150000
330.220000,439.520000,64.000000,120.150000
330.160000,439.100000,64.000000,120.150000
329.700000,438.820000,64.000000,120.150000
330.150000,439.650000,64.000000,120.150000
330.040000,439.750000,64.000000,120.150000
330.080000,440.000000,64.000000,120.150000
330.180000,439.750000,64.000000,120.150000
330.190000,439.850000,64.000000,120.150000
330.090000,439.900000,64.000000,120.150000
330.080000,440.020000,64.000000,120.150000
330.100000,439.410000,64.000000,120.150000
330.020000,439.670000,64.000000,120.150000
329.660000,439.920000,64.000000,120.150000
330.160000,439.870000,64.000000,120.150000
329.940000,440.120000,64.000000,120.150000
330.610000,439.510000,64.000000,120.150000
330.590000,439.570000,64.000000,120.150000
330.600000,439.440000,64.000000,120.150000
330.070000,439.160000,64.000000,120.150000
329.870000,438.630000,64.000000,120.150000
330.430000,438.670000,64.000000,120.150000
330.050000,438.840000,64.000000,120.150000
329.440000,438.830000,64.000000,120.150000
329.630000,438.500000,64.000000,120.150000
329.650000,438.260000,64.000000,120.150000
329.670000,437.860000,64.000000,120.150000
329.870000,438.530000,64.000000,120.150000
330.610000,438.370000,64.000000,120.150000
330.520000,438.160000,64.000000,120.150000
329.970000,437.980000,64.000000,120.150000
330.110000,437.970000,64.000000,120.150000
329.630000,438.020000,64.000000,120.150000
329.650000,438.130000,64.000000,120.150000
329.590000,438.040000,64.000000,120.150000
329.540000,437.800000,64.000000,120.150000
329.730000,438.730000,64.000000,120.150000
329.860000,438.680000,64.000000,120.150000
330.120000,438.730000,64.000000,120.150000
329.570000,438.640000,64.000000,120.150000
329.710000,438.710000,64.000000,120.150000
329.920000,438.790000,64.000000,120.150000
330.000000,438.870000,64.000000,120.150000
329.450000,438.850000,64.000000,120.150000
329.410000,439.240000,64.000000,120.150000
329.570000,438.760000,64.000000,120.150000
329.020000,439.580000,64.000000,120.150000
328.030000,441.790000,64.000000,120.150000
328.970000,437.780000,64.000000,120.150000
330.310000,438.760000,64.000000,120.150000
330.180000,437.800000,64.000000,120.150000
330.230000,437.310000,64.000000,120.150000
329.540000,437.370000,64.000000,120.150000
329.870000,437.500000,64.000000,120.150000
330.000000,437.210000,64.000000,120.150000
330.040000,437.100000,64.000000,120.150000
329.400000,436.900000,64.000000,120.150000
329.540000,438.060000,64.000000,120.150000
329.930000,437.230000,64.000000,120.150000
330.540000,437.460000,64.000000,120.150000
330.280000,437.820000,64.000000,120.150000
330.220000,437.860000,64.000000,120.150000
329.740000,438.000000,64.000000,120.150000
330.370000,437.530000,64.000000,120.150000
330.260000,437.710000,64.000000,120.150000
330.120000,437.770000,64.000000,120.150000
329.960000,438.080000,64.000000,120.150000
330.270000,437.750000,64.000000,120.150000
330.140000,437.820000,64.000000,120.150000
329.980000,437.770000,64.000000,120.150000
330.460000,437.680000,64.000000,120.150000
330.270000,437.650000,64.000000,120.150000
330.140000,437.690000,64.000000,120.150000
330.490000,437.450000,64.000000,120.150000
330.470000,437.310000,64.000000,120.150000
330.730000,437.140000,64.000000,120.150000
330.540000,436.870000,64.000000,120.150000
330.650000,437.420000,64.000000,120.150000
330.940000,437.160000,64.000000,120.150000
331.240000,436.870000,64.000000,120.150000
330.950000,437.000000,64.000000,120.150000
331.710000,435.890000,64.000000,120.150000
331.480000,436.080000,64.000000,120.150000
331.220000,435.500000,64.000000,120.150000
331.030000,435.880000,64.000000,120.150000
330.920000,436.380000,64.000000,120.150000
331.730000,436.320000,64.000000,120.150000
331.650000,436.100000,64.000000,120.150000
331.560000,435.570000,64.000000,120.150000
331.670000,436.260000,64.000000,120.150000
331.720000,435.880000,64.000000,120.150000
331.970000,436.330000,64.000000,120.150000
332.260000,435.890000,64.000000,120.150000
332.030000,436.100000,64.000000,120.150000
331.470000,435.520000,64.000000,120.150000
331.730000,435.850000,64.000000,120.150000
331.980000,436.230000,64.000000,120.150000
332.240000,436.030000,64.000000,120.150000
332.160000,435.930000,64.000000,120.150000
331.560000,435.390000,64.000000,120.150000
331.870000,435.710000,64.000000,120.150000
332.140000,436.080000,64.000000,120.150000
331.550000,435.560000,64.000000,120.150000
332.010000,435.690000,64.000000,120.150000
331.530000,435.970000,64.000000,120.150000
331.650000,435.710000,64.000000,120.150000
331.660000,436.020000,64.000000,120.150000
331.740000,435.370000,64.000000,120.150000
332.010000,435.350000,64.000000,120.150000
331.930000,436.400000,64.000000,120.150000
326.550000,431.940000,67.200000,126.160000
325.590000,436.440000,67.200000,126.160000
327.630000,439.650000,67.200000,126.160000
328.610000,441.800000,64.000000,120.150000
329.310000,439.720000,64.000000,120.150000
329.700000,438.990000,64.000000,120.150000
330.650000,438.320000,64.000000,120.150000
330.440000,438.580000,64.000000,120.150000
330.370000,438.480000,64.000000,120.150000
330.460000,438.530000,64.000000,120.150000
330.080000,438.130000,64.000000,120.150000
330.340000,437.810000,64.000000,120.150000
330.440000,437.940000,64.000000,120.150000
330.500000,437.530000,64.000000,120.150000
331.040000,437.820000,64.000000,120.150000
330.750000,438.020000,64.000000,120.150000
330.830000,437.130000,64.000000,120.150000
330.990000,437.170000,64.000000,120.150000
331.250000,437.160000,64.000000,120.150000
330.650000,437.580000,64.000000,120.150000
330.840000,437.590000,64.000000,120.150000
331.180000,437.470000,64.000000,120.150000
330.860000,437.660000,64.000000,120.150000
331.160000,438.050000,64.000000,120.150000
330.650000,437.050000,64.000000,120.150000
331.630000,437.150000,64.000000,120.150000
331.570000,437.020000,64.000000,120.150000
331.750000,436.660000,64.000000,120.150000
332.270000,437.280000,64.000000,120.150000
331.400000,437.060000,64.000000,120.150000
331.490000,437.050000,64.000000,120.150000
331.590000,437.130000,64.000000,120.150000
331.840000,437.150000,64.000000,120.150000
331.670000,437.360000,64.000000,120.150000
331.580000,437.440000,64.000000,120.150000
331.300000,437.440000,64.000000,120.150000
331.100000,437.670000,64.000000,120.150000
330.800000,437.950000,64.000000,120.150000
330.990000,437.910000,64.000000,120.150000
331.440000,438.220000,64.000000,120.150000
331.320000,437.730000,64.000000,120.150000
330.910000,438.070000,64.000000,120.150000
331.140000,437.860000,64.000000,120.150000
330.770000,438.290000,64.000000,120.150000
331.130000,438.130000,64.000000,120.150000
330.650000,438.090000,64.000000,120.150000
331.090000,437.970000,64.000000,120.150000
330.740000,437.820000,64.000000,120.150000
331.200000,438.200000,64.000000,120.150000
330.560000,437.920000,64.000000,120.150000
331.020000,438.560000,64.000000,120.150000
330.600000,438.000000,64.000000,120.150000
330.970000,437.530000,64.000000,120.150000
331.100000,437.910000,64.000000,120.150000
330.920000,437.730000,64.000000,120.150000
331.390000,438.320000,64.000000,120.150000
330.940000,437.920000,64.000000,120.150000
331.380000,437.880000,64.000000,120.150000
330.950000,438.110000,64.000000,120.150000
331.050000,437.700000,64.000000,120.150000
330.630000,438.050000,64.000000,120.150000
331.110000,437.620000,64.000000,120.150000
331.310000,437.130000,64.000000,120.150000
330.800000,437.230000,64.000000,120.150000
331.230000,437.210000,64.000000,120.150000
331.240000,437.180000,64.000000,120.150000
331.160000,437.810000,64.000000,120.150000
329.700000,441.180000,64.000000,120.150000
326.360000,439.630000,64.000000,120.150000
329.370000,438.200000,64.000000,120.150000
330.270000,438.010000,64.000000,120.150000
330.340000,437.720000,64.000000,120.150000
330.860000,437.860000,64.000000,120.150000
331.540000,437.570000,64.000000,120.150000
331.080000,437.640000,64.000000,120.150000
330.780000,437.630000,64.000000,120.150000
331.310000,437.710000,64.000000,120.150000
331.090000,437.650000,64.000000,120.150000
330.520000,437.620000,64.000000,120.150000
331.040000,437.460000,64.000000,120.150000
330.470000,437.540000,64.000000,120.150000
330.500000,437.490000,64.000000,120.150000
330.580000,437.540000,64.000000,120.150000
330.890000,437.580000,64.000000,120.150000
330.910000,437.750000,64.000000,120.150000
330.880000,438.030000,64.000000,120.150000
331.260000,438.030000,64.000000,120.150000
331.120000,437.590000,64.000000,120.150000
331.220000,437.460000,64.000000,120.150000
331.190000,437.430000,64.000000,120.150000
331.110000,437.530000,64.000000,120.150000
331.000000,437.580000,64.000000,120.150000
331.470000,437.890000,64.000000,120.150000
331.340000,437.970000,64.000000,120.150000
331.350000,437.320000,64.000000,120.150000
331.450000,437.330000,64.000000,120.150000
331.700000,437.140000,64.000000,120.150000
331.760000,436.990000,64.000000,120.150000
331.870000,436.880000,64.000000,120.150000
332.080000,437.040000,64.000000,120.150000
331.440000,436.930000,64.000000,120.150000
331.860000,436.730000,64.000000,120.150000
332.230000,437.170000,64.000000,120.150000
331.750000,436.960000,64.000000,120.150000
331.860000,436.740000,64.000000,120.150000
332.070000,437.210000,64.000000,120.150000
331.640000,437.010000,64.000000,120.150000
332.020000,436.700000,64.000000,120.150000
331.540000,437.080000,64.000000,120.150000
331.420000,437.210000,64.000000,120.150000
331.410000,437.060000,64.000000,120.150000
331.760000,436.640000,64.000000,120.150000
332.150000,436.880000,64.000000,120.150000
331.660000,436.960000,64.000000,120.150000
331.920000,436.450000,64.000000,120.150000
332.270000,435.980000,64.000000,120.150000
331.880000,435.520000,64.000000,120.150000
325.290000,436.740000,64.000000,120.150000
328.350000,440.830000,64.000000,120.150000
328.260000,440.560000,64.000000,120.150000
329.990000,439.270000,64.000000,120.150000
331.250000,438.520000,64.000000,120.150000
330.990000,438.050000,64.000000,120.150000
331.380000,437.640000,64.000000,120.150000
331.090000,437.440000,64.000000,120.150000
330.650000,437.390000,64.000000,120.150000
330.960000,437.600000,64.000000,120.150000
330.800000,438.010000,64.000000,120.150000
331.040000,437.470000,64.000000,120.150000
330.540000,437.460000,64.000000,120.150000
330.870000,437.490000,64.000000,120.150000
331.560000,437.280000,64.000000,120.150000
331.160000,437.160000,64.000000,120.150000
331.020000,436.780000,64.000000,120.150000
330.790000,436.780000,64.000000,120.150000
331.560000,437.250000,64.000000,120.150000
331.850000,437.070000,64.000000,120.150000
332.060000,436.650000,64.000000,120.150000
331.760000,437.100000,64.000000,120.150000
332.150000,436.930000,64.000000,120.150000
331.170000,436.640000,64.000000,120.150000
330.950000,436.860000,64.000000,120.150000
331.260000,436.800000,64.000000,120.150000
331.060000,436.480000,64.000000,120.150000
331.040000,436.220000,64.000000,120.150000
331.260000,436.200000,64.000000,120.150000
331.580000,436.810000,64.000000,120.150000
331.850000,437.380000,64.000000,120.150000
331.840000,437.470000,64.000000,120.150000
332.040000,437.670000,64.000000,120.150000
331.610000,437.750000,64.000000,120.150000
331.730000,437.980000,64.000000,120.150000
331.810000,437.540000,64.000000,120.150000
331.690000,437.750000,64.000000,120.150000
331.690000,438.130000,64.000000,120.150000
331.510000,437.660000,64.000000,120.150000
331.530000,438.110000,64.000000,120.150000
331.220000,438.050000,64.000000,120.150000
331.330000,437.770000,64.000000,120.150000
331.320000,438.280000,64.000000,120.150000
331.220000,438.470000,64.000000,120.150000
330.770000,438.260000,64.000000,120.150000
331.080000,438.180000,64.000000,120.150000
330.620000,437.900000,64.000000,120.150000
331.310000,438.200000,64.000000,120.150000
331.070000,438.040000,64.000000,120.150000
329.780000,439.060000,64.000000,120.150000
311.460000,449.980000,64.000000,120.150000
329.740000,437.290000,64.000000,120.150000
330.660000,437.650000,64.000000,120.150000
330.650000,437.650000,64.000000,120.150000
330.360000,438.000000,64.000000,120.150000
329.700000,437.700000,64.000000,120.150000
329.830000,438.220000,64.000000,120.150000
329.660000,437.910000,64.000000,120.150000
329.480000,438.490000,64.000000,120.150000
329.790000,438.160000,64.000000,120.150000
330.380000,438.420000,64.000000,120.150000
329.820000,438.770000,64.000000,120.150000
330.550000,438.800000,64.000000,120.150000
330.800000,438.760000,64.000000,120.150000
330.840000,438.630000,64.000000,120.150000
330.920000,438.460000,64.000000,120.150000
331.050000,438.330000,64.000000,120.150000
330.470000,438.290000,64.000000,120.150000
330.680000,437.960000,64.000000,120.150000
330.840000,437.680000,64.000000,120.150000
331.300000,437.890000,64.000000,120.150000
331.040000,438.200000,64.000000,120.150000
330.710000,437.900000,64.000000,120.150000
330.800000,438.170000,64.000000,120.150000
331.000000,437.920000,64.000000,120.150000
330.640000,437.990000,64.000000,120.150000
330.970000,437.740000,64.000000,120.150000
331.150000,437.900000,64.000000,120.150000
330.770000,438.060000,64.000000,120.150000
331.180000,437.680000,64.000000,120.150000
330.920000,437.730000,64.000000,120.150000
331.380000,437.880000,64.000000,120.150000
331.200000,438.010000,64.000000,120.150000
330.850000,437.680000,64.000000,120.150000
331.290000,437.840000,64.000000,120.150000
331.080000,437.740000,64.000000,120.150000
331.120000,437.740000,64.000000,120.150000
330.970000,437.880000,64.000000,120.150000
331.430000,437.800000,64.000000,120.150000
331.330000,437.970000,64.000000,120.150000
330.760000,437.670000,64.000000,120.150000
331.270000,437.720000,64.000000,120.150000
331.210000,437.840000,64.000000,120.150000
330.940000,437.930000,64.000000,120.150000
331.380000,437.590000,64.000000,120.150000
331.370000,437.560000,64.000000,120.150000
330.970000,437.770000,64.000000,120.150000
331.600000,437.820000,64.000000,120.150000
331.680000,437.810000,64.000000,120.150000
331.410000,438.110000,64.000000,120.150000
331.280000,437.680000,64.000000,120.150000
331.200000,437.940000,64.000000,120.150000
330.960000,437.480000,64.000000,120.150000
331.380000,437.680000,64.000000,120.150000
331.140000,437.750000,64.000000,120.150000
331.160000,437.890000,64.000000,120.150000
331.260000,438.120000,64.000000,120.150000
331.290000,437.980000,64.000000,120.150000
331.500000,437.860000,64.000000,120.150000
331.640000,438.280000,64.000000,120.150000
331.250000,437.920000,64.000000,120.150000
331.710000,437.080000,64.000000,120.150000
329.680000,435.430000,67.200000,126.160000
329.240000,435.430000,67.200000,126.160000
329.040000,435.690000,67.200000,126.160000
329.350000,435.510000,67.200000,126.160000
330.940000,438.400000,64.000000,120.150000
330.230000,438.450000,64.000000,120.150000
329.920000,438.130000,64.000000,120.150000
330.230000,437.560000,64.000000,120.150000
330.200000,437.190000,64.000000,120.150000
330.370000,437.160000,64.000000,120.150000
330.620000,436.590000,64.000000,120.150000
331.150000,436.990000,64.000000,120.150000
331.310000,436.980000,64.000000,120.150000
331.280000,437.230000,64.000000,120.150000
331.820000,437.250000,64.000000,120.150000
332.300000,437.790000,64.000000,120.150000
332.060000,438.000000,64.000000,120.150000
330.950000,438.120000,64.000000,120.150000
331.660000,438.270000,64.000000,120.150000
330.870000,438.390000,64.000000,120.150000
330.270000,438.700000,64.000000,120.150000
329.120000,439.540000,64.000000,120.150000
328.420000,440.070000,64.000000,120.150000
327.260000,440.430000,64.000000,120.150000
326.600000,440.690000,64.000000,120.150000
326.420000,441.200000,64.000000,120.150000
326.070000,441.440000,64.000000,120.150000
325.180000,442.080000,64.000000,120.150000
324.550000,441.850000,64.000000,120.150000
324.360000,443.010000,64.000000,120.150000
324.220000,442.710000,64.000000,120.150000
324.220000,443.050000,64.000000,120.150000
322.500000,443.310000,64.000000,120.150000
322.240000,443.790000,64.000000,120.150000
321.620000,444.590000,64.000000,120.150000
321.480000,444.860000,64.000000,120.150000
322.010000,444.860000,64.000000,120.150000
321.500000,445.160000,64.000000,120.150000
321.560000,445.560000,64.000000,120.150000
320.980000,445.970000,64.000000,120.150000
320.850000,445.280000,64.000000,120.150000
320.380000,445.830000,64.000000,120.150000
318.870000,446.980000,64.000000,120.150000
333.940000,434.050000,67.200000,126.160000
318.400000,445.160000,67.200000,126.160000
313.990000,448.770000,64.000000,120.150000
315.630000,448.140000,64.000000,120.150000
315.170000,447.030000,64.000000,120.150000
316.380000,448.820000,60.952000,114.430000
317.170000,448.730000,60.952000,114.430000
317.900000,448.950000,60.952000,114.430000
317.740000,447.900000,60.952000,114.430000
317.840000,447.350000,60.952000,114.430000
318.530000,447.820000,60.952000,114.430000
319.060000,447.100000,60.952000,114.430000
319.510000,446.770000,60.952000,114.430000
321.020000,447.110000,60.952000,114.430000
320.950000,446.290000,60.952000,114.430000
321.120000,445.890000,60.952000,114.430000
322.100000,444.780000,60.952000,114.430000
322.440000,445.290000,60.952000,114.430000
322.160000,444.770000,60.952000,114.430000
322.160000,445.160000,60.952000,114.430000
322.550000,444.540000,60.952000,114.430000
322.990000,444.230000,60.952000,114.430000
322.830000,443.860000,60.952000,114.430000
322.680000,443.420000,60.952000,114.430000
323.320000,443.700000,60.952000,114.430000
323.750000,444.290000,60.952000,114.430000
323.660000,443.690000,60.952000,114.430000
324.030000,443.600000,60.952000,114.430000
324.300000,443.620000,60.952000,114.430000
324.370000,443.380000,60.952000,114.430000
324.680000,443.150000,60.952000,114.430000
324.250000,442.660000,60.952000,114.430000
324.630000,443.100000,60.952000,114.430000
324.100000,442.520000,60.952000,114.430000
324.400000,442.820000,60.952000,114.430000
324.480000,442.710000,60.952000,114.430000
324.540000,443.300000,60.952000,114.430000
323.500000,442.910000,60.952000,114.430000
324.060000,442.480000,60.952000,114.430000
323.550000,442.800000,60.952000,114.430000
322.910000,442.590000,60.952000,114.430000
323.480000,443.770000,60.952000,114.430000
323.200000,443.990000,60.952000,114.430000
321.840000,443.110000,60.952000,114.430000
321.970000,442.900000,60.952000,114.430000
322.040000,442.690000,60.952000,114.430000
322.430000,443.430000,60.952000,114.430000
