0.058294
0.084287
0.081852
0.08116
0.081516
0.081849
0.081419
0.081659
0.082691
0.080397
0.080803
0.08421
0.082089
0.081619
0.08262
0.080639
0.080904
0.081274
0.082105
0.081124
0.081124
0.079654
0.079062
0.08536
0.082087
0.079899
0.086873
0.08661
0.079053
0.079744
0.080906
0.080538
0.08073
0.080677
0.082821
0.084797
0.080416
0.079039
0.081175
0.082719
0.080124
0.08056
0.080654
0.079894
0.078724
0.079793
0.080674
0.080138
0.078582
0.080437
0.08064
0.081477
0.082261
0.081812
0.079643
0.081906
0.080922
0.081138
0.080165
0.078444
0.079745
0.079555
0.081562
0.079284
0.078569
0.078468
0.079061
0.078265
0.079216
0.079526
0.080328
0.079776
0.079908
0.079607
0.08238
0.081057
0.080043
0.079845
0.078549
0.078947
0.081107
0.080467
0.078574
0.081124
0.07993
0.079446
0.078877
0.080885
0.080843
0.081937
0.078988
0.083013
0.083654
0.081219
0.080724
0.081546
0.082147
0.081436
0.084684
0.083088
0.083704
0.083998
0.08347
0.080311
0.080612
0.079219
0.082103
0.081186
0.079228
0.079815
0.083729
0.082459
0.082023
0.082367
0.081792
0.080507
0.081281
0.081774
0.078961
0.080607
0.080629
0.080244
0.080606
0.081458
0.080963
0.079951
0.08996
0.08143
0.086039
0.083048
0.084238
0.083718
0.084094
0.08127
0.082691
0.082458
0.080761
0.082146
0.079935
0.079414
0.080931
0.078949
0.079731
0.081679
0.079677
0.081066
0.078158
0.077772
0.078421
0.078331
0.081389
0.081398
0.082317
0.079736
0.081499
0.082845
0.081191
0.082424
0.082865
0.079034
0.081822
0.080617
0.080687
0.080374
0.078866
0.07988
0.079906
0.08045
0.077108
0.078319
0.077869
0.080796
0.077832
0.076887
0.080102
0.077921
0.077755
0.078696
0.07786
0.080372
0.07707
0.079169
0.078041
0.07923
0.077319
0.080193
0.077056
0.07782
0.081442
0.077175
0.080645
0.0826
0.078499
0.079297
0.078243
0.081537
0.080138
0.079371
0.08016
0.079602
0.082206
0.080695
0.082345
0.083085
0.093196
0.082879
0.08446
0.080718
0.080678
0.078966
0.07907
0.082526
0.08216
0.081063
0.081568
0.081875
0.079257
0.079355
0.080272
0.07935
0.080817
0.081021
0.080535
0.079478
0.080222
0.078292
0.077876
0.080069
0.079666
0.081372
0.081818
0.081884
0.079808
0.081273
0.079442
0.081241
0.078828
0.079261
0.079481
0.080813
0.081327
0.080392
0.082406
0.078436
0.080845
0.081364
0.082066
0.082237
0.081334
0.079993
0.082199
0.080116
0.081078
0.080189
0.0826
0.081193
0.080294
0.078833
0.078228
0.079991
0.081353
0.079438
0.078131
0.07832
0.079249
0.079038
0.07814
0.079063
0.079471
0.078595
0.078759
0.078767
0.079268
0.081663
0.079576
0.077807
0.077049
0.079971
0.079425
0.080507
0.081381
0.078887
0.080176
0.079788
0.08053
0.083146
0.081632
0.079836
0.077789
0.076631
0.077777
0.077331
0.079281
0.082111
0.078643
0.080185
0.079313
0.078517
0.078447
0.079418
0.082183
0.082664
0.0798
0.07962
0.080642
0.080375
0.080855
0.079868
0.078375
0.08021
0.081014
0.080923
0.082247
0.081456
0.082248
0.082317
0.08048
0.084089
0.079711
0.080534
0.081712
0.08095
0.079818
0.082644
0.082035
0.07989
0.081683
0.080377
0.083207
0.082477
0.079709
0.083072
0.081053
0.083427
0.085345
0.089852
0.080172
0.080496
0.08123
0.082222
0.082958
0.082187
0.084763
0.082515
0.080413
0.082961
0.084311
0.084667
0.083247
0.082388
0.083838
0.08579
0.082934
0.083111
0.088983
0.087708
0.089866
0.092088
0.090087
0.091516
0.08942
0.088608
0.083388
0.083602
0.085742
0.083516
0.08572
0.08305
0.083
0.083684
0.081675
0.081871
0.081902
0.081053
0.08046
0.083813
0.083794
0.084363
0.084656
0.084466
0.085267
0.083177
0.084003
0.086361
0.08328
0.082553
0.084282
0.08324
0.084602
0.083514
0.086359
0.088427
0.089003
0.089071
0.088082
0.091241
0.089235
0.091307
0.093348
0.088487
0.08883
0.085523
0.090763
0.089654
0.089914
0.092026
0.091952
0.091118
0.090739
0.090339
0.091458
0.090394
0.089361
0.085161
0.084403
0.080464
0.084278
0.082877
0.083592
0.079721
0.081964
0.0831
0.082426
0.083307
0.084581
0.084456
0.082579
0.083649
0.084055
0.083494
0.081878
0.08078
0.079213
0.082839
0.083724
0.082349
0.082617
0.081259
0.082806
0.082207
0.099019
0.083462
0.083073
0.081453
0.079833
0.082246
0.080225
0.080571
0.080562
0.081617
0.083776
0.080718
0.083144
0.081335
0.08176
0.084126
0.083831
0.083827
0.080292
0.082421
0.083999
0.081633
0.082458
0.081991
0.082798
0.081754
0.082943
0.081831
0.090694
0.08218
0.082229
0.079545
0.081744
0.078757
0.082492
0.082038
0.081547
0.084201
0.080783
0.081952
0.080747
0.0823
0.084433
0.081826
0.082707
0.084164
0.080507
0.082188
0.082477
0.081998
0.079086
0.082241
0.07922
0.084843
0.085317
0.081247
0.08246
0.083788
0.081674
0.07874
0.090484
0.082603
0.078832
0.079957
0.082307
0.081088
0.083463
0.08207
0.081189
0.080101
0.082102
0.079627
0.081333
0.078893
0.079142
0.081897
0.081969
0.07821
0.081095
0.079291
0.080883
0.079906
0.083754
0.081694
0.078488
0.079692
0.082985
0.080094
0.080426
0.080374
0.079561
0.084985
0.080765
0.081834
0.083089
0.079418
0.082615
0.085278
0.082877
0.083094
0.0834
0.08248
0.083842
0.082747
0.082206
0.08478
0.082241
0.079921
0.079771
0.081604
0.07991
0.079567
0.079376
0.080897
0.081139
0.082561
0.079539
0.08073
0.08279
0.083898
0.082904
0.080772
0.082174
0.082371
0.082449
0.083025
0.085116
0.082689
0.083427
0.082688
0.081973
0.082606
0.083028
0.084655
0.081212
0.088999
0.08198
0.084255
0.082414
0.083413
0.080661
0.081962
0.083854
0.083139
0.084115
0.083568
0.085414
0.08291
0.086116
0.082722
0.082619
0.083528
0.084238
0.083866
0.085105
0.085615
0.087862
0.083938
0.086232
0.085628
0.086573
0.088296
0.086034
0.084508
0.086446
0.08354
0.084971
0.085544
0.08674
0.085219
0.084617
0.0857
0.082442
0.08726
0.088286
0.089978
0.09154
0.091065
0.089145
0.089275
0.089714
0.087556
0.085165
0.086242
0.084595
0.090083
0.089234
0.090394
0.083074
0.085132
0.082646
0.080903
0.080539
0.082581
0.085461
0.081838
0.083059
0.080122
0.081738
0.081479
0.080668
0.081056
0.081035
0.079351
0.079782
0.079747
0.08024
0.078542
0.082443
0.080554
0.081092
0.080214
0.079696
0.079878
0.080966
0.082621
0.079894
0.081219
0.080533
0.082134
0.081282
0.081233
0.081116
0.087932
0.078515
0.081811
0.084564
0.08283
0.080668
0.082999
0.081776
0.082823
0.082927
0.083367
0.080423
0.081384
0.082092
0.08533
0.088578
0.087854
0.088911
0.089376
0.08982
0.092889
0.090861
0.091243
0.09342
0.091801
0.09096
0.090281
0.089394
0.090625
0.088856
0.088288
0.085729
0.084574
0.082172
0.080849
0.081465
0.083348
0.08193
0.07978
0.079946
0.079041
0.081228
0.078838
0.078566
0.079232
0.085564
0.090083
0.082614
0.081314
0.083635
0.082944
0.080007
0.083526
0.082975
0.085389
0.080404
0.081585
0.081471
0.082764
0.081983
0.079983
0.078959
0.078591
0.078302
0.082115
0.081096
0.082336
0.081363
0.08007
0.079631
0.081939
0.082848
0.079446
0.080642
0.078293
0.080169
0.082115
0.078775
0.07949
0.081301
0.080847
0.080454
0.081316
0.079367
0.078648
0.079313
0.077911
0.080672
0.082944
0.078497
0.07963
0.079258
0.083101
0.079756
0.078092
0.077982
0.080395
0.080331
0.082136
0.080612
0.078702
0.078847
0.083102
0.084197
0.081361
0.082578
0.081218
0.083071
0.081051
0.082558
0.081058
0.083572
0.080069
0.078432
0.078167
0.078773
0.078274
0.078914
0.078817
0.079445
0.078614
0.078868
0.082174
0.080153
0.078402
0.079712
0.080367
0.081874
0.080434
0.079679
0.081385
0.081657
0.080964
0.080158
0.080947
0.078529
0.080615
0.0781
0.078621
0.083327
0.079698
0.081257
0.080416
0.081824
0.086393
0.081267
0.085585
0.079454
0.078756
0.079687
0.078437
0.081093
0.079417
0.081897
0.081507
0.080417
0.080563
0.079481
0.081521
0.078886
0.077859
0.079479
0.081394
0.083332
0.080272
0.081402
0.082312
0.080517
0.079066
0.079184
0.080226
0.07972
0.086938
0.086599
0.079989
0.081548
0.078277
0.078131
0.082935
0.080959
0.08032
0.082477
0.079671
0.080307
0.086134
0.081035
0.080307
0.079717
0.081642
0.08323
0.080751
0.080801
0.085467
0.08256
0.082035
0.084457
0.088194
0.088563
0.090463
0.09021
0.088915
0.091046
0.090767
0.088168
0.088686
0.08073
0.084466
0.085633
0.083287
0.085446
0.083947
0.084373
0.081082
0.081627
0.082912
0.07884
0.083638
0.083752
0.081017
0.083747
0.081334
0.081573
0.079348
0.083443
0.083008
0.081129
0.079751
0.082103
0.083105
0.083631
0.084294
0.081947
0.081078
0.079986
0.081069
0.091488
0.085519
0.082572
0.082622
0.082871
0.080489
0.084197
0.083533
0.082956
0.082393
0.081629
0.081832
0.082055
0.08584
0.085021
0.084174
0.08412
0.084031
0.08643
0.090741
0.088735
0.088447
0.090344
0.090972
0.092846
0.091708
0.094517
0.094032
0.092739
0.094071
0.093618
0.095079
0.094941
0.095616
0.095435
0.098564
0.096822
0.096294
0.09545
0.093948
0.092921
0.095784
0.092505
0.092502
0.093612
0.096767
0.094297
0.095992
0.093821
0.094066
0.09731
0.093852
