0.17206
0.15306
0.14225
0.14225
0.13972
0.14613
0.14766
0.15066
0.1791
0.15377
0.15868
0.15671
0.1538
0.15524
0.15862
0.1591
0.16023
0.16069
0.1636
0.16042
0.15865
0.16577
0.15798
0.16519
0.1597
0.15662
0.15445
0.15844
0.149
0.15008
0.15268
0.14929
0.1515
0.15831
0.15142
0.15271
0.16439
0.15074
0.15504
0.15453
0.15011
0.1513
0.15232
0.14955
0.1512
0.14955
0.15323
0.15304
0.15415
0.15515
0.1527
0.14965
0.15213
0.15048
0.1529
0.15241
0.15148
0.16031
0.17962
0.18049
0.15198
0.14848
0.15174
0.15223
0.14813
0.15609
0.15115
0.14945
0.1614
0.15243
0.16177
0.14972
0.15217
0.14947
0.1499
0.15341
0.15415
0.15241
0.15641
0.15144
0.15012
0.15495
0.15151
0.14954
0.15134
0.14977
0.15043
0.15216
0.15778
0.15352
0.15561
0.15712
0.15386
0.1546
0.1563
0.15387
0.15401
0.15325
0.15531
0.15507
0.1541
0.15577
0.15398
0.15471
0.15645
0.15877
0.15591
0.16139
0.15729
0.17187
0.16135
0.15741
0.15747
0.15798
0.15866
0.15703
0.15698
0.15821
0.15831
0.15765
0.15704
0.15447
0.15221
0.15826
0.15347
0.15708
0.16187
0.15647
0.15796
0.16042
0.15682
0.16098
0.15723
0.15712
0.1593
0.15787
0.1604
0.15617
0.15499
0.15668
0.15771
0.15714
0.1596
0.1579
0.15673
0.16498
0.16352
0.16475
0.16798
0.16374
0.16439
0.1615
0.16057
0.18269
0.16184
0.16022
0.16344
0.16008
0.16132
0.16047
0.16464
0.15577
0.15809
0.15328
0.15822
0.15579
0.15595
0.16331
0.16234
0.1528
0.15944
0.15807
0.16055
0.16652
0.16228
0.16201
0.16139
0.16737
0.16432
0.16609
0.16793
0.16312
0.16731
0.16189
0.15508
0.15331
0.15648
0.16524
0.15285
0.15288
0.14949
0.14864
0.15245
0.14779
0.15118
0.1462
0.14683
0.14579
0.1513
0.15056
0.14534
0.14827
0.14741
0.14791
0.1459
0.14728
0.15136
0.14625
0.147
0.1483
0.14668
0.14846
0.14452
0.14961
0.14966
0.14364
0.14746
0.14383
0.14301
0.14372
0.14539
0.14212
0.13851
0.14209
0.14094
0.13389
0.13448
0.1346
0.15879
0.12733
0.13061
0.1404
0.12513
0.12718
0.12774
0.12916
0.12641
0.1271
0.13398
0.12524
0.12422
0.1232
0.12361
0.12011
0.12265
0.1231
0.1265
0.12301
0.12314
0.12282
0.12849
0.12603
0.12712
0.12851
0.12911
0.12845
0.12979
0.13095
0.13194
0.13191
0.13319
0.13427
0.13376
0.13291
0.13307
0.13796
0.1311
0.12988
0.13454
0.13752
0.13258
0.13375
0.13594
0.13881
0.13953
0.13708
0.14007
0.13903
0.13682
0.13723
0.14088
0.13968
0.1376
0.13901
0.1376
0.13827
0.13733
0.14026
0.13852
0.13578
0.13832
0.13857
0.13766
0.13709
0.1381
0.13508
0.13427
0.13648
0.14008
0.13772
0.13731
0.13441
0.13673
0.13396
0.1379
0.13899
0.13613
0.13473
0.13491
0.13554
0.13138
0.13284
0.13217
0.13354
0.12967
0.12908
0.12936
0.13023
0.12994
0.13042
0.1366
0.13006
0.12985
0.13815
0.13261
0.13068
0.13108
0.12968
0.13272
0.13233
0.14001
0.13459
0.13537
0.1319
0.13095
0.13205
0.12611
0.12794
0.12456
0.12679
0.12214
0.12365
0.12024
0.11821
0.11581
0.11222
0.11235
0.10949
0.1114
0.1079
0.1081
0.1072
0.11036
0.11005
0.10834
0.10606
0.10523
0.10192
0.10153
0.099271
0.09844
0.097797
0.098936
0.096771
0.097925
0.094179
0.094735
0.097076
0.093436
0.091902
0.092482
0.091273
0.096252
0.090693
0.090284
0.09094
0.090791
0.09665
0.091849
0.09337
0.092247
0.091809
0.094264
0.092292
0.092402
0.09485
0.10572
0.099025
0.10298
0.094364
0.094413
0.093807
0.092002
0.093069
0.092554
0.091735
0.092876
0.092792
0.093537
0.092628
0.090227
0.09205
0.092056
0.094504
0.089899
0.091974
0.090173
0.088343
0.088828
0.088922
0.087679
0.088529
0.088487
0.091099
0.095616
0.08629
0.086575
0.087678
0.087299
0.089286
0.088452
0.086693
0.087795
0.086387
0.092009
0.086764
0.087761
0.08949
0.088199
0.088614
0.090207
0.089395
0.090826
0.088545
0.087094
0.088933
0.090319
0.089005
0.090068
0.088337
0.08667
0.089549
0.087538
0.087232
0.086146
0.086139
0.085851
0.088847
0.086747
0.086958
0.086465
0.086165
0.086912
0.089006
0.085775
0.087495
0.085713
0.084035
0.089006
0.081475
0.0813
0.078915
0.078683
0.078484
0.081725
0.078444
0.078632
0.078281
0.078515
0.077812
0.081492
0.076801
0.077303
0.076982
0.076785
0.077955
0.078926
0.076042
0.077473
0.07908
0.079107
0.07855
0.082383
0.080027
0.077119
0.07583
0.075287
0.077602
0.076694
0.074789
0.075377
0.07486
0.076501
0.075857
0.075593
0.076068
0.074601
0.075213
0.077968
0.075955
0.075945
0.093247
0.093698
0.080972
0.087231
0.095747
0.10723
0.090306
0.08354
0.079439
0.078287
0.079034
0.081349
0.076955
0.075887
0.079917
0.077362
0.077621
0.078993
0.079065
0.076939
0.076619
0.074489
0.075397
0.079539
0.075015
0.075287
0.075316
0.07737
0.075243
0.081924
0.084719
0.077384
0.074736
0.075017
0.075311
0.080125
0.075588
0.073928
0.074447
0.075561
0.074339
0.074848
0.076224
0.076714
0.076129
0.081843
0.076694
0.075729
0.078799
0.07395
0.075087
0.076433
0.074071
0.073617
0.072951
0.076279
0.075263
0.075259
0.074436
0.074754
0.074682
0.076209
0.075497
0.075568
0.074689
0.074981
0.074866
0.075951
0.074288
0.07645
0.075693
0.076157
0.077439
0.074499
0.08362
0.077579
0.075832
0.078435
0.07566
0.077257
0.077749
0.076622
0.078066
0.077532
0.078418
0.077224
0.079134
0.075211
0.078304
0.078283
0.078862
0.077891
0.077714
0.075056
0.076352
0.076825
0.078213
0.07646
0.079124
0.078139
0.08583
0.074888
0.077233
0.075662
0.076663
0.075235
0.075329
0.076388
0.078465
0.081902
0.076672
0.07672
0.076741
0.077261
0.075769
0.074834
0.074977
0.078483
0.075723
0.075922
0.078668
0.075644
0.084092
0.079923
0.077503
0.080093
0.078305
0.075196
0.076631
0.081878
0.080486
0.075938
0.077296
0.076973
0.08019
0.088984
0.078634
0.076665
0.078826
0.077009
0.078267
0.081202
0.076868
0.077397
0.076325
0.078408
0.078126
0.080794
0.078671
0.077315
0.078608
0.076809
0.076352
0.084475
0.077548
0.081502
0.076725
0.077077
0.077858
0.07772
0.076611
0.078905
0.076888
0.076755
0.088679
0.078808
0.080046
0.077892
0.077246
0.08712
0.078553
0.076361
0.078199
0.077417
0.077409
0.07862
0.076199
0.076896
0.083516
0.076567
0.075711
0.076335
0.076955
0.075867
0.077197
0.076357
0.077646
0.088753
0.094827
0.079143
0.079428
0.082986
0.076013
0.074761
0.075358
0.075111
0.079566
0.074747
0.076252
0.076294
0.076277
0.08206
0.081745
0.083371
0.077181
0.078729
0.077807
0.079162
0.08235
0.077976
0.078279
0.078884
0.077924
0.079392
0.085092
0.08071
0.077347
0.077952
0.085002
0.076453
0.088072
0.082663
0.076894
0.077069
0.079546
0.07874
0.079665
0.078031
0.079499
0.077212
0.076967
0.07822
0.083189
0.079644
0.078034
0.076748
0.07865
0.079783
0.080609
0.078843
0.076778
0.084619
0.077308
0.076402
0.094073
0.078515
0.076707
0.078008
0.075673
0.07667
0.076511
0.077178
0.075752
0.076768
0.089134
0.078569
0.079874
0.075035
0.075701
0.075403
0.075903
0.075574
0.077909
0.078587
0.0755
0.075118
0.081611
0.076792
0.078581
0.078883
0.075559
0.075469
0.075126
0.076286
0.075837
0.078556
0.075038
0.075632
0.075159
0.076485
0.075114
0.079181
0.077077
0.077721
0.075145
0.077581
0.079716
0.077657
0.076027
0.074968
0.075522
0.075999
0.074815
0.07543
0.081132
0.081092
0.076428
0.077006
0.075125
0.075379
0.080301
0.074356
0.077232
0.074998
0.076068
0.084255
0.078672
0.087322
0.075051
0.078788
0.076498
0.076314
0.083512
0.075152
0.075733
0.076664
0.076092
0.076939
0.075821
0.076408
0.075928
0.077538
0.075182
0.082431
0.075872
0.076047
0.076441
0.077933
0.076482
0.075373
0.080315
0.077851
0.076804
0.078659
0.075648
0.075708
0.07563
0.080747
0.075873
0.076802
0.075647
0.076621
0.08969
0.08023
0.076909
0.076775
0.075751
0.076839
0.077308
