-100
0.3228
0.31963
0.3055
0.30187
0.30474
0.29293
0.30463
0.30316
0.30256
0.30056
0.28925
0.28853
0.28006
0.27893
0.2597
0.25595
0.26113
0.27793
0.27269
0.28936
0.29056
0.29076
0.28731
0.26944
0.25945
0.24543
0.24798
0.24343
0.22935
0.22254
0.22222
0.21856
0.21397
0.21014
0.20954
0.21101
0.2065
0.20597
0.20806
0.20856
0.21117
0.20976
0.21799
0.22003
0.21359
0.20797
0.20475
0.1995
0.2061
0.196
0.19701
0.19289
0.19633
0.18787
0.18698
0.18955
0.18805
0.19131
0.18501
0.19017
0.18681
0.18429
0.18177
0.18255
0.18073
0.18139
0.18672
0.18101
0.18273
0.18327
0.18136
0.18291
0.17871
0.1841
0.19199
0.18909
0.19001
0.19543
0.1944
0.20078
0.20301
0.20338
0.20873
0.20756
0.21577
0.22168
0.21698
0.21563
0.22296
0.21714
0.22283
0.22354
0.22286
0.22712
0.22297
0.22751
0.22191
0.23113
0.22951
0.21947
0.21591
0.21848
0.21636
0.21714
0.21514
0.21778
0.21029
0.20066
0.20962
0.20381
0.19953
0.20229
0.20504
0.20215
0.20685
0.19606
0.20294
0.20165
0.20608
0.20088
0.2009
0.20195
0.17064
0.17143
0.16516
0.16927
0.18712
0.18794
0.19491
0.19452
0.1971
0.20241
0.21044
0.21726
0.21954
0.22989
0.22492
0.21208
0.21547
0.21869
0.21765
0.22051
0.22368
0.21754
0.22336
0.2192
0.20741
0.19877
0.19476
0.20171
0.19357
0.19748
0.20375
0.20534
0.20841
0.21226
0.215
0.21844
0.21557
0.21469
0.21401
0.22247
0.22165
0.23191
0.21907
0.22394
0.22654
0.22278
0.21681
0.226
0.22127
0.2227
0.21353
0.21424
0.21363
0.21613
0.22372
0.22548
0.2265
0.22778
0.2358
0.22773
0.23787
0.23725
0.23307
0.23797
0.24141
0.24168
0.24325
0.24324
0.23705
0.23367
0.23491
0.23544
0.23536
0.23651
0.23981
0.22585
0.22599
0.22771
0.23241
0.22307
0.23859
0.23115
0.24113
0.23668
0.24972
0.24172
0.24855
0.24538
0.24723
0.25259
0.25239
0.25955
0.25417
0.26011
0.2645
0.25519
0.26399
0.25527
0.25413
0.26085
0.25572
0.24362
0.2471
0.23111
0.22131
0.22072
0.21509
0.20738
0.19222
0.19178
0.19034
0.1728
0.16845
0.17652
0.16975
0.17363
0.17367
0.17347
0.15898
0.15957
0.16323
0.15641
0.15897
0.15871
0.15345
0.14254
0.14
0.13654
0.13414
0.13023
0.13643
0.12755
0.11717
0.12539
0.11068
0.10965
0.10494
0.10711
0.10619
0.10899
0.10756
0.10758
0.10409
0.10332
0.10405
0.10464
0.1031
0.11273
0.10756
0.10762
0.11032
0.11186
0.11301
0.10888
0.1118
0.11508
0.11012
0.11403
0.10767
0.10813
0.1059
0.10959
0.1155
0.11256
0.117
0.1186
0.12113
0.1225
0.12036
0.11808
0.1335
0.12143
0.12446
0.1278
0.12504
0.13051
0.12817
0.12613
0.12863
0.12853
0.13088
0.12663
0.12596
0.1273
0.12305
0.12581
0.12166
0.11871
0.11569
0.11722
0.10946
0.10579
0.10776
0.10855
0.10309
0.099013
0.092139
0.095151
0.092682
0.094288
0.093153
0.091809
0.093832
0.093561
0.09753
0.099359
0.093143
0.097436
0.097282
0.097401
0.096286
0.090672
0.092827
0.097285
0.094484
0.096081
0.09789
0.1003
0.097332
0.098764
0.098706
0.097269
0.10015
0.10033
0.1017
0.10629
0.10279
0.10773
0.10363
0.099982
0.10476
0.10858
0.10373
0.10671
0.1033
0.10505
0.1059
0.10647
0.10939
0.10226
0.10665
0.1063
0.10707
0.10545
0.10804
0.1098
0.10663
0.11363
0.11358
0.11329
0.11646
0.11351
0.11329
0.11286
0.11646
0.11489
0.11482
0.117
0.11009
0.11516
0.11814
0.11876
0.12208
0.12403
0.12238
0.12365
0.1224
0.12489
0.127
0.12736
0.12595
0.12487
0.123
0.12216
0.118
0.12052
0.11982
0.11833
0.10987
0.10539
0.10461
0.10033
0.098531
0.096472
0.09008
0.086883
0.084735
0.085313
0.083895
0.089429
0.087365
0.088383
0.089295
0.090267
0.088726
0.088653
0.08919
0.091582
0.090408
0.095656
0.095471
0.095655
0.093328
0.092741
0.091078
0.090999
0.089146
0.084514
0.089583
0.083741
0.080805
0.080302
0.077253
0.080641
0.08023
0.081896
0.079413
0.080388
0.079614
0.082286
0.087416
0.086066
0.086747
0.085771
0.086858
0.086105
0.087501
0.085821
0.086795
0.08986
0.089456
0.088136
0.089217
0.088744
0.086038
0.089569
0.08899
0.086995
0.092883
0.092102
0.094287
0.099099
0.097879
0.1025
0.10516
0.10577
0.11005
0.11157
0.11194
0.11622
0.11633
0.11825
0.1191
0.1243
0.12766
0.12492
0.12735
0.1272
0.12732
0.13134
0.13144
0.12904
0.12825
0.12651
0.12633
0.12076
0.1249
0.12188
0.12091
0.12318
0.12149
0.11583
0.11425
0.11109
0.11162
0.10813
0.10797
0.10619
0.10947
0.10745
0.10325
0.11204
0.10868
0.11217
0.11502
0.11656
0.11575
0.11529
0.11344
0.11307
0.11354
0.11204
0.11874
0.12059
0.11664
0.12062
0.11941
0.11827
0.12059
0.12469
0.12185
0.12084
0.11873
0.12158
0.12302
0.11942
0.12371
0.12311
0.12181
0.12283
0.12073
0.11485
0.11904
0.11683
0.11772
0.10739
0.11302
0.10882
0.10717
0.11118
0.10354
0.10579
0.11327
0.10893
0.11508
0.12042
0.11811
0.12276
0.12168
0.12032
0.11731
0.116
0.11538
0.12283
0.11879
0.11828
0.12257
0.12331
0.12664
0.12419
0.12796
0.12678
0.12381
0.12359
0.12281
0.12508
0.12908
0.12906
0.13081
0.12455
0.13055
0.12749
0.13401
0.1352
0.13764
0.13469
0.13353
0.12856
0.12638
0.13039
0.13464
0.13063
0.12673
0.12837
0.1324
0.13033
0.13276
0.12388
0.12608
0.12875
0.129
0.13072
0.12978
0.1276
0.12943
0.13772
0.13447
0.13696
0.13455
0.13853
0.13961
0.14698
0.14369
0.14227
0.14173
0.14336
0.14417
0.13932
0.13971
0.13945
0.13071
0.11973
0.12068
0.11657
0.11801
0.12022
0.12278
0.12086
0.12352
0.12349
0.12689
0.12602
0.1308
0.1302
0.12673
0.12705
0.13193
0.12878
0.12676
0.13533
0.12664
0.1301
0.13223
0.13284
0.13402
0.13682
0.13352
0.12988
0.13443
0.13645
0.14078
0.13393
0.13844
0.14102
0.13808
0.13862
0.14194
0.14438
0.1472
0.14689
0.1464
0.1439
0.1485
0.15007
0.15031
0.14888
0.15377
0.14917
0.15395
0.15208
0.14962
0.14812
0.1507
0.14873
0.15159
0.15121
0.15649
0.156
0.15182
0.15465
0.15489
0.15416
0.15618
0.15391
0.15546
0.15971
0.15438
0.15853
0.15684
0.15631
0.15706
0.15617
0.15666
0.15445
0.15208
0.15594
0.15527
0.15579
0.15603
0.15626
0.15675
0.1577
0.15582
0.1532
0.15154
0.15838
0.15602
0.15487
0.15789
0.15689
0.15104
0.15758
0.15747
0.15902
0.15498
0.15879
0.15959
0.15294
0.159
0.15143
0.15495
0.15456
0.15804
0.15283
0.15088
0.15299
0.15101
0.1506
0.15225
0.15138
0.14932
0.15022
0.15343
0.15509
0.15423
0.15114
0.15357
0.15633
0.1557
0.15487
0.15378
0.15877
0.15475
0.15463
0.15882
0.15525
0.15763
0.15578
0.15768
0.15338
0.1595
0.1567
0.15636
0.15416
0.15662
0.15399
0.15496
0.15311
0.15767
0.15295
0.15388
0.15292
0.15296
0.15296
0.14464
0.14417
0.14363
0.13986
0.14281
0.14196
0.14382
0.13949
0.142
0.14396
0.13918
0.13517
0.1368
0.13258
0.13539
0.13289
0.13477
0.13158
0.13347
0.12601
0.12405
0.12425
0.12507
0.12597
0.12359
0.12004
0.12781
0.1187
0.12273
0.1149
0.12082
0.11752
0.11635
0.11939
0.11265
0.1183
0.11441
0.11445
0.11184
0.10984
0.10466
0.099283
0.098398
0.10675
0.10506
0.10449
0.10003
0.099827
0.10304
0.097982
0.10207
0.097766
0.092484
0.095134
0.097146
0.1001
0.098609
0.091398
0.098173
0.09242
0.090323
0.090675
0.086292
0.083528
0.076378
0.07022
0.078298
0.08372
0.084807
0.084818
0.079384
0.080189
0.083988
0.087649
0.091679
0.092484
0.096334
0.098937
0.10359
0.10344
0.10662
0.11137
0.1126
0.11533
0.11606
0.11893
0.12742
0.12658
0.13183
0.1347
0.14002
0.14503
0.14543
0.14965
0.14825
0.14983
0.14731
0.14639
0.15179
0.15802
0.16897
0.17853
0.18207
0.18003
0.17878
0.17542
0.17674
0.17917
0.1841
0.18567
0.18423
0.18792
0.18978
0.19127
0.1939
0.19208
0.19229
0.19085
0.19235
0.19796
0.20082
0.20359
0.20608
0.21
0.2116
0.20469
0.21175
0.21684
0.21048
0.21453
0.20789
0.19537
0.18624
0.17618
0.1684
0.15407
0.14954
0.14478
0.14361
0.14232
0.1435
0.14258
0.14425
0.14335
0.14331
0.13402
0.12968
0.12362
0.1255
0.13665
0.14097
0.13411
0.1391
0.15062
0.14534
0.14466
0.15007
0.15479
0.15585
0.16475
0.15886
0.1678
0.16659
0.17541
0.17737
0.17901
0.17897
0.19025
0.18595
0.19221
0.19012
0.19361
0.19933
0.20643
0.20754
0.2085
0.21112
0.21393
0.21068
0.20776
0.21676
0.21417
0.21283
0.21776
0.21748
0.22069
0.22446
0.22857
0.23377
0.22682
0.20276
0.15616
0.11784
0.11119
0.10291
0.084744
0.070468
0.069079
0.079759
0.088629
0.098427
0.10654
0.11611
0.11807
0.12
0.11769
0.10359
0.10007
0.090415
0.08865
0.082182
0.078112
0.061826
0.064808
0.079374
0.09845
0.11932
0.1446
0.14035
0.16012
0.17385
0.17652
0.18067
0.17313
0.14786
0.18686
0.18622
0.19433
0.18976
0.20562
0.19358
0.20747
0.20461
0.20171
0.20969
0.21141
0.21885
0.21352
0.2169
0.22505
0.22526
0.23273
0.2244
0.23235
0.23227
0.23613
0.23583
0.23241
0.24225
0.23963
0.24497
0.24183
0.24482
0.24709
0.24911
0.25387
0.25009
0.25442
0.25547
0.25344
0.25529
0.252
0.25806
0.26266
0.25114
0.25908
0.25018
0.25569
0.25485
0.2609
0.25832
0.26571
0.2566
0.26364
0.26349
0.26665
0.26691
0.26211
0.26159
0.25495
0.25963
0.24952
0.24347
0.25193
0.24891
0.25337
0.22778
0.21587
0.19109
0.1928
0.19914
0.19723
0.20829
0.20649
0.2138
0.22064
0.21592
0.21115
0.21728
0.21858
0.21627
0.21003
0.22422
0.21746
0.21967
0.21299
0.2144
0.21052
