-100
0.70592
0.56721
0.48209
0.44675
0.45688
0.46252
0.48679
0.49457
0.52549
0.4991
0.5021
0.50329
0.48677
0.47766
0.47772
0.50057
0.49602
0.49582
0.4894
0.4755
0.50394
0.5286
0.51296
0.50976
0.51464
0.50357
0.53004
0.551
0.52606
0.53552
0.53678
0.50786
0.58575
0.53988
0.583
0.56641
0.5713
0.55509
0.60135
0.5727
0.56342
0.55873
0.55529
0.56444
0.58242
0.6064
0.59288
0.60713
0.58189
0.6027
0.58692
0.60202
0.59776
0.59068
0.56644
0.58455
0.5866
0.6118
0.57898
0.58878
0.54245
0.57399
0.58125
0.56899
0.55818
0.51653
0.53192
0.50067
0.56413
0.52757
0.5581
0.5642
0.54529
0.54694
0.56615
0.5696
0.53759
0.56641
0.58847
0.61042
0.60151
0.61059
0.59129
0.58384
0.60965
0.63669
0.61581
0.57117
0.55027
0.49302
0.45822
0.44503
0.41176
0.35191
0.30913
0.30102
0.28352
0.3065
0.3413
0.35082
0.32944
0.27701
0.28956
0.26471
0.34333
0.30168
0.29933
0.26824
0.28717
0.26953
0.29262
0.2367
0.21817
0.20309
0.19258
0.16142
0.24456
0.19983
0.1777
0.16481
0.13744
0.13541
0.15809
0.14635
0.11907
0.11142
0.10096
0.12268
0.14027
0.14093
0.1471
0.14316
0.16795
0.16685
0.28283
0.25985
0.23711
0.24366
0.20799
0.24065
0.34445
0.31166
0.31651
0.31053
0.32571
0.32095
0.38306
0.36186
0.29632
0.29708
0.25723
0.22698
0.24799
0.22203
0.22422
0.20863
0.20776
0.19295
0.24084
0.21324
0.1761
0.17476
0.16939
0.1371
0.17756
0.15213
0.1284
0.11933
0.11352
0.090485
0.11485
0.12078
0.13551
0.12058
0.11953
0.10752
0.12765
0.11821
0.11823
0.11234
0.10567
0.096741
0.14974
0.15017
0.13183
0.14358
0.14516
0.12078
0.16182
0.17339
0.15616
0.13061
0.10427
0.097098
0.15582
0.16175
0.18661
0.16876
0.13686
0.15268
0.20051
0.18999
0.20855
0.16369
0.17565
0.12294
0.15386
0.15581
0.14908
0.12783
0.11163
0.11758
0.13289
0.15254
0.14841
0.16348
0.12913
0.12405
0.16371
0.16913
0.16245
0.15028
0.13142
0.13704
0.1106
0.12594
0.086119
0.084279
0.081031
0.090185
0.12863
0.14048
0.11599
0.13353
0.12202
0.12267
0.14902
0.24368
0.30308
0.25039
0.26969
0.26527
0.3264
0.29693
0.26367
0.28722
0.2693
0.25991
0.34061
0.32209
0.31059
0.30821
0.27826
0.33907
0.41208
0.36303
0.39676
0.37937
0.36264
0.392
0.41943
0.41385
0.38938
0.3552
0.36708
0.3073
0.36526
0.3624
0.36494
0.3621
0.36371
0.33871
0.39469
0.39449
0.39328
0.36748
0.35934
0.33226
0.43307
0.39268
0.41239
0.38037
0.36433
0.3735
0.34516
0.34228
0.31048
0.34172
0.27978
0.30799
0.41025
0.40198
0.43184
0.42548
0.41119
0.40913
0.43103
0.43168
0.402
0.4434
0.42384
0.40724
0.45263
0.48852
0.48285
0.47315
0.45079
0.43826
0.48307
0.48197
0.46317
0.44458
0.4693
0.4317
0.49282
0.49365
0.50106
0.48603
0.46105
0.46519
0.46998
0.51024
0.51807
0.469
0.4962
0.55624
0.49505
0.50645
0.45865
0.44141
0.37953
0.33278
0.33118
0.3289
0.29978
0.31222
0.30722
0.31019
0.30279
0.32784
0.29883
0.27432
0.36719
0.34119
0.40236
0.37814
0.39062
0.36905
0.37649
0.32555
0.33749
0.36632
0.28124
0.31145
0.29914
0.32957
0.38478
0.3322
0.34562
0.32809
0.3127
0.27473
0.29885
0.28875
0.28071
0.28369
0.28345
0.28788
0.32273
0.31332
0.31193
0.27528
0.31408
0.27476
0.32806
0.29769
0.34042
0.32652
0.31649
0.30194
0.33677
0.3297
0.33984
0.36045
0.34289
0.30448
0.35359
0.28936
0.32345
0.32647
0.30769
0.31694
0.36832
0.35828
0.34744
0.31241
0.32274
0.31936
0.39983
0.32808
0.32208
0.28693
0.26044
0.24619
0.30263
0.26716
0.26022
0.21282
0.18129
0.19548
0.19888
0.23296
0.22018
0.23527
0.20898
0.2191
0.33827
0.31768
0.2661
0.23091
0.26071
0.26263
0.29323
0.26514
0.22556
0.23925
0.25034
0.23696
0.30529
0.29091
0.28472
0.25524
0.298
0.26666
0.34165
0.309
0.30983
0.32548
0.33828
0.36926
0.47235
0.48165
0.51144
0.54128
0.51276
0.49801
0.48971
0.47624
0.45781
0.47479
0.41972
0.51961
0.48815
0.51965
0.53485
0.51717
0.46809
0.478
0.49496
0.43496
0.4256
0.37222
0.31613
0.28466
0.33042
0.31091
0.33069
0.32045
0.35773
0.36206
0.41891
0.39385
0.41032
0.38089
0.33778
0.32069
0.36107
0.3507
0.33534
0.29851
0.24904
0.30948
0.35188
0.30555
0.29066
0.26231
0.28261
0.26202
0.27153
0.26702
0.2542
0.20628
0.16751
0.20158
0.24385
0.19984
0.20873
0.22662
0.26917
0.31228
0.41035
0.35675
0.37768
0.44414
0.43854
0.37761
0.45422
0.4272
0.40789
0.40718
0.40169
0.45866
0.44399
0.40054
0.35745
0.39284
0.40415
0.38832
0.42024
0.4213
0.34368
0.42567
0.44034
0.42454
0.47877
0.51125
0.51014
0.55376
0.5204
0.49988
0.54947
0.52489
0.49936
0.50776
0.52614
0.54068
0.55541
0.50175
0.45517
0.44782
0.48732
0.49063
0.47279
0.49278
0.512
0.49286
0.49421
0.46784
0.49695
0.46697
0.44626
0.44579
0.48045
0.46362
0.50804
0.475
0.51715
0.49844
0.49705
0.47715
0.51626
0.50435
0.51404
0.51188
0.49531
0.52589
0.53251
0.54577
0.52233
0.54826
0.50071
0.50708
0.53752
0.54809
0.53206
0.53672
0.54722
0.54151
0.56721
0.57102
0.56926
0.59577
0.60933
0.56374
0.59143
0.58315
0.62335
0.60909
0.60212
0.59266
0.54145
0.54317
0.47984
0.50592
0.45483
0.50523
0.53375
0.51881
0.54361
0.50453
0.5045
0.44929
0.43614
0.41779
0.36744
0.29497
0.40087
0.41194
0.47303
0.47771
0.45716
0.43358
0.41684
0.41857
0.43874
0.43663
0.42235
0.41045
0.41447
0.37813
0.44579
0.43156
0.45104
0.43007
0.45482
0.45482
0.52748
0.51953
0.55669
0.51521
0.54601
0.51376
0.45802
0.4747
0.44269
0.44941
0.46203
0.50755
0.51257
0.59622
0.50774
0.54678
0.51821
0.54173
0.53399
0.51681
0.51002
0.52856
0.44332
0.438
0.3822
0.39754
0.3142
0.28314
0.26353
0.25396
0.3087
0.27978
0.25126
0.24367
0.27164
0.23779
0.37085
0.32035
0.32224
0.26351
0.25142
0.20558
0.28312
0.23961
0.20098
0.19059
0.13798
0.17406
0.24177
0.19885
0.22226
0.21405
0.24769
0.25748
0.31839
0.31616
0.25875
0.26879
0.27508
0.31559
0.38181
0.31177
0.33382
0.331
0.35361
0.31988
0.35758
0.32296
0.32652
0.28507
0.28444
0.21563
0.2639
0.17763
0.17996
0.13473
0.14803
0.1477
0.12432
0.10999
0.10931
0.20698
0.16306
0.096869
0.19151
0.1503
0.12925
0.11281
0.10738
0.12225
0.1381
0.12074
0.13327
0.16518
0.18019
0.16645
0.14756
0.14547
0.17225
0.15799
0.15033
0.19614
0.247
0.26341
0.24847
0.22338
0.27173
0.22962
0.32217
0.33629
0.32728
0.28923
0.27084
0.25035
0.27421
0.31676
0.29518
0.29002
0.23565
0.20845
0.30689
0.31639
0.31706
0.29082
0.243
0.23825
0.30107
0.29792
0.26392
0.28915
0.29797
0.29156
0.39929
0.38861
0.35024
0.35957
0.37351
0.35495
0.43259
0.44389
0.43864
0.42743
0.41209
0.42006
0.486
0.46937
0.50262
0.47747
0.49932
0.46277
0.5216
0.50311
0.47526
0.48355
0.51004
0.48862
0.47981
0.50011
0.48166
0.43478
0.3983
0.40939
0.46297
0.46379
0.47261
0.46007
0.50229
0.5078
0.50995
0.52991
0.49185
0.51846
0.49836
0.57157
0.56316
0.5646
0.57934
0.58176
0.53107
0.50694
0.51718
0.48365
0.4846
0.48649
0.51716
0.4673
0.49717
0.43586
0.43415
0.41433
0.40886
0.43946
0.44544
0.39397
0.41714
0.43571
0.34787
0.34966
0.34458
0.34551
0.28537
0.24257
0.22197
0.21678
0.20453
0.16064
0.15235
0.13367
0.13249
0.12105
0.15544
0.13651
0.12775
0.12811
0.1265
0.13363
0.22909
0.21983
0.21809
0.19977
0.21159
0.22463
0.29445
0.31036
0.30778
0.29428
0.32118
0.28279
0.37858
0.38215
0.34977
0.37729
0.38074
0.36186
0.45407
0.4293
0.43657
0.43224
0.42312
0.42488
0.48013
0.46569
0.47595
0.47914
0.48597
0.48656
0.52337
0.50433
0.51235
0.52327
0.52983
0.52721
0.53625
0.53498
0.53796
0.5636
0.56953
0.57953
0.60102
0.60081
0.59395
0.59092
0.58163
0.58339
0.57472
0.51454
0.52039
0.32157
0.26047
0.25034
0.29061
0.26947
0.20307
0.25248
0.40412
0.51344
0.58828
0.62726
0.60294
0.54768
0.52491
0.47971
0.36888
0.3122
0.43237
0.43667
0.35167
0.13651
0.12934
0.17884
0.2201
0.20301
0.17013
0.25921
0.43731
0.52275
0.59472
0.63637
0.6067
0.62948
0.60054
0.52758
0.42887
0.32164
0.35767
0.32515
0.39222
0.46744
0.51855
0.57416
0.59958
0.64715
0.73124
0.72278
0.74009
0.72389
0.75292
