1.00
1.11
1.02
1.11
1.10
1.06
1.05
1.05
1.03
0.96
0.89
0.86
0.91
0.86
0.89
0.89
0.89
0.90
0.87
0.90
0.90
1.02
0.97
0.97
0.97
0.95
1.04
0.98
0.99
0.99
1.05
0.96
1.01
0.97
0.98
0.99
0.96
0.94
0.96
0.98
0.98
1.00
0.96
0.94
0.90
0.81
0.84
0.85
0.84
0.84
0.83
0.81
0.85
0.76
0.81
0.81
0.83
0.88
0.88
0.92
0.92
0.98
0.96
0.99
0.99
0.97
0.98
0.94
0.94
0.90
0.88
0.86
0.76
0.70
0.60
0.56
0.52
0.49
0.51
0.54
0.58
0.77
0.73
0.72
0.70
0.70
0.68
0.68
0.70
0.68
0.64
0.65
0.65
0.68
0.70
0.69
0.68
0.67
0.63
0.63
0.67
0.78
0.82
0.83
0.84
0.83
0.79
0.86
0.88
0.86
0.86
0.83
0.85
0.80
0.82
0.81
0.79
0.80
0.80
0.81
0.79
0.96
0.92
0.94
0.78
0.80
0.84
0.90
0.98
1.09
1.13
1.19
1.20
1.19
1.23
1.23
1.28
1.28
1.31
1.23
1.30
1.27
1.30
1.26
1.29
1.27
1.23
1.16
1.11
1.15
1.14
1.27
1.27
1.23
1.15
1.16
1.13
1.10
1.04
1.04
1.02
0.91
0.86
0.88
0.88
0.92
0.99
0.98
1.06
1.09
1.11
1.13
1.12
1.12
1.12
1.15
1.12
1.12
1.14
1.10
1.15
1.18
1.22
1.18
1.20
1.13
1.13
1.07
1.14
1.12
1.02
1.04
0.99
1.05
1.02
1.05
1.02
1.01
1.02
0.99
0.98
1.03
0.96
0.96
0.92
0.88
0.83
0.80
0.77
0.77
0.75
0.75
0.79
0.73
0.73
0.73
0.78
0.78
0.75
0.81
0.84
0.93
0.90
0.82
0.75
0.67
0.70
0.82
0.82
0.77
0.85
0.83
0.73
0.82
0.81
0.83
0.83
0.90
0.88
0.87
0.93
1.10
1.06
1.07
1.07
1.06
1.04
1.00
1.03
1.01
1.01
0.97
0.99
0.99
0.95
0.93
0.93
0.88
0.98
1.06
1.05
1.14
1.08
1.11
1.06
1.10
1.13
1.11
1.11
1.10
1.04
0.99
0.97
0.94
1.00
0.99
1.02
1.06
1.02
1.00
0.94
1.04
1.03
0.85
0.86
0.78
0.79
0.83
0.77
0.72
0.70
0.73
0.71
0.71
0.73
0.69
0.71
0.72
0.76
0.83
0.79
0.92
0.93
0.94
1.04
1.05
1.08
1.13
1.08
0.97
1.05
1.13
1.06
1.08
1.01
0.95
0.87
0.88
0.80
0.79
0.79
0.82
0.83
0.85
0.87
0.79
0.85
0.77
0.82
0.81
0.80
0.83
0.76
0.60
0.46
0.49
0.60
0.53
0.54
0.44
0.44
0.60
0.68
0.60
0.62
0.62
0.59
0.50
0.62
0.74
0.87
0.85
0.90
1.13
1.16
1.31
1.41
1.40
1.37
1.40
1.37
1.31
1.24
1.25
1.23
1.24
1.26
1.29
1.30
1.22
1.25
1.22
1.24
1.24
1.19
1.24
1.28
1.25
1.23
1.31
1.38
1.22
1.22
1.27
1.23
1.18
1.17
1.13
1.00
0.91
0.77
0.92
0.98
1.00
0.99
1.00
1.00
0.94
0.97
0.97
1.00
1.00
1.03
1.08
1.07
1.02
1.00
1.16
1.19
1.18
1.19
1.20
1.17
1.19
1.21
1.17
1.20
1.19
1.27
1.30
1.25
1.23
1.19
1.21
1.18
1.18
1.17
1.18
1.21
1.22
1.20
1.20
1.20
1.22
1.23
1.25
1.23
1.28
1.26
1.24
1.19
1.13
1.10
1.23
1.22
1.22
1.24
1.16
1.03
1.03
0.98
0.98
0.95
0.97
0.93
0.96
0.94
0.98
1.00
1.03
1.00
0.91
0.95
0.95
0.91
0.80
0.81
0.79
0.87
0.90
0.88
0.84
0.84
0.97
0.99
1.05
1.07
1.07
1.05
1.07
1.06
1.14
1.11
1.12
1.14
1.14
1.19
1.13
1.05
0.94
0.60
0.41
0.48
0.53
0.58
0.62
0.73
0.67
0.73
0.69
0.73
0.73
0.76
0.72
0.78
0.70
0.74
0.73
0.64
0.54
0.55
0.50
0.54
0.51
0.57
0.58
0.56
0.57
0.56
0.51
0.51
0.76
0.84
0.90
0.85
0.75
0.74
0.70
0.63
0.60
0.71
0.71
0.65
0.79
0.69
0.76
0.74
0.69
0.69
0.71
0.62
0.91
0.90
0.86
0.83
0.90
0.83
0.83
0.75
0.86
0.83
0.83
0.82
0.78
0.80
0.73
0.77
0.70
0.72
0.73
0.74
0.95
0.93
0.92
0.91
0.95
0.96
0.89
0.95
0.97
0.95
0.96
0.92
0.98
0.91
0.97
0.93
0.99
0.99
0.95
1.00
1.05
1.05
1.04
1.10
1.05
1.09
1.09
1.06
1.09
1.12
1.14
1.18
1.15
1.13
1.11
1.11
0.97
1.06
1.00
0.88
0.84
0.71
0.73
0.72
0.73
0.72
0.56
0.43
0.58
0.74
0.80
0.75
0.91
0.85
0.81
0.79
0.89
0.83
0.80
0.78
0.91
0.81
0.83
0.82
0.82
0.82
0.80
0.87
0.84
0.83
0.88
0.89
0.86
0.92
0.90
0.94
0.88
0.90
0.87
0.89
1.02
0.97
0.95
0.95
0.93
0.94
0.95
0.87
0.91
0.89
0.90
0.88
0.89
0.88
0.86
0.86
0.87
0.92
0.95
1.04
1.14
1.08
1.01
0.95
0.99
1.05
1.05
1.09
1.12
1.07
1.04
1.00
1.02
1.01
0.96
1.04
1.04
0.96
1.03
0.99
0.97
1.00
1.03
1.05
1.13
1.13
1.11
1.07
1.08
1.06
1.04
0.99
1.04
0.99
1.01
1.02
0.95
1.00
1.00
1.01
0.98
0.98
0.96
0.95
0.90
0.86
0.92
0.84
0.93
1.02
0.94
0.89
0.99
0.87
1.04
1.05
1.07
1.00
0.96
0.91
0.97
0.92
0.93
0.90
0.76
0.75
0.72
0.61
0.45
0.58
0.54
0.62
0.64
0.61
0.45
0.37
0.40
0.48
0.53
0.52
0.61
0.59
0.61
0.56
0.58
0.57
0.60
0.60
0.72
0.85
0.71
0.69
0.83
0.91
0.89
1.00
0.99
0.92
0.96
0.89
1.08
1.09
1.04
1.05
0.98
0.98
1.01
0.98
0.95
0.96
0.95
0.99
1.06
1.02
1.04
0.96
0.99
1.09
1.17
1.09
1.18
1.14
1.13
1.12
1.13
1.09
1.15
1.15
1.13
1.12
1.16
1.16
1.14
1.09
1.14
1.14
1.14
1.19
1.16
1.14
1.12
1.24
1.28
1.27
1.22
1.17
1.10
1.09
0.99
1.05
1.02
1.12
0.98
0.91
0.82
0.96
1.19
1.28
1.30
1.22
1.08
1.06
1.03
1.00
0.94
0.90
0.91
1.05
1.04
1.01
1.06
1.15
1.22
1.25
1.27
1.24
1.29
1.27
1.26
1.33
1.29
1.26
1.28
1.17
1.19
1.19
1.22
1.24
1.15
1.16
1.17
1.17
1.08
1.12
1.12
1.10
1.10
1.00
1.02
1.07
0.99
1.05
1.11
1.08
1.10
1.15
1.08
0.97
1.01
0.96
0.93
0.91
0.95
0.93
0.87
0.75
0.79
0.74
0.76
0.72
0.79
0.90
0.98
0.99
0.93
0.99
1.07
1.06
1.11
1.09
1.12
1.11
1.02
1.11
1.10
1.11
1.08
1.13
1.01
0.92
0.91
0.82
0.96
0.89
0.98
0.97
0.94
0.89
0.85
0.69
0.61
0.65
0.59
0.65
0.60
0.54
0.53
0.57
0.55
0.54
0.72
0.73
0.75
0.78
0.79
0.78
0.78
0.79
0.79
0.81
0.63
0.57
0.43
0.37
0.26
0.15
0.09
0.15
0.19
0.19
0.21
0.28
0.53
0.57
0.51
0.53
0.54
0.50
0.41
0.63
0.79
0.87
0.96
1.01
0.98
1.02
0.99
1.00
0.98
0.95
1.13
1.10
1.09
1.12
1.14
1.09
1.13
1.11
1.10
1.12
1.08
1.10
1.06
1.06
1.10
1.08
1.08
1.07
1.05
1.09
1.09
1.11
1.10
1.11
1.13
1.08
1.11
1.10
1.10
1.09
1.12
1.07
1.09
1.09
1.08
1.10
1.09
1.10
1.03
0.97
