799.000000,712.800000,370.000000,233.100000
799.164795,712.722412,370.841705,233.630280
796.762939,711.520081,368.943024,232.434113
796.332397,710.684448,369.725769,232.927231
798.449158,712.244873,370.165070,233.203995
799.055115,712.520691,370.450409,233.383743
799.732788,712.798218,369.955017,233.071655
799.210205,712.797546,370.846344,233.633209
796.975586,711.464966,369.046661,232.499405
795.668640,710.565796,369.557648,232.821320
797.975220,711.648682,369.993530,233.095917
798.524475,712.466797,370.075836,233.147766
798.976929,712.620239,370.344757,233.317200
799.662598,712.923706,370.006683,233.104202
799.151978,712.855957,370.958771,233.704025
796.822754,711.479309,369.587311,232.840012
798.597290,712.349670,369.723785,232.925980
799.459961,712.309143,369.944946,233.065323
799.337769,712.681580,370.298157,233.287842
800.278015,712.800720,369.854706,233.008469
799.373413,712.856873,370.131775,233.183029
798.790161,712.494873,371.505890,234.048721
796.741394,711.591797,369.114288,232.541992
796.508240,710.821411,369.451050,232.754150
798.464355,712.412964,370.026642,233.116791
798.903198,712.469971,370.637543,233.501648
799.913147,712.960754,369.584015,232.837936
799.206055,712.744263,369.999969,233.099991
799.326111,712.842651,370.170013,233.207108
799.367371,712.746582,370.438721,233.376389
799.981323,713.046387,369.582428,232.836929
799.018555,712.750183,371.432404,234.002411
796.109497,711.294861,369.982758,233.089142
798.153259,712.215576,370.245270,233.254517
798.904419,712.673462,370.082336,233.151871
799.068665,712.616089,370.294556,233.285568
798.454895,712.648438,371.784058,234.223953
796.694031,711.666443,369.248810,232.626755
798.430054,712.449341,369.793304,232.969788
799.377563,712.343384,370.340820,233.314713
799.514709,712.966858,369.565887,232.826523
799.065674,712.847900,369.883301,233.026489
798.728760,712.830017,370.273926,233.272568
797.372986,712.675598,370.840668,233.629623
795.119629,711.925903,368.193024,231.961609
793.994934,711.015869,368.656036,232.253296
793.363220,710.931335,368.983551,232.459641
792.825806,711.319641,367.960022,231.814804
792.823120,711.378662,368.077972,231.889130
792.712036,711.435547,367.845581,231.742706
792.538391,711.291260,368.281860,232.017578
792.907593,711.463623,367.858398,231.750793
793.309875,711.270874,367.955475,231.811951
793.373047,710.495667,369.860962,233.012405
795.703918,709.959534,372.176361,234.471100
796.503296,705.871643,373.482422,235.293930
797.157593,699.906250,376.297302,237.067307
800.439819,692.541809,377.114197,237.581940
803.888489,682.084839,373.458832,235.279068
810.215210,679.207214,373.030701,235.009354
815.463257,674.463684,372.088959,234.416046
819.013428,668.156494,371.586670,234.099609
827.266846,665.189331,369.130249,232.552063
832.074890,661.640381,372.595947,234.735443
841.792480,660.287964,374.474823,235.919128
844.677063,657.306580,375.202240,236.377411
853.002441,656.634155,376.044250,236.907867
856.440186,655.086304,377.824707,238.029572
860.079712,651.573120,377.517609,237.836090
866.815002,649.277893,376.806000,237.387787
873.257324,647.215942,376.930481,237.466202
879.478394,645.573242,376.457825,237.168427
889.505859,646.075378,377.219757,237.648438
891.160095,642.718689,379.682007,239.199661
899.122070,641.914551,378.753479,238.614685
907.087769,641.552124,381.965271,240.638123
911.696777,641.616333,381.466095,240.323639
916.468750,640.901001,381.625183,240.423874
920.983704,639.844727,381.726227,240.487534
924.977417,638.904907,382.040588,240.685577
929.016724,637.781433,382.274384,240.832855
932.809204,636.531250,381.713379,240.479431
937.029541,634.482117,383.154480,241.387329
940.812195,632.041443,379.611237,239.155075
946.087341,629.512939,378.867584,238.686584
952.540161,626.877319,380.449402,239.683121
953.580505,621.459351,380.515503,239.724762
956.565979,618.132263,381.015259,240.039597
961.287964,616.153503,379.631165,239.167633
963.309204,614.239929,379.319519,238.971298
968.611572,614.156738,380.272491,239.571671
969.559021,612.300781,379.382477,239.010956
974.659180,613.610168,378.320343,238.341812
979.018433,614.565002,376.511749,237.202408
982.992859,615.998047,374.995209,236.246979
982.394775,614.185913,375.490723,236.559158
987.563049,615.411194,375.204010,236.378525
987.217102,615.613281,375.032379,236.270401
983.289368,613.475525,373.876373,235.542114
982.989929,613.958862,372.546783,234.704468
987.028320,615.500366,372.959045,234.964203
986.321716,615.694580,374.031891,235.640091
985.252930,614.772095,372.226807,234.502884
988.311646,615.648804,371.006775,233.734253
987.579285,613.043091,370.080658,233.150818
992.141724,612.934143,371.043518,233.757416
990.981689,609.988892,369.286194,232.650299
995.255371,609.994385,370.634949,233.500015
996.418884,609.308533,367.724762,231.666595
994.407104,604.900391,367.897186,231.775223
996.253052,603.227051,367.098877,231.272293
999.553406,603.340332,367.770630,231.695496
997.709229,600.933289,365.130646,230.032318
998.367126,599.499695,363.730621,229.150284
1000.588196,600.481140,364.608551,229.703400
999.487244,599.537476,367.297974,231.397720
998.757324,598.291138,369.945068,233.065399
999.636108,597.111389,370.794373,233.600449
1000.586670,593.784302,366.767883,231.063751
1002.029663,593.883667,367.469543,231.505814
1002.145752,593.606689,365.674103,230.374680
998.022644,590.337036,364.553833,229.668915
999.242981,591.071472,364.324799,229.524628
998.887451,590.060242,363.634247,229.089584
997.403931,588.153687,363.545380,229.033585
996.182068,585.879578,364.015289,229.329636
997.353760,585.908325,363.559021,229.042175
994.662720,585.273010,364.598389,229.696976
994.544983,583.966187,365.086823,230.004700
995.160767,580.565308,364.883575,229.876648
995.272461,580.161011,364.865662,229.865372
994.534180,579.039978,364.364502,229.549637
995.629395,580.937866,365.579346,230.315002
994.596985,578.561768,363.287262,228.870972
995.209900,579.170044,365.534790,230.286911
994.553406,574.845886,365.391205,230.196457
993.705750,574.735352,363.140472,228.778488
994.986206,572.684082,361.886658,227.988586
993.964355,571.774353,361.648865,227.838791
996.630310,573.689514,360.851654,227.336548
996.961426,572.050232,360.293701,226.985031
996.864014,570.899414,359.089874,226.226624
993.546448,567.474243,358.902710,226.108704
992.230103,566.108826,358.644470,225.946014
995.644043,568.929871,356.581726,224.646484
992.751465,565.914368,355.974426,224.263901
990.694275,564.130371,355.342438,223.865738
995.277771,567.410217,353.500397,222.705246
995.556641,565.855835,349.028870,219.888184
1000.719116,568.819519,348.463074,219.531723
1000.766418,568.162537,345.294830,217.535751
999.531189,566.563965,343.527710,216.422455
1003.395569,566.630859,340.702057,214.642288
1002.581970,567.051575,339.761139,214.049515
1001.741333,566.374023,340.120819,214.276108
1003.209106,567.115967,336.687012,212.112808
1000.743225,564.476562,336.877808,212.233017
1000.649048,564.326416,334.851532,210.956467
999.079407,562.588013,334.758453,210.897812
997.926819,561.011353,332.888092,209.719498
996.200439,558.044983,331.433563,208.803146
997.397339,558.269104,329.272400,207.441620
995.180908,555.662537,326.879608,205.934158
992.458923,555.090210,327.432953,206.282761
995.759644,558.068481,327.477600,206.310898
991.844666,557.903442,327.175690,206.120697
994.328125,560.666626,326.954620,205.981415
994.491272,561.306152,327.230377,206.155136
1002.733276,562.125183,323.737305,203.954498
1007.851013,563.578796,320.562653,201.954468
1005.799316,564.694824,320.012451,201.607834
996.261963,562.986267,317.772491,200.196671
1004.217346,564.672607,316.611420,199.465195
998.201355,563.304688,315.184418,198.566177
1007.009094,565.794861,312.099213,196.622513
1008.258484,568.543396,313.724274,197.646286
1005.214172,571.349243,311.402740,196.183716
1000.361145,567.348877,310.391724,195.546783
1003.808289,568.930298,310.157593,195.399292
1012.438354,574.642517,309.259796,194.833664
1012.831909,568.851135,309.522766,194.999344
1016.980469,572.513489,308.379456,194.279053
1019.757324,572.452820,310.148712,195.393692
1014.172485,570.713318,312.738586,197.025299
1011.971375,570.494812,313.860229,197.731934
1007.298096,567.391052,312.185089,196.676605
1013.214905,568.962524,311.198578,196.055099
1010.420349,568.219666,311.078491,195.979462
1008.321777,567.890747,310.843536,195.831436
1005.283569,568.127502,310.073181,195.346115
1006.639282,568.730347,309.972931,195.282944
1007.329651,569.317139,310.592438,195.673233
1003.155945,569.379395,313.392914,197.437546
1003.751465,567.245361,311.948486,196.527542
1002.721313,567.368530,311.236786,196.079163
1001.965515,566.725281,312.385834,196.803085
1002.133789,568.017456,312.348846,196.779770
1005.940735,567.536133,312.917816,197.138229
1006.268311,567.777466,314.200165,197.946106
1002.540955,565.866882,315.441071,198.727859
1005.589905,566.946289,315.824341,198.969330
1005.485046,563.832214,316.331451,199.288803
1005.288574,562.881531,315.989319,199.073273
1005.578125,562.655945,315.235809,198.598557
1007.410095,563.866638,314.620270,198.210770
1008.592468,562.548828,315.798737,198.953217
1005.941650,560.438904,316.071075,199.124771
1002.880981,560.012878,315.811462,198.961212
1003.473022,558.996948,316.401062,199.332672
1005.012512,559.786316,316.070709,199.124542
1004.660400,559.182373,314.630676,198.217316
1006.311890,561.646606,315.570984,198.809708
1005.462708,559.146790,316.907074,199.651443
1007.917908,560.743652,316.026276,199.096558
1006.266113,559.544189,316.714539,199.530167
1007.817993,558.406128,314.916992,198.397705
1008.151489,559.560669,316.287659,199.261215
1007.065369,558.089355,315.606110,198.831848
1007.332275,559.105225,315.021179,198.463348
1010.173950,559.397278,313.869904,197.738037
1008.270935,556.315369,315.470367,198.746338
1009.241089,558.162170,314.906311,198.390991
1006.896729,558.977966,315.428253,198.719803
1006.602966,557.320862,316.322662,199.283279
1001.245972,555.930786,316.636902,199.481247
1004.659546,556.144104,316.439392,199.356827
1004.795837,555.628540,315.845367,198.982590
1004.279236,555.273560,315.097290,198.511307
1004.957397,558.565796,315.486755,198.756653
1004.374023,558.424072,313.992218,197.815094
1005.985840,556.596741,311.594696,196.304657
1007.472412,554.015259,310.959961,195.904785
1007.856201,553.656982,310.588898,195.670990
1009.191162,553.373596,308.535187,194.377167
1009.706299,550.432617,305.775177,192.638367
1006.689148,556.180847,307.537689,193.748749
1006.384766,556.076782,305.514099,192.473877
1010.182983,555.328735,304.848633,192.054642
1009.027832,553.315430,303.688904,191.324005
1008.036194,553.278442,305.926178,192.733505
1006.491150,556.485107,309.324127,194.874207
1006.854309,553.914795,308.621429,194.431503
1007.828552,555.990845,309.169800,194.776978
1006.197754,558.399963,308.247253,194.195770
1010.048096,559.988220,311.678253,196.357285
1005.884460,559.328186,315.210846,198.582840
1007.505005,561.081116,318.749573,200.812241
1005.019409,560.556213,319.451965,201.254730
1005.453369,562.401367,322.430237,203.131058
1004.799133,562.626831,324.557953,204.471512
1003.196106,561.709167,324.836823,204.647202
1006.207825,563.709839,328.179352,206.752991
1005.961792,562.680542,329.880127,207.824478
1000.813538,562.002441,330.264984,208.066940
998.570923,560.834839,332.171814,209.268250
1000.876282,560.452942,332.615601,209.547821
1000.007629,558.902710,333.308929,209.984634
1000.804321,557.057434,330.952820,208.500275
1005.556885,556.236877,329.529572,207.603622
1003.708679,556.555908,328.271332,206.810944
1002.850342,558.132568,331.314209,208.727951
1002.254578,557.402527,332.271851,209.331268
1001.263794,555.545227,330.657288,208.314087
1002.178467,557.295410,333.311523,209.986252
999.804260,554.249512,332.856079,209.699326
1000.786743,554.685120,332.295654,209.346268
1003.948242,555.201172,327.747314,206.480820
1001.142212,557.250549,331.544128,208.872787
1001.564941,556.137512,332.294250,209.345383
998.944458,551.779114,330.475800,208.199753
1000.078064,552.001282,330.713043,208.349228
1002.074158,552.775146,329.800140,207.774094
1000.093628,548.297852,328.848846,207.174774
1002.245605,550.524170,327.743439,206.478378
1000.747314,550.481506,328.884003,207.196915
1002.022278,550.327759,330.548248,208.245392
998.314453,548.033325,330.628723,208.296082
1000.195801,548.357666,331.702087,208.972321
1002.842651,552.114807,331.149475,208.624176
1001.995483,550.557251,331.149475,208.624176
1001.995483,550.557251,331.149475,208.624176
997.818481,551.581665,331.149475,208.624176
997.818481,551.581665,331.149475,208.624176
995.828247,550.943298,331.149475,208.624176
995.828247,550.943298,331.149475,208.624176
1002.813599,552.672119,331.149475,208.624176
1002.813599,552.672119,331.149475,208.624176
1000.878296,551.706909,331.149475,208.624176
1000.878296,551.706909,331.149475,208.624176
1001.615967,550.539001,328.889160,207.200165
1002.100708,551.649109,330.256622,208.061676
997.790161,547.665161,329.104553,207.335876
1001.066650,552.608398,328.407288,206.896591
1004.544556,553.089233,327.883789,206.566788
1006.007446,554.220764,326.713318,205.829391
1003.837219,552.654968,325.818024,205.265350
1006.151672,555.427490,325.432281,205.022324
1005.810791,554.350098,324.319550,204.321320
1004.319824,552.466797,324.239807,204.271072
1004.686768,550.742554,323.555420,203.839905
1003.731750,551.065918,322.386627,203.103577
1007.712524,556.151306,320.921112,202.180298
1004.891846,552.917236,320.737976,202.064926
1006.237732,552.600769,319.079681,201.020187
1011.901001,552.093140,315.453552,198.735733
1010.444397,552.451782,313.825073,197.709793
1011.281067,551.709839,311.559723,196.282623
1010.654846,556.277283,310.672241,195.723511
1014.005188,560.154602,308.469391,194.335709
1012.817749,560.067871,306.983093,193.399353
1013.914673,560.275574,305.309082,192.344727
1015.745972,563.535522,305.044220,192.177856
1014.051147,568.511108,304.615723,191.907913
1013.666992,565.432129,304.362854,191.748611
1015.082947,564.900696,305.345367,192.367584
1016.686279,568.982666,306.230743,192.925369
1011.711792,569.218933,306.625183,193.173859
1010.439331,567.511047,307.041443,193.436111
1010.869141,566.139709,306.791687,193.278778
1011.228271,567.863708,305.937805,192.740814
1013.089539,572.368408,304.074341,191.566833
1013.975098,571.077759,302.724396,190.716370
1014.996704,572.058167,302.702362,190.702499
1013.132690,572.465271,302.461151,190.550537
1012.392212,573.549500,302.328064,190.466675
1010.950928,570.512207,303.742432,191.357727
1010.424683,569.373535,306.034607,192.801788
1010.962280,570.498169,306.941193,193.372955
1008.040039,567.808594,307.973602,194.023376
1008.439331,567.751770,309.320496,194.871918
1006.453979,565.589417,309.157959,194.769516
1009.637451,564.893494,309.279816,194.846268
1009.769409,566.994385,309.263611,194.836075
1008.899658,568.471558,310.637878,195.701859
1010.668945,568.317078,312.666077,196.979614
1009.635742,567.923218,313.451477,197.474426
1006.287842,566.188293,313.954407,197.791290
1006.029663,565.383606,313.102570,197.254623
1007.256470,567.608398,315.284668,198.629349
1007.985535,567.356873,315.406128,198.705856
1007.791626,567.622986,317.216553,199.846420
1006.514404,567.581604,315.851288,198.986313
1004.646851,569.043213,317.467010,200.004211
1005.050537,569.267273,316.592102,199.453033
1003.761108,570.358826,316.258087,199.242599
1003.870056,569.442261,316.430542,199.351242
1003.827576,569.413757,316.077240,199.128662
1004.948486,570.424072,314.794647,198.320618
1004.937500,572.931091,319.674805,201.395126
1006.092896,571.465027,315.532410,198.785416
1008.884583,574.432434,313.644867,197.596268
1005.884033,574.524536,314.978027,198.436157
1007.583923,574.836975,316.181030,199.194061
1007.741089,572.380615,314.554749,198.169495
1009.250000,573.815613,314.136169,197.905792
1008.803467,573.449341,314.027588,197.837387
1008.835815,574.251709,313.665070,197.608994
1009.296631,576.207520,315.457336,198.738129
1015.383362,575.972717,314.311676,198.016342
1011.773071,575.459534,313.247040,197.345627
1016.200623,574.446472,312.225952,196.702347
1020.977295,578.633850,311.919159,196.509079
1018.370483,575.797729,313.386475,197.433472
1019.317810,575.622070,315.652954,198.861359
1018.507935,573.058777,314.039581,197.844940
1022.763306,573.859619,312.059784,196.597656
1027.400635,576.579346,311.307434,196.123672
1024.500366,574.348633,310.202484,195.427567
1026.574219,575.526733,311.441162,196.207932
1023.799988,572.174194,312.391998,196.806961
1025.317261,576.061401,314.529053,198.153305
1028.726685,575.232178,313.612305,197.575760
1023.662109,569.914734,316.411072,199.338974
1025.832275,568.833679,317.716644,200.161484
1022.922302,567.708252,321.014069,202.238876
1020.129395,564.630798,321.856445,202.769562
1026.417358,562.991577,320.759216,202.078308
1019.638489,562.027954,324.115387,204.192688
1022.843384,559.397522,325.159424,204.850449
1025.835693,561.939270,324.951752,204.719604
1024.432251,563.079590,326.307617,205.573792
1024.331665,559.560852,326.156738,205.478729
1019.439697,560.418457,327.065460,206.051239
1020.631958,558.514282,326.696259,205.818649
1015.438904,557.350525,327.038208,206.034073
1011.529846,558.250366,328.495972,206.952454
1012.337769,559.997498,329.353729,207.492844
1006.125854,557.041565,329.472870,207.567917
1008.263184,556.905518,329.618164,207.659454
1007.721069,556.204285,328.842499,207.170776
1012.408325,559.843750,328.403076,206.893936
1010.875183,561.598267,328.836090,207.166733
1013.551208,563.980225,328.334137,206.850510
1015.703186,564.346741,328.162476,206.742355
1017.361816,566.862488,327.039764,206.035065
1016.689941,565.859985,327.258575,206.172897
1015.839600,565.927734,327.603485,206.390182
1021.381653,567.133545,327.311676,206.206360
1018.075806,567.465393,327.147186,206.102737
1021.003418,568.955261,327.604980,206.391129
1021.884766,572.879211,328.440491,206.917496
1020.821045,574.208252,328.306610,206.833160
1021.537720,573.619324,328.101837,206.704147
1020.720825,574.102844,327.763397,206.490936
1021.596802,575.099121,326.634216,205.779556
1017.507141,572.977722,326.692505,205.816284
1020.497253,573.348145,325.181061,204.864075
1018.701660,575.316956,324.790039,204.617722
1018.827515,574.482056,325.055908,204.785217
1019.362061,576.652649,324.533936,204.456375
1013.656799,575.467712,326.744263,205.848892
1015.216736,578.259399,326.420074,205.644638
1015.972656,576.679504,328.121368,206.716461
1019.962463,580.729614,326.346832,205.598511
1017.545166,576.311829,327.413757,206.270660
1015.913330,571.908081,327.985352,206.630768
1017.230652,574.508362,327.357300,206.235107
1016.429504,571.303284,326.698120,205.819824
1013.804077,569.049988,327.345673,206.227783
1012.726624,566.977051,327.482300,206.313843
1012.782898,565.733337,326.760132,205.858887
1010.228516,564.845459,325.904999,205.320160
1009.584778,565.258301,326.243561,205.533447
1009.176575,562.373535,325.593384,205.123840
1010.701660,564.157593,326.990204,206.003830
1006.568359,561.370667,330.903320,208.469086
1004.922546,561.076233,335.112396,211.120819
999.995117,558.924988,334.405487,210.675461
998.759766,560.945984,335.880371,211.604630
993.287476,561.446533,337.032715,212.330597
993.147217,563.560791,338.741425,213.407089
985.114441,561.874695,342.082153,215.511765
978.646912,562.863892,346.197906,218.104675
975.674072,569.893188,345.925842,217.933289
969.203613,575.038330,345.000275,217.350159
959.303345,577.917603,343.477234,216.390656
954.006348,584.081421,343.555603,216.440018
944.202148,587.881958,344.967987,217.329834
933.378052,587.520203,344.117249,216.793854
925.862122,588.908630,345.769135,217.834564
918.232849,591.981201,347.841644,219.140228
909.205505,594.122803,348.465485,219.533264
903.929077,596.671936,349.730438,220.330185
893.928711,598.633667,351.643036,221.535110
885.154602,599.683228,354.809692,223.530106
874.987183,600.546143,356.176697,224.391327
864.154724,596.960205,357.624115,225.303192
855.467896,599.346069,358.888916,226.100021
841.565186,596.078430,359.447540,226.451950
831.637573,596.664185,359.798523,226.673080
822.828735,598.816467,359.294373,226.355453
814.544861,600.621399,360.797943,227.302704
809.858948,602.917664,365.234497,230.097733
798.509399,601.885193,367.264801,231.376816
793.596252,605.120544,370.573242,233.461151
786.178345,606.085144,370.898834,233.666260
779.302368,603.892517,369.405182,232.725250
773.614624,603.759644,374.165833,235.724472
769.317749,599.736084,371.551056,234.077164
762.622375,598.622620,370.181976,233.214645
756.515686,598.681152,372.520416,234.687866
749.897339,595.796143,374.556946,235.970871
742.015625,593.782715,373.184204,235.106049
738.215088,595.051025,373.169586,235.096832
731.144165,593.618530,373.803986,235.496506
722.967957,592.331482,371.785400,234.224808
713.799561,588.473083,373.234894,235.137970
707.327271,588.213745,375.866852,236.796127
701.775208,586.114014,374.348969,235.839844
691.279663,583.603210,375.062347,236.289291
683.280701,583.445923,376.517242,237.205872
675.598755,585.233276,377.771332,237.995941
665.258057,581.620361,376.627960,237.275620
655.436279,579.629761,378.186890,238.257751
648.102417,578.987793,381.162384,240.132294
639.343384,578.656982,383.488647,241.597855
633.077759,576.713074,380.883636,239.956696
624.331970,577.124695,381.124847,240.108658
619.681030,579.486755,383.507599,241.609787
611.188293,576.732544,383.945526,241.885681
601.959595,576.220337,383.086609,241.344559
594.447388,576.299500,382.503143,240.976974
591.613403,578.678223,384.350342,242.140717
579.924438,576.075378,385.614105,242.936890
573.681946,573.693176,385.369659,242.782883
565.743774,572.582092,385.721649,243.004639
559.430664,571.699280,386.940674,243.772629
555.308411,572.125061,388.815796,244.953949
547.591553,568.455688,387.853638,244.347794
543.115601,567.929321,388.413635,244.700592
537.589661,567.374084,389.831696,245.593979
535.551880,567.897156,392.645752,247.366821
530.560974,565.017090,390.075897,245.747818
526.431519,565.002686,395.982147,249.468750
522.979248,561.892334,390.342133,245.915543
519.643066,561.712952,394.429626,248.490677
514.474121,561.591431,394.509735,248.541138
511.115356,561.832031,394.614288,248.606995
506.695099,563.244263,395.559631,249.202576
500.738342,559.581726,393.323944,247.794083
494.742157,559.224792,392.287659,247.141235
484.235199,554.922546,389.847839,245.604141
478.511810,558.619385,392.050720,246.991959
472.562988,555.429199,389.427612,245.339386
464.172791,552.453247,389.091797,245.127838
458.305450,552.298645,389.929382,245.655518
453.579132,553.095215,390.140320,245.788391
448.850098,551.161011,390.244354,245.853943
443.017700,549.235474,390.441742,245.978302
438.717377,548.288208,390.774109,246.187698
435.487122,548.076477,389.798096,245.572800
431.637054,543.793823,390.721497,246.154541
429.244873,545.469421,391.590576,246.702057
421.710205,540.668030,390.391693,245.946777
418.609375,546.865784,390.869537,246.247818
417.337402,546.984253,389.930298,245.656082
412.929993,546.398438,390.069183,245.743591
407.969910,543.998535,390.453827,245.985901
405.496338,545.758606,390.297577,245.887482
398.879211,545.142883,389.706696,245.515213
395.925110,543.425171,389.535187,245.407181
389.438477,539.093628,388.082275,244.491821
387.182465,537.675476,386.913879,243.755737
386.275208,539.574097,387.357697,244.035339
383.385437,538.737183,387.471649,244.107147
380.995056,537.894287,387.491486,244.119629
379.058228,537.710083,387.287720,243.991272
378.190491,537.075439,387.433716,244.083237
374.125732,535.653870,386.797333,243.682327
371.051727,535.708374,387.385925,244.053131
370.072510,534.107910,386.043213,243.207214
366.677185,531.389160,385.542328,242.891663
363.293152,529.168945,384.613037,242.306213
360.745728,528.859192,380.606689,239.782227
356.219208,530.442932,382.128113,240.740707
355.405304,535.602173,382.220398,240.798843
351.008362,534.876526,382.237213,240.809448
348.075073,534.152405,381.982819,240.649185
346.446289,534.958130,382.252808,240.819275
342.879028,536.789917,381.326050,240.235413
339.836792,536.978210,385.225006,242.691742
337.334564,534.862183,383.342224,241.505600
336.333374,533.862915,381.092499,240.088272
334.009827,539.397949,381.837280,240.557495
331.044006,541.735168,381.197876,240.154663
327.261108,542.654846,381.140472,240.118500
324.447662,543.568298,379.932190,239.357285
321.024353,540.522400,378.631348,238.537750
319.128235,544.006348,378.494690,238.451660
316.113647,544.845398,378.121857,238.216766
314.568115,544.112793,376.019562,236.892319
311.779694,545.598022,375.514832,236.574341
308.959717,543.016846,375.863068,236.793747
303.334503,545.767151,375.138855,236.337479
297.902649,542.326660,377.702484,237.952560
295.804138,546.518982,375.659393,236.665421
294.276672,544.565613,375.949799,236.848373
293.557739,547.136047,373.733124,235.451874
289.544373,544.068237,374.318146,235.820435
286.384949,544.018799,373.931732,235.576996
285.722961,540.535889,374.353424,235.842667
281.199768,540.500854,374.615692,236.007889
282.570099,540.301270,371.018738,233.741806
278.185791,536.906128,368.704681,232.283951
275.404083,535.019836,367.099670,231.272797
273.699158,532.018188,368.387787,232.084305
268.524139,527.805664,367.737915,231.674881
267.225464,525.622070,365.940674,230.542633
267.392212,524.993164,366.746094,231.050034
266.923523,525.574219,367.230804,231.355408
266.948608,524.757935,365.884857,230.507446
263.446503,521.281799,366.435547,230.854401
263.210510,523.812439,367.623016,231.602509
263.251984,522.732605,366.167725,230.685654
259.937378,518.420105,367.627533,231.605347
264.133301,523.500366,366.488190,230.887558
263.523102,521.520630,365.883179,230.506409
258.917236,516.721313,366.092651,230.638367
258.929993,518.131470,367.376129,231.446960
260.832947,520.609314,365.148865,230.043777
258.817810,516.560974,363.802917,229.195831
256.716858,514.822144,364.360016,229.546814
258.562042,516.593262,363.217896,228.827271
254.049652,513.541382,361.781189,227.922150
251.882156,513.967285,362.220795,228.199097
249.860687,512.370239,361.372131,227.664444
247.712067,511.897919,361.904480,227.999832
247.852966,510.781982,361.929016,228.015274
247.835587,509.074493,361.507660,227.749832
247.933395,512.116028,361.365448,227.660233
246.667969,511.030609,359.108093,226.238083
245.091980,509.327637,358.059143,225.577271
244.552475,511.372345,357.556244,225.260422
242.039703,511.499084,358.457764,225.828384
242.233658,508.490753,358.211761,225.673401
239.928040,509.011902,357.434509,225.183746
239.551376,509.175629,356.661835,224.696945
235.848114,505.120056,357.816223,225.424210
238.538635,505.900146,357.528076,225.242691
238.300613,502.735840,357.164032,225.013336
234.342941,497.828949,356.605438,224.661423
232.657181,496.822205,356.984222,224.900055
233.006577,495.972473,356.564667,224.635742
231.252640,496.921326,356.538300,224.619125
227.484177,493.803040,357.501068,225.225677
231.760590,497.441040,356.481567,224.583389
227.875015,487.282928,357.754242,225.385178
228.801041,490.780121,359.540558,226.510559
224.234497,487.135498,360.746582,227.270355
226.933594,490.814117,359.156311,226.268478
227.197800,489.060669,358.601288,225.918808
228.041351,494.605835,356.930725,224.866348
229.136230,490.816437,357.227844,225.053543
225.543655,488.971619,357.639923,225.313141
229.308365,488.943451,356.942596,224.873825
226.405396,490.211090,357.450439,225.193771
227.712357,492.416138,357.483551,225.214630
228.183105,494.961700,355.408203,223.907166
230.155136,496.690277,353.341705,222.605270
227.567368,495.281891,353.072418,222.435623
226.842346,496.847534,352.175964,221.870850
232.257797,498.331757,350.197174,220.624222
230.150970,497.066101,349.066040,219.911606
232.012817,501.438904,348.947815,219.837128
232.419754,499.807129,348.621002,219.631226
232.710129,501.109009,347.508026,218.930069
231.111008,499.642395,347.130829,218.692413
231.852798,501.240906,346.637787,218.381805
234.945602,505.957214,345.508026,217.670059
235.709824,506.107605,344.439362,216.996796
235.431183,505.884766,343.429321,216.360458
238.704254,510.196045,342.997864,216.088654
239.650574,509.559967,340.171082,214.307785
241.065643,512.474854,338.617310,213.328918
239.420471,512.076843,338.089783,212.996552
242.511108,513.404663,335.800781,211.554504
241.978348,515.099915,335.377533,211.287842
242.393509,515.125366,334.760468,210.899094
246.777039,519.994324,333.265503,209.957260
246.657181,520.256042,332.129669,209.241699
246.644867,522.282959,332.170288,209.267273
246.405853,525.203735,332.504517,209.477844
248.796417,524.317200,332.173340,209.269211
248.254501,527.045349,332.765839,209.642487
250.221207,527.428040,331.568634,208.888229
255.513016,532.566528,329.861542,207.812775
255.101974,531.418335,329.026215,207.286514
256.511719,536.324402,329.881805,207.825546
259.086121,534.468750,328.889557,207.200409
261.332153,538.339661,327.643127,206.415161
265.180908,541.073669,325.280609,204.926788
266.959717,542.082642,326.180695,205.493835
265.424683,541.468567,326.951324,205.979324
268.055115,544.138245,326.521240,205.708374
269.076569,547.532104,326.675659,205.805664
268.678101,548.467285,328.087372,206.695053
276.364502,556.785461,326.129578,205.461624
277.631775,556.522522,324.928925,204.705215
281.940308,562.007263,324.291901,204.303909
280.848907,562.279541,324.582092,204.486725
284.100128,564.558716,323.473450,203.788269
285.125153,565.743347,325.143555,204.840439
292.340149,567.605774,323.434601,203.763794
290.806915,566.521729,323.163879,203.593231
293.574890,568.138550,322.048248,202.890396
297.370087,570.571106,322.222290,203.000046
300.929871,572.941345,321.974823,202.844131
302.969238,574.673340,321.833008,202.754791
307.498627,576.165833,320.583069,201.967331
308.031219,575.698730,320.881531,202.155365
309.245117,575.234253,319.838928,201.498535
316.362579,577.587830,319.813721,201.482635
321.222626,580.283630,319.487732,201.277267
323.859192,578.875427,319.180817,201.083908
328.681854,578.734924,322.002808,202.861771
327.745819,577.728638,321.818176,202.745453
334.123352,580.061890,323.704559,203.933868
334.379974,575.937012,323.553101,203.838455
334.911011,577.293396,325.170746,204.857574
340.377716,580.258118,324.369690,204.352905
338.505432,575.847778,324.742645,204.587875
344.066895,577.570312,323.369598,203.722839
341.754791,574.428833,324.721558,204.574570
348.911011,577.074341,323.038696,203.514374
351.482788,580.053101,321.438354,202.506180
348.960449,575.717285,321.789886,202.727615
352.017029,578.868958,322.800537,203.364334
356.416748,579.588379,322.612701,203.246002
358.518219,580.577637,322.373474,203.095291
364.116821,580.981384,323.026459,203.506683
367.851227,581.479736,320.328674,201.807068
366.993958,580.566284,321.482208,202.533783
371.141876,581.977661,318.840149,200.869293
375.585022,582.384644,317.759521,200.188507
384.451263,586.683777,314.827332,198.341217
386.244904,587.792969,314.332947,198.029770
383.593445,588.204224,314.803223,198.326035
388.444885,589.660889,312.576996,196.923508
388.440430,589.821533,314.326263,198.025543
386.993134,588.918579,314.603210,198.200027
393.344971,589.406494,314.051880,197.852692
389.201660,590.107544,315.703949,198.893494
389.216003,590.688843,316.369904,199.313034
395.062195,592.040222,314.694824,198.257736
401.517517,593.707642,312.537201,196.898438
403.136505,594.840332,312.189636,196.679474
408.400909,598.014648,311.544983,196.273346
411.798523,596.410889,310.591187,195.672455
415.936096,596.977173,311.617432,196.318985
416.666809,595.530579,309.932495,195.257477
422.381104,596.391479,312.074554,196.606979
423.092712,596.180847,311.129517,196.011581
426.524963,595.609741,311.500153,196.245087
427.684937,594.306458,311.387604,196.174179
433.479828,594.936523,310.241150,195.451935
433.763428,598.744690,310.882812,195.856171
435.305908,596.638916,311.258331,196.092758
441.037903,599.124084,309.625488,195.064056
444.544739,599.171631,308.357697,194.265350
448.763916,601.870605,310.949677,195.898285
449.352600,599.542786,308.734009,194.502426
451.115265,600.445679,309.019348,194.682190
455.288300,600.271240,306.751770,193.253616
459.753510,601.948853,307.296082,193.596542
466.033875,601.755798,310.403351,195.554108
471.226562,599.506470,310.831787,195.824036
474.014465,594.866272,310.191376,195.420563
472.291138,599.010559,312.909027,197.132690
477.161438,599.204590,311.486359,196.236404
475.432251,596.805298,309.388458,194.914719
480.137573,598.082397,305.950226,192.748642
483.374817,599.756958,308.005981,194.043762
482.902039,599.190125,307.927338,193.994232
482.004669,600.369446,310.108215,195.368179
489.164917,600.647949,310.518707,195.626785
489.910645,599.261597,306.665985,193.199570
492.331299,599.918457,303.573639,191.251404
491.769043,603.028687,304.053680,191.553818
491.451599,602.843750,304.244537,191.674057
498.695557,602.841553,300.162354,189.102295
501.678680,605.021423,302.150574,190.354858
501.234772,604.275757,301.149963,189.724472
503.936951,605.670593,304.053101,191.553467
507.035950,604.407837,301.953339,190.230606
508.547363,602.496094,298.609894,188.124222
511.237549,605.972717,296.712555,186.928925
512.620361,605.520447,294.960938,185.825394
519.253174,605.383911,294.348816,185.439758
519.535339,606.946594,292.953705,184.560837
525.686646,605.366028,291.072083,183.375412
528.227661,608.558044,293.306427,184.783035
528.428467,609.383606,294.495667,185.532272
524.655823,610.754517,290.270111,182.870178
531.072998,610.686584,290.670074,183.122147
529.328003,613.315186,289.774200,182.557739
534.077515,610.906433,289.618805,182.459854
526.593750,610.957336,285.707947,179.996002
538.763916,610.979004,286.137390,180.266556
531.978577,611.452759,283.905518,178.860474
543.752014,612.231750,285.696869,179.989029
534.876404,610.868958,281.960968,177.635422
538.761597,612.737122,281.953583,177.630753
541.531921,614.472778,279.162567,175.872406
540.314575,613.313721,275.614563,173.637177
535.084839,610.183472,274.032837,172.640686
550.364868,616.277344,272.210663,171.492722
541.687134,613.790894,270.378632,170.338531
529.325989,610.725708,267.712067,168.658600
541.488464,613.715332,268.029022,168.858292
541.177368,615.579285,268.095154,168.899933
537.582764,613.984619,266.469513,167.875793
540.309021,613.788330,266.573456,167.941269
542.957825,614.396912,265.647614,167.358002
544.542480,612.338196,264.855530,166.858978
549.856079,616.129333,262.231964,165.206131
539.517334,615.901978,261.407288,164.686600
542.459961,616.498962,261.451111,164.714203
543.842102,614.526611,260.613403,164.186447
547.394409,615.389099,262.183197,165.175415
541.411865,615.137878,262.319336,165.261185
547.655518,614.935059,261.649719,164.839325
541.028442,614.397400,260.320984,164.002228
546.064880,616.824890,262.923950,165.642105
545.261780,615.061951,264.647003,166.727615
542.625916,615.492188,265.490723,167.259171
543.583984,614.633789,266.560944,167.933395
539.221436,611.553162,263.853180,166.227509
544.783875,613.268738,262.084930,165.113495
550.037354,614.773682,261.318726,164.630798
543.472412,613.371704,261.047913,164.460190
545.009338,611.834778,262.154205,165.157150
545.218933,615.251587,264.817017,166.834717
544.732422,613.073364,264.454590,166.606384
544.156128,612.457458,263.807922,166.198990
544.014282,613.301697,262.400635,165.312408
546.543091,614.216064,262.864075,165.604370
544.295044,614.993530,264.087067,166.374847
544.117920,614.532288,261.903870,164.999435
544.230774,612.417175,261.176056,164.540924
542.299133,615.407959,261.242065,164.582489
544.111328,613.467651,259.963531,163.777023
543.951416,616.342712,261.751068,164.903183
543.235596,614.380249,259.184814,163.286438
544.106567,615.163452,259.048248,163.200409
543.891357,615.218018,257.145569,162.001709
544.876831,616.412537,256.175964,161.390869
543.242126,616.521973,257.761719,162.389877
543.166016,617.209229,258.556915,162.890854
545.068481,615.187988,256.772156,161.766464
544.325195,615.153564,256.772156,161.766464
544.325195,615.153564,256.772156,161.766464
543.467102,615.214417,256.872559,161.829712
544.159912,615.857666,254.016785,160.030579
544.648193,618.484619,256.437683,161.555756
544.730225,616.109192,257.647552,162.317963
543.038086,615.950989,261.262848,164.595581
544.510315,614.984741,257.830811,162.433395
543.663208,616.298767,260.724884,164.256683
542.142151,615.982849,262.881836,165.615555
542.006592,614.798035,264.131714,166.402969
543.110596,614.837524,259.089355,163.226288
544.242554,615.101440,256.960693,161.885239
544.384521,616.497620,253.953384,159.990631
545.168457,618.069519,256.213531,161.414520
543.534119,617.354370,257.881470,162.465332
543.516174,616.709961,257.687897,162.343384
544.158569,616.681519,258.182556,162.655014
544.859070,616.508667,256.123657,161.357895
543.671448,617.653809,257.366608,162.140976
544.428711,616.856201,257.858246,162.450699
544.016113,617.033386,257.858246,162.450699
544.016113,617.033386,257.858246,162.450699
543.768372,616.881958,258.251221,162.698257
544.839294,616.901978,255.803238,161.156036
543.573608,617.681335,257.963684,162.517120
543.505615,616.719116,258.323853,162.744019
544.648926,616.002075,258.567810,162.897720
544.831726,615.784729,256.341339,161.495041
543.574646,615.588989,256.029144,161.298370
543.945557,617.573364,257.558411,162.261795
544.155029,617.152344,258.084656,162.593323
544.677368,616.139893,255.510300,160.971497
543.540222,618.023071,257.521332,162.238449
543.806885,618.033752,257.859161,162.451263
544.217590,617.535767,258.347900,162.759171
545.587219,616.986206,255.258316,160.812744
544.963562,616.687805,255.065567,160.691299
544.556580,616.229370,255.040695,160.675644
544.624146,616.893616,252.473892,159.058548
545.626343,617.312988,253.829529,159.912613
544.468262,617.244324,256.408997,161.537674
544.328613,616.637268,255.816238,161.164230
543.441101,617.337769,257.346222,162.128128
544.153931,617.124268,257.726624,162.367767
544.333008,616.758484,258.031708,162.559982
543.809204,616.588379,257.958313,162.513733
543.435547,617.398682,258.051331,162.572342
543.944153,616.323120,258.312622,162.736954
545.239868,616.592590,255.233200,160.796921
544.428162,617.111450,252.672653,159.183777
545.443481,617.078308,254.242981,160.173080
545.448547,617.265869,254.140213,160.108337
544.560120,617.288147,256.478394,161.581390
544.756531,616.758179,255.925186,161.232864
544.542969,616.958862,256.908997,161.852661
543.819946,616.245667,256.229614,161.424667
543.622986,617.641724,257.553223,162.258530
543.879333,616.744751,258.050049,162.571533
543.550964,616.883911,258.256470,162.701569
544.944641,616.787170,254.935287,160.609238
544.814819,617.011230,254.538910,160.359512
544.588318,616.552856,254.188721,160.138901
544.083191,617.327576,257.293915,162.095169
543.554199,616.816650,257.696747,162.348938
544.260254,617.298767,258.208282,162.671219
544.568237,616.374451,255.044296,160.677902
544.581055,617.122803,252.582428,159.126923
545.184631,616.915283,254.007446,160.024689
544.242676,617.028198,256.711487,161.728241
543.888794,615.378784,255.649017,161.058884
545.168274,617.127197,254.854156,160.558121
544.089233,616.534607,254.876633,160.572281
544.900574,616.566345,252.268188,158.928955
545.696838,617.623169,253.573135,159.751068
544.479614,616.916687,252.915146,159.336548
543.654968,617.088013,253.089706,159.446518
544.006287,616.917297,252.963776,159.367188
543.530212,616.166138,253.149063,159.483902
544.571289,616.308411,252.850845,159.296036
544.209534,617.103394,253.281403,159.567291
543.956787,616.447327,253.584396,159.758163
543.373962,616.056213,253.305786,159.582657
544.421326,616.256470,253.412247,159.649719
543.897156,616.494812,253.326492,159.595688
543.859985,616.481628,253.369751,159.622940
543.710083,616.441711,253.435822,159.664566
543.524048,616.383118,253.231125,159.535599
544.282715,616.746948,252.825150,159.279846
543.940796,616.303345,253.546249,159.734131
544.043335,616.139771,253.476501,159.690201
544.345764,616.098206,253.737503,159.854630
544.523438,617.055542,256.765015,161.761963
544.066284,615.997742,255.138412,160.737198
544.812805,616.937805,252.391953,159.006927
543.682739,616.927490,256.800171,161.784103
545.023376,616.950867,252.952789,159.360260
544.053162,617.462402,252.695328,159.198059
545.235107,617.293457,253.856689,159.929718
545.382507,617.165100,254.635574,160.420410
544.639465,616.611084,254.026230,160.036514
543.885315,616.492004,257.636322,162.310883
543.512878,616.237488,258.209229,162.671829
544.666382,616.147278,254.316208,160.219208
543.777771,616.718323,257.254608,162.070404
543.332581,617.220764,257.808746,162.419510
545.392395,617.223755,254.598801,160.397247
544.723206,617.178467,252.396210,159.009613
545.649780,617.362305,253.475418,159.689514
544.366699,617.175049,253.475418,159.689514
544.366699,617.175049,253.475418,159.689514
544.664429,617.444214,253.528763,159.723129
544.640198,617.176758,253.299576,159.578735
543.652039,616.503784,253.286575,159.570541
543.665283,616.472961,252.915268,159.336624
543.663574,616.737854,252.899628,159.326767
543.702515,616.946411,252.758240,159.237686
544.072388,616.561279,252.943390,159.354340
543.549072,616.601929,253.201447,159.516907
543.881897,616.554321,253.252686,159.549194
543.704163,616.314148,252.968796,159.370346
544.042236,616.790527,252.818665,159.275757
544.109924,616.473145,252.913406,159.335449
543.872742,616.738892,252.568756,159.118317
545.360840,616.816528,253.747803,159.861115
544.754700,617.190674,254.039200,160.044693
545.820312,617.361938,254.070984,160.064713
546.165527,617.619995,253.481995,159.693665
544.357605,617.462585,253.484787,159.695419
544.235168,616.893433,253.212799,159.524063
543.672363,616.216675,253.212158,159.523666
543.629211,616.235901,253.199814,159.515884
544.362427,616.505371,252.868774,159.307327
543.917480,616.669739,252.850815,159.296005
543.655762,616.473572,252.873642,159.310394
544.170898,616.014160,252.763672,159.241104
544.110535,616.282471,252.908661,159.332458
544.658936,616.269653,252.605911,159.141724
545.633789,617.575012,253.363708,159.619141
544.411926,617.316162,253.122467,159.467163
543.728149,616.994141,253.037369,159.413544
543.454712,616.270081,253.122803,159.467361
543.895142,616.255798,252.946594,159.356354
543.727112,616.559326,253.137100,159.476379
543.642761,615.842957,253.352509,159.612076
543.851807,616.086060,253.212524,159.523895
544.126099,616.346130,252.993103,159.385651
543.827332,616.470581,252.988541,159.382782
543.806335,616.561646,252.945312,159.355545
543.723206,616.286499,253.124542,159.468460
543.663757,616.283569,253.123276,159.467667
543.740662,616.561523,252.947235,159.356750
543.332031,616.037292,253.258240,159.552689
543.562195,616.609497,253.278671,159.565567
543.760742,616.576843,253.162750,159.492538
543.801453,616.290955,253.331329,159.598740
543.646545,616.474915,253.331329,159.598740
543.646545,616.474915,253.331329,159.598740
543.617371,616.315674,253.466705,159.684021
543.380066,616.326172,253.218979,159.527954
543.594788,616.586426,253.165634,159.494354
543.385742,616.294861,253.020432,159.402878
543.606140,616.443115,253.066818,159.432098
544.497559,616.524292,252.786407,159.255432
543.749146,616.283569,252.967651,159.369629
544.251648,616.307922,252.799530,159.263702
543.870544,616.233948,253.167435,159.495483
544.089478,616.357971,252.863312,159.303879
544.074524,616.599304,252.702393,159.202499
544.783508,616.576965,254.587204,160.389938
545.125183,616.932007,251.928375,158.714874
543.775818,616.588806,257.086334,161.964386
543.479858,615.753601,256.056061,161.315323
543.914429,616.963623,257.366730,162.141052
545.490173,617.489319,253.753540,159.864731
545.168457,617.100830,254.467178,160.314316
545.062012,617.240479,254.280701,160.196838
544.953308,616.625793,254.255447,160.180923
545.537292,617.537354,253.440521,159.667526
544.249573,616.505737,253.585602,159.758926
544.374573,616.630066,253.041550,159.416183
543.832153,616.507812,253.123795,159.467987
543.948242,616.436890,252.733566,159.222153
543.965149,616.537231,252.914154,159.335922
544.000732,616.383728,252.800674,159.264420
543.776489,615.969604,253.139832,159.478088
543.888916,616.240234,253.302673,159.580688
543.641357,616.089661,253.223938,159.531082
543.847534,615.950195,253.447189,159.671722
543.758789,616.146729,253.419220,159.654114
543.560547,616.245789,253.484192,159.695038
543.551086,616.089233,253.518677,159.716766
543.496887,615.736877,253.737473,159.854599
544.764038,616.948547,254.905136,160.590240
545.103577,617.021240,251.923752,158.711960
544.044006,616.810303,256.521973,161.608856
544.678711,616.821594,253.022049,159.403900
544.143188,616.642212,253.135986,159.475677
543.596069,615.982666,253.043442,159.417374
543.958862,615.974426,253.033981,159.411407
544.126587,616.301819,253.081055,159.441055
543.757446,616.494019,252.950500,159.358826
543.828247,616.499146,252.812271,159.271729
543.830566,616.393250,252.959900,159.364746
544.095703,617.030945,252.881393,159.315277
543.796753,616.423828,252.991211,159.384460
543.780029,616.251648,253.080475,159.440704
544.307007,616.231873,253.277283,159.564697
544.035889,616.467041,252.974838,159.374146
544.025024,616.320374,252.538452,159.099228
545.576538,617.223206,253.820740,159.907059
545.128601,616.828125,254.424850,160.287659
545.095886,617.113220,253.941696,159.983261
545.269653,617.002380,254.039322,160.044769
545.306763,617.314514,253.821701,159.907669
545.016479,617.088318,254.471481,160.317032
543.583130,616.446594,257.341888,162.125397
543.373047,616.276062,258.181061,162.654068
543.836243,616.135803,254.481781,160.323517
543.747070,616.988708,257.305054,162.102173
542.767822,616.066284,258.599640,162.917770
544.340637,615.580200,255.025436,160.666031
544.598450,616.197937,252.969849,159.371002
544.348816,616.183716,252.743912,159.228653
543.860535,616.027222,252.976074,159.374924
544.287720,616.245850,252.961792,159.365936
544.119995,616.182556,252.841858,159.290375
544.074707,616.270691,253.094711,159.449677
544.197083,616.780151,252.820404,159.276855
543.661987,616.202576,253.198563,159.515091
543.753845,615.971863,253.148422,159.483505
543.849976,616.116089,253.072189,159.435486
544.189087,616.087280,253.095505,159.450165
543.979492,616.180786,252.726578,159.217743
543.798828,615.993530,253.023102,159.404556
543.959167,616.046082,253.227097,159.533066
544.383179,616.134521,253.132141,159.473251
543.989075,616.114014,252.910889,159.333862
543.970764,616.205383,252.886734,159.318649
544.186218,616.375305,252.944138,159.354813
543.695435,616.008484,253.333511,159.600113
543.810364,616.117737,253.246948,159.545578
543.944153,616.108643,253.306152,159.582870
543.746826,615.892761,253.361511,159.617752
543.765564,615.763428,253.548050,159.735275
544.038574,615.959167,253.521820,159.718750
543.709167,616.032837,253.648163,159.798340
544.974243,616.522034,254.923813,160.602005
545.091309,617.160278,251.678467,158.557434
544.023926,616.418701,252.310455,158.955582
545.597290,617.237183,253.220032,159.528625
544.618042,616.963684,253.132111,159.473236
544.073853,616.506836,253.295273,159.576019
543.554810,616.089050,253.504044,159.707550
543.710754,615.984619,253.696503,159.828796
544.731018,617.002930,254.400192,160.272125
543.356201,616.346558,257.833221,162.434937
544.862244,617.287109,254.346939,160.238571
545.302612,617.433228,253.787689,159.886246
543.299072,616.476929,258.312317,162.736755
543.817017,616.089844,258.685486,162.971863
544.339661,615.969116,255.093948,160.709183
544.162842,616.715942,252.905655,159.330566
543.786743,616.341492,252.752518,159.234085
544.153503,616.288025,252.925690,159.343185
544.278809,616.642273,252.673218,159.184128
543.680115,616.614136,256.813995,161.792816
544.859863,617.142090,252.460678,159.050232
545.517090,617.408997,253.680359,159.818634
544.713806,616.920166,254.633072,160.418839
545.349609,617.295837,252.228119,158.903717
545.221252,617.289795,253.508163,159.710144
543.981323,616.669800,253.427170,159.659119
543.741394,616.280029,253.315460,159.588745
543.619751,615.897217,253.391495,159.636642
543.982422,615.890930,253.440903,159.667770
543.765747,615.925903,253.449982,159.673477
545.329529,616.472290,250.401581,157.752991
544.892273,616.990540,254.144989,160.111343
545.327209,617.435242,253.562103,159.744125
544.589417,616.999207,252.814560,159.273163
543.972595,616.327087,252.727417,159.218277
543.993408,615.837769,253.403259,159.644058
543.552246,615.943542,253.595566,159.765213
543.741699,615.790527,253.217239,159.526855
544.215515,615.807007,253.156357,159.488510
543.934998,616.219482,253.338379,159.603180
543.737122,616.094971,253.197418,159.514374
543.933716,616.026917,253.319885,159.591522
543.915283,615.745850,253.455917,159.677231
543.748535,616.120056,253.083206,159.442429
544.867798,616.358826,251.023682,158.144913
544.471191,616.255493,251.804016,158.636536
544.152710,616.027710,252.751862,159.233673
544.011841,615.890503,252.751862,159.233673
544.011841,615.890503,252.751862,159.233673
543.624451,616.033081,253.045303,159.418549
543.940857,615.829712,252.951950,159.359726
544.096863,616.211914,252.723145,159.215576
543.997498,615.966675,253.136505,159.475998
543.922302,616.120178,253.248032,159.546265
543.952820,615.892456,253.243942,159.543686
543.961243,616.078308,253.185577,159.506912
543.720947,616.114258,253.324265,159.594284
544.086670,615.887451,253.013489,159.398499
543.842773,616.070923,253.052185,159.422882
543.875244,615.848877,253.038757,159.414413
543.962891,616.049683,252.927017,159.344025
543.942383,616.021729,252.964020,159.367340
543.754333,616.027222,252.960358,159.365021
543.747620,616.147827,252.960358,159.365021
543.747620,616.147827,252.960358,159.365021
543.947998,616.005188,252.802261,159.265427
544.361633,616.170593,252.802261,159.265427
544.361633,616.170593,252.802261,159.265427
544.077148,616.369934,253.147156,159.482712
543.865540,616.380859,253.093369,159.448822
543.650635,615.943604,253.033859,159.411331
544.039307,615.998901,252.816055,159.274109
543.905457,616.159729,253.095795,159.450348
543.980042,616.127808,252.913528,159.335526
544.095825,616.041809,252.937317,159.350510
544.786560,616.312256,251.059402,158.167419
544.491760,616.235718,251.737442,158.594589
545.205505,616.408447,250.425278,157.767929
545.003906,617.114075,253.795654,159.891266
545.507996,617.247559,253.950531,159.988831
545.035583,617.212463,254.228134,160.163727
545.361023,617.196289,253.360199,159.616928
544.330322,616.739624,253.360199,159.616928
544.330322,616.739624,253.360199,159.616928
543.850342,616.199280,253.246048,159.545013
544.168823,616.053833,252.982773,159.379135
543.921204,615.972046,253.090607,159.447083
543.843750,616.211548,253.090607,159.447083
543.843750,616.211548,253.090607,159.447083
543.848511,616.101685,253.090607,159.447083
543.848511,616.101685,253.090607,159.447083
543.798218,615.977112,253.374008,159.625626
543.668335,616.229309,253.379272,159.628937
543.446106,615.784790,253.267944,159.558807
543.909485,615.911255,253.267944,159.558807
543.909485,615.911255,253.267944,159.558807
543.414673,615.628784,253.783554,159.883636
545.257507,616.904175,253.921539,159.970566
544.861389,616.437500,254.530563,160.354248
543.580811,616.107056,254.530563,160.354248
543.580811,616.107056,254.530563,160.354248
543.942932,616.295776,252.700317,159.201202
545.030457,616.941101,254.341049,160.234863
545.071045,617.099243,254.341049,160.234863
545.071045,617.099243,254.341049,160.234863
543.961853,616.401978,254.341049,160.234863
543.961853,616.401978,254.341049,160.234863
543.854919,616.254150,253.236526,159.539017
543.452820,616.213623,253.428131,159.659729
543.154541,615.648071,253.852036,159.926788
545.218994,616.675354,253.852036,159.926788
545.218994,616.675354,253.852036,159.926788
545.396851,617.433777,253.306808,159.583298
544.224854,616.812622,253.648071,159.798294
545.776428,617.696838,253.648071,159.798294
545.776428,617.696838,253.648071,159.798294
545.533142,617.154785,254.319061,160.221008
545.404419,617.369080,253.910553,159.963638
545.060791,616.987366,254.585526,160.388885
544.942505,616.965454,252.837830,159.287842
544.013306,616.474182,252.913773,159.335678
543.818237,616.332336,252.913773,159.335678
543.818237,616.332336,252.913773,159.335678
543.498535,616.099243,253.114395,159.462067
544.120667,615.884766,252.965042,159.367981
544.120056,616.027649,252.899292,159.326553
544.039856,616.057617,252.899292,159.326553
544.039856,616.057617,252.899292,159.326553
543.979980,616.050903,253.238297,159.540131
543.971802,616.101013,253.367966,159.621826
543.715576,616.049255,253.367966,159.621826
543.715576,616.049255,253.367966,159.621826
543.710144,615.826233,253.670609,159.812485
545.334778,616.824524,253.670609,159.812485
545.334778,616.824524,253.670609,159.812485
544.935059,616.739990,252.264648,158.926727
545.476440,617.245850,253.771378,159.875977
545.089111,617.111633,254.137970,160.106918
545.127075,617.299316,253.833679,159.915222
545.185059,617.227783,253.833679,159.915222
545.185059,617.227783,253.833679,159.915222
545.407959,617.206299,253.909882,159.963226
545.152405,617.197388,253.909882,159.963226
545.152405,617.197388,253.909882,159.963226
545.246582,617.276855,253.147079,159.482651
544.223999,617.069336,253.047913,159.420181
543.887756,616.012695,252.901627,159.328033
544.171143,616.237061,252.668396,159.181091
545.620667,617.103027,253.713226,159.839340
544.992004,617.130066,254.339722,160.234024
545.601929,617.568787,253.581848,159.756561
544.469421,616.694885,253.059189,159.427292
543.724976,616.108459,253.223999,159.531113
543.950256,615.929016,253.064468,159.430618
544.373474,616.293091,252.925278,159.342926
543.716614,615.840698,253.270493,159.560410
545.232422,616.571350,250.485748,157.806015
544.961121,617.215881,253.933563,159.978134
544.890198,616.809692,255.089920,160.706650
545.052856,616.957397,252.372818,158.994873
545.574036,617.186584,253.274765,159.563095
543.878296,616.474731,253.696106,159.828552
545.456482,617.153748,254.082687,160.072098
545.346069,617.263977,253.660004,159.805801
545.140503,617.333740,254.096176,160.080597
545.313049,616.791199,253.707886,159.835968
545.058960,617.085449,254.215790,160.155945
545.585266,617.307312,253.366745,159.621048
543.870667,616.788513,253.890594,159.951080
544.534851,616.865051,254.611664,160.405350
544.498413,617.009583,252.269958,158.930084
545.064209,616.939331,253.649124,159.798950
545.890930,617.869019,253.649124,159.798950
545.890930,617.869019,253.649124,159.798950
545.385986,617.592529,253.649124,159.798950
545.385986,617.592529,253.649124,159.798950
545.251221,617.239380,253.758728,159.867996
545.172729,617.078308,254.081528,160.071365
545.582764,617.327026,253.515091,159.714508
544.192566,616.581970,253.677277,159.816681
545.881836,617.700684,253.677277,159.816681
545.881836,617.700684,253.677277,159.816681
545.407837,617.463989,253.677277,159.816681
545.407837,617.463989,253.677277,159.816681
545.195007,617.003967,252.313553,158.957535
545.391907,617.110657,253.755157,159.865753
545.460022,617.129944,253.755157,159.865753
545.460022,617.129944,253.755157,159.865753
545.357483,617.156372,253.699265,159.830536
545.735962,617.254333,253.699265,159.830536
545.735962,617.254333,253.699265,159.830536
545.279968,617.149719,253.836502,159.916992
544.963989,617.065186,254.159103,160.120239
545.068665,617.007751,254.159103,160.120239
545.068665,617.007751,254.159103,160.120239
545.111389,616.895813,254.482742,160.324127
545.494141,617.329529,253.487289,159.696991
544.413147,616.583557,253.487289,159.696991
544.413147,616.583557,253.487289,159.696991
543.666870,616.416687,253.171432,159.498001
543.592834,615.925232,253.498932,159.704330
543.884827,615.944458,253.724762,159.846603
544.856079,616.757812,254.231323,160.165726
545.264404,617.429138,254.231323,160.165726
545.264404,617.429138,254.231323,160.165726
545.002380,616.856079,252.616180,159.148193
545.901794,617.642273,252.616180,159.148193
545.901794,617.642273,252.616180,159.148193
545.736877,617.483582,252.616180,159.148193
545.736877,617.483582,252.616180,159.148193
545.688538,617.437988,252.616180,159.148193
545.688538,617.437988,252.616180,159.148193
545.335999,617.652893,253.357819,159.615433
544.584167,616.684937,253.271225,159.560867
543.730835,616.419373,253.474213,159.688751
543.633789,616.220398,253.474213,159.688751
543.633789,616.220398,253.474213,159.688751
543.494751,615.806946,253.474213,159.688751
543.494751,615.806946,253.474213,159.688751
543.874878,615.732666,253.587967,159.760422
543.850464,615.974854,253.587967,159.760422
543.850464,615.974854,253.587967,159.760422
543.940063,616.004517,253.200989,159.516632
545.199158,616.432007,250.781509,157.992355
545.994995,617.755249,252.429703,159.030716
546.071167,617.528137,252.429703,159.030716
546.071167,617.528137,252.429703,159.030716
545.127380,617.262268,252.429703,159.030716
545.127380,617.262268,252.429703,159.030716
544.479492,616.537903,252.429703,159.030716
544.479492,616.537903,252.429703,159.030716
543.689941,616.355469,252.990814,159.384216
543.636780,616.307434,252.901718,159.328079
544.112305,616.015564,252.954895,159.361588
543.821045,615.995056,253.213486,159.524490
543.880798,615.865540,253.500443,159.705276
543.661377,615.922302,253.500443,159.705276
543.661377,615.922302,253.500443,159.705276
545.316711,616.648132,253.500443,159.705276
545.316711,616.648132,253.500443,159.705276
545.190979,617.158203,253.817398,159.904968
545.296448,617.175903,253.817398,159.904968
545.296448,617.175903,253.817398,159.904968
545.379211,617.098999,253.690338,159.824921
545.490906,617.331787,253.690338,159.824921
545.490906,617.331787,253.690338,159.824921
544.267822,616.503906,253.690338,159.824921
544.267822,616.503906,253.690338,159.824921
545.491516,617.289795,253.222672,159.530289
544.192139,616.752808,253.339859,159.604111
543.418640,615.987671,253.483170,159.694397
543.600708,616.069519,253.858154,159.930649
544.949646,617.257446,253.858154,159.930649
544.949646,617.257446,253.858154,159.930649
545.351196,617.276978,253.393356,159.637817
544.646545,616.916138,253.393356,159.637817
544.646545,616.916138,253.393356,159.637817
543.696167,616.089233,253.308884,159.584595
544.804382,616.277161,251.198196,158.254868
546.101746,616.959839,248.744675,156.709137
547.179749,618.608337,248.744675,156.709137
547.179749,618.608337,248.744675,156.709137
543.859009,616.435791,253.406143,159.645874
543.683533,615.864197,253.406143,159.645874
543.683533,615.864197,253.406143,159.645874
543.795227,615.533142,253.406143,159.645874
543.795227,615.533142,253.406143,159.645874
545.440918,617.309448,252.840302,159.289383
544.390320,616.853088,252.840302,159.289383
544.390320,616.853088,252.840302,159.289383
543.919678,616.216431,252.792953,159.259567
545.255615,616.596741,250.486313,157.806381
545.271912,617.115723,253.442291,159.668640
543.874695,616.415344,253.359497,159.616486
543.379150,615.992004,253.367737,159.621674
543.812378,615.845642,253.367737,159.621674
543.812378,615.845642,253.367737,159.621674
543.917236,616.047974,252.882675,159.316086
544.091431,615.972351,252.882675,159.316086
544.091431,615.972351,252.882675,159.316086
543.994995,616.111511,252.882675,159.316086
543.994995,616.111511,252.882675,159.316086
543.867920,615.931702,252.888031,159.319458
544.097717,615.904419,252.908539,159.332382
543.922607,616.009338,253.103760,159.455368
544.359375,616.393738,252.539856,159.100113
545.482117,617.178345,253.664139,159.808411
545.141846,617.097290,253.664139,159.808411
545.141846,617.097290,253.664139,159.808411
543.812012,616.502075,253.664139,159.808411
543.812012,616.502075,253.664139,159.808411
543.779297,616.272888,253.081772,159.441513
544.141174,616.297058,253.081772,159.441513
544.141174,616.297058,253.081772,159.441513
544.043091,616.491455,252.948639,159.357651
543.917358,616.062500,252.867386,159.306458
544.090759,616.156372,252.769684,159.244904
544.312561,616.223816,252.769684,159.244904
544.312561,616.223816,252.769684,159.244904
544.065308,615.901550,253.177856,159.502060
543.918152,615.826172,253.198318,159.514938
544.037598,616.259949,253.255997,159.551270
543.409424,615.814758,253.255997,159.551270
543.409424,615.814758,253.255997,159.551270
543.796021,616.245361,253.389786,159.635559
543.412170,615.970703,253.389786,159.635559
543.412170,615.970703,253.389786,159.635559
545.714966,617.108276,253.389786,159.635559
545.714966,617.108276,253.389786,159.635559
544.509827,616.953369,252.343582,158.976456
545.092285,616.829102,253.851166,159.926239
544.902771,616.838562,254.572433,160.380630
544.888977,616.948608,252.754120,159.235092
544.229858,616.501343,252.754120,159.235092
544.229858,616.501343,252.754120,159.235092
543.914551,616.149658,252.754120,159.235092
543.914551,616.149658,252.754120,159.235092
545.069824,617.002258,253.809677,159.900101
545.317444,617.393250,253.809677,159.900101
545.317444,617.393250,253.809677,159.900101
545.525208,617.227356,253.809677,159.900101
545.525208,617.227356,253.809677,159.900101
545.063049,616.934448,253.936768,159.980164
545.261902,617.293335,254.023514,160.034821
545.328491,617.158081,253.351868,159.611679
544.308655,616.292358,253.118332,159.464539
543.448364,615.805176,253.118332,159.464539
543.448364,615.805176,253.118332,159.464539
543.777832,615.877747,253.262756,159.555527
543.708435,615.957031,253.132233,159.473312
543.827148,615.849976,253.262207,159.555191
543.883789,615.753906,253.259949,159.553772
543.848022,615.776123,253.259949,159.553772
543.848022,615.776123,253.259949,159.553772
543.748779,615.741211,253.550537,159.736847
543.647339,615.836243,253.424057,159.657150
544.122620,615.821106,253.118561,159.464691
543.992249,615.986328,253.118561,159.464691
543.992249,615.986328,253.118561,159.464691
544.107910,615.822510,253.118561,159.464691
544.107910,615.822510,253.118561,159.464691
544.332520,616.139832,252.904312,159.329712
544.125183,615.915405,252.993546,159.385941
544.028198,615.937683,252.993546,159.385941
544.028198,615.937683,252.993546,159.385941
545.049194,616.963806,254.382080,160.260712
545.350281,617.037048,253.455811,159.677155
544.083801,616.465210,253.565506,159.746262
543.843079,616.361694,252.721558,159.214584
543.924316,616.353027,253.047012,159.419617
543.872864,616.280884,252.794815,159.260742
543.747864,615.896667,253.376297,159.627060
544.145691,616.197754,253.376297,159.627060
544.145691,616.197754,253.376297,159.627060
543.449829,615.729065,253.376297,159.627060
543.449829,615.729065,253.376297,159.627060
543.937012,616.050171,253.459824,159.679688
543.732056,616.016418,253.459824,159.679688
543.732056,616.016418,253.459824,159.679688
543.879883,616.047424,252.907288,159.331589
544.281189,616.083252,252.718185,159.212463
544.907166,616.872742,254.083237,160.072433
545.065308,617.470886,254.083237,160.072433
545.065308,617.470886,254.083237,160.072433
545.061829,616.903687,252.335327,158.971252
546.044556,617.979492,252.335327,158.971252
546.044556,617.979492,252.335327,158.971252
544.213196,616.671021,253.370850,159.623642
543.601440,616.339050,253.233154,159.536896
543.668762,616.158691,253.186874,159.507736
543.739929,615.789368,253.236496,159.538986
543.714233,615.953918,253.058304,159.426743
544.000244,616.067932,253.067566,159.432571
543.750183,615.828369,253.003220,159.392029
543.663086,615.929626,253.041611,159.416214
543.794312,615.819580,253.105469,159.456451
544.179993,616.189636,253.130997,159.472534
545.393433,616.554382,250.534470,157.836716
546.694824,618.179321,250.534470,157.836716
546.694824,618.179321,250.534470,157.836716
543.778076,616.473633,252.965698,159.368393
543.740295,616.427002,252.965698,159.368393
543.740295,616.427002,252.965698,159.368393
543.751587,616.064880,252.878357,159.313370
544.025024,616.184082,252.895859,159.324402
544.153198,616.064514,252.959152,159.364273
543.902710,615.867981,252.878769,159.313629
543.862000,616.160095,252.878769,159.313629
543.862000,616.160095,252.878769,159.313629
543.661926,615.836365,253.145386,159.481598
543.710693,615.782532,253.277222,159.564651
543.957275,616.032166,252.814621,159.273209
544.079102,616.193176,252.826477,159.280685
544.104370,615.970154,252.880661,159.314819
545.035400,616.315491,250.819168,158.016068
545.507080,617.175049,252.682358,159.189880
544.962341,617.254517,253.881226,159.945175
544.925354,617.110840,254.487030,160.326828
544.541260,616.779724,254.487030,160.326828
544.541260,616.779724,254.487030,160.326828
544.299316,616.903015,252.266663,158.927994
545.928589,617.773804,252.266663,158.927994
545.928589,617.773804,252.266663,158.927994
544.149719,616.667847,253.352615,159.612152
543.625549,616.373291,253.443069,159.669128
543.641113,615.949463,253.279144,159.565857
544.863892,616.510010,250.456894,157.787842
546.440247,617.994690,250.456894,157.787842
546.440247,617.994690,250.456894,157.787842
543.878906,616.541443,257.114899,161.982391
543.296082,615.953918,255.871368,161.198959
544.683105,617.103394,255.075867,160.697800
545.049622,617.291321,252.123505,158.837799
545.958618,617.801575,252.123505,158.837799
545.958618,617.801575,252.123505,158.837799
544.474915,617.051514,253.484344,159.695129
543.735229,616.313416,253.744797,159.859222
545.134277,617.486206,253.744797,159.859222
545.134277,617.486206,253.744797,159.859222
545.376343,617.497009,253.723587,159.845856
544.359375,616.582520,255.207291,160.780594
544.347107,616.343018,252.520187,159.087708
545.178650,617.131165,253.814575,159.903183
545.314514,616.838684,253.814575,159.903183
545.314514,616.838684,253.814575,159.903183
544.701050,616.746948,252.642288,159.164642
545.732849,617.708374,252.642288,159.164642
545.732849,617.708374,252.642288,159.164642
545.082703,616.994324,253.605576,159.771515
543.693054,616.227722,253.582626,159.757050
543.552979,615.959961,253.301498,159.579941
543.730835,615.890686,253.574127,159.751694
543.699097,615.754272,253.405670,159.645569
543.995667,615.783447,253.119522,159.465302
543.673218,615.717163,253.299179,159.578491
543.796997,615.928467,253.319519,159.591293
543.826904,615.814331,253.467789,159.684708
543.901978,615.751831,253.251282,159.548309
543.692139,615.917603,253.255905,159.551224
543.859497,615.973450,253.269684,159.559906
543.729980,615.802673,253.366440,159.620865
543.690430,615.766235,253.726059,159.847412
544.846924,616.932190,254.326721,160.225830
544.686157,616.782471,254.326721,160.225830
544.686157,616.782471,254.326721,160.225830
543.220825,616.341919,257.807983,162.419037
544.925415,617.184387,254.226089,160.162445
544.968445,616.930481,254.007660,160.024826
545.127563,617.520081,253.892700,159.952408
545.216797,616.982788,253.892700,159.952408
545.216797,616.982788,253.892700,159.952408
544.536438,616.941406,254.252411,160.179016
545.200012,617.061829,253.716537,159.841415
544.917114,616.959045,254.163406,160.122940
545.236694,617.509155,253.452133,159.674850
543.725464,616.481506,253.307709,159.583862
543.260071,616.013428,253.316788,159.589569
545.156555,616.471741,250.427078,157.769058
544.860291,616.728760,254.333267,160.229965
545.023071,617.233521,253.904388,159.959763
544.422607,616.958008,254.977097,160.635574
544.531677,616.971680,252.423462,159.026779
545.126038,617.455872,253.738785,159.855438
544.360413,616.844788,255.048981,160.680862
544.204529,617.008057,252.477081,159.060562
545.131775,617.015686,253.738434,159.855209
544.947266,616.892639,254.100266,160.083160
545.406494,617.689331,253.301102,159.579697
544.399353,617.030823,253.150345,159.484726
543.504211,615.939148,253.317596,159.590088
544.760681,616.264099,251.269882,158.300034
544.692017,616.477478,251.365952,158.360550
545.737427,617.050293,248.931046,156.826553
544.893555,616.958130,253.500977,159.705612
543.336182,615.983276,254.068359,160.063065
544.929932,617.451416,254.068359,160.063065
544.929932,617.451416,254.068359,160.063065
545.470703,617.415283,253.474152,159.688721
543.913452,616.701660,253.814240,159.902969
544.781311,616.869812,254.461594,160.310806
544.963989,616.882507,254.225739,160.162216
544.896057,616.994751,254.177582,160.131882
545.011108,617.068726,253.940826,159.982727
544.779968,616.781555,254.580215,160.385529
543.430908,616.188416,254.580215,160.385529
543.430908,616.188416,254.580215,160.385529
544.697266,616.563782,254.580215,160.385529
544.697266,616.563782,254.580215,160.385529
545.096924,617.165283,254.647797,160.428116
544.953918,617.382080,252.450790,159.044006
544.651611,616.886719,254.679581,160.448135
544.038269,616.833740,252.557816,159.111420
545.340942,617.345215,253.901291,159.957809
544.592407,616.892090,254.716141,160.471161
543.062439,616.299316,254.716141,160.471161
543.062439,616.299316,254.716141,160.471161
544.213745,616.863647,254.716141,160.471161
544.213745,616.863647,254.716141,160.471161
544.921326,617.316895,253.896851,159.955017
544.756042,617.050232,254.236725,160.169144
544.805298,616.983337,254.222076,160.159897
544.655151,617.021667,254.222076,160.159897
544.655151,617.021667,254.222076,160.159897
544.368225,616.876465,254.486847,160.326721
544.281006,616.757874,254.577484,160.383804
544.130371,616.640442,252.062408,158.799316
545.006409,617.248962,252.215622,158.895844
544.813232,616.538147,253.865555,159.935303
544.122070,615.460510,254.814423,160.533081
543.104309,613.935364,254.814423,160.533081
543.104309,613.935364,254.814423,160.533081
541.934204,613.421814,254.814423,160.533081
541.934204,613.421814,254.814423,160.533081
541.755493,613.061096,254.814423,160.533081
541.755493,613.061096,254.814423,160.533081
541.421265,612.176697,254.814423,160.533081
541.421265,612.176697,254.814423,160.533081
547.784973,616.565369,244.572830,154.080887
546.035156,614.423218,244.572830,154.080887
546.035156,614.423218,244.572830,154.080887
545.591248,614.380432,244.572830,154.080887
545.591248,614.380432,244.572830,154.080887
545.674744,613.551086,244.572830,154.080887
545.674744,613.551086,244.572830,154.080887
545.710876,613.135071,244.572830,154.080887
545.710876,613.135071,244.572830,154.080887
546.197083,612.792664,244.572830,154.080887
546.197083,612.792664,244.572830,154.080887
547.169128,612.525513,244.572830,154.080887
547.169128,612.525513,244.572830,154.080887
547.203308,613.803284,244.572830,154.080887
547.203308,613.803284,244.572830,154.080887
546.185852,612.586060,244.572830,154.080887
546.185852,612.586060,244.572830,154.080887
547.164124,614.045227,244.572830,154.080887
547.164124,614.045227,244.572830,154.080887
545.089417,611.875183,244.572830,154.080887
545.089417,611.875183,244.572830,154.080887
546.537048,612.556580,244.572830,154.080887
546.537048,612.556580,244.572830,154.080887
555.207520,618.401245,227.993729,143.636047
554.160583,617.951355,227.327744,143.216476
555.338440,617.891541,227.209427,143.141937
554.294128,618.350403,227.851273,143.546295
552.771484,617.303284,228.308456,143.834335
552.540894,617.913879,228.308456,143.834335
552.540894,617.913879,228.308456,143.834335
552.361816,618.219116,233.903549,147.359238
552.075562,617.783936,232.937943,146.750900
551.672668,617.495361,237.218521,149.447662
550.848816,617.631470,238.238983,150.090561
550.101013,617.780640,244.224686,153.861557
551.098694,616.727356,241.813675,152.342621
549.317017,616.793762,245.228943,154.494232
550.289185,616.170654,246.747665,155.451019
550.827576,616.077698,243.777832,153.580032
550.562195,616.045715,243.394806,153.338730
550.965820,615.798828,243.187973,153.208420
550.419678,615.324524,243.788712,153.586884
548.736145,614.947144,245.100449,154.413284
549.691040,613.313293,245.862823,154.893570
547.027344,608.669495,247.312759,155.807037
547.075806,609.628906,250.734619,157.962814
545.184387,609.193909,252.065079,158.800995
544.590942,609.083984,255.134628,160.734818
543.339905,608.057556,255.176620,160.761261
544.079102,607.206726,256.563141,161.634781
543.519714,608.646667,254.198074,160.144791
545.145874,614.088989,253.930252,159.976059
546.285828,614.476318,255.883865,161.206833
545.249451,614.731506,254.920364,160.599823
543.449707,618.124268,254.136276,160.105850
544.676514,621.577393,255.306198,160.842911
542.096191,618.456116,255.786057,161.145218
542.837463,618.009766,260.087860,163.855362
542.674438,618.396606,261.569031,164.788498
540.061096,616.531555,262.586151,165.429276
539.455811,616.681030,268.190521,168.960022
538.016724,615.977966,268.678558,169.267502
538.839478,616.949463,264.791046,166.818344
538.773071,616.740601,268.036102,168.862732
539.685974,616.153625,265.306732,167.143234
540.531677,615.483032,265.688843,167.383972
538.718750,614.576904,265.655334,167.362869
538.430481,613.751099,265.970001,167.561096
541.147339,614.792297,261.105774,164.496628
542.898682,615.047302,257.667877,162.330765
543.458557,617.052673,260.752075,164.273804
543.835266,616.539307,262.712067,165.508606
542.024292,617.129395,264.171478,166.428024
541.119690,615.145935,264.308258,166.514206
539.408630,614.364136,264.849823,166.855377
540.240051,615.264404,268.324921,169.044708
539.845825,616.156921,264.315735,166.518921
540.442200,614.590942,265.266022,167.117599
540.385742,615.998901,267.828064,168.731689
539.880493,616.104248,270.448151,170.382339
539.162720,615.320984,267.226624,168.352768
539.923889,615.802124,270.028351,170.117859
539.008545,614.927429,272.180908,171.473969
540.582214,615.288513,270.338593,170.313309
540.996521,614.431274,268.959686,169.444611
539.419922,613.740112,268.208160,168.971146
542.161743,614.660645,260.925568,164.383118
543.824341,615.090698,257.693756,162.347076
546.234619,616.398315,256.064911,161.320892
545.597900,616.687744,256.009644,161.286087
544.370239,615.553162,256.095673,161.340286
545.409912,616.120972,255.542267,160.991623
545.385010,615.640015,255.001709,160.651077
545.169922,615.516724,250.713715,157.949646
545.737915,616.692688,255.803421,161.156158
542.859070,617.038696,260.139374,163.887802
541.419617,615.602295,262.081512,165.111359
541.075439,613.677185,266.466248,167.873734
539.862732,613.244507,262.291718,165.243790
542.626404,614.828857,259.131470,163.252823
543.531311,614.880798,253.815720,159.903900
544.481934,616.544189,253.997986,160.018738
544.575378,617.356567,253.722656,159.845276
544.171509,617.132446,253.824280,159.909302
543.415894,617.024658,255.620361,161.040833
544.329773,617.537659,253.724823,159.846634
543.030151,617.203979,255.251556,160.808487
542.361450,616.357788,253.240189,159.541321
542.698486,616.819763,253.839020,159.918594
543.472961,617.166931,253.766754,159.873062
542.432434,617.408630,254.897949,160.585709
543.414124,617.307495,251.210785,158.262787
543.644531,617.366577,251.544861,158.473267
543.629211,617.084595,252.554459,159.109314
543.539734,617.148682,255.177811,160.762024
544.802612,616.841431,253.314148,159.587906
544.024170,615.959167,253.928177,159.974747
544.738892,616.542847,255.062134,160.689148
544.525269,616.051514,253.721100,159.844284
543.357178,616.551331,257.839752,162.439041
542.440796,616.181641,259.607697,163.552841
543.119934,615.919800,256.055878,161.315201
543.783325,616.852112,255.860794,161.192291
543.551880,616.769897,256.001373,161.280853
543.769958,616.281250,255.951324,161.249329
544.594727,616.829712,255.371048,160.883759
545.157837,615.762817,251.632217,158.528290
545.992981,616.323242,248.726913,156.697952
545.711426,616.892212,251.167755,158.235687
544.759766,616.489685,251.716400,158.581329
545.214844,615.970642,249.398300,157.120926
545.559937,615.573914,248.204910,156.369095
546.912292,615.996216,244.946503,154.316299
547.328857,616.742676,246.952072,155.579803
547.260864,617.009644,247.365570,155.840317
547.557007,617.568054,247.161316,155.711624
547.423340,617.062195,247.026550,155.626724
544.953247,616.850464,250.495361,157.812073
545.545898,617.347717,247.825989,156.130371
545.845459,615.915100,246.452820,155.265274
544.880249,615.732300,246.944260,155.574890
546.062988,616.370239,247.266098,155.777649
546.251953,617.119446,246.732727,155.441620
545.866516,617.642761,247.060272,155.647980
546.727051,617.091125,246.277740,155.154984
546.255615,616.225281,245.609802,154.734177
545.645569,616.859863,245.507156,154.669510
547.599854,617.712036,246.259399,155.143417
546.043518,616.515747,246.865601,155.525330
545.600281,617.133240,249.761566,157.349777
544.898560,615.412354,249.507553,157.189758
544.687256,615.802734,250.157394,157.599167
545.475098,616.568848,250.708878,157.946594
544.997009,616.409302,253.616623,159.778473
543.974915,615.114319,256.954742,161.881485
542.937378,613.773499,257.294647,162.095627
543.531311,615.259216,256.881470,161.835327
543.959595,614.953674,253.389847,159.635605
544.025879,615.697998,251.932434,158.717438
545.393799,617.276611,250.557724,157.851364
546.460266,618.170837,249.338333,157.083160
544.975830,617.225891,249.782669,157.363083
545.232544,616.808472,250.050720,157.531952
546.251404,618.663025,249.998047,157.498764
544.940308,617.512085,249.886932,157.428772
544.373108,616.826538,249.886932,157.428772
544.373108,616.826538,249.886932,157.428772
545.836304,617.696533,249.886932,157.428772
545.836304,617.696533,249.886932,157.428772
546.684326,618.418335,245.036530,154.373016
548.265869,619.719666,245.036530,154.373016
548.265869,619.719666,245.036530,154.373016
546.370605,617.800903,245.962234,154.956207
547.161377,617.348328,245.962234,154.956207
547.161377,617.348328,245.962234,154.956207
546.972778,617.414795,245.962234,154.956207
546.972778,617.414795,245.962234,154.956207
546.537842,617.951965,248.937027,156.830338
545.669556,616.845825,252.959488,159.364471
545.202026,616.355591,251.306061,158.322815
544.607483,615.969482,251.306519,158.323105
544.585510,616.002686,251.306519,158.323105
544.585510,616.002686,251.306519,158.323105
544.515198,615.938232,251.306519,158.323105
544.515198,615.938232,251.306519,158.323105
545.828674,617.161255,251.306519,158.323105
545.828674,617.161255,251.306519,158.323105
546.332214,617.377747,251.306519,158.323105
546.332214,617.377747,251.306519,158.323105
545.637512,616.983887,252.395645,159.009262
545.467346,616.576477,253.098495,159.452057
545.153137,616.268982,251.265259,158.297119
544.533386,615.740234,251.265259,158.297119
544.533386,615.740234,251.265259,158.297119
545.988037,616.679504,246.874100,155.530685
546.570007,617.857666,248.303452,156.431168
545.567627,617.041748,251.873871,158.680542
545.104919,616.321533,253.173721,159.499435
544.896545,616.081116,251.238571,158.280304
545.047119,616.038208,249.832504,157.394485
544.736572,616.509155,249.832504,157.394485
544.736572,616.509155,249.832504,157.394485
545.008850,616.044617,249.722900,157.325424
545.062012,616.325134,249.722900,157.325424
545.062012,616.325134,249.722900,157.325424
544.920471,616.664734,249.625977,157.264374
545.239685,616.449951,249.442627,157.148865
545.397461,616.665344,249.472824,157.167877
544.969971,616.495605,249.472824,157.167877
544.969971,616.495605,249.472824,157.167877
545.151184,616.241394,249.557236,157.221069
545.086670,616.392761,249.557236,157.221069
545.086670,616.392761,249.557236,157.221069
545.341614,616.176941,249.490631,157.179092
545.013306,616.129272,249.145554,156.961700
545.618103,617.200684,250.084335,157.553131
545.025940,616.619690,253.157013,159.488922
545.024109,616.208435,250.900253,158.067154
546.190491,617.700073,250.900253,158.067154
546.190491,617.700073,250.900253,158.067154
544.322754,615.919189,252.743698,159.228531
545.145874,616.229370,250.852585,158.037125
546.382019,617.549500,250.852585,158.037125
546.382019,617.549500,250.852585,158.037125
544.123413,616.131104,252.721893,159.214783
543.922485,616.334961,252.509338,159.080887
545.668213,617.207275,252.509338,159.080887
545.668213,617.207275,252.509338,159.080887
544.405396,615.938477,252.509338,159.080887
544.405396,615.938477,252.509338,159.080887
545.225708,616.675903,249.934647,157.458832
545.255676,616.962708,249.218094,157.007401
544.553162,616.671997,250.860397,158.042053
545.926758,618.184692,250.860397,158.042053
545.926758,618.184692,250.860397,158.042053
544.924500,617.506470,250.860397,158.042053
544.924500,617.506470,250.860397,158.042053
544.595581,616.864990,250.860397,158.042053
544.595581,616.864990,250.860397,158.042053
546.507629,618.339111,250.860397,158.042053
546.507629,618.339111,250.860397,158.042053
543.482788,617.137573,253.201111,159.516693
542.815186,616.639404,253.201111,159.516693
542.815186,616.639404,253.201111,159.516693
544.225830,617.272888,253.201111,159.516693
544.225830,617.272888,253.201111,159.516693
544.686401,617.388184,253.201111,159.516693
544.686401,617.388184,253.201111,159.516693
545.049561,616.973267,253.201111,159.516693
545.049561,616.973267,253.201111,159.516693
545.056519,616.730225,253.286026,159.570190
543.781738,615.727173,253.286026,159.570190
543.781738,615.727173,253.286026,159.570190
543.585754,615.457275,253.286026,159.570190
543.585754,615.457275,253.286026,159.570190
544.722168,615.648376,250.860550,158.042145
545.785217,616.926208,250.860550,158.042145
545.785217,616.926208,250.860550,158.042145
545.431152,616.668091,252.344543,158.977066
545.736694,617.386536,252.344543,158.977066
545.736694,617.386536,252.344543,158.977066
545.267822,616.878357,254.056107,160.055344
545.002625,616.490295,254.056107,160.055344
545.002625,616.490295,254.056107,160.055344
544.731812,616.349365,254.056107,160.055344
544.731812,616.349365,254.056107,160.055344
545.108643,616.929749,253.914566,159.966187
544.955139,616.406860,253.914566,159.966187
544.955139,616.406860,253.914566,159.966187
544.936096,616.866821,253.914566,159.966187
544.936096,616.866821,253.914566,159.966187
545.224976,617.354797,253.914566,159.966187
545.224976,617.354797,253.914566,159.966187
545.211914,616.380127,253.914566,159.966187
545.211914,616.380127,253.914566,159.966187
544.986084,616.271240,253.914566,159.966187
544.986084,616.271240,253.914566,159.966187
545.061401,616.660889,253.914566,159.966187
545.061401,616.660889,253.914566,159.966187
545.155884,616.554443,253.914566,159.966187
545.155884,616.554443,253.914566,159.966187
544.802063,616.323059,254.209244,160.151825
545.068665,616.829651,254.209244,160.151825
545.068665,616.829651,254.209244,160.151825
