0.968405
0.052016
0.052293
0.051730
0.051585
0.051959
0.052382
0.051996
0.052122
0.052398
0.102517
0.051747
0.052114
0.051725
0.051985
0.050647
0.052399
0.051891
0.052010
0.052150
0.119321
0.052153
0.052235
0.051713
0.054014
0.052451
0.051820
0.052046
0.054492
0.052019
0.125710
0.052275
0.052493
0.054696
0.053890
0.053748
0.053419
0.053260
0.055139
0.054321
0.145434
0.052261
0.051924
0.051839
0.052171
0.052017
0.051994
0.052409
0.052022
0.051883
0.149161
0.052207
0.052120
0.051997
0.054615
0.055321
0.053619
0.053938
0.050321
0.050456
0.162437
0.050816
0.050053
0.050776
0.049978
0.050431
0.050364
0.050771
0.050829
0.050755
0.171062
0.050883
0.050795
0.050588
0.050684
0.051279
0.055020
0.053261
0.054165
0.055548
0.187911
0.052353
0.053940
0.053704
0.054123
0.054392
0.054199
0.053050
0.053327
0.055140
0.232861
0.051277
0.050726
0.051092
0.050658
0.050727
0.050686
0.050759
0.050786
0.050712
0.236818
0.051032
0.051221
0.050926
0.050824
0.050872
0.050728
0.050938
0.051057
0.050971
0.256301
0.051143
0.051643
0.052085
0.051524
0.051806
0.052176
0.052041
0.052119
0.052244
0.274623
0.052497
0.051821
0.052375
0.052304
0.051937
0.052099
0.051553
0.052355
0.052737
0.283629
0.052446
0.052316
0.052171
0.052052
0.052053
0.051989
0.052145
0.052130
0.051692
0.300411
0.052258
0.051829
0.052045
0.052164
0.051938
0.052559
0.051925
0.052386
0.051854
0.309850
0.052387
0.051988
0.052151
0.052292
0.052480
0.052098
0.052553
0.052214
0.051771
0.272653
0.051902
0.052150
0.051807
0.052204
0.052039
0.052320
0.051802
0.051975
0.052337
0.286737
0.051894
0.050641
0.051284
0.050762
0.052233
0.052012
0.052216
0.051623
0.052019
0.295338
0.052055
0.051873
0.051658
0.052274
0.051947
0.052190
0.052309
0.051836
0.051938
0.307673
0.050730
0.050344
0.050728
0.050459
0.050209
0.050565
0.050623
0.050376
0.050462
0.316235
0.050461
0.050448
0.050396
0.050462
0.050182
0.050717
0.050573
0.050557
0.050233
0.330842
0.050661
0.050433
0.050583
0.050491
0.050890
0.050516
0.050387
0.050298
0.050535
0.339561
0.050840
0.050670
0.050441
0.050757
0.050414
0.051995
0.050956
0.050324
0.050775
0.339473
0.050888
0.050587
0.050230
0.050272
0.050642
0.050768
0.050522
0.050525
0.050548
0.338559
0.051023
0.050443
0.050537
0.050447
0.050598
0.050270
0.050579
0.050421
0.050819
0.338964
0.050875
0.050763
0.050581
0.050882
0.050301
0.050468
0.050280
0.050521
0.050806
0.339217
0.050775
0.050234
0.050508
0.050678
0.050752
0.050588
0.050418
0.050666
0.050490
0.339165
0.050920
0.050414
0.050657
0.050786
0.050577
0.050904
0.050803
0.050954
0.052100
0.340709
0.051512
0.050892
0.050905
0.050699
0.050977
0.050748
0.051122
0.051224
0.051041
0.339303
0.051197
0.051744
0.053001
0.052357
0.054831
0.052371
0.051845
0.052184
0.052109
0.341305
0.052202
0.052301
0.052300
0.052495
0.052358
0.052423
0.052567
0.050572
0.050372
0.338773
0.050530
0.050328
0.050558
0.050706
0.050499
0.050325
0.050749
0.050428
0.050542
0.338989
0.051059
0.050507
0.050886
0.050559
0.050444
0.050549
0.050552
0.050503
0.050503
0.339220
0.050634
0.050808
0.050457
0.050672
0.050403
0.050296
0.050822
0.050829
0.050968
0.339270
0.050569
0.050752
0.050453
0.050777
0.050577
0.050510
0.050532
0.050559
0.050668
0.339516
0.050767
0.050617
0.050761
0.050345
0.053006
0.051291
0.050720
0.051477
0.051149
0.339145
0.050868
0.050672
0.051530
0.052500
0.052133
0.052251
0.052492
0.051814
0.052050
0.341411
0.052577
0.052498
0.052104
0.052227
0.052400
0.052328
0.052102
0.052146
0.052281
0.340904
0.052509
0.052187
0.050842
0.050730
0.050378
0.050755
0.050383
0.050944
0.052642
0.340550
0.051600
0.051080
0.051545
0.050908
0.051247
0.052433
0.052438
0.052552
0.052284
0.341087
0.052905
0.052205
0.051780
0.052258
0.052308
0.052362
0.052124
0.052067
0.052476
0.341200
0.052941
0.052480
0.052780
0.052011
0.052491
0.052182
0.052504
0.052152
0.052252
0.340793
0.052484
0.051960
0.052196
0.052297
0.051870
0.051993
0.052035
0.052161
0.052196
0.341494
0.052212
0.052385
0.051758
0.052013
0.051811
0.051922
0.051624
0.052354
0.052123
0.340678
0.052290
0.052273
0.051872
0.051995
0.052144
0.052309
0.052205
0.052408
0.052238
0.341078
0.054803
0.052738
0.050760
0.050904
0.050530
0.050679
0.051020
0.050923
0.050378
0.339403
0.050642
0.050419
0.050445
0.050674
0.050485
0.051067
0.051014
0.050887
0.050844
0.339913
0.050798
0.050570
0.050506
0.051117
0.050970
0.050331
0.050848
0.050350
0.050757
0.339168
0.050599
0.050843
0.050347
0.050610
0.050430
0.050230
0.050405
0.050508
0.050970
0.339470
0.051270
0.051301
0.051597
0.051064
0.050460
0.050357
0.050461
0.050585
0.050590
0.339339
0.050607
0.050677
0.050345
0.051629
0.052182
0.052088
0.051104
0.051310
0.052190
0.340444
0.052304
0.051836
0.052326
0.054272
0.050418
0.050817
0.050475
0.050342
0.050561
0.339290
0.050696
0.051465
0.051271
0.050568
0.051280
0.052340
0.052148
0.052188
0.052423
0.341192
0.052230
0.052123
0.051808
0.052462
0.054228
0.050838
0.050457
0.050635
0.050395
0.338905
0.050899
0.050662
0.050880
0.051376
0.051049
0.051060
0.050924
0.050659
0.050864
0.340014
0.051554
0.051296
0.051210
0.050665
0.050953
0.050496
0.051076
0.051035
0.050889
0.339755
0.050740
0.050610
0.050479
0.050358
0.050911
0.050961
0.050543
0.050258
0.050434
0.339426
0.050868
0.050617
0.050650
0.050610
0.050817
0.050750
0.051127
0.050652
0.051316
0.339879
0.050712
0.050988
0.050464
0.050553
0.050429
0.051025
0.050855
0.051050
0.051140
0.339573
0.050916
0.050577
0.050793
0.053110
0.051987
0.050789
0.050879
0.050799
0.050907
0.339575
0.050809
0.050419
0.051658
0.050630
0.050538
0.050375
0.050596
0.051087
0.050609
0.339747
0.050713
0.050470
0.051321
0.050345
0.050649
0.051294
0.050430
0.054415
0.052316
0.340903
0.050616
0.050514
0.050594
0.051317
0.051655
0.050884
0.050679
0.050649
0.050961
0.339646
0.050918
0.051093
0.052418
0.052653
0.052203
0.052266
0.051887
0.052181
0.051063
0.340549
0.051351
0.051209
0.051310
0.051119
0.051450
0.050441
0.050525
0.051056
0.050581
0.340396
0.050540
0.050460
0.051069
0.050419
0.050383
0.051015
0.050531
0.051048
0.050704
0.339140
0.050617
0.050873
0.051332
0.050881
0.051014
0.050665
0.051139
0.050710
0.050528
0.339074
0.051060
0.051062
0.050718
0.050666
0.050978
0.050553
0.050660
0.050755
0.050372
0.340074
0.050747
0.050787
0.050425
0.050429
0.050610
0.050964
0.050462
0.050729
0.050512
0.339269
0.051006
0.050586
0.050682
0.050595
0.050775
0.051185
0.050835
0.050695
0.051042
0.339293
0.051137
0.051049
0.051242
0.050975
0.051239
0.050586
0.051439
0.052228
0.052352
0.341038
0.052167
0.052225
0.052217
0.052201
0.052928
0.052115
0.052239
0.052446
0.051674
0.341111
0.050965
0.050689
0.050453
0.050406
0.050645
0.050382
0.050622
0.050069
0.050643
0.338742
0.050749
0.051015
0.050850
0.050964
0.050994
0.050694
0.050700
0.051799
0.050975
0.339776
0.051294
0.051710
0.052552
0.051990
0.052006
0.052328
0.052312
0.052382
0.052166
0.341225
0.052518
0.051989
0.051788
0.051919
0.052182
0.052191
0.052148
0.052083
0.052582
0.340916
0.052500
0.052184
0.052021
0.052580
0.053683
0.052097
0.052393
0.052716
0.053553
0.339240
0.050586
0.050737
0.050730
0.050711
0.050535
0.050242
0.054481
0.052348
0.051099
0.343793
0.051066
0.050594
0.050613
0.050737
0.050901
0.051923
0.052406
0.052023
0.052188
0.340619
0.052257
0.051753
0.053310
0.051280
0.050179
0.050396
0.050528
0.050937
0.050274
0.340039
0.052187
0.051114
0.052305
0.051330
0.051234
0.050927
0.051737
0.052104
0.051995
0.341141
0.052422
0.051544
0.052534
0.052348
0.052593
0.052738
0.052528
0.052216
0.052269
0.341297
0.052213
0.052086
0.052309
0.052026
0.052348
0.052419
0.052070
0.051717
0.052257
0.341535
0.052652
0.052166
0.051684
0.052375
0.052478
0.052166
0.052326
0.052506
0.051693
0.341077
0.052155
0.051880
0.052465
0.052523
0.050962
0.050775
0.050889
0.050641
0.050748
0.339610
0.051195
0.051074
0.051437
0.051603
0.053654
0.050965
0.051046
0.051050
0.050971
0.339442
0.051412
0.050960
0.050699
0.051107
0.051804
0.050646
0.051034
0.050995
0.050687
0.339454
0.051368
0.050784
0.051014
0.050799
0.050802
0.050912
0.050800
0.051117
0.050615
0.339513
0.052210
0.052530
0.052542
0.052249
0.052434
0.051990
0.051951
0.052136
0.052395
0.341035
0.052542
0.052449
0.052194
0.054447
0.052019
0.052330
0.052047
0.052155
0.052083
0.341009
0.052225
0.052192
0.052168
0.051753
0.051259
0.050740
0.050192
0.050606
0.050462
0.339038
0.050718
0.050553
0.050569
0.050323
0.050190
0.050452
0.050516
0.050333
0.050373
0.340143
0.050599
0.050661
0.050483
0.050894
0.050313
0.050509
0.050344
0.050401
0.050492
0.339435
0.050827
0.050496
0.050600
0.050535
0.050592
0.050136
0.050495
0.050625
0.051543
0.341041
0.051099
0.051039
0.051012
0.050782
0.050694
0.050811
0.051560
0.052024
0.052429
0.341600
0.052505
0.052104
0.052653
0.052603
0.052366
0.051995
0.052151
0.052205
0.052223
0.339174
0.050813
0.050611
0.051128
0.050778
0.050771
0.050952
0.051166
0.052242
0.051932
0.341137
0.051811
0.051952
0.052391
0.052083
0.051921
0.052238
0.052055
0.052139
0.051975
0.341377
0.051371
0.053728
0.052290
0.052093
0.052397
0.051952
0.052453
0.052518
0.050589
0.339462
0.050577
0.050400
0.050477
0.050763
0.050780
0.050694
0.050505
0.051020
0.052090
0.341117
0.052170
0.051958
0.052080
0.052284
0.052155
0.052020
0.050996
0.050688
0.050824
0.339265
0.051188
0.050592
0.050799
0.050962
0.051078
0.050723
0.050838
0.051301
0.050900
0.339755
0.050867
0.051002
0.050980
0.050997
0.051123
0.051204
0.050913
0.050901
0.051176
0.339533
0.052061
0.052242
0.051966
0.052083
0.052017
0.051817
0.052229
0.051964
0.052176
0.338988
0.050720
0.050572
0.050339
0.050453
0.050663
0.050927
0.050359
0.050483
0.050235
0.339377
0.050572
0.050617
0.050373
0.050140
0.050706
0.049904
0.050576
0.050771
0.050834
0.338873
0.050484
0.050584
0.050241
0.050841
0.050577
0.050384
0.050751
0.050688
0.050612
0.338886
0.050696
0.050376
0.050369
0.050370
0.050860
0.050136
0.050169
0.050479
0.050285
0.339653
0.050412
0.050126
0.050404
0.050391
0.050675
0.050609
0.050448
0.050760
0.050225
0.339413
0.050777
0.050487
0.050639
0.050554
0.050308
0.050169
0.050378
0.050782
0.050368
0.338812
0.050924
0.050417
0.050239
0.050402
0.050358
0.050514
0.050679
0.050295
0.050564
0.339815
0.050584
0.050289
0.050311
0.050661
0.050557
0.050596
0.050341
0.050543
0.050274
0.339304
0.050531
0.050644
0.050806
0.050445
0.050709
0.050398
0.050849
0.050458
0.050713
0.339566
0.050966
0.050472
0.050658
0.051155
0.050629
0.050778
0.051034
0.051135
0.050943
0.339333
0.051163
0.050872
0.050993
0.051539
0.051654
0.051924
0.052011
0.052097
0.052144
0.340104
0.052021
0.052295
0.052485
0.050285
0.050346
0.050649
0.050707
0.050601
0.051157
0.339377
0.050590
0.050690
0.050466
0.050704
0.050734
0.050734
0.050750
0.051525
0.052207
0.340805
0.052369
0.051975
0.052176
0.052481
0.051870
0.052239
0.050749
0.053592
0.050803
0.340277
0.055247
0.054460
0.054111
0.054677
0.054476
0.054473
0.055960
0.052450
0.050398
0.338991
0.051416
0.050712
0.052859
0.052194
0.053979
0.053161
0.052601
0.054478
0.052280
0.340048
0.052759
0.053961
0.053942
0.053900
0.054387
0.054313
0.052109
0.052680
0.051342
0.340509
0.051458
0.050962
0.051139
0.051325
0.051177
0.050749
0.051688
0.050961
0.052382
0.342365
0.051229
0.052342
0.051265
0.051243
0.050785
0.051417
0.052109
0.055856
0.055749
0.345277
0.051477
0.053928
0.050921
0.051396
0.051082
0.051150
0.051271
0.051552
0.053804
0.340520
0.051628
0.051437
0.050936
0.050897
0.050927
0.051449
0.051433
0.051773
0.051085
0.341082
0.051472
0.050673
0.051327
0.052118
0.052845
0.054567
0.056090
0.054138
0.054304
0.344187
0.052107
0.051992
0.051230
0.050984
0.051064
0.051067
0.051110
0.051276
0.051226
0.341666
0.051381
0.051142
0.051618
0.051203
0.053045
0.050993
0.050935
0.051207
0.051213
0.340271
0.051205
0.051129
0.051228
0.051303
0.051491
0.051526
0.051041
0.050749
0.051113
0.339942
0.051003
0.050920
0.051073
0.051103
0.051179
0.050689
0.051047
0.051152
0.051281
0.339787
0.053635
0.050863
0.050801
0.050986
0.050991
0.050959
0.051232
0.050974
0.050992
0.339752
0.050937
0.050990
0.051168
0.050806
0.051160
0.050811
0.050935
0.051375
0.050893
0.339977
0.050973
0.051152
0.051019
0.050796
0.051224
0.051162
0.051263
0.050967
0.050944
0.339577
0.051370
0.051168
0.050917
0.050692
0.052289
0.053903
0.054404
0.052137
0.051067
0.341349
0.052571
0.051959
0.051698
0.050769
0.050342
0.050423
0.050633
0.050650
0.052132
0.341010
0.051427
0.051762
0.052282
0.051702
0.052485
0.052281
0.054482
0.054110
0.051953
0.338806
0.052377
0.050944
0.051133
0.051261
0.052447
0.051860
0.054627
0.054110
0.051742
0.341090
0.051898
0.052052
0.052758
0.053260
0.051100
0.050896
0.050638
0.050879
0.051101
0.339503
0.051478
0.050721
0.050888
0.050544
0.053918
0.050529
0.050731
0.050460
0.050496
0.339515
0.051575
0.050815
0.050922
0.050974
0.050923
0.050839
0.050975
0.051069
0.051276
0.339656
0.051315
0.050586
0.051224
0.051231
0.051262
0.051043
0.051066
0.050899
0.050774
0.339225
0.051196
0.050819
0.051483
0.050441
0.050858
0.052296
0.053428
0.055044
0.050577
0.339580
0.050921
0.051301
0.050964
0.051033
0.051142
0.051956
0.051813
0.053633
0.052327
0.341408
0.052732
0.050667
0.050738
0.050427
0.050503
0.050737
0.050419
0.050182
0.050785
0.342343
0.051164
0.050842
0.051262
0.051501
0.050722
0.050872
0.050682
0.051293
0.051186
0.340094
0.051251
0.051100
0.050904
0.051045
0.051063
0.050897
0.050848
0.051957
0.053522
0.341110
0.052228
0.052237
0.050933
0.050318
0.050649
0.050607
0.050802
0.050563
0.052047
0.339248
0.050799
0.050548
0.050536
0.050664
0.050671
0.052901
0.051478
0.050404
0.052453
0.339555
0.050571
0.050521
0.050645
0.050367
0.050446
0.050661
0.050741
0.050714
0.050566
0.339314
0.050740
0.050602
0.050871
0.051023
0.050874
0.050681
0.052069
0.054115
0.054029
0.341123
0.052565
0.052264
0.052055
0.051891
0.054239
0.054300
0.053869
0.052733
0.052318
0.339561
0.051567
0.050728
0.051041
0.050867
0.050487
0.050921
0.052418
0.051893
0.051105
0.339601
0.050709
0.051094
0.051120
0.050995
0.050915
0.051216
0.051275
0.051300
0.053028
0.341672
0.052126
0.052203
0.052402
0.052127
0.052425
0.052026
0.050798
0.050241
0.050510
0.339133
0.051034
0.050589
0.050221
0.050594
0.050689
0.051993
0.050785
0.050892
0.051141
0.339814
0.051734
0.051240
0.051758
0.052448
0.052534
0.051661
0.052176
0.054390
0.052033
0.340807
0.052629
0.051765
0.050389
0.050259
0.050796
0.050415
0.050667
0.050406
0.050802
0.339183
0.050784
0.050791
0.050864
0.050398
0.050525
0.050304
0.050462
0.050816
0.052343
0.345917
0.051167
0.050921
0.050999
0.050881
0.050869
0.051338
0.054681
0.051667
0.050897
0.340614
0.050935
0.051520
0.050781
0.052037
0.050788
0.050960
0.050473
0.050883
0.051003
0.341535
0.051085
0.050491
0.050473
0.050340
0.050560
0.051328
0.050532
0.050571
0.050584
0.339252
0.050533
0.050590
0.051023
0.050381
0.050405
0.050891
0.050199
0.050329
0.050619
0.339376
0.050897
0.050961
0.050987
0.050800
0.050591
0.050821
0.050968
0.050554
0.051932
0.341137
0.051366
0.050960
0.051507
0.051017
0.051944
0.051393
0.052694
0.052613
0.053365
0.341185
0.052591
0.052342
0.052165
0.051933
0.052192
0.051928
0.052010
0.052467
0.053017
0.341148
0.052099
0.051975
0.051929
0.052036
0.052459
0.052459
0.051722
0.050887
0.050957
0.340213
0.051400
0.051258
0.051642
0.051314
0.051075
0.051538
0.051217
0.055442
0.055889
0.344944
0.051269
0.050827
0.051135
0.051081
0.055140
0.054344
0.054214
0.054303
0.054199
0.343659
0.054267
0.054224
0.054115
0.053861
0.054216
0.053882
0.054992
0.054021
0.054200
0.343472
0.054433
0.054040
0.053966
0.053888
0.054621
0.066051
0.076829
0.054222
0.054966
0.343548
0.054887
0.054317
0.055469
0.054283
0.054679
0.054067
0.054054
0.054242
0.058615
0.340945
0.052028
0.050687
0.050902
0.050685
0.050932
0.050625
0.050953
0.051934
0.052356
0.341519
0.052433
0.051319
0.050648
0.050836
0.052704
0.052209
0.051112
0.050761
0.050777
0.340350
0.050745
0.050589
0.050622
0.051007
0.050486
0.050631
0.050676
0.050769
0.050621
0.339073
0.050617
0.050466
0.050650
0.050625
0.050438
0.050683
0.050540
0.050311
0.050518
0.338975
0.051004
0.051187
0.052223
0.052469
0.052611
0.052035
0.051966
0.052076
0.052336
0.341321
0.052304
0.051962
0.052295
0.052481
0.052096
0.052261
0.052478
0.050943
0.050218
0.339597
0.050805
0.050626
0.050680
0.050792
0.050538
0.050887
0.050586
0.050529
0.050674
0.338919
0.050673
0.050655
0.050727
0.050359
0.050992
0.050767
0.050437
0.050935
0.050342
0.339594
0.050864
0.050819
0.050330
0.050636
0.050582
0.050661
0.050129
0.050611
0.050882
0.339144
0.050703
0.051036
0.050657
0.050745
0.050806
0.050728
0.052869
0.052154
0.052390
0.341746
0.052277
0.052165
0.051490
0.050456
0.051260
0.050564
0.050611
0.050525
0.050729
0.339146
0.051079
0.051726
0.050979
0.050959
0.050979
0.050531
0.052424
0.051861
0.052256
0.341691
0.052340
0.052508
0.052521
0.052376
0.052451
0.052044
0.052484
0.052240
0.052184
0.340873
0.052596
0.051383
0.050576
0.050637
0.050655
0.050852
0.051046
0.050684
0.050963
0.339503
0.051088
0.051246
0.050493
0.050805
0.050678
0.051370
0.050748
0.051272
0.050710
0.339417
0.050574
0.050312
0.050763
0.050569
0.051184
0.051190
0.051040
0.050958
0.050665
0.340007
0.051781
0.051388
0.051033
0.051151
0.051266
0.050733
0.051273
0.051036
0.051305
0.339966
0.050785
0.050494
0.050571
0.050624
0.051187
0.050882
0.050978
0.051081
0.051309
0.339109
0.051268
0.050985
0.050993
0.050901
0.051075
0.053702
0.052508
0.051478
0.050971
0.339343
0.050834
0.051282
0.050550
0.050875
0.051077
0.050886
0.050594
0.050647
0.050694
0.339556
0.050667
0.050958
0.050371
0.050332
0.050795
0.050674
0.051116
0.050867
0.050520
0.339715
0.050596
0.050549
0.050243
0.051020
0.051112
0.051043
0.051371
0.050424
0.051707
0.340287
0.050600
0.050278
0.052368
0.051903
0.052438
0.052463
0.051964
0.052074
0.052521
0.340878
0.051575
0.050873
0.051301
0.051209
0.051039
0.051213
0.050793
0.051614
0.050757
0.339929
0.051155
0.053184
0.050774
0.051392
0.050721
0.050810
0.051150
0.051215
0.051041
0.339456
0.051385
0.051034
0.051888
0.051423
0.050480
0.050676
0.051204
0.051448
0.050448
0.339083
0.050852
0.051186
0.050471
0.050847
0.050536
0.051175
0.050935
0.050720
0.050973
0.339486
0.050927
0.050637
0.051435
0.050666
0.050982
0.050728
0.050961
0.051260
0.050706
0.340331
0.051469
0.050992
0.051239
0.051379
0.051026
0.050723
0.051256
0.051968
0.051017
0.339716
0.051447
0.051218
0.051443
0.050536
0.050785
0.050790
0.050643
0.051301
0.050767
0.339960
0.050865
0.050646
0.050955
0.051361
0.050684
0.050961
0.051161
0.050947
0.050679
0.339373
0.050897
0.051114
0.051054
0.051143
0.051270
0.050923
0.051073
0.050569
0.050801
0.339576
0.050745
0.050775
0.050989
0.050327
0.050965
0.050635
0.050663
0.050923
0.051211
0.340436
0.051010
0.050629
0.051049
0.051094
0.050929
0.051113
0.051078
0.050833
0.051591
0.339444
0.051249
0.050485
0.050364
0.050532
0.053163
0.052131
0.051169
