0.13396
0.061465
0.058976
0.061386
0.062715
0.064222
0.063526
0.062112
0.05049
0.047161
0.046726
0.047133
0.048314
0.047833
0.047878
0.046337
0.047247
0.046947
0.049177
0.05085
0.04966
0.051258
0.052244
0.050928
0.050659
0.052488
0.05133
0.051344
0.050595
0.049021
0.049233
0.050076
0.048762
0.048778
0.046097
0.048619
0.046187
0.046899
0.046634
0.047813
0.045162
0.043184
0.045147
0.044402
0.045739
0.044053
0.047055
0.042913
0.044215
0.043816
0.04252
0.042873
0.044086
0.042482
0.043232
0.045322
0.046314
0.044117
0.047688
0.043665
0.04424
0.043215
0.046862
0.044377
0.045051
0.045731
0.045291
0.046975
0.044254
0.046121
0.046295
0.048354
0.048262
0.048102
0.049217
0.048951
0.051601
0.048224
0.04445
0.046157
0.044635
0.045674
0.047007
0.044942
0.042452
0.042807
0.04294
0.041387
0.042286
0.042745
0.042407
0.040508
0.04041
0.043294
0.043648
0.045842
0.045368
0.044739
0.046876
0.044761
0.046455
0.046025
0.046519
0.045724
0.045561
0.046667
0.048447
0.049315
0.049185
0.048599
0.050725
0.048505
0.051531
0.052767
0.050687
0.050153
0.049002
0.049693
0.049466
0.056693
0.052755
0.052498
0.050953
0.050748
0.049965
0.048791
0.05325
0.049769
0.050335
0.054137
0.056006
0.05556
0.052365
0.057186
0.05346
0.052306
0.05588
0.050592
0.050735
0.049055
0.0483
0.047818
0.047545
0.04791
0.048718
0.046404
0.049907
0.051306
0.047883
0.047486
0.048831
0.047658
0.049236
0.050207
0.053061
0.051927
0.051769
0.052613
0.052919
0.054565
0.055305
0.056383
0.055729
0.059427
0.056633
0.053859
0.058254
0.055653
0.05716
0.056443
0.053844
0.052375
0.05165
0.051668
0.054093
0.050299
0.054623
0.052758
0.055277
0.056705
0.051937
0.053526
0.051643
0.05114
0.051275
0.051444
0.052347
0.049191
0.048949
0.052293
0.051557
0.048937
0.046881
0.048867
0.048671
0.049717
0.049913
0.048925
0.04786
0.048285
0.047721
0.048164
0.046961
0.049586
0.046548
0.047511
0.046104
0.048057
0.047654
0.048027
0.051439
0.050114
0.049945
0.050591
0.050043
0.049733
0.047223
0.048086
0.048352
0.046882
0.04811
0.048191
0.048709
0.051365
0.046872
0.047563
0.048107
0.048889
0.049428
0.050873
0.053085
0.053914
0.05137
0.053599
0.052777
0.050485
0.051173
0.051511
0.051692
0.050326
0.051066
0.050513
0.051387
0.05363
0.054193
0.050376
0.050593
0.053148
0.054475
0.052823
0.051233
0.051525
0.05062
0.050124
0.051104
0.050538
0.052877
0.047
0.047739
0.051701
0.047208
0.048456
0.050684
0.047874
0.051925
0.048984
0.047307
0.045936
0.045426
0.049455
0.047456
0.047886
0.049285
0.048714
0.049077
0.049783
0.048573
0.049043
0.049516
0.051979
0.049183
0.049875
0.053501
0.0508
0.049649
0.049148
0.050417
0.05059
0.048736
0.052711
0.054339
0.051776
0.04908
0.045998
0.0483
0.046531
0.045267
0.048188
0.044644
0.045075
0.044603
0.044518
0.044401
0.043662
0.043576
0.042368
0.045795
0.044234
0.044222
0.044601
0.042444
0.042945
0.042971
0.044302
0.047072
0.051363
0.048154
0.045169
0.048147
0.045182
0.045551
0.043223
0.04372
0.043108
0.045406
0.045221
0.046515
0.048244
0.046475
0.048528
0.047656
0.047534
0.047661
0.047572
0.046666
0.048237
0.049622
0.04969
0.049903
0.047546
0.05076
0.050294
0.049223
0.049847
0.046866
0.049521
0.048065
0.046581
0.047695
0.047645
0.04955
0.048245
0.050786
0.049747
0.048027
0.048142
0.048275
0.048084
0.048813
0.048902
0.047521
0.048533
0.046602
0.048716
0.046589
0.048937
0.048156
0.048001
0.048973
0.047861
0.04854
0.049816
0.051307
0.048959
0.050675
0.046824
0.047332
0.047342
0.046742
0.048133
0.04822
0.04475
0.045384
0.045956
0.047124
0.044519
0.044621
0.044289
0.046476
0.045877
0.044942
0.045899
0.043587
0.043997
0.045193
0.044063
0.047766
0.044691
0.045269
0.046923
0.047139
0.04489
0.044523
0.04608
0.046465
0.045764
0.046161
0.048313
0.044708
0.044602
0.046176
0.04664
0.044725
0.044821
0.046982
0.048346
0.046281
0.046898
0.045398
0.047571
0.047752
0.044078
0.046713
0.045517
0.048315
0.049615
0.046388
0.046541
0.045103
0.046921
0.047116
0.046526
0.043973
0.043244
0.045998
0.045061
0.04401
0.046277
0.044748
0.047639
0.045154
0.046222
0.047767
0.04938
0.045674
0.045984
0.046
0.047335
0.045005
0.046778
0.047291
0.046109
0.048279
0.044779
0.048684
0.049065
0.046282
0.047936
0.047063
0.046769
0.046971
0.046721
0.044698
0.045445
0.047073
0.050468
0.048724
0.050809
0.047252
0.048306
0.046243
0.046914
0.047112
0.047488
0.047961
0.047292
0.048765
0.050217
0.048558
0.049929
0.050109
0.046316
0.04646
0.046979
0.049655
0.045166
0.046263
0.045711
0.046713
0.04696
0.04695
0.047587
0.047145
0.046938
0.048188
0.048038
0.046661
0.047756
0.047245
0.046095
0.048514
0.048589
0.047416
0.048247
0.048858
0.045157
0.048959
0.048761
0.045956
0.046258
0.04624
0.045988
0.048093
0.046688
0.048596
0.05091
0.048016
0.047399
0.047597
0.049794
0.049313
0.050967
0.05312
0.053741
0.050651
0.05402
0.054239
0.051798
0.049727
0.049534
0.04816
0.05281
0.050739
0.051135
0.048749
0.048494
0.048771
0.052312
0.047403
0.049814
0.044302
0.047948
0.050562
0.047042
0.049326
0.049483
0.048992
0.049965
0.047916
0.049318
0.048961
0.048328
0.047841
0.047786
0.049344
0.04797
0.051816
0.048681
0.048609
0.048716
0.049484
0.04928
0.050085
0.047491
0.049503
0.049118
0.051721
0.053629
0.048662
0.048947
0.047273
0.046473
0.04792
0.050795
0.050193
0.046923
0.048586
0.046421
0.048896
0.046486
0.047494
0.047104
0.045564
0.046419
0.049591
0.048776
0.04751
0.045853
0.045868
0.046726
0.046904
0.046379
0.045696
0.045647
0.046384
0.046105
0.043816
0.044992
0.044906
0.045752
0.043403
0.045525
0.049651
0.045139
0.045616
0.045272
0.043855
0.045259
0.044411
0.045603
0.044555
0.04514
0.047355
0.04522
0.046146
0.045832
0.049256
0.047385
0.0515
0.050189
0.051455
0.052678
0.048913
0.0504
0.050562
0.04931
0.05309
0.053772
0.052073
0.050859
0.051569
0.051453
0.054414
0.056983
0.053535
0.054038
0.056444
0.052382
0.049144
0.053391
0.054092
0.052495
0.052216
0.05268
0.052493
0.051945
0.051066
0.050414
0.052
0.048679
0.050384
0.050722
0.051347
0.052558
0.051165
0.052134
0.054581
0.052296
0.055383
0.05061
0.050644
0.050156
0.050643
0.051612
0.05499
0.050961
0.050565
0.052379
0.052155
0.050287
0.053411
0.049163
0.053356
0.050228
0.05174
0.0521
0.051037
0.051116
0.050874
0.053908
0.054463
0.051455
0.052559
0.052041
0.049581
0.047771
0.055436
0.051686
0.050172
0.048744
0.049865
0.051283
0.049541
0.048301
0.047069
0.048165
0.051129
0.049647
0.050412
0.049315
0.047921
0.049912
0.049185
0.05268
0.050348
0.051363
0.05101
0.047872
0.048871
0.049539
0.047551
0.046432
0.045617
0.047095
0.045595
0.046778
0.046024
0.04677
0.048749
0.048407
0.047304
0.050202
0.046197
0.047624
0.049999
0.047889
0.047724
0.048125
0.050333
0.049207
0.050724
0.05162
0.049514
0.048719
0.048425
0.047207
0.049466
0.049255
0.053403
0.053104
0.05184
0.051417
0.050964
0.050392
0.053766
0.0505
0.050964
0.051158
0.053576
0.050578
0.050102
0.049434
0.050982
0.050062
0.054088
0.05406
0.050764
0.050778
0.048818
0.048534
0.051229
0.051964
0.050748
0.051188
0.052515
0.050701
0.048565
0.04863
0.048379
0.050341
0.049657
0.050872
0.051275
0.049999
0.052841
0.05097
0.051213
0.05046
0.050058
0.048666
0.047186
0.049517
0.051156
0.047427
0.04802
0.04752
0.045922
0.047145
0.047232
0.045105
0.045889
0.045278
0.046281
0.045353
0.045743
0.047181
0.048931
0.04712
0.046987
0.047692
0.045975
0.048743
0.04704
0.046122
0.047636
0.049014
0.046908
0.044141
0.04684
0.047832
0.043588
0.045646
0.04657
0.046005
0.049471
0.047452
0.049138
0.046751
0.05031
0.046966
0.047897
0.050504
0.045695
0.047078
0.050043
0.047652
0.045329
0.049764
0.046537
0.045769
0.048419
0.048768
0.046209
0.046882
0.046325
0.046521
0.04686
0.046221
0.04709
0.048462
0.046729
0.044621
0.047435
0.044021
0.043712
0.042489
0.041916
0.041883
0.040593
0.040381
0.03927
0.038639
0.037721
0.039115
0.041129
0.038831
0.038107
0.03816
0.037102
0.039802
0.038567
0.039596
0.040583
0.040386
0.03925
0.038608
0.036548
0.038137
0.035722
0.036144
0.035578
0.036677
0.036686
