505.000000,314.000000,58.000000,53.000000
498.238220,312.628662,58.000000,53.000000
499.256714,313.527283,58.000000,53.000000
503.117920,316.803986,58.000000,53.000000
504.173584,318.151642,58.000000,53.000000
509.094421,319.363678,55.747787,50.941944
512.152100,315.636475,58.000000,53.000000
511.838898,311.926849,59.160000,54.060001
514.203247,314.439728,61.550064,56.244022
517.902710,314.197144,59.160000,54.060001
519.368835,312.936493,60.343201,55.141201
520.715393,314.835236,59.160000,54.060001
516.288513,316.249969,59.160000,54.060001
517.537720,320.670197,59.160000,54.060001
516.590820,324.568695,58.000000,53.000000
521.082764,326.926300,58.000000,53.000000
526.649048,320.323975,58.000000,53.000000
526.448853,307.711761,58.000000,53.000000
519.751282,294.261475,56.862743,51.960785
511.305267,289.660400,56.862743,51.960785
515.993164,295.022766,55.747787,50.941944
506.970367,286.675049,54.654694,49.943085
500.312500,281.571960,58.000000,53.000000
483.193787,277.674591,56.862743,51.960785
454.162018,271.408844,56.862743,51.960785
430.463562,256.315399,58.000000,53.000000
428.546570,247.216293,60.343201,55.141201
451.774017,239.557465,59.160000,54.060001
471.583099,244.253418,59.160000,54.060001
472.173157,239.139343,59.160000,54.060001
477.023712,235.265137,59.160000,54.060001
485.467651,235.489899,58.000000,53.000000
478.906281,235.068695,59.160000,54.060001
469.389923,236.307739,58.000000,53.000000
455.142761,234.990936,58.000000,53.000000
445.291656,233.872070,45.491539,41.569855
421.970062,226.175781,44.821247,40.957348
451.328247,132.539078,45.491539,41.569855
464.348907,309.314209,53.269123,48.676960
426.218567,130.097214,44.493458,40.657814
449.400208,302.930878,53.940269,49.290249
447.490265,303.778564,52.590538,48.056870
410.475891,125.811569,44.493458,40.657814
413.527618,125.442238,44.821247,40.957348
415.945709,123.804344,44.821247,40.957348
448.812256,297.030029,53.615028,48.993042
355.438721,209.240845,42.796741,39.107368
341.975342,214.318466,43.472733,39.725086
459.061127,294.313232,53.269123,48.676960
460.877838,293.604462,53.940269,49.290249
466.108093,292.711182,53.615028,48.993042
468.170410,295.860138,53.269123,48.676960
470.091125,297.916168,53.269123,48.676960
472.101379,301.363373,52.927654,48.364925
471.631683,297.650421,52.927654,48.364925
471.812378,287.968719,53.269123,48.676960
474.294861,284.606110,53.269123,48.676960
395.117188,326.568024,41.775932,38.174557
479.423492,277.591888,53.615028,48.993042
482.219940,277.200653,53.940269,49.290249
401.515808,326.114502,43.472733,39.725086
404.733795,327.710083,43.802197,40.026146
405.050995,325.200043,44.153553,40.347210
406.256836,319.259521,44.153553,40.347210
407.358612,323.654419,44.493458,40.657814
406.753632,321.655457,44.493458,40.657814
405.285126,320.925446,44.493458,40.657814
406.456604,325.400757,44.656750,40.807030
405.679230,330.982941,44.493458,40.657814
439.209167,138.972336,53.615028,48.993042
434.460785,153.455170,53.940269,49.290249
412.901337,113.642853,55.308132,50.540192
402.676147,327.881714,49.547363,45.276039
424.897461,115.105133,56.304920,51.451046
412.607300,331.945007,44.153553,40.347210
413.540588,326.840332,43.802197,40.026146
416.278534,327.575104,44.153553,40.347210
422.570221,327.582123,44.153553,40.347210
420.860168,325.092896,44.153553,40.347210
421.496552,326.342072,43.802197,40.026146
-3.411495,169.907272,58.000000,53.000000
155.509247,298.340942,36.708160,33.543663
192.298798,305.194031,36.708160,33.543663
382.100525,346.884888,48.876957,44.663425
288.997742,194.851852,47.181225,43.113876
289.213928,209.864624,47.530426,43.432976
284.560120,186.535156,48.204338,44.048790
274.490112,190.319458,48.876957,44.663425
262.837646,193.602402,48.876957,44.663425
299.685791,228.198868,49.547363,45.276039
295.617767,225.303970,49.209877,44.967648
287.284760,229.030334,49.209877,44.967648
242.702942,190.802521,49.889511,45.588692
197.302109,207.231949,43.802197,40.026146
290.700226,192.158859,45.834259,41.883030
287.284393,194.918747,46.182182,42.200958
319.792938,232.653976,45.834259,41.883030
196.767227,191.845810,52.927654,48.364925
236.399551,386.677704,42.450974,38.791405
233.076599,241.143539,52.257687,47.752712
228.259949,241.027710,52.590538,48.056870
216.731110,243.621262,52.257687,47.752712
215.179657,244.404083,52.590538,48.056870
225.538239,241.591309,52.590538,48.056870
231.580734,242.737091,52.590538,48.056870
141.399643,264.372742,27.588066,25.209785
130.599930,223.651062,52.257687,47.752712
132.159485,223.076279,49.889511,45.588692
149.251755,244.515320,49.209877,44.967648
166.419846,194.513504,54.628544,49.919186
152.456116,246.787369,24.552677,22.436066
220.797989,254.907959,52.927654,48.364925
241.186691,418.508606,58.677158,53.618782
129.606339,148.830643,27.588066,25.209785
239.661575,250.212067,51.581436,47.134762
239.599640,242.029510,51.929020,47.452381
252.394989,235.028900,51.929020,47.452381
262.321716,239.179810,51.929020,47.452381
184.498962,138.897552,26.241543,23.979342
286.394073,243.119293,51.581436,47.134762
199.844437,150.310486,25.730440,23.512299
301.135895,236.250092,50.566055,46.206913
209.479279,139.309631,25.900515,23.667713
197.338287,118.525238,12.388168,11.320223
306.183807,236.871765,49.889511,45.588692
302.290833,118.139542,49.209877,44.967648
306.014954,233.228058,48.204338,44.048790
203.894470,140.709106,33.554138,30.661539
245.599869,214.538055,43.472733,39.725086
268.934631,220.872025,24.885683,22.740366
251.523987,215.279922,24.552677,22.436066
252.688126,212.709732,24.213238,22.125891
171.104126,128.969498,43.472733,39.725086
137.582092,447.900360,49.209877,44.967648
135.656464,443.446869,49.209877,44.967648
135.502289,445.055511,49.209877,44.967648
134.955551,444.406372,49.209877,44.967648
225.660065,142.245148,26.241543,23.979342
281.375519,231.277328,47.530426,43.432976
379.564270,203.801804,48.548508,44.363293
380.079468,205.483093,49.209877,44.967648
290.403046,247.614685,24.885683,22.740366
275.383850,190.961472,54.628544,49.919186
258.821503,227.258911,50.900043,46.512108
285.707336,246.353516,25.227848,23.053034
284.791565,241.496140,25.562582,23.358912
286.864380,248.751480,25.562582,23.358912
280.313660,249.269638,26.579443,24.288113
285.502838,250.837280,27.256308,24.906626
286.775909,250.475418,26.913620,24.593481
286.450348,247.691589,24.885683,22.740366
286.523254,247.131470,24.885683,22.740366
288.861115,209.824539,61.388210,56.096123
275.799744,217.028000,62.720566,57.313618
201.434067,125.622421,58.000000,53.000000
173.061646,147.146042,41.107395,37.563656
271.350830,231.535950,64.076500,58.552662
291.137970,134.368118,68.805954,62.874405
312.550781,140.252899,68.805954,62.874405
280.764038,280.497986,27.256308,24.906626
262.841583,276.841919,59.707645,54.560432
281.176971,288.161621,25.900515,23.667713
351.818604,254.186142,62.382084,57.004318
362.531616,247.442215,62.382084,57.004318
368.069122,237.154938,63.062740,57.626297
456.746887,123.024330,73.533081,67.194023
480.245026,123.475044,74.241493,67.841362
413.767914,219.428009,63.408669,57.942402
414.360565,218.094238,63.408669,57.942402
426.314056,211.698090,63.758411,58.261997
459.017670,210.642487,64.758545,59.175911
300.951782,239.945938,25.562582,23.358912
138.595459,443.405365,48.876957,44.663425
294.382385,242.020432,25.900515,23.667713
146.090530,444.405182,49.547363,45.276039
145.078018,442.108185,48.876957,44.663425
292.201691,257.716278,25.562582,23.358912
286.670990,267.509888,25.562582,23.358912
280.991699,260.548523,25.562582,23.358912
279.823914,267.125824,25.562582,23.358912
272.204742,276.312317,25.227848,23.053034
256.939423,279.725464,25.562582,23.358912
259.355713,280.063477,25.562582,23.358912
255.643753,283.106354,25.562582,23.358912
254.503830,291.241638,25.562582,23.358912
251.722427,297.713135,25.562582,23.358912
575.454895,92.962219,80.665733,73.711792
252.092667,299.219910,25.562582,23.358912
243.161133,300.824646,25.562582,23.358912
248.997696,299.265778,25.562582,23.358912
250.999710,306.116821,25.562582,23.358912
246.559113,309.779907,25.227848,23.053034
241.153366,310.628204,25.562582,23.358912
239.090530,309.317200,25.562582,23.358912
230.069839,314.759064,25.562582,23.358912
235.738770,316.695862,25.562582,23.358912
145.651138,225.163666,25.900515,23.667713
229.144455,313.532837,25.562582,23.358912
563.599182,121.179024,73.533081,67.194023
225.937836,318.639740,25.562582,23.358912
222.217987,325.502869,25.562582,23.358912
128.928574,246.364853,26.913620,24.593481
212.091293,333.731262,25.562582,23.358912
206.837067,338.782379,25.562582,23.358912
535.818237,165.854446,33.671425,30.768715
530.175781,166.055695,33.671425,30.768715
203.503143,348.313324,25.900515,23.667713
525.209961,432.189667,66.471535,60.741230
505.831573,160.488510,32.662899,29.847132
500.641510,161.627457,32.662899,29.847132
495.523346,166.903961,32.324944,29.538311
497.760040,161.120071,32.662899,29.847132
494.755219,162.816650,32.324944,29.538311
497.873962,162.355850,32.324944,29.538311
499.982391,137.934219,32.662899,29.847132
198.103119,320.169006,25.562582,23.358912
503.669464,99.188286,33.671425,30.768715
506.765594,90.977730,34.008236,31.076492
206.240280,305.766724,25.900515,23.667713
513.244141,80.319313,34.351856,31.390490
514.561218,70.217232,35.028484,32.008789
517.847717,70.263374,35.028484,32.008789
213.837341,286.230347,25.900515,23.667713
382.761292,48.170486,77.268715,70.607620
386.960632,45.691879,78.957649,72.150955
391.801605,43.943661,79.610191,72.747246
394.758057,45.787525,81.004906,74.021721
394.770599,51.923725,81.691872,74.649467
224.190079,272.402740,26.241543,23.979342
226.168991,272.190308,25.900515,23.667713
226.332245,272.429321,25.900515,23.667713
225.906052,264.671021,25.900515,23.667713
228.327438,270.116394,25.900515,23.667713
539.369690,36.119926,36.373192,33.237572
539.361084,34.913013,36.373192,33.237572
231.490540,272.612671,26.241543,23.979342
233.705750,271.419800,25.900515,23.667713
237.829468,265.584259,25.900515,23.667713
238.120758,264.999023,26.241543,23.979342
480.352570,37.079529,80.665733,73.711792
234.432358,266.709900,25.900515,23.667713
229.600250,267.042358,26.241543,23.979342
225.853622,272.010712,25.900515,23.667713
218.466217,274.810944,26.241543,23.979342
422.515961,17.808300,72.518196,66.266624
400.553650,28.863192,70.184578,64.134186
208.337830,301.237732,25.900515,23.667713
492.246613,62.561749,34.515976,31.540461
388.869049,38.035549,66.471535,60.741230
489.179321,59.659546,34.008236,31.076492
381.145569,39.956264,64.758545,59.175911
195.216660,315.470154,25.900515,23.667713
475.915314,84.681671,33.331604,30.458189
473.987762,93.218765,32.998573,30.153868
472.691620,95.540833,32.662899,29.847132
475.778137,116.405724,32.324944,29.538311
473.756470,122.909203,32.324944,29.538311
473.491730,121.488487,32.324944,29.538311
473.194305,121.657570,32.324944,29.538311
475.606079,125.131721,32.324944,29.538311
469.046204,115.162315,32.324944,29.538311
471.625977,124.600433,31.985058,29.227726
470.949890,129.801529,31.985058,29.227726
476.917328,129.303955,31.985058,29.227726
476.788483,133.527069,31.985058,29.227726
474.982758,126.317841,31.985058,29.227726
473.909576,120.248100,32.324944,29.538311
469.161011,124.644913,31.985058,29.227726
465.937561,125.827499,31.985058,29.227726
149.554718,337.143951,26.579443,24.288113
452.949371,122.907593,31.643581,28.915686
453.070862,124.916534,31.643581,28.915686
454.558960,126.955170,31.643581,28.915686
455.052704,126.067322,31.643581,28.915686
452.744598,124.118591,31.643581,28.915686
456.691528,117.009995,31.985058,29.227726
456.323242,120.008804,31.985058,29.227726
454.126221,123.267578,31.643581,28.915686
444.030487,114.247131,31.643581,28.915686
441.017883,124.273338,31.309317,28.610239
437.642853,116.178741,31.643581,28.915686
430.251801,112.059021,31.643581,28.915686
430.239349,113.286919,31.643581,28.915686
428.697937,102.600739,31.985058,29.227726
419.096558,99.690392,31.985058,29.227726
415.507111,107.506355,31.643581,28.915686
410.391937,104.801147,31.643581,28.915686
409.700958,101.183800,31.985058,29.227726
406.453033,102.547249,31.643581,28.915686
398.925385,99.468712,31.309317,28.610239
393.157501,99.246140,31.309317,28.610239
394.099457,100.799355,31.309317,28.610239
379.281555,96.963341,30.973742,28.303591
142.086304,385.001007,27.256308,24.906626
370.091187,103.818726,30.629042,27.988605
361.562439,118.582726,30.291929,27.680555
390.542847,186.678879,30.629042,27.988605
347.028015,135.558197,29.616705,27.063541
351.100769,141.828156,29.616705,27.063541
348.306152,141.534805,29.616705,27.063541
351.777283,135.454773,29.954391,27.372118
355.788727,133.494812,29.954391,27.372118
361.873993,124.982597,30.291929,27.680555
372.203827,125.749199,30.291929,27.680555
381.517212,122.370094,30.629042,27.988605
393.796021,123.064705,30.629042,27.988605
400.480896,117.011810,30.973742,28.303591
317.323761,116.065865,46.516701,42.506641
411.511200,135.122162,30.973742,28.303591
418.151062,142.164017,30.629042,27.988605
422.022644,140.772324,30.973742,28.303591
421.708038,149.214188,30.629042,27.988605
421.881836,145.511551,30.973742,28.303591
94.440445,316.830139,27.928001,25.520416
100.928909,313.203857,27.928001,25.520416
356.646698,214.777237,44.153553,40.347210
110.840370,291.326111,27.588066,25.209785
