445.580000,189.820000,53.818000,77.919000
445.520000,189.850000,53.818000,77.919000
445.470000,189.890000,53.818000,77.919000
445.560000,190.060000,53.818000,77.919000
445.640000,189.620000,53.818000,77.919000
445.680000,189.850000,53.818000,77.919000
445.730000,190.010000,53.818000,77.919000
445.800000,190.260000,53.818000,77.919000
445.970000,189.940000,53.818000,77.919000
446.080000,190.150000,53.818000,77.919000
446.110000,189.860000,53.818000,77.919000
445.540000,190.320000,53.818000,77.919000
445.570000,190.100000,53.818000,77.919000
445.570000,189.880000,53.818000,77.919000
445.650000,190.250000,53.818000,77.919000
445.590000,190.090000,53.818000,77.919000
445.640000,189.870000,53.818000,77.919000
445.630000,190.270000,53.818000,77.919000
445.580000,190.080000,53.818000,77.919000
445.550000,189.910000,53.818000,77.919000
445.400000,190.350000,53.818000,77.919000
445.270000,190.120000,53.818000,77.919000
445.110000,189.900000,53.818000,77.919000
444.960000,190.460000,53.818000,77.919000
445.480000,190.270000,53.818000,77.919000
445.280000,190.150000,53.818000,77.919000
444.920000,190.090000,53.818000,77.919000
445.320000,189.980000,53.818000,77.919000
444.940000,190.710000,53.818000,77.919000
445.250000,190.570000,53.818000,77.919000
444.790000,190.590000,53.818000,77.919000
445.030000,190.550000,53.818000,77.919000
445.210000,190.540000,53.818000,77.919000
444.700000,190.520000,53.818000,77.919000
444.860000,190.410000,53.818000,77.919000
445.060000,190.320000,53.818000,77.919000
445.180000,190.100000,53.818000,77.919000
444.640000,189.920000,53.818000,77.919000
444.790000,190.340000,53.818000,77.919000
444.940000,189.910000,53.818000,77.919000
445.070000,189.970000,53.818000,77.919000
445.020000,189.840000,53.818000,77.919000
445.020000,189.550000,53.818000,77.919000
445.180000,188.930000,53.818000,77.919000
444.520000,188.780000,53.818000,77.919000
444.560000,188.280000,53.818000,77.919000
444.560000,187.600000,53.818000,77.919000
444.540000,187.460000,53.818000,77.919000
444.560000,187.070000,53.818000,77.919000
444.680000,186.580000,53.818000,77.919000
444.970000,186.610000,53.818000,77.919000
445.250000,186.460000,53.818000,77.919000
444.810000,186.150000,53.818000,77.919000
445.220000,185.620000,53.818000,77.919000
445.030000,185.830000,53.818000,77.919000
445.560000,185.810000,53.818000,77.919000
445.480000,185.730000,53.818000,77.919000
445.390000,185.610000,53.818000,77.919000
445.430000,185.380000,53.818000,77.919000
445.490000,185.080000,53.818000,77.919000
445.630000,184.670000,53.818000,77.919000
445.910000,185.090000,53.818000,77.919000
446.130000,184.640000,53.818000,77.919000
445.760000,185.040000,53.818000,77.919000
446.130000,185.360000,53.818000,77.919000
445.800000,184.930000,53.818000,77.919000
446.280000,185.080000,53.818000,77.919000
446.090000,184.470000,53.818000,77.919000
445.900000,184.540000,53.818000,77.919000
446.490000,184.640000,53.818000,77.919000
446.240000,184.730000,53.818000,77.919000
445.880000,184.640000,53.818000,77.919000
446.240000,184.590000,53.818000,77.919000
445.730000,184.630000,53.818000,77.919000
445.910000,184.530000,53.818000,77.919000
445.860000,184.480000,53.818000,77.919000
445.730000,184.480000,53.818000,77.919000
445.490000,184.450000,53.818000,77.919000
445.100000,184.430000,53.818000,77.919000
444.580000,184.450000,53.818000,77.919000
444.580000,184.370000,53.818000,77.919000
444.470000,184.240000,53.818000,77.919000
444.320000,184.270000,53.818000,77.919000
443.910000,184.190000,53.818000,77.919000
443.980000,184.030000,53.818000,77.919000
443.770000,184.730000,53.818000,77.919000
443.490000,184.660000,53.818000,77.919000
442.940000,184.470000,53.818000,77.919000
442.980000,184.380000,53.818000,77.919000
442.570000,184.080000,53.818000,77.919000
442.090000,183.960000,53.818000,77.919000
442.040000,184.500000,53.818000,77.919000
441.490000,184.340000,53.818000,77.919000
440.660000,184.140000,53.818000,77.919000
440.130000,183.690000,53.818000,77.919000
439.310000,183.870000,53.818000,77.919000
438.920000,184.010000,53.818000,77.919000
438.700000,184.230000,53.818000,77.919000
438.210000,183.710000,53.818000,77.919000
437.290000,183.900000,53.818000,77.919000
436.670000,183.930000,53.818000,77.919000
436.540000,183.810000,53.818000,77.919000
436.030000,183.850000,53.818000,77.919000
435.940000,183.900000,53.818000,77.919000
435.490000,184.070000,53.818000,77.919000
434.690000,183.270000,53.818000,77.919000
434.270000,183.450000,53.818000,77.919000
433.490000,183.420000,53.818000,77.919000
433.260000,183.620000,53.818000,77.919000
432.750000,183.800000,53.818000,77.919000
432.970000,183.960000,53.818000,77.919000
432.970000,184.130000,53.818000,77.919000
432.980000,183.660000,53.818000,77.919000
432.900000,184.090000,53.818000,77.919000
432.740000,183.800000,53.818000,77.919000
432.670000,184.290000,53.818000,77.919000
432.690000,183.850000,53.818000,77.919000
432.850000,184.240000,53.818000,77.919000
433.070000,183.810000,53.818000,77.919000
433.430000,184.010000,53.818000,77.919000
433.210000,184.240000,53.818000,77.919000
433.020000,183.830000,53.818000,77.919000
433.810000,183.950000,53.818000,77.919000
433.960000,183.930000,53.818000,77.919000
434.360000,183.740000,53.818000,77.919000
434.200000,183.470000,53.818000,77.919000
434.250000,182.830000,53.818000,77.919000
434.400000,182.700000,53.818000,77.919000
434.770000,182.420000,53.818000,77.919000
435.410000,181.710000,53.818000,77.919000
435.390000,181.530000,53.818000,77.919000
435.560000,181.040000,53.818000,77.919000
435.720000,181.000000,53.818000,77.919000
436.040000,180.730000,53.818000,77.919000
436.440000,180.040000,53.818000,77.919000
436.080000,178.950000,53.818000,77.919000
436.440000,179.150000,53.818000,77.919000
436.180000,178.060000,53.818000,77.919000
436.010000,177.660000,53.818000,77.919000
436.530000,177.430000,53.818000,77.919000
436.250000,176.980000,53.818000,77.919000
436.030000,177.010000,53.818000,77.919000
436.700000,176.690000,53.818000,77.919000
436.690000,176.130000,53.818000,77.919000
436.780000,175.230000,53.818000,77.919000
436.770000,174.940000,53.818000,77.919000
436.820000,174.950000,53.818000,77.919000
437.010000,174.490000,53.818000,77.919000
437.300000,173.600000,53.818000,77.919000
436.880000,173.170000,53.818000,77.919000
437.230000,172.420000,53.818000,77.919000
436.850000,172.290000,53.818000,77.919000
437.340000,171.670000,53.818000,77.919000
437.090000,171.800000,53.818000,77.919000
437.740000,171.560000,53.818000,77.919000
437.890000,171.100000,53.818000,77.919000
438.120000,170.210000,53.818000,77.919000
437.770000,170.050000,53.818000,77.919000
438.330000,169.640000,53.818000,77.919000
438.160000,169.940000,53.818000,77.919000
438.380000,169.970000,53.818000,77.919000
438.780000,169.740000,53.818000,77.919000
439.430000,169.610000,53.818000,77.919000
439.590000,169.060000,53.818000,77.919000
440.800000,170.760000,51.255000,74.209000
441.020000,171.230000,51.255000,74.209000
441.630000,170.880000,51.255000,74.209000
441.710000,171.100000,51.255000,74.209000
442.180000,170.390000,51.255000,74.209000
442.890000,170.590000,51.255000,74.209000
443.240000,170.410000,51.255000,74.209000
443.750000,170.220000,51.255000,74.209000
444.250000,169.720000,51.255000,74.209000
444.900000,169.960000,51.255000,74.209000
445.210000,169.240000,51.255000,74.209000
445.870000,169.300000,51.255000,74.209000
446.170000,169.070000,51.255000,74.209000
447.000000,168.950000,51.255000,74.209000
447.300000,168.630000,51.255000,74.209000
448.070000,168.850000,51.255000,74.209000
448.460000,169.120000,51.255000,74.209000
448.550000,168.570000,51.255000,74.209000
448.940000,168.720000,51.255000,74.209000
449.690000,168.890000,51.255000,74.209000
450.030000,168.850000,51.255000,74.209000
450.680000,168.870000,51.255000,74.209000
450.920000,168.780000,51.255000,74.209000
451.400000,168.640000,51.255000,74.209000
451.520000,168.490000,51.255000,74.209000
451.800000,168.320000,51.255000,74.209000
452.400000,168.120000,51.255000,74.209000
452.580000,167.920000,51.255000,74.209000
453.160000,167.750000,51.255000,74.209000
454.260000,168.090000,51.255000,74.209000
454.770000,167.870000,51.255000,74.209000
454.950000,168.290000,51.255000,74.209000
455.550000,167.910000,51.255000,74.209000
455.880000,167.500000,51.255000,74.209000
456.630000,168.040000,51.255000,74.209000
456.900000,167.770000,51.255000,74.209000
457.640000,168.300000,51.255000,74.209000
457.980000,168.170000,51.255000,74.209000
458.800000,167.940000,51.255000,74.209000
459.140000,167.940000,51.255000,74.209000
459.810000,167.940000,51.255000,74.209000
460.130000,168.070000,51.255000,74.209000
460.660000,168.280000,51.255000,74.209000
460.780000,168.640000,51.255000,74.209000
461.250000,169.020000,51.255000,74.209000
462.000000,168.810000,51.255000,74.209000
462.210000,169.550000,51.255000,74.209000
462.660000,169.710000,51.255000,74.209000
462.500000,170.150000,51.255000,74.209000
462.680000,170.080000,51.255000,74.209000
462.910000,170.250000,51.255000,74.209000
463.360000,170.760000,51.255000,74.209000
464.050000,171.460000,51.255000,74.209000
464.220000,171.890000,51.255000,74.209000
464.420000,172.490000,51.255000,74.209000
464.240000,172.690000,51.255000,74.209000
464.890000,173.240000,51.255000,74.209000
464.970000,173.480000,51.255000,74.209000
465.210000,174.050000,51.255000,74.209000
465.620000,174.230000,51.255000,74.209000
465.390000,174.980000,51.255000,74.209000
465.200000,175.330000,51.255000,74.209000
465.720000,176.010000,51.255000,74.209000
465.660000,176.520000,51.255000,74.209000
465.490000,177.250000,51.255000,74.209000
465.450000,177.590000,51.255000,74.209000
465.230000,178.360000,51.255000,74.209000
465.660000,178.630000,51.255000,74.209000
465.320000,179.640000,51.255000,74.209000
465.700000,180.050000,51.255000,74.209000
465.200000,180.260000,51.255000,74.209000
465.300000,180.980000,51.255000,74.209000
465.250000,181.370000,51.255000,74.209000
465.130000,182.040000,51.255000,74.209000
464.940000,182.480000,51.255000,74.209000
464.590000,183.230000,51.255000,74.209000
464.240000,183.650000,51.255000,74.209000
464.590000,184.310000,51.255000,74.209000
464.150000,184.530000,51.255000,74.209000
464.320000,185.090000,51.255000,74.209000
464.520000,185.140000,51.255000,74.209000
464.040000,185.480000,51.255000,74.209000
464.230000,185.950000,51.255000,74.209000
464.450000,185.900000,51.255000,74.209000
463.920000,187.060000,51.255000,74.209000
464.080000,187.030000,51.255000,74.209000
464.250000,187.130000,51.255000,74.209000
464.440000,187.620000,51.255000,74.209000
463.840000,188.600000,51.255000,74.209000
463.920000,188.990000,51.255000,74.209000
464.090000,188.880000,51.255000,74.209000
464.200000,190.120000,51.255000,74.209000
464.300000,190.070000,51.255000,74.209000
464.390000,190.360000,51.255000,74.209000
463.750000,191.200000,51.255000,74.209000
463.760000,191.440000,51.255000,74.209000
463.680000,191.960000,51.255000,74.209000
463.590000,192.050000,51.255000,74.209000
463.410000,192.250000,51.255000,74.209000
463.140000,192.840000,51.255000,74.209000
463.380000,193.590000,51.255000,74.209000
462.790000,194.090000,51.255000,74.209000
462.970000,194.000000,51.255000,74.209000
463.010000,194.130000,51.255000,74.209000
462.930000,194.450000,51.255000,74.209000
462.730000,195.030000,51.255000,74.209000
462.450000,194.880000,51.255000,74.209000
461.960000,195.680000,51.255000,74.209000
462.110000,195.940000,51.255000,74.209000
462.080000,195.710000,51.255000,74.209000
461.950000,196.280000,51.255000,74.209000
461.660000,196.320000,51.255000,74.209000
461.300000,196.580000,51.255000,74.209000
461.510000,197.060000,51.255000,74.209000
460.900000,196.840000,51.255000,74.209000
460.880000,197.610000,51.255000,74.209000
460.730000,197.770000,51.255000,74.209000
460.370000,198.240000,51.255000,74.209000
460.510000,198.050000,51.255000,74.209000
459.690000,197.980000,51.255000,74.209000
459.630000,197.930000,51.255000,74.209000
459.180000,198.110000,51.255000,74.209000
459.290000,198.390000,51.255000,74.209000
459.110000,198.800000,51.255000,74.209000
458.610000,199.300000,51.255000,74.209000
457.930000,199.070000,51.255000,74.209000
457.680000,198.880000,51.255000,74.209000
457.030000,199.470000,51.255000,74.209000
456.840000,199.400000,51.255000,74.209000
456.350000,199.480000,51.255000,74.209000
456.240000,199.720000,51.255000,74.209000
455.830000,199.970000,51.255000,74.209000
454.980000,199.520000,51.255000,74.209000
454.610000,199.950000,51.255000,74.209000
453.810000,199.630000,51.255000,74.209000
453.610000,200.150000,51.255000,74.209000
453.020000,199.910000,51.255000,74.209000
452.760000,199.740000,51.255000,74.209000
452.280000,200.330000,51.255000,74.209000
452.110000,200.230000,51.255000,74.209000
451.560000,199.910000,51.255000,74.209000
450.700000,199.630000,51.255000,74.209000
450.230000,200.120000,51.255000,74.209000
450.020000,199.960000,51.255000,74.209000
449.540000,199.710000,51.255000,74.209000
448.630000,200.060000,51.255000,74.209000
448.120000,199.870000,51.255000,74.209000
447.960000,200.230000,51.255000,74.209000
447.440000,199.850000,51.255000,74.209000
446.520000,200.120000,51.255000,74.209000
445.980000,199.690000,51.255000,74.209000
445.780000,200.020000,51.255000,74.209000
445.410000,199.610000,51.255000,74.209000
444.660000,199.840000,51.255000,74.209000
444.380000,199.970000,51.255000,74.209000
443.660000,199.520000,51.255000,74.209000
443.430000,199.830000,51.255000,74.209000
442.910000,199.920000,51.255000,74.209000
442.950000,199.440000,51.255000,74.209000
442.770000,199.670000,51.255000,74.209000
442.250000,199.610000,51.255000,74.209000
442.470000,199.300000,51.255000,74.209000
441.620000,198.830000,51.255000,74.209000
441.520000,198.940000,51.255000,74.209000
441.260000,197.850000,51.255000,74.209000
441.530000,197.870000,51.255000,74.209000
440.970000,197.560000,51.255000,74.209000
441.070000,196.860000,51.255000,74.209000
441.020000,196.430000,51.255000,74.209000
440.850000,195.300000,51.255000,74.209000
440.500000,194.640000,51.255000,74.209000
439.980000,194.120000,51.255000,74.209000
440.140000,193.040000,51.255000,74.209000
440.270000,192.300000,51.255000,74.209000
440.210000,191.830000,51.255000,74.209000
439.980000,191.520000,51.255000,74.209000
439.750000,190.880000,51.255000,74.209000
439.460000,190.660000,51.255000,74.209000
439.170000,190.210000,51.255000,74.209000
439.620000,189.170000,51.255000,74.209000
439.180000,188.450000,51.255000,74.209000
439.500000,188.100000,51.255000,74.209000
438.790000,187.330000,51.255000,74.209000
438.930000,186.900000,51.255000,74.209000
439.080000,186.090000,51.255000,74.209000
438.980000,185.890000,51.255000,74.209000
438.790000,186.090000,51.255000,74.209000
438.580000,185.180000,51.255000,74.209000
438.190000,184.790000,51.255000,74.209000
438.460000,184.980000,51.255000,74.209000
437.830000,184.320000,51.255000,74.209000
437.870000,184.360000,51.255000,74.209000
437.960000,184.350000,51.255000,74.209000
437.850000,184.020000,51.255000,74.209000
437.650000,183.510000,51.255000,74.209000
437.340000,183.620000,51.255000,74.209000
437.760000,183.730000,51.255000,74.209000
437.220000,183.790000,51.255000,74.209000
437.560000,183.700000,51.255000,74.209000
436.840000,183.760000,51.255000,74.209000
437.230000,183.570000,51.255000,74.209000
437.620000,183.260000,51.255000,74.209000
437.080000,182.850000,51.255000,74.209000
437.240000,183.090000,51.255000,74.209000
437.250000,182.330000,51.255000,74.209000
437.280000,182.310000,51.255000,74.209000
437.390000,182.210000,51.255000,74.209000
436.730000,182.150000,51.255000,74.209000
436.760000,181.760000,51.255000,74.209000
436.660000,182.160000,51.255000,74.209000
436.690000,181.660000,51.255000,74.209000
436.470000,181.910000,51.255000,74.209000
436.450000,181.180000,51.255000,74.209000
436.330000,181.240000,51.255000,74.209000
437.030000,181.320000,51.255000,74.209000
436.970000,181.310000,51.255000,74.209000
436.990000,181.280000,51.255000,74.209000
437.050000,181.160000,51.255000,74.209000
437.130000,180.920000,51.255000,74.209000
437.390000,180.560000,51.255000,74.209000
437.020000,180.990000,51.255000,74.209000
437.360000,180.620000,51.255000,74.209000
437.990000,180.700000,51.255000,74.209000
438.170000,180.700000,51.255000,74.209000
438.550000,180.680000,51.255000,74.209000
438.540000,180.380000,51.255000,74.209000
438.800000,179.930000,51.255000,74.209000
439.430000,179.320000,51.255000,74.209000
439.670000,179.330000,51.255000,74.209000
440.200000,179.080000,51.255000,74.209000
440.920000,178.490000,51.255000,74.209000
441.320000,178.830000,51.255000,74.209000
441.770000,179.240000,51.255000,74.209000
441.380000,178.920000,51.255000,74.209000
441.010000,178.480000,51.255000,74.209000
441.290000,179.190000,51.255000,74.209000
441.470000,179.300000,51.255000,74.209000
440.830000,179.500000,51.255000,74.209000
441.180000,179.940000,51.255000,74.209000
441.330000,179.780000,51.255000,74.209000
441.230000,180.580000,51.255000,74.209000
440.820000,181.070000,51.255000,74.209000
440.410000,180.680000,51.255000,74.209000
439.920000,181.170000,51.255000,74.209000
439.990000,181.040000,51.255000,74.209000
440.030000,180.860000,51.255000,74.209000
439.840000,181.620000,51.255000,74.209000
439.300000,181.630000,51.255000,74.209000
439.360000,181.750000,51.255000,74.209000
439.070000,181.960000,51.255000,74.209000
438.800000,181.310000,51.255000,74.209000
438.530000,181.260000,51.255000,74.209000
438.160000,180.890000,51.255000,74.209000
438.270000,181.150000,51.255000,74.209000
438.630000,180.390000,51.255000,74.209000
438.280000,180.360000,51.255000,74.209000
438.340000,180.260000,51.255000,74.209000
438.470000,180.260000,51.255000,74.209000
437.790000,180.220000,51.255000,74.209000
437.880000,180.230000,51.255000,74.209000
438.020000,179.990000,51.255000,74.209000
438.060000,179.640000,51.255000,74.209000
437.920000,179.900000,51.255000,74.209000
437.860000,179.460000,51.255000,74.209000
437.770000,179.750000,51.255000,74.209000
437.360000,179.960000,51.255000,74.209000
437.550000,179.520000,51.255000,74.209000
437.240000,179.610000,51.255000,74.209000
437.500000,179.740000,51.255000,74.209000
436.970000,179.850000,51.255000,74.209000
437.060000,180.020000,51.255000,74.209000
437.090000,179.430000,51.255000,74.209000
437.150000,179.730000,51.255000,74.209000
437.330000,179.960000,51.255000,74.209000
437.480000,179.580000,51.255000,74.209000
437.000000,179.940000,51.255000,74.209000
437.230000,179.360000,51.255000,74.209000
437.350000,179.570000,51.255000,74.209000
437.680000,179.620000,51.255000,74.209000
437.330000,179.670000,51.255000,74.209000
437.620000,179.730000,51.255000,74.209000
437.310000,179.690000,51.255000,74.209000
437.690000,179.400000,51.255000,74.209000
437.470000,179.140000,51.255000,74.209000
437.270000,178.810000,51.255000,74.209000
437.610000,179.070000,51.255000,74.209000
437.360000,178.620000,51.255000,74.209000
437.800000,178.670000,51.255000,74.209000
437.490000,178.690000,51.255000,74.209000
437.250000,178.670000,51.255000,74.209000
437.760000,178.580000,51.255000,74.209000
437.670000,178.490000,51.255000,74.209000
437.680000,178.310000,51.255000,74.209000
437.690000,178.060000,51.255000,74.209000
437.540000,177.850000,51.255000,74.209000
437.240000,178.510000,51.255000,74.209000
437.710000,178.190000,51.255000,74.209000
437.500000,177.710000,51.255000,74.209000
437.300000,177.930000,51.255000,74.209000
437.500000,177.380000,51.255000,74.209000
436.960000,177.440000,51.255000,74.209000
437.080000,177.420000,51.255000,74.209000
437.140000,177.040000,51.255000,74.209000
437.030000,176.500000,51.255000,74.209000
436.620000,176.530000,51.255000,74.209000
436.260000,176.160000,51.255000,74.209000
436.660000,175.690000,51.255000,74.209000
436.120000,175.760000,51.255000,74.209000
436.370000,175.610000,51.255000,74.209000
436.660000,175.280000,51.255000,74.209000
436.220000,174.980000,51.255000,74.209000
436.530000,174.160000,51.255000,74.209000
436.070000,174.330000,51.255000,74.209000
436.600000,173.930000,51.255000,74.209000
436.190000,173.540000,51.255000,74.209000
436.550000,173.930000,51.255000,74.209000
436.240000,173.370000,51.255000,74.209000
436.480000,173.650000,51.255000,74.209000
436.050000,174.140000,51.255000,74.209000
436.300000,173.840000,51.255000,74.209000
436.310000,174.370000,51.255000,74.209000
436.430000,174.220000,51.255000,74.209000
435.580000,174.050000,51.255000,74.209000
435.480000,173.710000,51.255000,74.209000
435.460000,173.840000,51.255000,74.209000
435.340000,173.830000,51.255000,74.209000
435.800000,173.700000,51.255000,74.209000
435.620000,173.500000,51.255000,74.209000
435.550000,173.300000,51.255000,74.209000
435.450000,172.910000,51.255000,74.209000
435.360000,172.540000,51.255000,74.209000
435.940000,172.750000,51.255000,74.209000
435.740000,172.850000,51.255000,74.209000
435.700000,172.860000,51.255000,74.209000
435.650000,172.800000,51.255000,74.209000
435.520000,172.680000,51.255000,74.209000
435.390000,172.580000,51.255000,74.209000
435.290000,172.380000,51.255000,74.209000
435.970000,172.050000,51.255000,74.209000
435.950000,171.770000,51.255000,74.209000
435.870000,172.060000,51.255000,74.209000
435.910000,171.930000,51.255000,74.209000
436.040000,171.720000,51.255000,74.209000
436.210000,172.370000,51.255000,74.209000
436.600000,172.230000,51.255000,74.209000
436.260000,172.270000,51.255000,74.209000
436.760000,172.150000,51.255000,74.209000
436.650000,172.140000,51.255000,74.209000
436.640000,172.150000,51.255000,74.209000
436.560000,172.170000,51.255000,74.209000
436.480000,172.360000,51.255000,74.209000
436.490000,172.640000,51.255000,74.209000
436.440000,173.010000,51.255000,74.209000
436.300000,172.660000,51.255000,74.209000
437.050000,173.090000,51.255000,74.209000
437.070000,172.820000,51.255000,74.209000
437.010000,173.400000,51.255000,74.209000
436.980000,173.360000,51.255000,74.209000
436.900000,173.240000,51.255000,74.209000
436.850000,173.070000,51.255000,74.209000
436.680000,173.050000,51.255000,74.209000
436.490000,172.800000,51.255000,74.209000
436.260000,173.640000,51.255000,74.209000
436.700000,173.280000,51.255000,74.209000
436.370000,173.080000,51.255000,74.209000
436.830000,172.870000,51.255000,74.209000
436.610000,173.440000,51.255000,74.209000
436.380000,173.210000,51.255000,74.209000
436.000000,173.030000,51.255000,74.209000
436.220000,172.790000,51.255000,74.209000
436.470000,173.320000,51.255000,74.209000
436.100000,173.070000,51.255000,74.209000
436.380000,172.670000,51.255000,74.209000
435.980000,173.040000,51.255000,74.209000
436.250000,172.660000,51.255000,74.209000
436.620000,172.830000,51.255000,74.209000
436.400000,173.090000,51.255000,74.209000
436.350000,172.460000,51.255000,74.209000
436.890000,172.400000,51.255000,74.209000
436.610000,172.400000,51.255000,74.209000
436.440000,172.280000,51.255000,74.209000
436.320000,172.080000,51.255000,74.209000
436.900000,171.790000,51.255000,74.209000
436.700000,172.230000,51.255000,74.209000
436.710000,171.790000,51.255000,74.209000
436.660000,171.950000,51.255000,74.209000
436.730000,171.340000,51.255000,74.209000
436.870000,171.500000,51.255000,74.209000
437.050000,171.580000,51.255000,74.209000
437.410000,171.600000,51.255000,74.209000
437.030000,171.590000,51.255000,74.209000
437.340000,171.450000,51.255000,74.209000
437.780000,171.240000,51.255000,74.209000
437.500000,170.970000,51.255000,74.209000
437.430000,170.590000,51.255000,74.209000
437.270000,170.840000,51.255000,74.209000
437.820000,171.100000,51.255000,74.209000
437.810000,170.630000,51.255000,74.209000
437.720000,170.730000,51.255000,74.209000
437.570000,170.920000,51.255000,74.209000
437.540000,170.300000,51.255000,74.209000
437.400000,170.560000,51.255000,74.209000
437.300000,170.780000,51.255000,74.209000
437.730000,171.280000,51.255000,74.209000
437.560000,170.930000,51.255000,74.209000
437.360000,170.760000,51.255000,74.209000
437.740000,171.490000,51.255000,74.209000
437.400000,171.420000,51.255000,74.209000
437.220000,171.420000,51.255000,74.209000
437.820000,171.530000,51.255000,74.209000
437.800000,171.590000,51.255000,74.209000
437.830000,171.540000,51.255000,74.209000
437.750000,171.480000,51.255000,74.209000
437.730000,171.630000,51.255000,74.209000
437.610000,171.690000,51.255000,74.209000
437.530000,171.750000,51.255000,74.209000
437.600000,171.770000,51.255000,74.209000
437.690000,171.710000,51.255000,74.209000
437.680000,171.650000,51.255000,74.209000
437.710000,171.570000,51.255000,74.209000
437.690000,171.470000,51.255000,74.209000
437.800000,171.490000,51.255000,74.209000
438.020000,171.420000,51.255000,74.209000
438.360000,171.380000,51.255000,74.209000
438.700000,171.220000,51.255000,74.209000
438.450000,170.990000,51.255000,74.209000
438.400000,170.540000,51.255000,74.209000
438.320000,170.810000,51.255000,74.209000
439.100000,170.660000,51.255000,74.209000
439.100000,170.350000,51.255000,74.209000
439.110000,169.880000,51.255000,74.209000
439.180000,170.060000,51.255000,74.209000
439.230000,169.520000,51.255000,74.209000
439.170000,169.630000,51.255000,74.209000
439.090000,169.800000,51.255000,74.209000
439.130000,169.990000,51.255000,74.209000
439.310000,169.500000,51.255000,74.209000
439.320000,169.650000,51.255000,74.209000
439.340000,169.740000,51.255000,74.209000
439.370000,169.880000,51.255000,74.209000
439.390000,169.940000,51.255000,74.209000
438.770000,169.410000,51.255000,74.209000
438.840000,169.640000,51.255000,74.209000
438.930000,169.810000,51.255000,74.209000
439.120000,169.910000,51.255000,74.209000
439.270000,169.370000,51.255000,74.209000
439.300000,169.560000,51.255000,74.209000
439.320000,169.720000,51.255000,74.209000
439.260000,169.870000,51.255000,74.209000
439.210000,170.060000,51.255000,74.209000
439.190000,169.640000,51.255000,74.209000
439.180000,169.910000,51.255000,74.209000
439.310000,169.410000,51.255000,74.209000
439.360000,169.530000,51.255000,74.209000
439.480000,169.650000,51.255000,74.209000
438.900000,169.730000,51.255000,74.209000
439.000000,169.900000,51.255000,74.209000
439.210000,169.160000,51.255000,74.209000
439.320000,169.240000,51.255000,74.209000
439.430000,169.160000,51.255000,74.209000
438.900000,169.170000,51.255000,74.209000
439.020000,169.110000,51.255000,74.209000
439.050000,169.100000,51.255000,74.209000
439.140000,169.160000,51.255000,74.209000
439.360000,169.140000,51.255000,74.209000
439.430000,169.010000,51.255000,74.209000
438.900000,168.800000,51.255000,74.209000
439.100000,169.110000,51.255000,74.209000
439.240000,168.950000,51.255000,74.209000
439.510000,168.740000,51.255000,74.209000
439.140000,169.140000,51.255000,74.209000
439.480000,168.850000,51.255000,74.209000
439.180000,169.500000,51.255000,74.209000
439.560000,169.330000,51.255000,74.209000
439.410000,169.300000,51.255000,74.209000
439.340000,169.230000,51.255000,74.209000
440.030000,169.210000,51.255000,74.209000
440.100000,169.180000,51.255000,74.209000
440.310000,169.140000,51.255000,74.209000
440.630000,169.150000,51.255000,74.209000
440.170000,169.060000,51.255000,74.209000
440.440000,169.130000,51.255000,74.209000
440.060000,169.180000,51.255000,74.209000
440.550000,169.350000,51.255000,74.209000
440.270000,169.320000,51.255000,74.209000
440.780000,169.570000,51.255000,74.209000
440.630000,169.860000,51.255000,74.209000
440.550000,170.270000,51.255000,74.209000
440.730000,169.830000,51.255000,74.209000
440.630000,170.350000,51.255000,74.209000
440.650000,170.150000,51.255000,74.209000
440.620000,170.050000,51.255000,74.209000
440.620000,170.030000,51.255000,74.209000
440.580000,170.010000,51.255000,74.209000
440.570000,170.020000,51.255000,74.209000
440.500000,170.030000,51.255000,74.209000
440.370000,170.070000,51.255000,74.209000
440.230000,170.130000,51.255000,74.209000
440.760000,170.160000,51.255000,74.209000
440.650000,170.230000,51.255000,74.209000
440.560000,170.240000,51.255000,74.209000
440.470000,170.270000,51.255000,74.209000
440.370000,170.150000,51.255000,74.209000
440.290000,169.920000,51.255000,74.209000
440.930000,169.740000,51.255000,74.209000
440.850000,170.270000,51.255000,74.209000
441.060000,169.990000,51.255000,74.209000
441.130000,169.680000,51.255000,74.209000
441.140000,170.090000,51.255000,74.209000
441.260000,169.730000,51.255000,74.209000
441.370000,170.180000,51.255000,74.209000
441.450000,169.850000,51.255000,74.209000
440.730000,170.180000,51.255000,74.209000
440.970000,169.860000,51.255000,74.209000
441.170000,170.190000,51.255000,74.209000
441.350000,169.800000,51.255000,74.209000
441.650000,170.090000,51.255000,74.209000
441.240000,169.540000,51.255000,74.209000
441.580000,169.630000,51.255000,74.209000
441.250000,169.620000,51.255000,74.209000
441.680000,169.530000,51.255000,74.209000
441.430000,169.370000,51.255000,74.209000
441.200000,169.280000,51.255000,74.209000
441.490000,169.060000,51.255000,74.209000
441.180000,168.930000,51.255000,74.209000
441.530000,168.630000,51.255000,74.209000
441.280000,169.090000,51.255000,74.209000
441.620000,168.800000,51.255000,74.209000
441.160000,169.330000,51.255000,74.209000
441.470000,169.060000,51.255000,74.209000
441.030000,168.730000,51.255000,74.209000
441.310000,169.010000,51.255000,74.209000
441.640000,168.730000,51.255000,74.209000
441.250000,169.130000,51.255000,74.209000
441.420000,168.890000,51.255000,74.209000
440.970000,169.160000,51.255000,74.209000
441.230000,168.870000,51.255000,74.209000
441.460000,169.320000,51.255000,74.209000
440.910000,168.960000,51.255000,74.209000
441.060000,168.630000,51.255000,74.209000
441.270000,168.920000,51.255000,74.209000
441.440000,168.500000,51.255000,74.209000
440.940000,168.710000,51.255000,74.209000
441.120000,168.930000,51.255000,74.209000
441.380000,168.490000,51.255000,74.209000
440.790000,168.650000,51.255000,74.209000
440.900000,168.710000,51.255000,74.209000
441.000000,168.800000,51.255000,74.209000
440.980000,168.860000,51.255000,74.209000
440.870000,168.900000,51.255000,74.209000
440.810000,168.170000,51.255000,74.209000
440.650000,168.190000,51.255000,74.209000
440.390000,168.160000,51.255000,74.209000
440.210000,168.100000,51.255000,74.209000
440.650000,168.010000,51.255000,74.209000
440.370000,167.780000,51.255000,74.209000
440.650000,168.510000,51.255000,74.209000
440.450000,168.370000,51.255000,74.209000
440.060000,168.170000,51.255000,74.209000
440.320000,167.880000,51.255000,74.209000
440.680000,168.220000,51.255000,74.209000
440.420000,167.870000,51.255000,74.209000
440.090000,168.270000,51.255000,74.209000
440.590000,167.880000,51.255000,74.209000
440.340000,168.330000,51.255000,74.209000
441.050000,167.970000,51.255000,74.209000
441.040000,167.660000,51.255000,74.209000
441.030000,168.140000,51.255000,74.209000
441.090000,167.860000,51.255000,74.209000
441.220000,168.230000,51.255000,74.209000
441.260000,167.800000,51.255000,74.209000
441.400000,168.260000,51.255000,74.209000
440.970000,167.860000,51.255000,74.209000
441.100000,168.300000,51.255000,74.209000
441.470000,168.010000,51.255000,74.209000
440.960000,167.880000,51.255000,74.209000
441.220000,168.600000,51.255000,74.209000
441.510000,168.880000,51.255000,74.209000
441.090000,169.070000,51.255000,74.209000
441.490000,168.740000,51.255000,74.209000
441.230000,169.130000,51.255000,74.209000
441.640000,169.000000,51.255000,74.209000
441.520000,168.760000,51.255000,74.209000
441.460000,169.360000,51.255000,74.209000
441.390000,169.340000,51.255000,74.209000
441.580000,169.280000,51.255000,74.209000
441.660000,169.260000,51.255000,74.209000
441.960000,169.240000,51.255000,74.209000
442.310000,169.340000,51.255000,74.209000
442.580000,169.300000,51.255000,74.209000
442.220000,169.010000,51.255000,74.209000
442.470000,168.900000,51.255000,74.209000
441.780000,168.590000,51.255000,74.209000
442.050000,169.020000,51.255000,74.209000
442.330000,168.630000,51.255000,74.209000
442.420000,169.050000,51.255000,74.209000
441.720000,168.500000,51.255000,74.209000
441.780000,168.870000,51.255000,74.209000
441.750000,169.050000,51.255000,74.209000
441.740000,168.720000,51.255000,74.209000
441.460000,169.190000,51.255000,74.209000
441.340000,168.980000,51.255000,74.209000
441.630000,168.880000,51.255000,74.209000
441.510000,169.590000,51.255000,74.209000
440.950000,169.490000,51.255000,74.209000
441.060000,169.540000,51.255000,74.209000
441.240000,169.700000,51.255000,74.209000
441.510000,169.750000,51.255000,74.209000
440.710000,169.890000,51.255000,74.209000
440.510000,170.150000,51.255000,74.209000
440.660000,169.920000,51.255000,74.209000
440.790000,169.700000,51.255000,74.209000
440.630000,170.200000,51.255000,74.209000
440.600000,169.930000,51.255000,74.209000
440.540000,170.040000,51.255000,74.209000
440.490000,170.110000,51.255000,74.209000
440.420000,170.300000,51.255000,74.209000
440.340000,170.770000,51.255000,74.209000
440.840000,171.380000,51.255000,74.209000
440.440000,171.320000,51.255000,74.209000
440.280000,171.630000,51.255000,74.209000
440.390000,171.900000,51.255000,74.209000
440.060000,171.510000,51.255000,74.209000
438.730000,170.860000,53.818000,77.919000
438.820000,171.700000,53.818000,77.919000
438.880000,171.930000,53.818000,77.919000
439.010000,172.540000,53.818000,77.919000
437.150000,171.110000,56.509000,81.815000
436.510000,171.640000,56.509000,81.815000
436.670000,172.360000,56.509000,81.815000
436.940000,172.640000,56.509000,81.815000
436.070000,172.850000,56.509000,81.815000
435.920000,173.600000,56.509000,81.815000
435.550000,174.000000,56.509000,81.815000
435.760000,174.410000,56.509000,81.815000
435.370000,174.840000,56.509000,81.815000
435.560000,175.390000,56.509000,81.815000
436.020000,176.370000,56.509000,81.815000
435.060000,176.690000,56.509000,81.815000
435.180000,177.330000,56.509000,81.815000
435.320000,177.090000,56.509000,81.815000
435.400000,178.280000,56.509000,81.815000
435.980000,178.310000,56.509000,81.815000
435.720000,178.240000,56.509000,81.815000
435.780000,178.830000,56.509000,81.815000
434.950000,179.150000,56.509000,81.815000
435.150000,178.750000,56.509000,81.815000
435.360000,179.790000,56.509000,81.815000
435.150000,180.070000,56.509000,81.815000
435.090000,180.770000,56.509000,81.815000
435.200000,181.080000,56.509000,81.815000
435.400000,181.190000,56.509000,81.815000
435.710000,180.740000,56.509000,81.815000
435.910000,181.750000,56.509000,81.815000
435.320000,181.690000,56.509000,81.815000
435.700000,182.120000,56.509000,81.815000
435.940000,181.910000,56.509000,81.815000
435.430000,182.440000,56.509000,81.815000
435.640000,182.550000,56.509000,81.815000
435.590000,182.820000,56.509000,81.815000
435.560000,183.100000,56.509000,81.815000
435.610000,182.990000,56.509000,81.815000
435.260000,183.290000,56.509000,81.815000
434.900000,183.370000,56.509000,81.815000
433.840000,183.360000,56.509000,81.815000
433.710000,183.630000,56.509000,81.815000
433.700000,183.860000,56.509000,81.815000
433.400000,184.260000,56.509000,81.815000
432.740000,183.950000,56.509000,81.815000
432.370000,184.230000,56.509000,81.815000
431.460000,184.200000,56.509000,81.815000
430.740000,184.130000,56.509000,81.815000
430.370000,183.840000,56.509000,81.815000
429.500000,184.430000,56.509000,81.815000
428.680000,184.270000,56.509000,81.815000
428.450000,184.340000,56.509000,81.815000
427.710000,184.450000,56.509000,81.815000
427.270000,184.700000,56.509000,81.815000
426.710000,185.140000,56.509000,81.815000
426.740000,185.250000,56.509000,81.815000
426.500000,185.580000,56.509000,81.815000
426.180000,186.280000,56.509000,81.815000
425.510000,186.690000,56.509000,81.815000
425.300000,187.380000,56.509000,81.815000
425.080000,187.530000,56.509000,81.815000
424.720000,187.850000,56.509000,81.815000
424.830000,188.480000,56.509000,81.815000
424.020000,188.630000,56.509000,81.815000
423.660000,189.080000,56.509000,81.815000
424.020000,189.890000,56.509000,81.815000
423.310000,189.890000,56.509000,81.815000
423.310000,189.990000,56.509000,81.815000
422.850000,190.210000,56.509000,81.815000
422.320000,189.800000,56.509000,81.815000
422.280000,190.310000,56.509000,81.815000
422.110000,190.100000,56.509000,81.815000
421.510000,189.890000,56.509000,81.815000
421.790000,190.670000,56.509000,81.815000
420.290000,190.840000,56.509000,81.815000
420.120000,191.110000,56.509000,81.815000
419.600000,190.750000,56.509000,81.815000
419.410000,191.210000,56.509000,81.815000
418.560000,191.200000,56.509000,81.815000
417.860000,191.410000,56.509000,81.815000
416.480000,191.750000,56.509000,81.815000
415.890000,192.200000,56.509000,81.815000
414.240000,192.190000,56.509000,81.815000
413.420000,192.790000,56.509000,81.815000
412.440000,193.320000,56.509000,81.815000
410.690000,193.300000,56.509000,81.815000
409.510000,193.470000,56.509000,81.815000
407.500000,193.660000,56.509000,81.815000
406.090000,193.890000,56.509000,81.815000
404.110000,194.150000,56.509000,81.815000
401.890000,193.910000,56.509000,81.815000
399.990000,194.480000,56.509000,81.815000
397.750000,194.460000,56.509000,81.815000
395.160000,194.550000,56.509000,81.815000
393.300000,194.540000,56.509000,81.815000
391.330000,194.550000,56.509000,81.815000
388.790000,194.510000,56.509000,81.815000
386.070000,194.500000,56.509000,81.815000
383.890000,194.640000,56.509000,81.815000
381.500000,194.810000,56.509000,81.815000
379.610000,194.900000,56.509000,81.815000
377.740000,194.910000,56.509000,81.815000
376.040000,194.810000,56.509000,81.815000
373.130000,194.940000,56.509000,81.815000
371.640000,195.180000,56.509000,81.815000
370.000000,194.740000,56.509000,81.815000
368.220000,194.940000,56.509000,81.815000
367.030000,195.140000,56.509000,81.815000
365.550000,194.810000,56.509000,81.815000
365.030000,195.140000,56.509000,81.815000
363.860000,194.950000,56.509000,81.815000
363.190000,195.360000,56.509000,81.815000
362.820000,195.130000,56.509000,81.815000
362.140000,194.860000,56.509000,81.815000
362.350000,195.530000,56.509000,81.815000
362.600000,195.630000,56.509000,81.815000
362.740000,195.770000,56.509000,81.815000
363.290000,196.070000,56.509000,81.815000
363.410000,196.450000,56.509000,81.815000
363.710000,196.460000,56.509000,81.815000
364.570000,196.610000,56.509000,81.815000
365.290000,196.690000,56.509000,81.815000
366.000000,197.010000,56.509000,81.815000
366.500000,197.510000,56.509000,81.815000
367.900000,197.450000,56.509000,81.815000
368.900000,197.630000,56.509000,81.815000
370.110000,198.190000,56.509000,81.815000
371.630000,198.360000,56.509000,81.815000
374.020000,198.750000,56.509000,81.815000
375.200000,199.200000,56.509000,81.815000
377.210000,199.420000,56.509000,81.815000
379.070000,199.840000,56.509000,81.815000
381.080000,200.440000,56.509000,81.815000
383.290000,200.730000,56.509000,81.815000
385.530000,201.090000,56.509000,81.815000
387.860000,201.720000,56.509000,81.815000
389.300000,201.630000,56.509000,81.815000
391.840000,201.680000,56.509000,81.815000
393.310000,201.980000,56.509000,81.815000
395.570000,202.380000,56.509000,81.815000
397.280000,202.220000,56.509000,81.815000
398.770000,202.100000,56.509000,81.815000
399.770000,202.080000,56.509000,81.815000
402.560000,204.460000,53.818000,77.919000
404.040000,204.300000,53.818000,77.919000
405.900000,204.210000,53.818000,77.919000
406.680000,204.030000,53.818000,77.919000
407.680000,204.590000,53.818000,77.919000
408.490000,204.380000,53.818000,77.919000
409.310000,204.210000,53.818000,77.919000
409.970000,204.000000,53.818000,77.919000
411.380000,204.660000,53.818000,77.919000
411.690000,204.490000,53.818000,77.919000
412.600000,204.480000,53.818000,77.919000
413.110000,204.410000,53.818000,77.919000
413.390000,204.530000,53.818000,77.919000
414.080000,204.760000,53.818000,77.919000
414.960000,205.140000,53.818000,77.919000
415.550000,205.040000,53.818000,77.919000
415.560000,205.660000,53.818000,77.919000
415.940000,205.790000,53.818000,77.919000
416.470000,206.000000,53.818000,77.919000
416.250000,206.720000,53.818000,77.919000
416.310000,206.870000,53.818000,77.919000
416.360000,207.170000,53.818000,77.919000
416.490000,206.820000,53.818000,77.919000
416.590000,207.490000,53.818000,77.919000
416.980000,207.440000,53.818000,77.919000
417.410000,207.570000,53.818000,77.919000
417.480000,207.740000,53.818000,77.919000
417.520000,207.950000,53.818000,77.919000
417.960000,208.550000,53.818000,77.919000
418.600000,208.300000,53.818000,77.919000
418.880000,208.250000,53.818000,77.919000
419.490000,208.350000,53.818000,77.919000
419.720000,208.130000,53.818000,77.919000
420.340000,208.090000,53.818000,77.919000
420.620000,207.660000,53.818000,77.919000
421.340000,208.200000,53.818000,77.919000
421.820000,208.050000,53.818000,77.919000
422.810000,207.730000,53.818000,77.919000
423.450000,207.990000,53.818000,77.919000
423.920000,208.210000,53.818000,77.919000
425.230000,207.470000,53.818000,77.919000
425.490000,207.530000,53.818000,77.919000
426.350000,207.450000,53.818000,77.919000
427.210000,207.310000,53.818000,77.919000
428.280000,207.120000,53.818000,77.919000
429.420000,206.990000,53.818000,77.919000
430.590000,207.580000,53.818000,77.919000
432.080000,207.490000,53.818000,77.919000
433.910000,207.510000,53.818000,77.919000
435.390000,207.640000,53.818000,77.919000
436.600000,207.840000,53.818000,77.919000
438.410000,208.270000,53.818000,77.919000
440.150000,208.180000,53.818000,77.919000
441.570000,208.150000,53.818000,77.919000
443.870000,208.460000,53.818000,77.919000
446.230000,209.050000,53.818000,77.919000
447.420000,208.850000,53.818000,77.919000
450.090000,209.550000,53.818000,77.919000
451.570000,209.660000,53.818000,77.919000
454.070000,209.760000,53.818000,77.919000
456.530000,209.710000,53.818000,77.919000
457.860000,209.800000,53.818000,77.919000
459.850000,210.030000,53.818000,77.919000
461.690000,210.380000,53.818000,77.919000
462.980000,210.200000,53.818000,77.919000
464.820000,210.190000,53.818000,77.919000
466.170000,210.400000,53.818000,77.919000
466.950000,210.480000,53.818000,77.919000
468.760000,210.490000,53.818000,77.919000
469.640000,210.340000,53.818000,77.919000
470.590000,210.120000,53.818000,77.919000
471.710000,209.760000,53.818000,77.919000
472.680000,209.890000,53.818000,77.919000
473.490000,209.950000,53.818000,77.919000
474.020000,209.700000,53.818000,77.919000
475.040000,208.970000,53.818000,77.919000
475.600000,208.740000,53.818000,77.919000
475.670000,208.140000,53.818000,77.919000
476.280000,207.400000,53.818000,77.919000
476.320000,206.740000,53.818000,77.919000
476.360000,206.120000,53.818000,77.919000
476.840000,205.710000,53.818000,77.919000
476.130000,204.500000,56.509000,81.815000
476.040000,204.180000,56.509000,81.815000
475.810000,203.420000,56.509000,81.815000
475.760000,203.610000,56.509000,81.815000
475.520000,203.350000,56.509000,81.815000
474.440000,201.380000,59.334000,85.906000
474.280000,201.080000,59.334000,85.906000
474.710000,200.710000,59.334000,85.906000
474.190000,201.310000,59.334000,85.906000
474.150000,200.680000,59.334000,85.906000
474.480000,199.930000,59.334000,85.906000
473.720000,200.640000,59.334000,85.906000
472.420000,199.020000,62.301000,90.201000
472.350000,197.950000,62.301000,90.201000
472.120000,197.620000,62.301000,90.201000
471.870000,198.180000,62.301000,90.201000
471.570000,197.350000,62.301000,90.201000
471.940000,197.650000,62.301000,90.201000
471.230000,198.100000,62.301000,90.201000
471.270000,197.430000,62.301000,90.201000
471.300000,197.730000,62.301000,90.201000
471.300000,198.440000,62.301000,90.201000
471.160000,198.420000,62.301000,90.201000
470.990000,197.560000,62.301000,90.201000
470.620000,198.310000,62.301000,90.201000
471.120000,197.990000,62.301000,90.201000
471.050000,196.670000,62.301000,90.201000
470.900000,197.150000,62.301000,90.201000
471.110000,196.980000,62.301000,90.201000
470.930000,196.290000,62.301000,90.201000
471.260000,196.580000,62.301000,90.201000
471.550000,197.010000,62.301000,90.201000
471.970000,196.210000,62.301000,90.201000
471.890000,196.350000,62.301000,90.201000
472.330000,196.330000,62.301000,90.201000
472.860000,196.520000,62.301000,90.201000
473.270000,196.650000,62.301000,90.201000
473.990000,196.940000,62.301000,90.201000
474.040000,196.810000,62.301000,90.201000
474.660000,197.360000,62.301000,90.201000
475.520000,197.310000,62.301000,90.201000
476.140000,196.820000,62.301000,90.201000
476.460000,197.220000,62.301000,90.201000
477.600000,196.800000,62.301000,90.201000
478.670000,197.330000,62.301000,90.201000
479.680000,196.900000,62.301000,90.201000
480.080000,197.010000,62.301000,90.201000
480.900000,195.990000,62.301000,90.201000
486.440000,198.600000,59.334000,85.906000
480.150000,200.950000,62.301000,90.201000
479.240000,198.790000,65.416000,94.711000
480.130000,195.050000,68.687000,99.447000
488.620000,203.020000,68.687000,99.447000
490.270000,202.690000,65.416000,94.711000
494.940000,204.130000,65.416000,94.711000
503.040000,203.190000,65.416000,94.711000
488.860000,212.030000,62.301000,90.201000
490.910000,209.700000,62.301000,90.201000
496.380000,205.310000,65.416000,94.711000
505.180000,199.820000,65.416000,94.711000
514.630000,196.540000,65.416000,94.711000
520.270000,186.840000,68.687000,99.447000
526.470000,185.580000,68.687000,99.447000
534.720000,187.410000,65.416000,94.711000
542.460000,183.210000,65.416000,94.711000
550.090000,182.240000,65.416000,94.711000
560.420000,184.250000,65.416000,94.711000
569.540000,184.830000,65.416000,94.711000
577.440000,182.540000,68.687000,99.447000
587.890000,183.690000,68.687000,99.447000
597.420000,189.400000,68.687000,99.447000
611.760000,190.060000,68.687000,99.447000
622.720000,191.650000,68.687000,99.447000
635.240000,194.320000,68.687000,99.447000
651.180000,202.570000,65.416000,94.711000
664.420000,202.100000,65.416000,94.711000
678.520000,206.100000,65.416000,94.711000
693.830000,206.530000,65.416000,94.711000
708.010000,211.100000,65.416000,94.711000
723.040000,212.730000,65.416000,94.711000
737.710000,213.120000,65.416000,94.711000
751.570000,212.700000,65.416000,94.711000
765.330000,211.080000,65.416000,94.711000
777.920000,203.640000,68.687000,99.447000
789.670000,200.220000,72.121000,104.420000
801.340000,198.170000,72.121000,104.420000
813.620000,196.680000,72.121000,104.420000
826.180000,195.990000,72.121000,104.420000
836.400000,194.320000,72.121000,104.420000
847.200000,191.990000,75.727000,109.640000
858.370000,191.600000,75.727000,109.640000
869.500000,191.490000,75.727000,109.640000
880.830000,190.790000,75.727000,109.640000
892.460000,190.370000,75.727000,109.640000
906.030000,191.860000,75.727000,109.640000
919.300000,194.250000,75.727000,109.640000
929.550000,195.460000,75.727000,109.640000
936.660000,194.290000,75.727000,109.640000
928.970000,187.470000,75.727000,109.640000
930.360000,198.910000,72.121000,104.420000
926.130000,188.750000,75.727000,109.640000
917.080000,175.070000,75.727000,109.640000
913.870000,177.060000,72.121000,104.420000
914.880000,175.440000,72.121000,104.420000
916.590000,173.800000,72.121000,104.420000
914.820000,173.650000,72.121000,104.420000
914.540000,175.310000,72.121000,104.420000
914.490000,174.660000,72.121000,104.420000
915.800000,174.860000,72.121000,104.420000
915.590000,173.930000,72.121000,104.420000
915.960000,174.400000,72.121000,104.420000
915.420000,174.110000,72.121000,104.420000
915.810000,174.330000,72.121000,104.420000
915.790000,174.260000,72.121000,104.420000
915.870000,174.660000,72.121000,104.420000
915.640000,174.780000,72.121000,104.420000
915.770000,175.200000,72.121000,104.420000
915.720000,175.060000,72.121000,104.420000
915.740000,174.440000,72.121000,104.420000
916.030000,174.620000,72.121000,104.420000
915.400000,174.590000,72.121000,104.420000
915.340000,174.540000,72.121000,104.420000
915.210000,174.780000,72.121000,104.420000
915.280000,174.580000,72.121000,104.420000
915.260000,175.000000,72.121000,104.420000
915.300000,174.690000,72.121000,104.420000
915.350000,175.050000,72.121000,104.420000
915.130000,174.670000,72.121000,104.420000
915.300000,174.810000,72.121000,104.420000
915.110000,174.450000,72.121000,104.420000
915.500000,174.390000,72.121000,104.420000
915.500000,174.540000,72.121000,104.420000
915.490000,174.710000,72.121000,104.420000
915.620000,175.070000,72.121000,104.420000
915.330000,174.720000,72.121000,104.420000
915.220000,175.090000,72.121000,104.420000
914.940000,174.680000,72.121000,104.420000
915.020000,174.880000,72.121000,104.420000
915.190000,174.650000,72.121000,104.420000
915.170000,174.920000,72.121000,104.420000
915.140000,174.450000,72.121000,104.420000
915.170000,174.820000,72.121000,104.420000
915.370000,174.290000,72.121000,104.420000
915.430000,174.530000,72.121000,104.420000
915.410000,174.690000,72.121000,104.420000
915.570000,174.850000,72.121000,104.420000
915.430000,174.310000,72.121000,104.420000
915.260000,174.460000,72.121000,104.420000
915.150000,174.580000,72.121000,104.420000
915.190000,174.740000,72.121000,104.420000
915.130000,174.890000,72.121000,104.420000
914.920000,174.450000,72.121000,104.420000
915.540000,174.790000,72.121000,104.420000
915.530000,174.400000,72.121000,104.420000
915.650000,174.650000,72.121000,104.420000
915.620000,174.920000,72.121000,104.420000
915.660000,174.620000,72.121000,104.420000
915.580000,174.770000,72.121000,104.420000
915.480000,174.980000,72.121000,104.420000
915.500000,174.800000,72.121000,104.420000
915.510000,174.390000,72.121000,104.420000
915.460000,174.570000,72.121000,104.420000
915.250000,174.740000,72.121000,104.420000
915.420000,175.000000,72.121000,104.420000
915.240000,174.740000,72.121000,104.420000
915.430000,175.100000,72.121000,104.420000
915.200000,174.670000,72.121000,104.420000
915.040000,174.950000,72.121000,104.420000
915.040000,174.780000,72.121000,104.420000
915.240000,175.010000,72.121000,104.420000
914.980000,174.760000,72.121000,104.420000
915.020000,174.950000,72.121000,104.420000
914.800000,174.630000,72.121000,104.420000
915.580000,174.820000,72.121000,104.420000
915.500000,174.550000,72.121000,104.420000
915.550000,174.780000,72.121000,104.420000
915.470000,175.090000,72.121000,104.420000
915.510000,174.570000,72.121000,104.420000
915.780000,174.870000,72.121000,104.420000
915.640000,174.560000,72.121000,104.420000
915.770000,174.830000,72.121000,104.420000
915.580000,174.170000,72.121000,104.420000
915.470000,174.280000,72.121000,104.420000
915.510000,174.510000,72.121000,104.420000
915.550000,174.670000,72.121000,104.420000
915.520000,174.930000,72.121000,104.420000
915.500000,174.420000,72.121000,104.420000
915.760000,174.600000,72.121000,104.420000
915.910000,174.930000,72.121000,104.420000
915.910000,174.520000,72.121000,104.420000
916.090000,174.760000,72.121000,104.420000
915.670000,175.050000,72.121000,104.420000
915.540000,174.820000,72.121000,104.420000
915.290000,174.570000,72.121000,104.420000
915.360000,174.690000,72.121000,104.420000
915.430000,174.860000,72.121000,104.420000
915.290000,174.630000,72.121000,104.420000
915.380000,174.750000,72.121000,104.420000
915.220000,175.040000,72.121000,104.420000
915.200000,174.700000,72.121000,104.420000
915.010000,174.760000,72.121000,104.420000
914.920000,174.890000,72.121000,104.420000
915.590000,174.400000,72.121000,104.420000
915.560000,174.540000,72.121000,104.420000
915.750000,174.680000,72.121000,104.420000
916.100000,174.830000,72.121000,104.420000
915.550000,174.260000,72.121000,104.420000
915.420000,174.420000,72.121000,104.420000
915.530000,174.640000,72.121000,104.420000
915.530000,174.730000,72.121000,104.420000
915.850000,174.770000,72.121000,104.420000
916.040000,175.040000,72.121000,104.420000
915.110000,174.490000,72.121000,104.420000
915.330000,174.830000,72.121000,104.420000
915.330000,174.560000,72.121000,104.420000
915.240000,174.650000,72.121000,104.420000
915.250000,175.000000,72.121000,104.420000
915.250000,174.620000,72.121000,104.420000
915.240000,174.770000,72.121000,104.420000
915.280000,174.930000,72.121000,104.420000
915.290000,174.440000,72.121000,104.420000
915.200000,174.660000,72.121000,104.420000
915.210000,174.710000,72.121000,104.420000
915.230000,174.790000,72.121000,104.420000
915.240000,174.810000,72.121000,104.420000
915.240000,174.370000,72.121000,104.420000
915.580000,174.440000,72.121000,104.420000
915.450000,174.650000,72.121000,104.420000
915.480000,174.780000,72.121000,104.420000
915.460000,174.980000,72.121000,104.420000
915.550000,174.490000,72.121000,104.420000
915.390000,174.590000,72.121000,104.420000
915.570000,174.820000,72.121000,104.420000
915.610000,174.370000,72.121000,104.420000
915.650000,174.670000,72.121000,104.420000
915.890000,174.930000,72.121000,104.420000
915.870000,174.480000,72.121000,104.420000
915.970000,174.780000,72.121000,104.420000
915.510000,175.000000,72.121000,104.420000
915.670000,174.430000,72.121000,104.420000
915.970000,174.540000,72.121000,104.420000
915.180000,174.720000,72.121000,104.420000
915.170000,174.980000,72.121000,104.420000
915.280000,174.340000,72.121000,104.420000
915.290000,174.380000,72.121000,104.420000
915.370000,174.410000,72.121000,104.420000
915.400000,174.540000,72.121000,104.420000
915.610000,174.700000,72.121000,104.420000
915.550000,175.060000,72.121000,104.420000
915.310000,174.370000,72.121000,104.420000
915.430000,174.480000,72.121000,104.420000
915.380000,174.460000,72.121000,104.420000
915.590000,174.480000,72.121000,104.420000
915.820000,174.710000,72.121000,104.420000
915.970000,174.710000,72.121000,104.420000
915.320000,174.790000,72.121000,104.420000
915.210000,175.060000,72.121000,104.420000
915.210000,174.760000,72.121000,104.420000
915.440000,174.820000,72.121000,104.420000
915.630000,174.320000,72.121000,104.420000
915.590000,174.520000,72.121000,104.420000
915.670000,174.560000,72.121000,104.420000
915.810000,174.630000,72.121000,104.420000
916.120000,174.820000,72.121000,104.420000
915.590000,174.530000,72.121000,104.420000
915.460000,174.580000,72.121000,104.420000
915.370000,174.690000,72.121000,104.420000
915.230000,174.740000,72.121000,104.420000
915.330000,174.700000,72.121000,104.420000
915.300000,174.670000,72.121000,104.420000
915.240000,174.820000,72.121000,104.420000
915.280000,174.330000,72.121000,104.420000
915.170000,174.240000,72.121000,104.420000
915.120000,174.210000,72.121000,104.420000
915.260000,174.230000,72.121000,104.420000
915.220000,174.050000,72.121000,104.420000
915.200000,174.090000,72.121000,104.420000
915.380000,174.210000,72.121000,104.420000
915.570000,174.310000,72.121000,104.420000
915.860000,174.290000,72.121000,104.420000
915.880000,174.380000,72.121000,104.420000
915.990000,174.570000,72.121000,104.420000
915.370000,174.700000,72.121000,104.420000
915.460000,174.790000,72.121000,104.420000
915.720000,175.030000,72.121000,104.420000
915.680000,174.800000,72.121000,104.420000
915.520000,174.320000,72.121000,104.420000
915.530000,174.550000,72.121000,104.420000
915.340000,174.730000,72.121000,104.420000
915.300000,175.010000,72.121000,104.420000
915.400000,174.570000,72.121000,104.420000
915.740000,174.780000,72.121000,104.420000
915.710000,174.920000,72.121000,104.420000
915.680000,174.520000,72.121000,104.420000
915.840000,174.750000,72.121000,104.420000
915.810000,175.010000,72.121000,104.420000
915.810000,174.570000,72.121000,104.420000
915.720000,174.590000,72.121000,104.420000
915.610000,174.760000,72.121000,104.420000
915.470000,174.930000,72.121000,104.420000
915.480000,174.440000,72.121000,104.420000
915.580000,174.460000,72.121000,104.420000
915.600000,174.550000,72.121000,104.420000
915.660000,174.660000,72.121000,104.420000
915.740000,174.840000,72.121000,104.420000
915.690000,174.280000,72.121000,104.420000
915.780000,174.510000,72.121000,104.420000
915.750000,174.740000,72.121000,104.420000
916.060000,175.040000,72.121000,104.420000
915.500000,174.720000,72.121000,104.420000
915.360000,174.930000,72.121000,104.420000
915.300000,174.490000,72.121000,104.420000
915.540000,174.810000,72.121000,104.420000
915.890000,174.620000,72.121000,104.420000
916.020000,174.870000,72.121000,104.420000
915.340000,174.540000,72.121000,104.420000
915.520000,174.910000,72.121000,104.420000
915.670000,174.590000,72.121000,104.420000
915.710000,174.980000,72.121000,104.420000
915.540000,174.540000,72.121000,104.420000
915.910000,174.760000,72.121000,104.420000
916.130000,174.980000,72.121000,104.420000
915.230000,174.580000,72.121000,104.420000
915.060000,174.950000,72.121000,104.420000
915.030000,174.660000,72.121000,104.420000
915.060000,174.970000,72.121000,104.420000
914.940000,174.560000,72.121000,104.420000
914.700000,174.880000,72.121000,104.420000
915.060000,174.510000,72.121000,104.420000
915.050000,174.790000,72.121000,104.420000
914.930000,174.410000,72.121000,104.420000
915.710000,174.550000,72.121000,104.420000
915.710000,174.820000,72.121000,104.420000
915.750000,174.490000,72.121000,104.420000
915.930000,174.540000,72.121000,104.420000
916.060000,174.720000,72.121000,104.420000
915.560000,175.050000,72.121000,104.420000
915.610000,174.660000,72.121000,104.420000
915.740000,174.860000,72.121000,104.420000
915.610000,174.460000,72.121000,104.420000
915.360000,174.400000,72.121000,104.420000
913.930000,174.140000,72.121000,104.420000
914.330000,173.480000,72.121000,104.420000
915.200000,170.030000,72.121000,104.420000
914.940000,153.190000,72.121000,104.420000
914.780000,176.040000,72.121000,104.420000
923.130000,203.570000,68.687000,99.447000
922.090000,198.140000,65.416000,94.711000
929.370000,208.930000,68.687000,99.447000
923.410000,211.210000,68.687000,99.447000
915.740000,214.940000,68.687000,99.447000
912.480000,201.050000,72.121000,104.420000
911.850000,191.610000,75.727000,109.640000
921.930000,211.130000,75.727000,109.640000
918.620000,210.040000,75.727000,109.640000
915.870000,212.710000,75.727000,109.640000
917.300000,219.070000,75.727000,109.640000
918.520000,241.430000,72.121000,104.420000
914.630000,244.280000,72.121000,104.420000
923.210000,280.320000,72.121000,104.420000
920.160000,282.210000,72.121000,104.420000
917.820000,286.990000,72.121000,104.420000
917.410000,285.900000,72.121000,104.420000
918.350000,285.180000,72.121000,104.420000
918.850000,286.570000,72.121000,104.420000
918.990000,288.230000,72.121000,104.420000
917.360000,284.680000,75.727000,109.640000
918.000000,285.940000,72.121000,104.420000
917.970000,285.430000,72.121000,104.420000
918.450000,287.220000,72.121000,104.420000
918.830000,286.810000,72.121000,104.420000
919.170000,286.000000,72.121000,104.420000
919.070000,286.140000,72.121000,104.420000
918.260000,286.370000,72.121000,104.420000
918.300000,285.870000,72.121000,104.420000
919.630000,288.150000,68.687000,99.447000
920.070000,288.850000,68.687000,99.447000
920.080000,288.170000,68.687000,99.447000
918.610000,286.390000,72.121000,104.420000
918.340000,285.550000,72.121000,104.420000
918.900000,286.690000,72.121000,104.420000
918.920000,286.060000,72.121000,104.420000
918.930000,285.840000,72.121000,104.420000
919.080000,285.160000,72.121000,104.420000
918.530000,286.080000,72.121000,104.420000
918.430000,286.400000,72.121000,104.420000
918.270000,286.130000,72.121000,104.420000
917.970000,285.890000,72.121000,104.420000
917.810000,286.230000,72.121000,104.420000
918.500000,285.990000,72.121000,104.420000
918.510000,285.630000,72.121000,104.420000
918.740000,286.450000,72.121000,104.420000
918.570000,285.930000,72.121000,104.420000
918.450000,285.630000,72.121000,104.420000
918.800000,286.490000,72.121000,104.420000
918.800000,286.680000,72.121000,104.420000
918.610000,286.480000,72.121000,104.420000
918.620000,286.430000,72.121000,104.420000
918.920000,286.560000,72.121000,104.420000
919.150000,286.760000,72.121000,104.420000
918.110000,286.730000,72.121000,104.420000
918.380000,286.540000,72.121000,104.420000
918.450000,286.620000,72.121000,104.420000
918.560000,287.130000,72.121000,104.420000
918.650000,286.210000,72.121000,104.420000
918.630000,286.080000,72.121000,104.420000
919.030000,286.160000,72.121000,104.420000
918.420000,286.740000,72.121000,104.420000
918.290000,287.170000,72.121000,104.420000
918.400000,286.770000,72.121000,104.420000
918.310000,286.720000,72.121000,104.420000
918.450000,286.720000,72.121000,104.420000
918.520000,286.890000,72.121000,104.420000
918.880000,286.040000,72.121000,104.420000
919.000000,286.350000,72.121000,104.420000
918.490000,286.250000,72.121000,104.420000
918.590000,285.980000,72.121000,104.420000
918.550000,286.100000,72.121000,104.420000
918.650000,286.310000,72.121000,104.420000
918.690000,286.660000,72.121000,104.420000
918.970000,286.370000,72.121000,104.420000
918.150000,286.160000,72.121000,104.420000
918.340000,286.390000,72.121000,104.420000
918.450000,286.290000,72.121000,104.420000
918.390000,286.220000,72.121000,104.420000
918.400000,286.260000,72.121000,104.420000
918.440000,286.470000,72.121000,104.420000
918.600000,286.770000,72.121000,104.420000
918.860000,286.500000,72.121000,104.420000
918.890000,286.320000,72.121000,104.420000
918.840000,286.540000,72.121000,104.420000
918.760000,286.370000,72.121000,104.420000
918.750000,286.330000,72.121000,104.420000
918.820000,286.280000,72.121000,104.420000
919.030000,286.420000,72.121000,104.420000
918.610000,286.140000,72.121000,104.420000
918.400000,285.950000,72.121000,104.420000
918.600000,286.360000,72.121000,104.420000
918.910000,286.550000,72.121000,104.420000
919.010000,286.390000,72.121000,104.420000
918.560000,286.750000,72.121000,104.420000
918.750000,286.940000,72.121000,104.420000
918.730000,286.590000,72.121000,104.420000
918.910000,286.490000,72.121000,104.420000
918.920000,286.340000,72.121000,104.420000
918.910000,286.220000,72.121000,104.420000
919.020000,286.210000,72.121000,104.420000
918.440000,286.280000,72.121000,104.420000
918.720000,286.270000,72.121000,104.420000
918.570000,286.120000,72.121000,104.420000
918.690000,286.270000,72.121000,104.420000
918.580000,286.390000,72.121000,104.420000
918.690000,286.390000,72.121000,104.420000
918.500000,286.300000,72.121000,104.420000
918.700000,286.000000,72.121000,104.420000
918.760000,286.220000,72.121000,104.420000
918.970000,286.140000,72.121000,104.420000
918.240000,286.010000,72.121000,104.420000
918.190000,285.900000,72.121000,104.420000
918.390000,286.010000,72.121000,104.420000
918.410000,285.990000,72.121000,104.420000
918.390000,285.920000,72.121000,104.420000
918.570000,285.900000,72.121000,104.420000
918.560000,285.960000,72.121000,104.420000
918.780000,285.810000,72.121000,104.420000
918.740000,285.630000,72.121000,104.420000
918.980000,286.180000,72.121000,104.420000
918.480000,285.980000,72.121000,104.420000
918.560000,286.010000,72.121000,104.420000
918.730000,285.880000,72.121000,104.420000
919.100000,285.770000,72.121000,104.420000
918.690000,286.240000,72.121000,104.420000
919.010000,286.460000,72.121000,104.420000
918.410000,286.270000,72.121000,104.420000
918.380000,286.270000,72.121000,104.420000
918.570000,286.540000,72.121000,104.420000
918.670000,286.440000,72.121000,104.420000
918.890000,286.600000,72.121000,104.420000
918.840000,286.610000,72.121000,104.420000
918.890000,286.360000,72.121000,104.420000
918.890000,286.190000,72.121000,104.420000
918.780000,286.110000,72.121000,104.420000
918.790000,286.020000,72.121000,104.420000
918.930000,286.150000,72.121000,104.420000
919.170000,285.990000,72.121000,104.420000
918.520000,286.040000,72.121000,104.420000
918.860000,286.000000,72.121000,104.420000
918.820000,286.120000,72.121000,104.420000
918.960000,286.460000,72.121000,104.420000
918.110000,286.380000,72.121000,104.420000
918.260000,286.450000,72.121000,104.420000
918.600000,286.460000,72.121000,104.420000
918.800000,286.570000,72.121000,104.420000
918.950000,286.790000,72.121000,104.420000
918.390000,285.770000,72.121000,104.420000
918.310000,286.680000,72.121000,104.420000
918.660000,286.660000,72.121000,104.420000
918.670000,286.690000,72.121000,104.420000
918.640000,286.770000,72.121000,104.420000
918.780000,286.560000,72.121000,104.420000
918.620000,286.560000,72.121000,104.420000
918.740000,286.820000,72.121000,104.420000
918.900000,286.080000,72.121000,104.420000
918.790000,285.810000,72.121000,104.420000
918.710000,285.870000,72.121000,104.420000
919.000000,285.780000,72.121000,104.420000
918.630000,286.560000,72.121000,104.420000
918.900000,286.870000,72.121000,104.420000
918.950000,285.980000,72.121000,104.420000
918.150000,285.860000,72.121000,104.420000
918.240000,285.900000,72.121000,104.420000
918.150000,286.040000,72.121000,104.420000
918.220000,285.900000,72.121000,104.420000
918.090000,285.910000,72.121000,104.420000
918.200000,285.930000,72.121000,104.420000
918.120000,285.990000,72.121000,104.420000
918.150000,285.970000,72.121000,104.420000
918.400000,286.280000,72.121000,104.420000
918.500000,286.140000,72.121000,104.420000
918.450000,286.110000,72.121000,104.420000
918.770000,286.260000,72.121000,104.420000
918.610000,286.420000,72.121000,104.420000
918.710000,286.480000,72.121000,104.420000
918.670000,286.560000,72.121000,104.420000
918.790000,286.790000,72.121000,104.420000
918.560000,286.200000,72.121000,104.420000
918.700000,286.110000,72.121000,104.420000
918.680000,286.130000,72.121000,104.420000
918.560000,286.170000,72.121000,104.420000
918.980000,286.120000,72.121000,104.420000
918.480000,285.890000,72.121000,104.420000
918.380000,285.910000,72.121000,104.420000
918.490000,285.830000,72.121000,104.420000
918.500000,285.950000,72.121000,104.420000
918.560000,285.980000,72.121000,104.420000
918.720000,285.720000,72.121000,104.420000
919.030000,286.410000,72.121000,104.420000
918.420000,286.410000,72.121000,104.420000
918.810000,286.610000,72.121000,104.420000
918.850000,286.700000,72.121000,104.420000
919.040000,286.970000,72.121000,104.420000
918.680000,286.250000,72.121000,104.420000
918.790000,286.640000,72.121000,104.420000
918.660000,286.650000,72.121000,104.420000
918.680000,286.560000,72.121000,104.420000
918.810000,286.600000,72.121000,104.420000
918.840000,286.620000,72.121000,104.420000
918.890000,286.710000,72.121000,104.420000
918.870000,286.760000,72.121000,104.420000
919.020000,287.020000,72.121000,104.420000
918.140000,286.220000,72.121000,104.420000
917.960000,286.330000,72.121000,104.420000
917.850000,286.260000,72.121000,104.420000
918.460000,286.130000,72.121000,104.420000
918.240000,286.310000,72.121000,104.420000
918.580000,286.330000,72.121000,104.420000
918.750000,286.280000,72.121000,104.420000
918.750000,286.410000,72.121000,104.420000
918.770000,286.330000,72.121000,104.420000
919.070000,286.550000,72.121000,104.420000
918.650000,286.360000,72.121000,104.420000
918.730000,286.570000,72.121000,104.420000
918.720000,286.760000,72.121000,104.420000
918.790000,286.960000,72.121000,104.420000
918.880000,286.280000,72.121000,104.420000
918.970000,286.320000,72.121000,104.420000
918.310000,286.100000,72.121000,104.420000
918.600000,285.970000,72.121000,104.420000
918.640000,285.890000,72.121000,104.420000
918.780000,286.010000,72.121000,104.420000
918.880000,286.100000,72.121000,104.420000
918.920000,286.260000,72.121000,104.420000
919.260000,286.300000,72.121000,104.420000
918.450000,286.130000,72.121000,104.420000
918.650000,286.160000,72.121000,104.420000
918.570000,286.160000,72.121000,104.420000
919.070000,286.260000,72.121000,104.420000
918.300000,286.070000,72.121000,104.420000
918.550000,285.960000,72.121000,104.420000
918.500000,285.970000,72.121000,104.420000
918.450000,286.190000,72.121000,104.420000
918.640000,286.120000,72.121000,104.420000
918.600000,286.100000,72.121000,104.420000
918.480000,286.030000,72.121000,104.420000
918.510000,286.070000,72.121000,104.420000
918.700000,286.130000,72.121000,104.420000
918.750000,286.380000,72.121000,104.420000
919.000000,286.570000,72.121000,104.420000
918.310000,286.400000,72.121000,104.420000
918.300000,286.420000,72.121000,104.420000
918.460000,286.680000,72.121000,104.420000
918.770000,286.690000,72.121000,104.420000
918.600000,286.770000,72.121000,104.420000
918.800000,286.830000,72.121000,104.420000
918.910000,285.920000,72.121000,104.420000
919.140000,285.850000,72.121000,104.420000
918.340000,285.780000,72.121000,104.420000
918.650000,286.590000,72.121000,104.420000
918.690000,286.620000,72.121000,104.420000
918.880000,286.550000,72.121000,104.420000
919.130000,286.680000,72.121000,104.420000
918.630000,286.560000,72.121000,104.420000
918.750000,286.390000,72.121000,104.420000
918.770000,286.180000,72.121000,104.420000
918.840000,286.270000,72.121000,104.420000
919.050000,286.240000,72.121000,104.420000
918.420000,286.270000,72.121000,104.420000
918.490000,286.360000,72.121000,104.420000
918.420000,286.440000,72.121000,104.420000
918.270000,286.210000,72.121000,104.420000
918.410000,286.230000,72.121000,104.420000
918.540000,286.440000,72.121000,104.420000
918.520000,286.620000,72.121000,104.420000
918.670000,286.690000,72.121000,104.420000
918.690000,286.770000,72.121000,104.420000
918.690000,286.610000,72.121000,104.420000
918.630000,286.700000,72.121000,104.420000
918.810000,286.600000,72.121000,104.420000
918.970000,286.540000,72.121000,104.420000
918.450000,286.510000,72.121000,104.420000
918.490000,286.250000,72.121000,104.420000
918.660000,286.290000,72.121000,104.420000
918.690000,286.080000,72.121000,104.420000
918.880000,286.390000,72.121000,104.420000
918.820000,286.410000,72.121000,104.420000
918.890000,286.570000,72.121000,104.420000
918.830000,286.620000,72.121000,104.420000
918.940000,286.520000,72.121000,104.420000
919.160000,286.570000,72.121000,104.420000
918.610000,286.510000,72.121000,104.420000
918.800000,286.450000,72.121000,104.420000
918.740000,286.730000,72.121000,104.420000
918.930000,286.470000,72.121000,104.420000
918.940000,286.670000,72.121000,104.420000
918.010000,286.520000,72.121000,104.420000
918.170000,286.800000,72.121000,104.420000
918.400000,286.210000,72.121000,104.420000
918.490000,286.160000,72.121000,104.420000
918.790000,286.030000,72.121000,104.420000
918.870000,286.160000,72.121000,104.420000
918.810000,286.370000,72.121000,104.420000
918.680000,286.190000,72.121000,104.420000
918.820000,286.230000,72.121000,104.420000
918.830000,286.430000,72.121000,104.420000
918.920000,286.340000,72.121000,104.420000
919.080000,286.460000,72.121000,104.420000
918.420000,286.280000,72.121000,104.420000
918.400000,286.190000,72.121000,104.420000
918.550000,286.310000,72.121000,104.420000
918.630000,286.440000,72.121000,104.420000
918.640000,286.600000,72.121000,104.420000
918.470000,286.500000,72.121000,104.420000
918.810000,286.340000,72.121000,104.420000
918.770000,286.410000,72.121000,104.420000
918.690000,286.130000,72.121000,104.420000
918.820000,286.160000,72.121000,104.420000
919.080000,286.350000,72.121000,104.420000
918.580000,286.290000,72.121000,104.420000
918.880000,286.520000,72.121000,104.420000
919.080000,286.700000,72.121000,104.420000
918.550000,286.600000,72.121000,104.420000
918.710000,286.730000,72.121000,104.420000
918.740000,286.880000,72.121000,104.420000
918.750000,286.240000,72.121000,104.420000
918.830000,286.100000,72.121000,104.420000
918.810000,286.390000,72.121000,104.420000
918.520000,286.130000,72.121000,104.420000
918.750000,286.250000,72.121000,104.420000
919.040000,286.210000,72.121000,104.420000
918.360000,285.910000,72.121000,104.420000
918.220000,285.950000,72.121000,104.420000
918.410000,285.990000,72.121000,104.420000
918.360000,286.070000,72.121000,104.420000
918.320000,286.260000,72.121000,104.420000
918.460000,286.270000,72.121000,104.420000
918.530000,286.430000,72.121000,104.420000
918.910000,286.560000,72.121000,104.420000
919.090000,286.590000,72.121000,104.420000
918.600000,286.430000,72.121000,104.420000
918.740000,286.220000,72.121000,104.420000
919.150000,286.160000,72.121000,104.420000
918.570000,285.920000,72.121000,104.420000
918.640000,285.890000,72.121000,104.420000
918.620000,285.870000,72.121000,104.420000
918.900000,286.060000,72.121000,104.420000
919.110000,286.560000,72.121000,104.420000
918.420000,286.280000,72.121000,104.420000
918.440000,286.400000,72.121000,104.420000
918.810000,286.510000,72.121000,104.420000
919.160000,286.660000,72.121000,104.420000
918.710000,286.490000,72.121000,104.420000
918.840000,286.610000,72.121000,104.420000
918.760000,286.560000,72.121000,104.420000
918.860000,286.660000,72.121000,104.420000
919.140000,286.700000,72.121000,104.420000
918.510000,286.720000,72.121000,104.420000
918.970000,287.080000,72.121000,104.420000
918.950000,286.840000,72.121000,104.420000
919.390000,286.280000,72.121000,104.420000
919.310000,286.710000,72.121000,104.420000
919.660000,286.410000,72.121000,104.420000
920.330000,287.340000,72.121000,104.420000
922.270000,313.560000,72.121000,104.420000
921.200000,313.260000,72.121000,104.420000
920.260000,287.490000,72.121000,104.420000
924.320000,285.330000,72.121000,104.420000
917.420000,321.530000,72.121000,104.420000
923.730000,321.350000,72.121000,104.420000
922.930000,325.910000,68.687000,99.447000
922.350000,322.610000,68.687000,99.447000
923.140000,323.630000,68.687000,99.447000
924.960000,324.610000,68.687000,99.447000
921.820000,291.250000,68.687000,99.447000
922.950000,296.100000,65.416000,94.711000
920.890000,299.220000,68.687000,99.447000
921.940000,312.330000,68.687000,99.447000
925.130000,310.830000,68.687000,99.447000
924.950000,283.820000,68.687000,99.447000
927.920000,278.470000,65.416000,94.711000
921.930000,301.750000,65.416000,94.711000
923.240000,310.110000,62.301000,90.201000
921.430000,305.150000,62.301000,90.201000
922.050000,298.150000,62.301000,90.201000
923.590000,294.070000,65.416000,94.711000
921.770000,292.620000,65.416000,94.711000
920.890000,292.450000,65.416000,94.711000
921.610000,291.690000,65.416000,94.711000
921.430000,290.810000,65.416000,94.711000
921.330000,290.940000,65.416000,94.711000
919.450000,288.040000,68.687000,99.447000
920.030000,288.220000,68.687000,99.447000
919.960000,288.750000,68.687000,99.447000
919.820000,288.340000,68.687000,99.447000
919.710000,288.040000,68.687000,99.447000
919.490000,288.210000,68.687000,99.447000
919.950000,288.460000,68.687000,99.447000
918.280000,285.800000,72.121000,104.420000
918.610000,286.060000,72.121000,104.420000
918.900000,286.140000,72.121000,104.420000
918.930000,286.030000,72.121000,104.420000
918.860000,286.220000,72.121000,104.420000
919.000000,286.340000,72.121000,104.420000
918.400000,286.240000,72.121000,104.420000
918.220000,286.220000,72.121000,104.420000
918.240000,286.270000,72.121000,104.420000
918.430000,286.250000,72.121000,104.420000
918.490000,286.240000,72.121000,104.420000
918.510000,286.390000,72.121000,104.420000
918.770000,286.380000,72.121000,104.420000
918.680000,286.440000,72.121000,104.420000
918.880000,286.370000,72.121000,104.420000
918.940000,286.450000,72.121000,104.420000
918.960000,286.390000,72.121000,104.420000
918.250000,286.400000,72.121000,104.420000
918.190000,286.520000,72.121000,104.420000
918.300000,286.370000,72.121000,104.420000
918.360000,286.490000,72.121000,104.420000
918.480000,286.330000,72.121000,104.420000
918.370000,286.380000,72.121000,104.420000
918.370000,286.450000,72.121000,104.420000
918.640000,286.380000,72.121000,104.420000
918.590000,286.500000,72.121000,104.420000
918.390000,286.540000,72.121000,104.420000
918.460000,286.460000,72.121000,104.420000
918.590000,286.820000,72.121000,104.420000
918.830000,286.420000,72.121000,104.420000
919.090000,286.280000,72.121000,104.420000
918.520000,286.160000,72.121000,104.420000
918.310000,286.210000,72.121000,104.420000
918.450000,286.290000,72.121000,104.420000
918.460000,286.420000,72.121000,104.420000
918.640000,286.420000,72.121000,104.420000
918.540000,286.420000,72.121000,104.420000
918.470000,286.270000,72.121000,104.420000
918.670000,286.510000,72.121000,104.420000
918.790000,286.630000,72.121000,104.420000
918.870000,286.660000,72.121000,104.420000
918.820000,286.640000,72.121000,104.420000
919.130000,286.680000,72.121000,104.420000
918.170000,286.390000,72.121000,104.420000
918.340000,286.560000,72.121000,104.420000
918.490000,286.590000,72.121000,104.420000
918.670000,286.490000,72.121000,104.420000
918.960000,286.750000,72.121000,104.420000
918.170000,286.870000,72.121000,104.420000
918.290000,286.250000,72.121000,104.420000
918.520000,286.300000,72.121000,104.420000
918.570000,286.290000,72.121000,104.420000
918.580000,286.560000,72.121000,104.420000
918.520000,286.400000,72.121000,104.420000
918.660000,286.470000,72.121000,104.420000
918.560000,286.410000,72.121000,104.420000
918.670000,286.560000,72.121000,104.420000
918.900000,286.550000,72.121000,104.420000
919.140000,286.700000,72.121000,104.420000
918.430000,286.660000,72.121000,104.420000
918.690000,286.790000,72.121000,104.420000
918.680000,286.910000,72.121000,104.420000
918.930000,286.160000,72.121000,104.420000
919.190000,286.180000,72.121000,104.420000
918.790000,286.020000,72.121000,104.420000
918.580000,286.020000,72.121000,104.420000
918.540000,285.940000,72.121000,104.420000
918.510000,286.070000,72.121000,104.420000
918.810000,286.330000,72.121000,104.420000
919.110000,286.460000,72.121000,104.420000
918.480000,286.270000,72.121000,104.420000
918.780000,286.300000,72.121000,104.420000
918.910000,286.810000,72.121000,104.420000
919.110000,286.120000,72.121000,104.420000
918.640000,286.150000,72.121000,104.420000
918.740000,286.150000,72.121000,104.420000
918.750000,286.420000,72.121000,104.420000
918.950000,286.250000,72.121000,104.420000
918.340000,285.930000,72.121000,104.420000
918.380000,286.050000,72.121000,104.420000
918.560000,286.090000,72.121000,104.420000
918.490000,286.220000,72.121000,104.420000
918.410000,286.580000,72.121000,104.420000
918.550000,286.510000,72.121000,104.420000
918.550000,286.390000,72.121000,104.420000
918.820000,286.570000,72.121000,104.420000
919.170000,286.570000,72.121000,104.420000
918.520000,286.510000,72.121000,104.420000
918.550000,286.350000,72.121000,104.420000
918.430000,286.390000,72.121000,104.420000
918.770000,286.460000,72.121000,104.420000
918.850000,286.310000,72.121000,104.420000
919.040000,286.380000,72.121000,104.420000
918.490000,286.500000,72.121000,104.420000
918.650000,286.690000,72.121000,104.420000
918.970000,286.670000,72.121000,104.420000
918.490000,286.700000,72.121000,104.420000
918.460000,286.580000,72.121000,104.420000
918.600000,286.540000,72.121000,104.420000
918.440000,286.640000,72.121000,104.420000
918.800000,286.600000,72.121000,104.420000
919.000000,286.770000,72.121000,104.420000
918.340000,286.790000,72.121000,104.420000
918.710000,286.190000,72.121000,104.420000
918.740000,286.220000,72.121000,104.420000
918.810000,286.390000,72.121000,104.420000
919.130000,286.600000,72.121000,104.420000
918.310000,286.520000,72.121000,104.420000
918.330000,286.800000,72.121000,104.420000
918.560000,286.050000,72.121000,104.420000
918.670000,286.090000,72.121000,104.420000
918.910000,286.150000,72.121000,104.420000
919.070000,286.040000,72.121000,104.420000
918.140000,285.990000,72.121000,104.420000
918.170000,285.880000,72.121000,104.420000
918.100000,285.950000,72.121000,104.420000
918.050000,285.920000,72.121000,104.420000
918.250000,285.900000,72.121000,104.420000
918.460000,285.920000,72.121000,104.420000
918.570000,286.430000,72.121000,104.420000
918.640000,286.460000,72.121000,104.420000
918.760000,286.400000,72.121000,104.420000
918.770000,286.480000,72.121000,104.420000
918.630000,286.650000,72.121000,104.420000
918.800000,286.810000,72.121000,104.420000
918.920000,286.150000,72.121000,104.420000
919.030000,286.040000,72.121000,104.420000
918.490000,285.780000,72.121000,104.420000
918.650000,286.380000,72.121000,104.420000
918.680000,286.240000,72.121000,104.420000
918.630000,286.360000,72.121000,104.420000
918.410000,286.390000,72.121000,104.420000
918.670000,286.190000,72.121000,104.420000
918.670000,286.270000,72.121000,104.420000
919.020000,286.520000,72.121000,104.420000
918.530000,286.370000,72.121000,104.420000
918.330000,286.360000,72.121000,104.420000
918.370000,286.230000,72.121000,104.420000
918.550000,286.130000,72.121000,104.420000
918.500000,286.010000,72.121000,104.420000
918.530000,286.100000,72.121000,104.420000
918.690000,286.230000,72.121000,104.420000
918.730000,286.050000,72.121000,104.420000
918.810000,286.020000,72.121000,104.420000
918.800000,286.330000,72.121000,104.420000
918.860000,286.360000,72.121000,104.420000
919.140000,286.410000,72.121000,104.420000
918.480000,286.360000,72.121000,104.420000
918.590000,286.440000,72.121000,104.420000
918.690000,286.420000,72.121000,104.420000
918.700000,286.540000,72.121000,104.420000
918.710000,286.400000,72.121000,104.420000
918.830000,286.300000,72.121000,104.420000
918.970000,286.250000,72.121000,104.420000
918.200000,285.980000,72.121000,104.420000
918.330000,286.010000,72.121000,104.420000
918.250000,286.110000,72.121000,104.420000
918.440000,285.960000,72.121000,104.420000
918.400000,285.940000,72.121000,104.420000
918.470000,285.800000,72.121000,104.420000
918.370000,286.020000,72.121000,104.420000
918.550000,286.070000,72.121000,104.420000
918.740000,285.770000,72.121000,104.420000
919.460000,286.240000,72.121000,104.420000
918.930000,286.020000,72.121000,104.420000
918.860000,286.120000,72.121000,104.420000
918.840000,286.000000,72.121000,104.420000
918.910000,286.090000,72.121000,104.420000
919.130000,286.190000,72.121000,104.420000
918.310000,285.700000,72.121000,104.420000
918.430000,286.220000,72.121000,104.420000
918.390000,286.200000,72.121000,104.420000
918.370000,286.240000,72.121000,104.420000
918.360000,286.110000,72.121000,104.420000
918.550000,286.150000,72.121000,104.420000
918.470000,286.130000,72.121000,104.420000
918.490000,286.390000,72.121000,104.420000
918.710000,286.430000,72.121000,104.420000
918.920000,286.330000,72.121000,104.420000
919.350000,286.550000,72.121000,104.420000
918.680000,286.460000,72.121000,104.420000
918.800000,286.450000,72.121000,104.420000
919.110000,286.570000,72.121000,104.420000
918.420000,286.430000,72.121000,104.420000
918.530000,286.460000,72.121000,104.420000
918.630000,286.490000,72.121000,104.420000
918.600000,286.480000,72.121000,104.420000
918.600000,286.500000,72.121000,104.420000
918.710000,286.480000,72.121000,104.420000
919.030000,286.320000,72.121000,104.420000
918.410000,286.340000,72.121000,104.420000
918.300000,286.460000,72.121000,104.420000
918.410000,286.510000,72.121000,104.420000
918.280000,286.360000,72.121000,104.420000
918.480000,286.410000,72.121000,104.420000
918.700000,286.610000,72.121000,104.420000
919.010000,286.440000,72.121000,104.420000
918.190000,286.190000,72.121000,104.420000
918.330000,286.370000,72.121000,104.420000
918.580000,286.510000,72.121000,104.420000
918.920000,286.640000,72.121000,104.420000
918.980000,286.770000,72.121000,104.420000
918.480000,286.660000,72.121000,104.420000
918.530000,286.820000,72.121000,104.420000
918.590000,286.030000,72.121000,104.420000
918.650000,286.130000,72.121000,104.420000
918.710000,286.060000,72.121000,104.420000
918.950000,286.200000,72.121000,104.420000
918.440000,286.030000,72.121000,104.420000
918.670000,286.030000,72.121000,104.420000
918.910000,286.210000,72.121000,104.420000
919.110000,286.070000,72.121000,104.420000
918.690000,285.950000,72.121000,104.420000
918.750000,286.200000,72.121000,104.420000
918.640000,285.990000,72.121000,104.420000
918.850000,285.850000,72.121000,104.420000
918.990000,285.730000,72.121000,104.420000
918.610000,286.300000,72.121000,104.420000
918.690000,286.480000,72.121000,104.420000
918.690000,286.460000,72.121000,104.420000
918.850000,286.800000,72.121000,104.420000
918.940000,286.190000,72.121000,104.420000
918.370000,286.160000,72.121000,104.420000
918.640000,286.420000,72.121000,104.420000
918.620000,286.390000,72.121000,104.420000
918.700000,286.260000,72.121000,104.420000
918.650000,286.070000,72.121000,104.420000
918.890000,286.010000,72.121000,104.420000
918.720000,286.180000,72.121000,104.420000
918.740000,286.210000,72.121000,104.420000
918.780000,286.350000,72.121000,104.420000
918.940000,286.330000,72.121000,104.420000
918.980000,286.450000,72.121000,104.420000
918.050000,286.440000,72.121000,104.420000
918.010000,286.360000,72.121000,104.420000
918.220000,286.410000,72.121000,104.420000
918.280000,286.440000,72.121000,104.420000
918.420000,286.250000,72.121000,104.420000
918.390000,286.370000,72.121000,104.420000
918.530000,286.240000,72.121000,104.420000
918.540000,286.250000,72.121000,104.420000
918.360000,286.340000,72.121000,104.420000
918.620000,286.410000,72.121000,104.420000
918.460000,286.490000,72.121000,104.420000
918.490000,286.650000,72.121000,104.420000
918.360000,286.530000,72.121000,104.420000
918.580000,286.600000,72.121000,104.420000
918.590000,286.730000,72.121000,104.420000
918.920000,286.900000,72.121000,104.420000
919.270000,286.490000,72.121000,104.420000
918.800000,286.300000,72.121000,104.420000
918.910000,286.300000,72.121000,104.420000
