-100
0.93558
0.92667
0.91739
0.91547
0.92829
0.91164
0.91587
0.91996
0.90676
0.90897
0.92652
0.91422
0.92049
0.91813
0.91432
0.91564
0.91586
0.9074
0.91414
0.90566
0.90697
0.90427
0.92131
0.92715
0.91115
0.92523
0.92733
0.93787
0.93415
0.92298
0.94362
0.92811
0.91758
0.89253
0.90843
0.89955
0.86984
0.84672
0.89467
0.8749
0.87223
0.86109
0.90257
0.90649
0.89033
0.88999
0.89183
0.90028
0.88016
0.88758
0.88925
0.90241
0.90571
0.91145
0.8981
0.91018
0.90364
0.89852
0.9126
0.90623
0.90671
0.90473
0.89628
0.88666
0.89767
0.88932
0.90611
0.89718
0.90734
0.90896
0.91774
0.91545
0.91964
0.92375
0.9287
0.92074
0.93277
0.92787
0.92173
0.91018
0.9079
0.90516
0.91884
0.90913
0.89907
0.92173
0.91684
0.91825
0.91402
0.91965
0.91389
0.92307
0.9102
0.93503
0.91032
0.92828
0.91258
0.93398
0.91787
0.91923
0.91758
0.92243
0.92259
0.91759
0.9213
0.9205
0.91982
0.92932
0.91904
0.91541
0.91851
0.93296
0.91591
0.9297
0.92046
0.92506
0.92925
0.89899
0.92511
0.91726
0.93
0.93028
0.92081
0.92946
0.92557
0.92347
0.93324
0.91711
0.92195
0.91633
0.91424
0.89678
0.92018
0.90116
0.90894
0.89757
0.89418
0.89964
0.89384
0.89121
0.88232
0.89311
0.90589
0.91056
0.92651
0.92446
0.91761
0.9322
0.92943
0.9162
0.92344
0.91022
0.89881
0.90927
0.9069
0.89459
0.90399
0.89589
0.8954
0.89384
0.85169
0.88023
0.8804
0.85809
0.84579
0.83538
0.84353
0.84124
0.8475
0.83509
0.84097
0.84611
0.84754
0.83154
0.83304
0.83362
0.83535
0.8231
0.80156
0.79526
0.86561
0.8802
0.88085
0.8512
0.84758
0.83118
0.83469
0.84113
0.82533
0.82232
0.83625
0.82271
0.83561
0.83241
0.83642
0.81761
0.81485
0.81825
0.85554
0.85033
0.8526
0.81235
0.84517
0.84728
0.8586
0.87926
0.8764
0.86492
0.85595
0.86507
0.86066
0.85445
0.85368
0.86089
0.85302
0.85875
0.86881
0.82999
0.87862
0.86268
0.86441
0.84245
0.8337
0.83399
0.85817
0.85408
0.83923
0.84102
0.79686
0.81092
0.79894
0.79725
0.79002
0.78992
0.80628
0.80781
0.77269
0.83306
0.76698
0.7838
0.81178
0.79633
0.832
0.81492
0.77488
0.81497
0.8501
0.80326
0.81923
0.81609
0.7678
0.80344
0.81254
0.78641
0.79366
0.79885
0.80488
0.78171
0.82733
0.82016
0.86447
0.86795
0.86777
0.87796
0.87437
0.82754
0.84024
0.83994
0.82551
0.83747
0.86236
0.86178
0.85384
0.82201
0.85511
0.84697
0.84512
0.86537
0.84728
0.86358
0.87198
0.85987
0.86373
0.87149
0.87882
0.85534
0.83216
0.85829
0.85886
0.84148
0.86295
0.84441
0.84166
0.84369
0.86321
0.87553
0.86701
0.86895
0.867
0.86599
0.88449
0.86769
0.91027
0.88712
0.91853
0.87404
0.90926
0.8913
0.88858
0.83519
0.85478
0.86908
0.90147
0.91132
0.89547
0.89705
0.92287
0.87869
0.89733
0.89427
0.86724
0.87177
0.90768
0.86159
0.89535
0.90025
0.84905
0.86477
0.86174
0.85548
0.86376
0.87065
0.83619
0.84042
0.83668
0.81712
0.86355
0.83765
0.85072
0.81626
0.82049
0.83534
0.85311
0.81194
0.81907
0.8108
0.72366
0.80962
0.82105
0.79931
0.77186
0.78471
0.77186
0.70331
0.78903
0.78603
0.77155
0.78838
0.74249
0.70562
0.78771
0.80843
0.78452
0.81229
0.80847
0.80242
0.84478
0.80725
0.78206
0.79343
0.82363
0.81877
0.85163
0.87699
0.86806
0.88943
0.89198
0.88063
0.91729
0.91095
0.89813
0.90695
0.89027
0.89433
0.90108
0.89418
0.87246
0.89231
0.87636
0.85196
0.87581
0.88251
0.86648
0.86221
0.87876
0.86989
0.88372
0.86938
0.87894
0.89505
0.90187
0.90275
0.90631
0.88961
0.89741
0.92231
0.91404
0.89734
0.91237
0.87987
0.8899
0.8802
0.90398
0.90667
0.90454
0.87276
0.89501
0.84616
0.8822
0.89536
0.85607
0.90947
0.87997
0.892
0.85849
0.91876
0.90358
0.91156
0.88782
0.86413
0.89738
0.90419
0.9087
0.90622
0.8886
0.91423
0.91809
0.89694
0.88821
0.91585
0.87517
0.89048
0.91251
0.90459
0.89374
0.9189
0.94246
0.90095
0.93649
0.93734
0.91694
0.89456
0.9327
0.91239
0.91043
0.92298
0.8885
0.893
0.88568
0.84961
0.84184
0.8482
0.84269
0.86059
0.8514
0.85518
0.83764
0.83835
0.80991
0.80619
0.76962
0.78407
0.78647
0.77096
0.75106
0.74984
0.72369
0.7207
0.73135
0.73233
0.77337
0.76439
0.79147
0.74594
0.76823
0.79589
0.81167
0.7999
0.77596
0.72699
0.67874
0.65072
0.69952
0.69842
0.68796
0.65093
0.68953
0.63701
0.62157
0.533
0.46481
0.35118
0.28175
0.22002
0.27056
0.25874
0.25178
0.25771
0.24695
0.20216
0.31809
0.30683
0.24659
0.2249
0.17986
0.15801
0.23694
0.20888
0.18141
0.19318
0.19359
0.17812
0.26564
0.22201
0.23313
0.21449
0.18597
0.15337
0.20363
0.20138
0.20423
0.1866
0.19226
0.19755
0.30453
0.29364
0.31257
0.31598
0.30109
0.2912
0.36366
0.36685
0.36035
0.31511
0.31321
0.35624
0.45056
0.43261
0.40292
0.38717
0.38435
0.35257
0.43888
0.41665
0.38884
0.36567
0.31001
0.31352
0.35866
0.332
0.29346
0.25582
0.2243
0.23103
0.34241
0.3354
0.35079
0.32033
0.30785
0.32458
0.42149
0.41695
0.41288
0.39934
0.39887
0.4022
0.49684
0.50195
0.5032
0.49503
0.49924
0.50122
0.58496
0.56298
0.56222
0.56932
0.57244
0.57522
0.62983
0.62536
0.6058
0.60447
0.58774
0.58636
0.61822
0.60883
0.59421
0.59272
0.57706
0.59282
0.63539
0.64879
0.64611
0.61157
0.61259
0.60823
0.65387
0.66364
0.68228
0.68256
0.68476
0.68326
0.72778
0.74031
0.72051
0.72876
0.72062
0.74535
0.76613
0.77429
0.76607
0.7737
0.75439
0.73818
0.77077
0.78232
0.78782
0.8023
0.79441
0.79402
0.81192
0.81809
0.82062
0.80193
0.79112
0.79237
0.80187
0.81017
0.80613
0.79275
0.81026
0.79985
0.81119
0.83352
0.82744
0.805
0.77882
0.82597
0.80314
0.80692
0.82165
0.79264
0.77224
0.7623
0.78711
0.76746
0.75788
0.76201
0.73872
0.74218
0.74566
0.7309
0.73841
0.70657
0.68334
0.62652
0.65779
0.60341
0.61188
0.57871
0.57927
0.56527
0.59216
0.55879
0.51827
0.47037
0.46943
0.43784
0.46692
0.45317
0.4304
0.40051
0.38541
0.37324
0.41996
0.41769
0.41009
0.37011
0.36108
0.32315
0.40702
0.35537
0.33535
0.29206
0.25571
0.26374
0.34146
0.36289
0.28373
0.25394
0.2552
0.22263
0.35527
0.32565
0.30687
0.30227
0.28971
0.29267
0.42283
0.44467
0.45719
0.44757
0.43095
0.39932
0.4456
0.40489
0.37456
0.38256
0.39899
0.40974
0.42593
0.4211
0.38674
0.35693
0.34236
0.34824
0.40423
0.38401
0.41114
0.3813
0.36296
0.37659
0.48689
0.45047
0.44125
0.4615
0.44342
0.42685
0.4615
0.46421
0.42332
0.38171
0.36788
0.35737
0.34925
0.29951
0.27553
0.28697
0.23111
0.19519
0.29942
0.3114
0.31425
0.2729
0.2547
0.27957
0.34404
0.33663
0.3194
0.295
0.28427
0.28458
0.38663
0.39786
0.34348
0.32777
0.33114
0.34358
0.41623
0.35325
0.39478
0.3849
0.33635
0.36302
0.38185
0.40284
0.3883
0.37824
0.3516
0.30759
0.39595
0.36846
0.3634
0.38366
0.39205
0.40107
0.47294
0.41891
0.43908
0.462
0.43371
0.3941
0.49476
0.47884
0.47239
0.47044
0.50436
0.50968
0.59843
0.56305
0.55591
0.55687
0.57116
0.57349
0.61761
0.59866
0.59506
0.59307
0.58606
0.59779
0.64047
0.64107
0.6087
0.62297
0.59105
0.56962
0.60955
0.56443
0.54662
0.53635
0.52058
0.52203
0.5514
0.51461
0.50591
0.52782
0.50918
0.49176
0.52115
0.46383
0.45898
0.45768
0.4362
0.41557
0.45339
0.45451
0.4575
0.46312
0.438
0.41856
0.52658
0.50949
0.48019
0.48105
0.43855
0.48443
0.49869
0.48123
0.39889
0.36982
0.30148
0.24086
0.25693
0.24072
0.15356
0.13741
0.13925
0.13953
0.16461
0.17296
0.12565
0.13357
0.14568
0.13958
0.20689
0.20846
0.21553
0.21794
0.22436
0.21072
0.37133
0.37337
0.37073
0.36393
0.35497
0.35687
0.47713
0.47042
0.49156
0.49211
0.48154
0.46032
0.56033
0.53224
0.54235
0.5193
0.51467
0.47062
0.52375
0.46879
0.39536
0.36333
0.35709
0.29915
0.38803
0.34108
0.34178
0.36357
0.38881
0.39552
0.55647
0.5487
0.5348
0.54003
0.58326
0.57888
0.42503
0.24827
0.20788
0.23811
0.21925
0.19526
0.22024
0.15291
0.17166
0.18196
0.18367
0.16549
0.16008
0.17775
0.1668
0.15011
0.15375
0.1615
0.22728
0.20409
0.22279
0.21466
0.26895
0.24782
0.33305
0.33072
0.34187
0.28285
0.30038
0.28272
0.34027
0.35748
0.35334
0.35701
0.35797
0.34427
0.44545
0.46639
0.43429
0.40647
0.43027
0.43197
0.47782
0.44796
0.49276
0.50044
0.49725
0.49594
0.49579
0.47156
0.50287
0.46147
0.42172
0.33876
0.31662
0.25376
0.17894
0.17406
0.17299
0.13949
0.1484
0.13464
0.14762
0.14176
0.13123
0.12158
0.15369
0.14896
0.1594
0.14647
0.13672
0.13054
0.20054
0.17924
0.15467
0.14891
0.18521
0.13333
0.17043
0.18843
0.16178
0.17601
0.16003
0.16439
0.23713
0.21616
0.24915
0.23273
0.23872
0.20556
0.25615
0.23318
0.1972
0.23802
0.1965
0.20721
0.24679
0.20088
0.22185
0.18398
0.14965
0.16028
0.25445
0.22674
0.25735
0.21178
0.23308
0.21872
0.27813
0.26163
0.31702
0.26296
0.26484
0.28495
0.33391
0.35976
0.33815
0.32053
0.35584
0.32376
0.39496
0.4192
0.39109
0.35837
0.3942
0.33701
0.41102
0.42586
0.35589
0.37196
0.36322
0.38972
0.4614
0.4436
0.45949
0.50985
0.52281
0.44875
0.45473
0.44777
0.43515
0.39345
0.44613
0.42812
0.49707
0.46943
0.50456
0.48245
0.43341
0.44884
0.46415
0.47691
0.38981
0.51491
0.47559
0.45674
0.52269
0.54425
0.51991
0.55714
0.4991
0.48887
0.56811
0.54537
0.56203
0.49371
0.48813
0.47822
0.43174
0.41548
0.37767
0.2911
0.20418
0.14527
0.1387
0.14698
0.17856
0.1474
0.13111
0.14925
0.20556
0.1892
0.12469
0.12357
0.12655
0.13597
0.21031
0.20964
0.1275
0.11265
0.122
0.11224
0.13574
0.1515
0.1327
0.14612
0.13664
0.1519
0.28452
0.27436
0.26718
0.28001
0.27132
0.26391
0.35499
0.36286
0.36513
0.40335
0.34942
0.36928
0.45703
0.47096
0.44175
0.45497
0.44673
0.42987
0.52826
0.533
0.51542
0.52069
0.51486
0.5161
0.57672
0.57525
0.5433
0.57466
0.56207
0.57438
0.60685
0.55051
0.62361
0.61582
0.60054
0.56241
0.6343
0.61849
0.61424
0.60242
0.63013
0.62396
0.62084
0.62348
0.62865
0.6527
0.66052
0.59999
0.69608
0.67616
0.65524
0.71309
0.66176
0.65327
0.66226
0.69491
0.6972
0.69099
0.68778
0.69288
0.6686
0.7038
0.71224
0.67279
0.6722
0.66964
0.68413
0.68014
0.68047
0.68425
0.66455
0.63945
0.6733
0.6865
0.66657
0.71674
0.73131
0.69493
0.72122
0.6842
0.68738
0.73266
0.66775
0.67586
0.70018
0.74005
0.74899
0.68191
0.71985
0.71747
0.76065
0.72805
0.74436
0.76512
0.73549
0.74031
0.7081
0.74534
0.75175
0.74397
0.76779
0.75831
0.75252
0.74835
0.69373
0.74284
0.70969
0.7763
0.80297
0.75845
0.76529
0.78737
0.75762
0.79025
0.77858
0.7548
0.78804
0.78873
0.79209
0.78313
0.7786
0.79499
0.77363
0.78918
0.79168
0.80732
0.79116
0.78834
0.78093
0.77943
0.80141
0.7356
0.75796
0.80685
0.77356
0.80108
0.76127
0.75403
0.83035
0.74818
0.76632
0.81397
0.78613
0.80514
0.8039
0.80119
0.74247
0.77341
0.79619
0.79512
0.79749
0.80326
0.75984
0.81104
0.80322
0.77095
0.78776
0.8252
0.79469
0.81055
0.80104
0.8161
0.79673
0.79872
0.77562
0.78856
0.80284
0.74427
0.81503
0.78775
0.82078
0.80224
0.81172
0.81971
0.81086
0.81332
0.79018
0.82093
0.8154
0.80281
0.81397
0.83247
0.77453
0.8233
0.80505
0.81827
0.79738
0.80422
0.8444
0.76332
0.71458
0.80359
0.83299
0.80872
0.76071
0.73496
0.7339
0.61491
0.59734
0.58058
0.60967
0.61558
0.59498
0.61638
0.62107
0.48451
0.4964
0.3819
0.25706
0.18195
0.2197
0.15886
0.18791
0.19545
0.17472
0.23342
0.35785
0.44574
0.42179
0.47347
0.53623
0.54648
0.53267
0.55743
0.59219
0.57987
0.599
0.65147
0.62254
0.61148
0.55772
0.43805
0.37369
0.23498
0.10753
0.14133
0.1417
0.15679
0.14779
0.12192
0.14414
0.13615
0.1137
0.10831
0.12487
0.12761
0.22304
0.2473
0.22801
0.25042
0.24043
0.23339
0.30566
0.3202
0.31175
0.27678
0.27268
0.28371
0.37127
0.38629
0.37385
0.38533
0.37737
0.34949
0.38861
0.38994
0.35302
0.3595
0.28548
0.2477
0.2793
0.26725
0.28109
0.2466
0.24496
0.2214
0.26132
0.2628
0.25793
0.24232
0.23638
0.254
0.2936
0.24401
0.23307
0.23996
0.25888
0.23424
0.37963
0.41333
0.39581
0.41108
0.39666
0.38291
0.4134
0.41542
0.38725
0.39863
0.36765
0.37542
0.41896
0.398
0.40137
0.43123
0.38339
0.38958
0.45841
0.44867
0.48157
0.43957
0.45404
0.45843
0.56525
0.55077
0.52099
0.54458
0.5263
0.54872
0.59626
0.57842
0.59038
0.59252
0.57359
0.59718
0.5874
0.59431
0.59233
0.61644
0.601
0.57134
0.63424
0.62374
0.62529
0.61853
0.60852
0.59186
0.61825
0.60326
0.59725
0.58274
0.54639
0.53647
0.56404
0.53224
0.49058
0.34723
0.30361
0.28098
0.30195
0.38458
0.37396
0.34998
0.38442
0.45379
0.62378
0.63942
0.66416
0.67677
0.67069
0.67661
0.7099
0.69094
0.69021
0.68804
0.68389
0.69669
0.73687
0.71545
0.71879
0.71806
0.69097
0.70426
0.72247
0.6785
0.70611
0.46507
0.23096
0.21272
0.30959
0.4091
0.32052
0.36238
0.3083
0.38591
0.37181
0.31439
0.31508
0.33613
0.27838
0.26342
0.24072
0.086277
0.10019
0.10324
0.083493
0.059961
0.069035
0.053934
0.046166
0.068699
0.06112
0.062583
0.070049
0.05636
0.064293
0.066942
0.092894
0.096175
0.073318
0.086036
0.066946
0.059879
0.074627
0.11267
0.16767
0.16479
0.20251
0.21202
0.22593
0.21345
0.3049
0.32616
0.32127
0.32025
0.29899
0.30371
0.42483
0.42113
0.42031
0.41436
0.40473
0.43072
0.4972
0.49128
0.49437
0.52839
0.48614
0.49665
0.56946
0.57508
0.5704
0.58009
0.57463
0.57708
0.60418
0.62193
0.62086
0.6283
0.6095
0.59322
0.64986
0.65052
0.68145
0.65711
0.63073
0.68393
0.70447
0.65974
0.68104
0.6764
0.66211
0.65243
0.67792
0.66534
0.63544
0.62455
0.66486
0.63135
0.66675
0.64264
0.69564
0.68795
0.63428
0.6582
0.67492
0.64763
0.70932
0.70575
0.7308
0.63937
0.65541
0.67649
0.65544
0.71153
0.70869
0.68282
0.73156
0.72428
0.72682
0.65516
0.71578
0.73418
0.71655
0.75018
0.72963
0.76109
0.72938
0.73707
0.69692
0.70991
0.74306
0.69457
0.70178
0.71152
0.72231
0.74553
0.75231
0.73362
0.73542
0.75391
0.77334
0.74413
0.72955
0.73758
0.77536
0.75638
0.74866
0.75591
0.74647
0.75773
0.7254
0.73859
0.7563
0.7712
0.7941
0.79156
0.77762
0.75435
0.76988
0.7458
0.79742
0.81388
0.73761
0.77421
0.77351
0.76439
0.80691
0.74913
0.81031
0.77967
0.76558
0.76459
0.78776
0.7874
0.75797
0.69666
0.76671
0.75811
0.79555
0.74218
0.74825
0.7886
0.73244
0.77407
0.78953
0.74415
0.72186
0.6982
0.71988
0.72312
0.7636
0.71804
0.71547
0.73062
0.74294
0.71169
0.73397
0.69215
0.72706
0.72564
0.75765
0.75723
0.79527
0.77944
0.71884
0.68697
0.74955
0.73678
0.74049
0.70828
0.72064
0.7551
0.75935
0.69524
0.74225
0.73534
0.74956
0.74189
0.73527
0.75737
0.7654
0.73471
0.72794
0.7526
0.78266
0.77181
0.79797
0.80981
0.77967
0.81217
0.81734
0.81421
0.77507
0.79982
0.77283
0.839
0.77521
0.82067
0.84123
0.83065
0.78601
0.82772
0.78649
0.7953
0.78889
0.78521
0.76975
0.85743
0.82555
0.76996
0.81036
0.818
0.81278
0.8232
0.8207
0.85355
0.80455
0.83803
0.82551
0.83002
0.79678
0.84282
0.79983
0.83285
0.76361
0.77336
0.79454
0.7771
0.75992
0.76597
0.74892
0.74689
0.77542
0.7626
0.78231
0.75454
0.79691
0.75643
0.76664
0.75311
0.78182
0.71816
0.67364
0.67202
0.72125
0.55801
0.31053
0.35739
0.27034
0.176
0.18328
0.18383
0.21086
0.15977
0.20697
0.18511
0.30653
0.31694
0.31453
0.34514
0.3618
0.30657
0.46613
0.43614
0.39362
0.41949
0.36624
0.41749
0.43396
0.42417
0.42339
0.36815
0.37834
0.31306
0.42521
0.38457
0.39782
0.40738
0.39731
0.38947
0.49571
0.47157
0.43041
0.45019
0.44404
0.4525
0.5103
0.47627
0.47508
0.47799
0.42818
0.48058
0.54765
0.53162
0.55581
0.49113
0.56178
0.53539
0.56842
0.52892
0.56908
0.51048
0.48636
0.48797
0.50739
0.50709
0.6007
0.55765
0.53159
0.53663
0.50027
0.51967
0.46034
0.45717
0.47969
0.50872
0.486
0.44628
0.40242
0.51637
0.5052
0.47978
0.51126
0.50366
0.49686
0.46071
0.46746
0.48604
0.5133
0.49094
0.48545
0.49501
0.55349
0.55025
0.55848
0.52917
0.52485
0.57716
0.5601
0.5684
0.61946
0.64346
0.58279
0.57407
0.60182
0.5698
0.56147
0.59102
0.61353
0.62054
0.59616
0.64102
0.67061
0.64749
0.67366
0.6307
0.63652
0.65043
0.64153
0.63341
0.67322
0.68395
0.68895
0.67768
0.66561
0.67158
0.66715
0.65466
0.66948
0.64568
0.62191
0.59394
0.63215
0.54397
0.56326
0.55307
0.53153
0.54047
0.56046
0.56737
0.59873
0.60079
0.65706
0.63275
0.60373
0.60072
0.60198
0.58585
0.60776
0.59721
0.56387
0.60788
0.56712
0.5864
0.64874
0.67381
0.65248
0.65668
0.63984
0.60257
0.65944
0.61987
0.65284
0.58248
0.63086
0.64089
0.60323
0.64099
0.64814
0.67779
0.65407
0.61446
0.66423
0.6741
0.67792
0.67097
0.70747
0.7115
0.66948
0.66239
0.63178
0.62102
0.64724
0.53578
0.58595
0.5706
0.54603
0.51642
0.51998
0.50233
0.51265
0.49716
0.52836
0.52512
0.52776
0.46262
0.54301
0.53477
0.58224
0.55178
0.55337
0.63388
0.64005
0.66343
0.64794
0.69533
0.69239
0.67957
0.66943
0.68182
0.6108
0.6608
0.65007
0.59638
0.61252
0.54347
0.5523
0.51398
0.4957
0.48259
0.4777
0.47961
0.42102
0.4096
0.44765
0.43089
0.46334
0.40138
0.38381
0.42542
0.38576
0.36733
0.4306
0.42873
0.45339
0.38594
0.38931
0.39266
0.42396
0.3934
0.35037
0.33841
0.32247
0.30638
0.33821
0.28447
0.29204
0.30254
0.26946
0.28165
0.32131
0.29747
0.31338
0.29644
0.30865
0.29682
0.40343
0.36776
0.36985
0.37584
0.36266
0.35239
0.47224
0.45892
0.48484
0.48199
0.43742
0.41986
0.37412
0.44299
0.45666
0.51572
0.49598
0.4911
0.52743
0.52058
0.51567
0.52107
0.5236
0.50134
0.55495
0.57474
0.55381
0.54056
0.52813
0.53558
0.58192
0.61079
0.61784
0.59049
0.61734
0.62242
0.66235
0.62284
0.62894
0.61532
0.60005
0.61018
0.60091
0.60099
0.58852
0.60707
0.63145
0.5852
0.61353
0.59547
0.55523
0.53355
0.55171
0.58133
0.55218
0.57595
0.55474
0.51025
0.4959
0.47634
0.49676
0.50012
0.40859
0.41989
0.42839
0.44445
0.4631
0.4086
0.44584
0.42142
0.43068
0.44518
0.45817
0.45402
0.49337
0.44625
0.46978
0.45246
0.50184
0.56708
0.53028
0.49958
0.57802
0.55213
0.55342
0.62032
0.58192
0.57283
0.58281
0.58525
0.70584
0.63531
0.71761
0.63468
