1.00
1.03
1.10
1.05
1.09
0.96
1.09
1.02
1.08
1.05
1.02
0.44
0.31
0.34
0.33
0.40
0.43
0.38
0.42
0.53
0.47
0.47
0.48
0.37
0.38
0.27
0.29
0.34
0.30
0.40
0.46
0.41
0.44
0.42
0.42
0.42
0.42
0.40
0.44
0.36
0.34
0.27
0.27
0.27
0.28
0.26
0.27
0.26
0.27
0.24
0.29
0.32
0.29
0.28
0.29
0.29
0.28
0.29
0.29
0.26
0.27
0.29
0.34
0.30
0.29
0.30
0.28
0.25
0.25
0.27
0.25
0.26
0.26
0.28
0.26
0.24
0.24
0.24
0.24
0.24
0.23
0.25
0.25
0.26
0.26
0.26
0.28
0.27
0.28
0.30
0.27
0.30
0.31
0.33
0.31
0.29
0.37
0.27
0.26
0.25
0.27
0.26
0.35
0.25
0.35
0.34
0.29
0.25
0.33
0.27
0.27
0.28
0.29
0.35
0.34
0.30
0.31
0.32
0.31
0.38
0.31
0.30
0.29
0.28
0.30
0.29
0.28
0.27
0.27
0.29
0.30
0.31
0.31
0.30
0.31
0.31
0.30
0.29
0.30
0.29
0.30
0.32
0.33
0.32
0.31
0.37
0.39
0.40
0.39
0.41
0.39
0.39
0.38
0.36
0.37
0.36
0.36
0.39
0.40
0.42
0.39
0.42
0.42
0.42
0.41
0.42
0.42
0.43
0.42
0.43
0.42
0.43
0.42
0.41
0.42
0.42
0.39
0.38
0.40
0.40
0.39
0.40
0.40
0.39
0.38
0.38
0.40
0.39
0.39
0.40
0.39
0.40
0.43
0.39
0.42
0.41
0.42
0.39
0.40
0.41
0.40
0.44
0.42
0.44
0.44
0.43
0.42
0.43
0.43
0.42
0.43
0.42
0.38
0.45
0.37
0.40
0.39
0.37
0.39
0.39
0.41
0.39
0.41
0.41
0.42
0.41
0.38
0.34
0.39
0.38
0.36
0.37
0.38
0.37
0.36
0.37
0.35
0.28
0.37
0.37
0.30
0.32
0.29
0.34
0.34
0.31
0.33
0.35
0.36
0.34
0.33
0.36
0.36
0.46
0.39
0.43
0.41
0.37
0.36
0.41
0.38
0.41
0.43
0.40
0.40
0.40
0.37
0.37
0.36
0.36
0.36
0.37
0.35
0.36
0.38
0.36
0.37
0.39
0.40
0.40
0.38
0.44
0.43
0.44
0.44
0.43
0.40
0.39
0.39
0.41
0.44
0.40
0.40
0.41
0.40
0.41
0.41
0.43
0.42
0.40
0.43
0.50
0.53
0.55
0.54
0.53
0.52
0.50
0.49
0.54
0.52
0.46
0.48
0.46
0.44
0.46
0.45
0.45
0.46
0.44
0.45
0.44
0.42
0.43
0.43
0.42
0.41
0.41
0.41
0.45
0.46
0.47
0.46
0.48
0.50
0.47
0.49
0.46
0.49
0.37
0.44
0.35
0.38
0.35
0.38
0.28
0.36
0.39
0.34
0.35
0.32
0.33
0.32
0.32
0.31
0.31
0.31
0.30
0.30
0.30
0.30
0.32
0.39
0.31
0.31
0.33
0.32
0.33
0.31
0.49
0.30
0.31
0.36
0.33
0.46
0.35
0.35
0.49
0.34
0.37
0.37
0.48
0.40
0.39
0.58
0.45
0.41
0.52
0.47
0.41
0.55
0.48
0.42
0.53
0.49
0.40
0.46
0.43
0.42
0.45
0.43
0.42
0.40
0.41
0.42
0.45
0.49
0.47
0.49
0.49
0.48
0.48
0.49
0.49
0.48
0.50
0.51
0.52
0.54
0.56
0.56
0.54
0.56
0.53
0.58
0.55
0.59
0.56
0.54
0.50
0.52
0.48
0.48
0.45
0.45
0.46
0.47
0.45
0.46
0.46
0.45
0.45
0.44
0.44
0.45
0.46
0.45
0.46
0.45
0.48
0.48
0.46
0.46
0.44
0.42
0.43
0.44
0.44
0.44
0.47
0.44
0.47
0.43
0.45
0.42
0.43
0.45
0.45
0.45
0.46
0.46
0.48
0.46
0.47
0.46
0.45
0.45
0.45
0.49
0.55
0.55
0.56
0.59
0.60
0.63
0.61
0.55
0.55
0.56
0.61
0.53
0.53
0.51
0.51
0.51
0.49
0.48
0.48
0.47
0.47
0.46
0.43
0.47
0.45
0.44
0.45
0.47
0.47
0.45
0.48
0.47
0.52
0.51
0.51
0.53
0.48
0.48
0.45
0.49
0.53
0.54
0.55
0.52
0.50
0.49
0.47
0.48
0.46
0.45
0.44
0.44
0.46
0.45
0.45
0.45
0.47
0.47
0.48
0.48
0.47
0.48
0.50
0.48
0.48
0.45
0.47
0.45
0.45
0.42
0.45
0.45
0.45
0.47
0.46
0.46
0.47
0.46
0.49
0.47
0.48
0.48
0.47
0.48
0.48
0.48
0.48
0.50
0.49
0.50
0.46
0.48
0.54
0.47
0.45
0.44
0.44
0.43
0.45
0.46
0.46
0.45
0.45
0.42
0.43
0.44
0.43
0.43
0.44
0.43
0.43
0.44
0.42
0.42
0.42
0.43
0.41
0.42
0.40
0.41
0.40
0.41
0.40
0.39
0.41
0.40
0.40
0.41
0.41
0.41
0.40
0.41
0.41
0.41
0.42
0.41
0.40
0.38
0.40
0.36
0.40
0.38
0.38
0.36
0.35
0.32
0.31
0.32
0.32
0.31
0.36
0.30
0.32
0.32
0.30
0.41
0.29
0.34
0.30
0.42
0.29
0.31
0.49
0.29
0.42
0.29
0.42
0.30
0.39
0.35
0.45
0.30
0.49
0.31
0.29
0.43
0.29
0.43
0.34
0.27
0.49
0.35
0.27
0.53
0.39
0.31
0.35
0.26
0.37
0.33
0.51
0.44
0.24
0.51
0.33
0.44
0.26
0.27
0.42
0.38
0.23
0.31
0.39
0.44
0.24
0.31
0.30
0.30
0.29
0.30
0.42
0.26
0.28
0.51
0.25
0.29
0.37
0.48
0.32
0.43
0.35
0.42
0.34
0.29
0.31
0.30
0.35
0.34
0.27
0.30
0.27
0.27
0.28
0.26
0.26
0.26
0.27
0.29
0.29
0.31
0.30
0.30
0.31
0.31
0.30
0.30
0.30
0.31
0.31
0.28
0.30
0.28
0.27
0.28
0.31
0.22
0.28
0.32
0.27
0.27
0.33
0.23
0.26
0.31
0.27
0.27
0.34
0.22
0.33
0.26
0.28
0.33
0.26
0.26
0.31
0.24
0.25
0.32
0.22
0.38
0.36
0.55
0.39
0.33
0.39
0.29
0.59
0.33
0.30
0.30
0.26
0.27
0.29
0.26
0.30
0.25
0.21
0.27
0.28
0.25
0.26
0.19
0.19
0.63
0.76
0.76
0.78
0.78
0.71
0.59
0.62
0.54
0.44
0.43
0.43
0.51
0.50
0.29
0.51
0.53
0.54
0.48
0.36
0.39
0.39
0.41
0.45
0.41
0.36
0.42
0.31
0.25
0.18
0.22
0.17
0.19
0.16
0.16
0.15
0.32
0.23
0.37
0.43
0.22
0.22
0.21
0.14
0.20
0.14
0.18
0.16
0.16
0.22
0.14
0.18
0.36
0.24
0.20
0.15
0.14
0.15
0.15
0.18
0.22
0.17
0.19
0.28
0.19
0.28
0.19
0.18
0.20
0.20
0.22
0.22
0.19
0.22
0.21
0.19
0.21
0.21
0.31
0.20
0.30
0.19
0.17
0.18
0.19
0.15
0.25
0.14
0.14
0.17
0.18
0.31
0.23
0.23
0.22
0.22
0.25
0.17
0.27
0.25
0.30
0.40
0.43
0.26
0.24
0.25
0.31
0.26
0.24
0.20
0.26
0.25
0.35
0.24
0.32
0.26
0.25
0.22
0.27
0.28
0.37
0.27
0.35
0.29
0.28
0.37
0.49
0.55
0.51
0.42
0.35
0.41
0.47
0.28
0.28
0.27
0.56
0.40
0.33
0.29
0.42
0.29
0.28
0.46
0.37
0.37
0.45
0.51
0.43
0.43
0.51
0.54
0.50
0.57
0.52
0.56
0.50
0.58
0.59
0.55
0.70
0.71
0.73
0.64
0.54
0.27
0.61
0.38
0.29
0.35
0.45
0.47
0.41
0.51
0.52
0.29
0.09
0.05
0.05
0.06
0.08
0.17
0.19
0.13
0.23
0.14
0.33
0.29
0.27
0.36
0.35
0.28
0.28
0.40
0.38
0.27
0.28
0.34
0.34
0.32
0.55
0.54
0.57
0.59
0.57
0.45
0.51
0.57
0.54
0.46
0.46
0.45
0.40
0.35
0.45
0.55
0.59
0.59
0.56
0.61
0.56
0.69
0.66
0.62
0.67
0.69
0.65
0.62
0.60
0.63
0.64
0.62
0.40
0.33
0.38
0.28
0.40
0.35
0.30
0.25
0.22
0.25
0.33
0.34
0.39
0.36
0.37
0.28
0.22
0.20
0.33
0.31
0.24
0.23
0.28
0.44
0.53
0.44
0.39
0.36
0.22
0.19
0.37
0.37
0.26
0.35
0.27
0.49
0.19
0.43
0.48
0.46
0.35
0.46
0.34
0.41
0.34
0.50
0.36
0.41
0.30
0.27
0.36
