252.000000,330.000000,186.000000,156.000000
253.470000,327.750000,184.560000,154.790000
254.620000,325.450000,183.640000,154.020000
256.640000,325.370000,178.630000,149.820000
256.790000,324.330000,176.600000,148.120000
256.530000,322.840000,177.320000,148.720000
260.590000,320.910000,173.890000,145.840000
261.060000,317.230000,174.240000,146.140000
263.510000,315.380000,172.780000,144.910000
264.280000,314.880000,170.180000,142.730000
264.810000,313.170000,168.490000,141.310000
268.790000,313.910000,165.170000,138.530000
269.670000,311.040000,165.180000,138.540000
270.400000,306.210000,166.570000,139.700000
273.080000,304.060000,165.220000,138.580000
272.810000,300.670000,167.170000,140.210000
276.020000,297.410000,168.840000,141.610000
275.210000,294.780000,169.860000,142.470000
276.490000,294.340000,168.900000,141.660000
278.420000,291.990000,168.570000,141.380000
279.460000,290.280000,168.220000,141.090000
281.500000,287.690000,166.600000,139.730000
282.900000,286.340000,166.500000,139.650000
284.250000,283.450000,165.820000,139.080000
285.250000,282.090000,164.510000,137.970000
285.810000,280.580000,163.690000,137.290000
285.940000,277.830000,163.490000,137.120000
286.600000,274.240000,164.820000,138.240000
287.350000,271.530000,165.040000,138.420000
288.620000,269.790000,165.660000,138.940000
290.610000,269.290000,166.470000,139.620000
291.540000,266.600000,167.870000,140.790000
291.000000,264.540000,170.740000,143.200000
290.410000,262.520000,172.690000,144.830000
290.360000,261.540000,171.950000,144.210000
289.240000,259.580000,173.260000,145.320000
291.870000,259.200000,172.510000,144.680000
293.370000,258.970000,171.380000,143.740000
293.180000,257.520000,171.660000,143.970000
290.280000,254.770000,175.700000,147.360000
288.220000,253.300000,176.980000,148.440000
292.120000,254.210000,171.680000,143.990000
291.670000,251.340000,172.580000,144.740000
290.500000,248.050000,174.570000,146.410000
291.550000,246.210000,175.800000,147.450000
291.560000,244.610000,175.300000,147.020000
291.490000,244.650000,174.660000,146.490000
288.310000,243.410000,176.910000,148.380000
286.190000,243.480000,177.560000,148.920000
283.580000,242.220000,178.930000,150.070000
282.160000,242.330000,178.500000,149.710000
279.970000,242.160000,178.630000,149.820000
279.280000,241.950000,178.430000,149.650000
278.780000,241.880000,178.160000,149.420000
278.710000,241.880000,177.830000,149.150000
278.060000,241.790000,177.260000,148.670000
277.360000,241.820000,177.030000,148.480000
276.830000,241.630000,176.630000,148.140000
276.350000,241.440000,176.850000,148.330000
275.280000,241.290000,176.930000,148.390000
274.460000,241.100000,176.500000,148.030000
273.360000,240.760000,176.440000,147.980000
272.420000,240.240000,177.060000,148.500000
271.110000,239.750000,177.560000,148.920000
269.960000,239.330000,177.940000,149.240000
269.180000,239.210000,177.720000,149.050000
267.980000,238.840000,178.010000,149.300000
266.850000,238.420000,178.040000,149.330000
266.630000,238.330000,177.520000,148.890000
265.860000,238.260000,177.340000,148.740000
265.300000,238.120000,176.950000,148.410000
264.860000,238.190000,176.190000,147.770000
264.080000,237.930000,176.150000,147.740000
263.300000,237.510000,176.360000,147.920000
262.840000,237.300000,175.900000,147.530000
262.750000,237.530000,174.730000,146.550000
261.800000,237.680000,173.850000,145.810000
261.870000,237.800000,173.040000,145.130000
262.200000,237.870000,172.100000,144.340000
262.260000,238.070000,170.990000,143.410000
262.240000,238.540000,169.570000,142.220000
262.870000,238.930000,168.280000,141.140000
262.560000,238.560000,168.080000,140.970000
262.290000,238.590000,167.140000,140.180000
262.340000,238.570000,166.620000,139.750000
262.530000,238.700000,166.120000,139.330000
262.570000,238.580000,165.590000,138.880000
262.940000,238.460000,164.820000,138.240000
263.270000,238.320000,163.940000,137.500000
263.890000,238.390000,162.730000,136.480000
264.630000,238.160000,161.680000,135.600000
264.760000,237.860000,161.310000,135.290000
264.930000,237.620000,160.910000,134.950000
265.430000,237.620000,160.060000,134.240000
265.620000,237.550000,159.500000,133.780000
267.120000,238.360000,156.710000,131.440000
267.390000,238.700000,154.940000,129.950000
268.580000,238.850000,153.380000,128.640000
269.450000,239.100000,152.370000,127.800000
270.390000,239.350000,150.830000,126.510000
271.190000,239.780000,149.240000,125.170000
271.820000,240.030000,148.100000,124.210000
272.560000,240.300000,146.640000,122.990000
274.160000,240.670000,145.140000,121.730000
275.240000,241.100000,143.170000,120.080000
275.930000,241.270000,141.790000,118.920000
276.180000,241.530000,140.460000,117.810000
277.440000,241.870000,138.750000,116.370000
277.780000,242.100000,137.390000,115.230000
278.500000,242.250000,135.940000,114.020000
356.000000,296.000000,36.000000,30.000000
354.490000,295.510000,35.736000,29.780000
352.740000,295.080000,35.823000,29.852000
351.260000,294.470000,36.363000,30.303000
350.200000,294.260000,35.478000,29.565000
348.880000,293.910000,35.424000,29.520000
347.630000,293.690000,34.884000,29.070000
346.580000,293.390000,34.806000,29.005000
345.910000,293.700000,34.573000,28.811000
345.350000,293.690000,34.515000,28.762000
345.210000,293.730000,34.535000,28.779000
345.510000,293.890000,34.485000,28.738000
346.080000,293.960000,34.689000,28.907000
347.040000,294.180000,34.847000,29.039000
347.940000,294.210000,35.338000,29.449000
349.050000,294.350000,36.165000,30.137000
350.340000,294.490000,36.699000,30.583000
351.190000,294.590000,37.295000,31.079000
352.560000,294.610000,37.674000,31.395000
353.770000,294.570000,38.435000,32.029000
355.500000,294.720000,39.278000,32.744000
357.440000,294.880000,39.176000,32.668000
358.370000,294.350000,40.092000,33.465000
359.770000,294.790000,39.995000,33.384000
361.350000,295.120000,40.011000,33.397000
363.120000,295.760000,39.601000,33.055000
365.530000,296.620000,38.418000,32.068000
367.540000,296.910000,38.457000,32.101000
370.020000,297.270000,37.853000,31.596000
372.780000,298.330000,37.275000,31.114000
375.450000,298.700000,36.988000,30.870000
378.610000,300.100000,36.116000,30.142000
380.920000,301.140000,35.296000,29.458000
381.950000,301.450000,35.181000,29.361000
382.080000,301.520000,35.222000,29.395000
381.270000,301.280000,35.774000,29.856000
379.440000,300.690000,36.594000,30.541000
377.250000,300.120000,37.297000,31.127000
374.330000,299.330000,38.307000,31.970000
372.570000,298.830000,38.347000,31.997000
369.920000,297.980000,39.161000,32.672000
367.880000,297.720000,38.866000,32.418000
365.700000,297.070000,39.485000,32.934000
363.900000,296.270000,40.173000,33.508000
362.140000,295.680000,40.600000,33.864000
360.540000,295.220000,40.933000,34.142000
359.030000,294.540000,41.474000,34.612000
357.620000,294.250000,41.201000,34.380000
356.180000,294.080000,40.803000,34.048000
354.530000,293.640000,40.713000,33.973000
352.660000,293.040000,41.257000,34.426000
351.320000,292.710000,41.096000,34.293000
350.420000,292.280000,40.433000,33.739000
348.850000,291.710000,40.493000,33.789000
347.190000,290.730000,41.369000,34.520000
346.030000,290.140000,41.276000,34.443000
345.280000,289.950000,40.661000,33.929000
344.590000,289.650000,40.218000,33.560000
343.640000,289.250000,40.038000,33.410000
342.880000,288.760000,39.802000,33.213000
342.490000,288.520000,39.064000,32.597000
342.320000,288.420000,38.307000,31.965000
342.000000,288.070000,37.673000,31.436000
341.610000,287.660000,37.157000,31.006000
341.420000,287.100000,36.567000,30.513000
341.710000,286.950000,35.736000,29.820000
407.000000,292.000000,52.000000,44.000000
405.960000,292.760000,50.582000,42.800000
404.830000,293.440000,49.248000,41.672000
403.450000,294.100000,48.340000,40.903000
401.790000,294.700000,47.602000,40.279000
400.530000,295.530000,46.078000,38.989000
399.230000,296.090000,44.909000,38.000000
397.960000,296.860000,44.229000,37.424000
396.520000,297.590000,43.450000,36.765000
395.380000,298.770000,42.131000,35.649000
394.020000,299.370000,41.116000,34.790000
392.670000,300.260000,39.665000,33.562000
390.990000,301.000000,39.027000,33.023000
389.720000,301.760000,37.529000,31.755000
387.840000,301.960000,36.894000,31.218000
385.850000,302.360000,36.150000,30.588000
383.310000,302.440000,36.224000,30.651000
381.850000,303.180000,34.822000,29.465000
380.730000,304.430000,32.048000,27.117000
378.530000,304.750000,31.603000,26.741000
377.720000,306.240000,28.910000,24.462000
377.820000,308.320000,24.714000,20.911000
378.600000,309.940000,21.028000,17.793000
377.380000,309.980000,18.874000,15.970000
376.770000,310.470000,15.627000,13.223000
375.480000,310.480000,13.886000,11.750000
369.980000,308.350000,23.899000,20.223000
367.590000,307.560000,24.879000,21.052000
365.130000,306.910000,25.417000,21.507000
362.180000,306.150000,27.105000,22.935000
359.910000,306.630000,27.745000,23.477000
359.180000,308.110000,25.534000,21.606000
357.520000,308.420000,25.131000,21.265000
355.890000,308.330000,24.890000,21.061000
353.750000,307.710000,25.614000,21.673000
351.590000,306.890000,26.615000,22.521000
350.240000,306.820000,26.166000,22.141000
348.970000,306.340000,25.994000,21.995000
347.920000,306.260000,25.158000,21.288000
346.320000,305.570000,25.578000,21.643000
345.760000,305.710000,24.361000,20.613000
344.060000,304.690000,25.168000,21.296000
343.020000,304.170000,24.857000,21.033000
342.160000,303.640000,24.439000,20.679000
341.100000,302.920000,24.635000,20.845000
340.690000,302.590000,23.726000,20.076000
340.050000,302.010000,23.381000,19.784000
339.060000,301.050000,23.771000,20.114000
338.660000,300.600000,23.342000,19.751000
338.600000,300.260000,22.312000,18.880000
338.470000,299.670000,21.718000,18.376000
338.170000,298.910000,21.670000,18.336000
337.740000,297.870000,21.671000,18.337000
337.420000,296.850000,21.815000,18.458000
338.070000,296.720000,20.349000,17.218000
338.200000,295.930000,20.097000,17.005000
338.950000,295.640000,18.826000,15.929000
338.570000,294.180000,19.883000,16.824000
339.790000,294.360000,18.146000,15.354000
340.030000,293.520000,18.154000,15.361000
340.350000,292.600000,18.319000,15.501000
340.890000,291.640000,18.096000,15.312000
342.220000,291.680000,16.823000,14.234000
342.410000,290.210000,17.757000,15.025000
343.590000,289.880000,17.074000,14.447000
345.150000,289.660000,15.863000,13.422000
345.840000,288.500000,16.506000,13.966000
346.200000,287.000000,17.676000,14.956000
nan,nan,nan,nan
nan,nan,nan,nan
337.000000,250.000000,129.000000,108.000000
334.670000,249.750000,129.360000,108.300000
332.300000,248.390000,133.130000,111.490000
331.120000,247.570000,134.960000,113.030000
329.660000,246.800000,137.200000,114.940000
329.200000,246.570000,137.540000,115.230000
329.310000,246.520000,137.360000,115.080000
329.050000,244.980000,139.040000,116.500000
329.060000,242.880000,139.390000,116.800000
328.370000,241.410000,140.300000,117.570000
325.870000,238.630000,143.570000,120.340000
326.170000,237.930000,142.760000,119.650000
326.500000,237.200000,140.660000,117.870000
327.010000,236.260000,138.150000,115.750000
326.950000,235.370000,138.400000,115.970000
327.790000,235.720000,137.210000,114.960000
330.100000,236.530000,135.770000,113.740000
331.580000,234.940000,137.490000,115.190000
332.080000,232.860000,140.620000,117.830000
334.000000,232.880000,141.300000,118.400000
337.810000,232.460000,141.540000,118.610000
343.230000,230.870000,142.090000,119.080000
348.380000,228.660000,141.480000,118.570000
352.030000,226.720000,141.840000,118.870000
355.770000,225.630000,141.880000,118.900000
359.050000,223.960000,142.210000,119.180000
361.270000,222.980000,141.740000,118.790000
367.060000,223.600000,139.500000,116.890000
368.320000,221.790000,140.440000,117.690000
366.020000,221.200000,142.610000,119.520000
367.560000,219.460000,142.840000,119.720000
369.800000,218.330000,143.090000,119.920000
371.360000,217.620000,142.180000,119.150000
371.890000,216.460000,141.700000,118.750000
373.520000,216.010000,140.420000,117.670000
374.320000,214.760000,139.590000,116.970000
373.550000,211.360000,140.280000,117.550000
374.240000,210.410000,139.520000,116.910000
374.920000,209.230000,138.980000,116.460000
375.770000,207.550000,138.990000,116.460000
377.050000,207.670000,138.230000,115.820000
377.350000,206.670000,138.650000,116.170000
377.060000,203.390000,140.050000,117.350000
377.690000,202.540000,139.490000,116.880000
378.700000,199.070000,140.230000,117.510000
378.550000,197.650000,140.230000,117.510000
379.350000,197.100000,138.600000,116.130000
380.230000,195.630000,137.910000,115.540000
381.760000,194.480000,137.840000,115.490000
383.290000,194.430000,136.940000,114.720000
384.240000,194.940000,135.580000,113.570000
384.370000,193.960000,135.980000,113.910000
384.420000,192.120000,136.290000,114.170000
383.590000,191.050000,136.520000,114.370000
383.770000,189.900000,136.790000,114.600000
382.810000,188.350000,137.290000,115.020000
384.210000,187.670000,136.090000,114.010000
385.200000,186.810000,135.860000,113.810000
385.850000,186.010000,135.530000,113.540000
386.690000,185.370000,134.540000,112.710000
387.240000,184.690000,133.830000,112.110000
385.830000,183.930000,134.990000,113.080000
385.810000,183.530000,134.900000,113.000000
386.340000,182.840000,134.330000,112.520000
386.830000,182.100000,133.770000,112.050000
407.000000,182.000000,89.000000,75.000000
406.790000,180.690000,87.740000,73.925000
408.580000,179.870000,86.978000,73.274000
409.710000,179.310000,86.485000,72.852000
409.930000,178.680000,86.230000,72.636000
411.100000,178.370000,84.650000,71.279000
411.610000,177.540000,84.526000,71.176000
412.120000,176.810000,84.114000,70.829000
412.580000,175.990000,83.824000,70.585000
412.970000,175.120000,83.171000,70.021000
413.570000,174.710000,82.148000,69.141000
414.460000,174.470000,80.847000,68.025000
414.430000,173.590000,80.844000,68.024000
413.860000,173.020000,81.455000,68.547000
414.890000,172.360000,80.060000,67.349000
415.290000,171.600000,79.823000,67.149000
415.620000,170.800000,79.593000,66.957000
415.850000,169.970000,79.802000,67.131000
416.240000,169.270000,79.509000,66.884000
416.640000,168.490000,79.272000,66.685000
417.080000,167.720000,78.981000,66.441000
417.430000,166.960000,78.775000,66.267000
417.810000,166.230000,78.468000,66.009000
418.330000,165.530000,78.069000,65.673000
418.610000,164.750000,77.913000,65.542000
418.930000,163.940000,77.782000,65.432000
419.470000,163.210000,77.492000,65.188000
419.990000,162.390000,77.492000,65.188000
420.670000,161.720000,77.202000,64.944000
421.270000,160.920000,77.174000,64.920000
421.720000,160.130000,77.122000,64.877000
421.830000,159.300000,77.232000,64.969000
421.790000,158.460000,77.436000,65.141000
421.830000,157.810000,77.213000,64.953000
421.810000,157.040000,77.057000,64.822000
421.800000,156.510000,76.608000,64.444000
421.790000,155.890000,76.339000,64.218000
421.690000,155.090000,76.273000,64.162000
421.650000,154.410000,76.071000,63.993000
421.680000,153.780000,75.691000,63.673000
421.700000,153.120000,75.367000,63.400000
421.720000,152.540000,75.041000,63.126000
421.640000,151.920000,74.896000,63.004000
421.570000,151.220000,74.683000,62.825000
421.450000,150.570000,74.452000,62.630000
421.280000,149.940000,74.369000,62.561000
421.260000,149.410000,74.022000,62.268000
421.290000,148.760000,73.676000,61.978000
421.220000,148.060000,73.473000,61.807000
421.090000,147.380000,73.296000,61.658000
421.000000,146.730000,73.073000,61.470000
420.900000,146.110000,72.873000,61.302000
420.880000,145.590000,72.531000,61.015000
420.860000,145.050000,72.180000,60.719000
420.760000,144.470000,71.982000,60.553000
420.700000,143.890000,71.757000,60.363000
420.650000,143.360000,71.451000,60.106000
420.600000,142.870000,71.148000,59.852000
420.450000,142.240000,70.988000,59.717000
420.390000,141.720000,70.781000,59.543000
420.330000,141.210000,70.483000,59.291000
420.250000,140.690000,70.290000,59.130000
420.210000,140.110000,69.984000,58.872000
420.160000,139.580000,69.728000,58.657000
420.060000,138.960000,69.625000,58.570000
420.050000,138.380000,69.343000,58.333000
419.960000,137.800000,69.073000,58.106000
419.990000,137.440000,68.614000,57.719000
419.870000,136.820000,68.416000,57.553000
419.830000,136.240000,68.297000,57.453000
419.810000,135.710000,68.017000,57.217000
419.760000,135.120000,67.830000,57.060000
419.690000,134.690000,67.558000,56.831000
419.520000,134.070000,67.536000,56.813000
419.530000,133.620000,67.205000,56.534000
419.360000,132.980000,67.170000,56.505000
419.260000,132.420000,66.965000,56.332000
419.210000,131.930000,66.649000,56.066000
419.200000,131.430000,66.342000,55.808000
419.130000,130.960000,66.178000,55.670000
419.020000,130.400000,65.998000,55.519000
419.000000,129.990000,65.674000,55.246000
418.960000,129.510000,65.449000,55.057000
418.920000,129.050000,65.245000,54.886000
418.840000,128.500000,65.116000,54.777000
418.790000,128.110000,64.879000,54.577000
418.700000,127.560000,64.787000,54.500000
418.610000,127.150000,64.543000,54.295000
418.520000,126.670000,64.337000,54.122000
418.520000,126.240000,64.080000,53.905000
418.420000,125.780000,63.898000,53.752000
418.420000,125.350000,63.682000,53.571000
418.460000,124.880000,63.417000,53.348000
418.350000,124.380000,63.394000,53.328000
418.360000,123.980000,63.085000,53.068000
418.280000,123.490000,62.974000,52.975000
418.300000,123.070000,62.732000,52.771000
418.260000,122.570000,62.622000,52.679000
418.220000,122.080000,62.536000,52.606000
418.200000,121.630000,62.295000,52.404000
418.220000,121.190000,61.955000,52.118000
418.310000,120.830000,61.639000,51.852000
418.230000,120.380000,61.445000,51.689000
418.170000,119.960000,61.316000,51.580000
418.170000,119.540000,61.090000,51.390000
418.070000,119.130000,60.918000,51.245000
418.050000,118.710000,60.683000,51.048000
417.980000,118.260000,60.539000,50.926000
417.970000,117.860000,60.331000,50.751000
417.960000,117.410000,60.135000,50.586000
417.920000,116.990000,59.923000,50.409000
417.790000,116.550000,59.915000,50.402000
417.700000,116.060000,59.834000,50.334000
417.730000,115.720000,59.568000,50.109000
417.700000,115.240000,59.449000,50.010000
417.680000,114.920000,59.174000,49.778000
417.580000,114.520000,59.021000,49.649000
417.490000,114.120000,58.996000,49.629000
417.500000,113.730000,58.821000,49.481000
417.460000,113.340000,58.665000,49.350000
417.410000,112.920000,58.594000,49.290000
417.340000,112.580000,58.418000,49.142000
417.300000,112.190000,58.300000,49.043000
417.290000,111.790000,58.141000,48.910000
417.210000,111.450000,58.070000,48.850000
417.240000,111.060000,57.885000,48.694000
417.150000,110.650000,57.877000,48.687000
417.130000,110.250000,57.736000,48.569000
417.110000,109.870000,57.620000,48.471000
417.090000,109.500000,57.499000,48.370000
417.020000,109.110000,57.380000,48.269000
416.990000,108.760000,57.288000,48.191000
416.990000,108.350000,57.089000,48.024000
416.960000,108.030000,56.892000,47.859000
416.920000,107.710000,56.802000,47.783000
416.870000,107.310000,56.686000,47.686000
416.840000,106.930000,56.616000,47.626000
416.850000,106.570000,56.450000,47.487000
416.770000,106.170000,56.369000,47.419000
416.820000,105.890000,56.123000,47.212000
416.790000,105.490000,56.062000,47.161000
416.730000,105.060000,55.955000,47.071000
416.730000,104.810000,55.766000,46.912000
416.740000,104.410000,55.611000,46.781000
416.780000,104.070000,55.410000,46.612000
416.740000,103.750000,55.210000,46.444000
416.700000,103.360000,55.197000,46.433000
416.710000,103.100000,54.991000,46.260000
416.630000,102.710000,54.931000,46.209000
416.550000,102.320000,54.940000,46.217000
416.610000,102.080000,54.639000,45.963000
416.590000,101.800000,54.468000,45.819000
416.520000,101.400000,54.409000,45.770000
416.530000,101.090000,54.205000,45.598000
416.540000,100.720000,54.088000,45.500000
416.510000,100.360000,54.028000,45.449000
416.470000,100.010000,53.931000,45.368000
416.490000,99.709000,53.711000,45.183000
416.420000,99.313000,53.696000,45.170000
416.440000,99.061000,53.539000,45.038000
416.470000,98.752000,53.356000,44.884000
416.440000,98.401000,53.250000,44.795000
416.410000,98.160000,53.050000,44.627000
416.420000,97.823000,52.943000,44.537000
416.400000,97.495000,52.811000,44.426000
416.440000,97.269000,52.576000,44.228000
416.360000,96.910000,52.530000,44.189000
416.390000,96.662000,52.343000,44.032000
416.420000,96.351000,52.151000,43.870000
416.400000,96.042000,52.052000,43.787000
416.360000,95.720000,51.944000,43.697000
416.410000,95.408000,51.762000,43.543000
416.440000,95.136000,51.585000,43.395000
416.390000,94.811000,51.526000,43.344000
416.350000,94.471000,51.488000,43.313000
416.320000,94.164000,51.436000,43.269000
416.310000,93.826000,51.363000,43.207000
416.300000,93.561000,51.266000,43.126000
416.240000,93.198000,51.241000,43.105000
416.240000,92.855000,51.138000,43.018000
416.200000,92.552000,50.989000,42.893000
416.200000,92.260000,50.932000,42.845000
416.190000,91.965000,50.754000,42.695000
416.160000,91.770000,50.446000,42.436000
415.900000,91.597000,50.073000,42.122000
415.670000,91.344000,49.788000,41.882000
415.050000,91.171000,49.444000,41.593000
413.790000,90.676000,49.770000,41.868000
412.570000,89.883000,50.374000,42.419000
412.400000,89.704000,50.086000,42.176000
412.510000,89.358000,50.114000,42.200000
412.940000,89.174000,49.863000,41.988000
413.290000,88.889000,49.755000,41.897000
413.610000,88.649000,49.568000,41.740000
414.020000,88.405000,49.468000,41.655000
414.380000,88.060000,49.448000,41.638000
414.660000,87.588000,49.610000,41.811000
414.500000,87.326000,50.091000,42.256000
414.850000,86.963000,50.114000,42.276000
415.300000,86.774000,49.821000,42.028000
415.690000,86.557000,49.696000,41.923000
416.180000,86.169000,49.697000,41.924000
416.600000,85.975000,49.504000,41.761000
417.080000,85.744000,49.371000,41.649000
417.470000,85.149000,49.938000,42.158000
417.750000,85.012000,50.030000,42.245000
418.260000,84.758000,49.837000,42.082000
418.620000,84.500000,49.774000,42.028000
419.100000,84.275000,49.599000,41.881000
419.530000,83.994000,49.511000,41.806000
419.870000,83.799000,49.379000,41.695000
420.330000,83.491000,49.272000,41.604000
420.700000,83.183000,49.264000,41.598000
421.080000,82.909000,49.149000,41.501000
421.470000,82.592000,49.128000,41.484000
421.890000,82.354000,49.019000,41.391000
422.270000,82.058000,48.951000,41.334000
422.680000,81.840000,48.809000,41.214000
422.890000,81.466000,49.345000,41.682000
423.380000,81.172000,49.533000,41.847000
423.730000,80.964000,49.359000,41.701000
423.720000,80.368000,49.491000,41.818000
424.050000,79.942000,49.038000,41.413000
424.440000,79.773000,48.855000,41.258000
424.770000,79.426000,48.938000,41.329000
425.280000,79.290000,48.610000,41.051000
425.700000,79.087000,48.422000,40.892000
426.090000,78.771000,48.445000,40.912000
426.560000,78.611000,48.233000,40.733000
426.830000,78.351000,48.322000,40.808000
427.240000,78.131000,48.084000,40.607000
427.640000,77.918000,47.996000,40.532000
427.970000,77.713000,47.983000,40.522000
428.450000,77.579000,47.761000,40.334000
428.750000,77.250000,47.781000,40.351000
428.800000,76.777000,47.639000,40.199000
429.200000,76.550000,47.602000,40.168000
429.640000,76.279000,47.465000,40.052000
429.980000,75.998000,47.478000,40.063000
430.380000,75.778000,47.441000,40.031000
430.820000,75.598000,47.240000,39.862000
431.200000,75.329000,47.184000,39.815000
431.570000,75.084000,47.156000,39.791000
431.950000,74.877000,47.059000,39.710000
432.350000,74.687000,46.959000,39.625000
432.750000,74.462000,46.887000,39.564000
432.990000,74.120000,46.961000,39.627000
433.420000,73.945000,46.724000,39.427000
433.850000,73.821000,46.535000,39.267000
434.210000,73.626000,46.469000,39.212000
434.610000,73.409000,46.305000,39.073000
434.940000,73.185000,46.205000,38.989000
435.380000,73.055000,46.068000,38.873000
435.740000,72.857000,46.026000,38.837000
436.120000,72.633000,45.947000,38.771000
436.530000,72.464000,45.790000,38.638000
436.940000,72.276000,45.652000,38.522000
437.290000,72.038000,45.545000,38.432000
437.680000,71.871000,45.367000,38.282000
438.040000,71.734000,45.229000,38.165000
438.310000,71.423000,45.287000,38.214000
438.590000,71.302000,45.199000,38.140000
438.860000,71.131000,45.127000,38.079000
439.040000,71.024000,45.100000,38.056000
439.220000,70.972000,45.074000,38.034000
439.490000,70.896000,45.060000,38.023000
439.840000,70.760000,45.232000,38.167000
440.150000,70.886000,44.988000,37.962000
440.520000,70.990000,44.769000,37.777000
440.730000,71.063000,44.618000,37.649000
441.010000,71.138000,44.503000,37.553000
441.180000,71.133000,44.542000,37.585000
441.250000,71.126000,44.612000,37.645000
441.290000,71.134000,44.571000,37.610000
441.290000,71.156000,44.517000,37.564000
441.250000,71.172000,44.516000,37.564000
441.250000,71.189000,44.458000,37.514000
441.250000,71.211000,44.414000,37.477000
441.210000,71.210000,44.393000,37.460000
441.170000,71.208000,44.435000,37.495000
441.190000,71.209000,44.402000,37.467000
441.230000,71.244000,44.325000,37.402000
441.220000,71.265000,44.335000,37.411000
441.360000,71.270000,44.300000,37.381000
441.970000,71.394000,43.993000,37.122000
442.490000,71.412000,43.947000,37.083000
443.010000,71.489000,43.754000,36.921000
443.790000,71.503000,43.664000,36.845000
444.480000,71.481000,43.706000,36.880000
445.160000,71.560000,43.545000,36.744000
445.600000,71.577000,43.481000,36.690000
445.880000,71.640000,43.361000,36.589000
446.010000,71.575000,43.486000,36.694000
446.150000,71.610000,43.411000,36.631000
446.190000,71.593000,43.512000,36.717000
446.270000,71.611000,43.435000,36.652000
446.270000,71.601000,43.455000,36.668000
446.240000,71.594000,43.471000,36.681000
446.190000,71.604000,43.470000,36.681000
446.130000,71.617000,43.486000,36.694000
446.040000,71.550000,43.580000,36.774000
446.040000,71.569000,43.544000,36.744000
445.970000,71.539000,43.623000,36.810000
445.990000,71.549000,43.596000,36.787000
445.960000,71.529000,43.666000,36.846000
445.950000,71.529000,43.676000,36.854000
445.920000,71.530000,43.697000,36.873000
445.930000,71.530000,43.703000,36.878000
445.950000,71.562000,43.643000,36.827000
445.920000,71.565000,43.657000,36.838000
445.930000,71.563000,43.700000,36.875000
445.930000,71.590000,43.641000,36.825000
445.950000,71.590000,43.577000,36.771000
445.970000,71.600000,43.559000,36.756000
445.950000,71.582000,43.588000,36.780000
445.930000,71.575000,43.600000,36.790000
445.980000,71.613000,43.535000,36.736000
445.940000,71.591000,43.561000,36.757000
445.940000,71.583000,43.588000,36.781000
445.960000,71.604000,43.537000,36.737000
445.930000,71.572000,43.575000,36.770000
445.960000,71.583000,43.531000,36.732000
445.960000,71.568000,43.564000,36.760000
445.970000,71.586000,43.520000,36.723000
445.910000,71.537000,43.635000,36.820000
445.940000,71.574000,43.552000,36.750000
445.940000,71.567000,43.588000,36.780000
445.960000,71.571000,43.576000,36.770000
445.890000,71.523000,43.727000,36.898000
445.870000,71.527000,43.736000,36.905000
445.900000,71.533000,43.705000,36.879000
445.890000,71.524000,43.699000,36.874000
445.920000,71.557000,43.644000,36.827000
445.950000,71.547000,43.675000,36.854000
445.950000,71.536000,43.716000,36.888000
445.900000,71.533000,43.768000,36.932000
445.880000,71.513000,43.809000,36.967000
445.950000,71.539000,43.753000,36.920000
445.910000,71.504000,43.848000,37.000000
445.980000,71.557000,43.699000,36.874000
446.000000,71.557000,43.706000,36.880000
445.940000,71.518000,43.803000,36.961000
445.950000,71.522000,43.779000,36.941000
445.980000,71.524000,43.740000,36.908000
446.030000,71.531000,43.703000,36.877000
446.010000,71.510000,43.747000,36.914000
446.090000,71.580000,43.579000,36.772000
446.010000,71.535000,43.748000,36.916000
446.050000,71.520000,43.707000,36.880000
446.080000,71.564000,43.710000,36.884000
446.150000,71.594000,43.620000,36.808000
446.140000,71.581000,43.656000,36.838000
446.140000,71.573000,43.649000,36.832000
446.590000,71.877000,42.877000,36.181000
nan,nan,nan,nan
nan,nan,nan,nan
nan,nan,nan,nan
nan,nan,nan,nan
nan,nan,nan,nan
nan,nan,nan,nan
nan,nan,nan,nan
nan,nan,nan,nan
nan,nan,nan,nan
nan,nan,nan,nan
nan,nan,nan,nan
nan,nan,nan,nan
nan,nan,nan,nan
nan,nan,nan,nan
nan,nan,nan,nan
nan,nan,nan,nan
nan,nan,nan,nan
nan,nan,nan,nan
nan,nan,nan,nan
nan,nan,nan,nan
nan,nan,nan,nan
nan,nan,nan,nan
nan,nan,nan,nan
nan,nan,nan,nan
nan,nan,nan,nan
nan,nan,nan,nan
nan,nan,nan,nan
nan,nan,nan,nan
nan,nan,nan,nan
nan,nan,nan,nan
nan,nan,nan,nan
nan,nan,nan,nan
nan,nan,nan,nan
nan,nan,nan,nan
nan,nan,nan,nan
nan,nan,nan,nan
nan,nan,nan,nan
nan,nan,nan,nan
nan,nan,nan,nan
nan,nan,nan,nan
nan,nan,nan,nan
nan,nan,nan,nan
nan,nan,nan,nan
nan,nan,nan,nan
nan,nan,nan,nan
nan,nan,nan,nan
nan,nan,nan,nan
nan,nan,nan,nan
nan,nan,nan,nan
nan,nan,nan,nan
nan,nan,nan,nan
nan,nan,nan,nan
nan,nan,nan,nan
nan,nan,nan,nan
nan,nan,nan,nan
nan,nan,nan,nan
nan,nan,nan,nan
nan,nan,nan,nan
nan,nan,nan,nan
nan,nan,nan,nan
nan,nan,nan,nan
nan,nan,nan,nan
nan,nan,nan,nan
nan,nan,nan,nan
nan,nan,nan,nan
nan,nan,nan,nan
nan,nan,nan,nan
nan,nan,nan,nan
nan,nan,nan,nan
nan,nan,nan,nan
nan,nan,nan,nan
nan,nan,nan,nan
nan,nan,nan,nan
nan,nan,nan,nan
nan,nan,nan,nan
nan,nan,nan,nan
nan,nan,nan,nan
nan,nan,nan,nan
nan,nan,nan,nan
nan,nan,nan,nan
nan,nan,nan,nan
nan,nan,nan,nan
nan,nan,nan,nan
nan,nan,nan,nan
nan,nan,nan,nan
nan,nan,nan,nan
nan,nan,nan,nan
nan,nan,nan,nan
nan,nan,nan,nan
nan,nan,nan,nan
nan,nan,nan,nan
nan,nan,nan,nan
nan,nan,nan,nan
nan,nan,nan,nan
nan,nan,nan,nan
nan,nan,nan,nan
nan,nan,nan,nan
nan,nan,nan,nan
nan,nan,nan,nan
nan,nan,nan,nan
nan,nan,nan,nan
nan,nan,nan,nan
nan,nan,nan,nan
nan,nan,nan,nan
nan,nan,nan,nan
nan,nan,nan,nan
nan,nan,nan,nan
nan,nan,nan,nan
nan,nan,nan,nan
nan,nan,nan,nan
nan,nan,nan,nan
nan,nan,nan,nan
nan,nan,nan,nan
nan,nan,nan,nan
nan,nan,nan,nan
nan,nan,nan,nan
nan,nan,nan,nan
nan,nan,nan,nan
nan,nan,nan,nan
nan,nan,nan,nan
nan,nan,nan,nan
nan,nan,nan,nan
nan,nan,nan,nan
nan,nan,nan,nan
nan,nan,nan,nan
nan,nan,nan,nan
nan,nan,nan,nan
nan,nan,nan,nan
nan,nan,nan,nan
nan,nan,nan,nan
nan,nan,nan,nan
nan,nan,nan,nan
nan,nan,nan,nan
nan,nan,nan,nan
nan,nan,nan,nan
nan,nan,nan,nan
nan,nan,nan,nan
nan,nan,nan,nan
nan,nan,nan,nan
nan,nan,nan,nan
nan,nan,nan,nan
nan,nan,nan,nan
nan,nan,nan,nan
nan,nan,nan,nan
nan,nan,nan,nan
nan,nan,nan,nan
nan,nan,nan,nan
nan,nan,nan,nan
nan,nan,nan,nan
nan,nan,nan,nan
nan,nan,nan,nan
nan,nan,nan,nan
nan,nan,nan,nan
nan,nan,nan,nan
nan,nan,nan,nan
nan,nan,nan,nan
nan,nan,nan,nan
nan,nan,nan,nan
nan,nan,nan,nan
nan,nan,nan,nan
nan,nan,nan,nan
nan,nan,nan,nan
nan,nan,nan,nan
nan,nan,nan,nan
nan,nan,nan,nan
nan,nan,nan,nan
nan,nan,nan,nan
nan,nan,nan,nan
nan,nan,nan,nan
nan,nan,nan,nan
nan,nan,nan,nan
nan,nan,nan,nan
nan,nan,nan,nan
nan,nan,nan,nan
nan,nan,nan,nan
nan,nan,nan,nan
nan,nan,nan,nan
nan,nan,nan,nan
nan,nan,nan,nan
nan,nan,nan,nan
nan,nan,nan,nan
nan,nan,nan,nan
nan,nan,nan,nan
nan,nan,nan,nan
nan,nan,nan,nan
nan,nan,nan,nan
nan,nan,nan,nan
nan,nan,nan,nan
nan,nan,nan,nan
nan,nan,nan,nan
nan,nan,nan,nan
nan,nan,nan,nan
nan,nan,nan,nan
nan,nan,nan,nan
nan,nan,nan,nan
nan,nan,nan,nan
nan,nan,nan,nan
nan,nan,nan,nan
nan,nan,nan,nan
nan,nan,nan,nan
nan,nan,nan,nan
nan,nan,nan,nan
nan,nan,nan,nan
nan,nan,nan,nan
nan,nan,nan,nan
nan,nan,nan,nan
nan,nan,nan,nan
nan,nan,nan,nan
nan,nan,nan,nan
nan,nan,nan,nan
nan,nan,nan,nan
nan,nan,nan,nan
nan,nan,nan,nan
nan,nan,nan,nan
nan,nan,nan,nan
nan,nan,nan,nan
nan,nan,nan,nan
nan,nan,nan,nan
nan,nan,nan,nan
nan,nan,nan,nan
nan,nan,nan,nan
nan,nan,nan,nan
nan,nan,nan,nan
nan,nan,nan,nan
nan,nan,nan,nan
nan,nan,nan,nan
nan,nan,nan,nan
nan,nan,nan,nan
nan,nan,nan,nan
nan,nan,nan,nan
nan,nan,nan,nan
nan,nan,nan,nan
nan,nan,nan,nan
nan,nan,nan,nan
nan,nan,nan,nan
nan,nan,nan,nan
nan,nan,nan,nan
nan,nan,nan,nan
nan,nan,nan,nan
nan,nan,nan,nan
nan,nan,nan,nan
nan,nan,nan,nan
nan,nan,nan,nan
nan,nan,nan,nan
nan,nan,nan,nan
nan,nan,nan,nan
nan,nan,nan,nan
nan,nan,nan,nan
nan,nan,nan,nan
nan,nan,nan,nan
nan,nan,nan,nan
nan,nan,nan,nan
nan,nan,nan,nan
nan,nan,nan,nan
nan,nan,nan,nan
nan,nan,nan,nan
nan,nan,nan,nan
nan,nan,nan,nan
nan,nan,nan,nan
nan,nan,nan,nan
nan,nan,nan,nan
nan,nan,nan,nan
nan,nan,nan,nan
nan,nan,nan,nan
nan,nan,nan,nan
nan,nan,nan,nan
nan,nan,nan,nan
nan,nan,nan,nan
nan,nan,nan,nan
nan,nan,nan,nan
nan,nan,nan,nan
nan,nan,nan,nan
nan,nan,nan,nan
nan,nan,nan,nan
nan,nan,nan,nan
nan,nan,nan,nan
nan,nan,nan,nan
nan,nan,nan,nan
nan,nan,nan,nan
nan,nan,nan,nan
nan,nan,nan,nan
nan,nan,nan,nan
nan,nan,nan,nan
nan,nan,nan,nan
nan,nan,nan,nan
nan,nan,nan,nan
nan,nan,nan,nan
nan,nan,nan,nan
nan,nan,nan,nan
nan,nan,nan,nan
nan,nan,nan,nan
nan,nan,nan,nan
nan,nan,nan,nan
nan,nan,nan,nan
nan,nan,nan,nan
nan,nan,nan,nan
nan,nan,nan,nan
nan,nan,nan,nan
nan,nan,nan,nan
nan,nan,nan,nan
nan,nan,nan,nan
nan,nan,nan,nan
nan,nan,nan,nan
nan,nan,nan,nan
nan,nan,nan,nan
nan,nan,nan,nan
nan,nan,nan,nan
nan,nan,nan,nan
nan,nan,nan,nan
nan,nan,nan,nan
nan,nan,nan,nan
nan,nan,nan,nan
nan,nan,nan,nan
nan,nan,nan,nan
nan,nan,nan,nan
nan,nan,nan,nan
nan,nan,nan,nan
nan,nan,nan,nan
nan,nan,nan,nan
nan,nan,nan,nan
nan,nan,nan,nan
nan,nan,nan,nan
nan,nan,nan,nan
nan,nan,nan,nan
nan,nan,nan,nan
nan,nan,nan,nan
nan,nan,nan,nan
nan,nan,nan,nan
nan,nan,nan,nan
nan,nan,nan,nan
nan,nan,nan,nan
nan,nan,nan,nan
nan,nan,nan,nan
nan,nan,nan,nan
nan,nan,nan,nan
nan,nan,nan,nan
nan,nan,nan,nan
nan,nan,nan,nan
nan,nan,nan,nan
nan,nan,nan,nan
nan,nan,nan,nan
nan,nan,nan,nan
nan,nan,nan,nan
nan,nan,nan,nan
nan,nan,nan,nan
nan,nan,nan,nan
nan,nan,nan,nan
nan,nan,nan,nan
nan,nan,nan,nan
nan,nan,nan,nan
nan,nan,nan,nan
nan,nan,nan,nan
nan,nan,nan,nan
nan,nan,nan,nan
nan,nan,nan,nan
nan,nan,nan,nan
nan,nan,nan,nan
nan,nan,nan,nan
nan,nan,nan,nan
nan,nan,nan,nan
nan,nan,nan,nan
nan,nan,nan,nan
nan,nan,nan,nan
nan,nan,nan,nan
nan,nan,nan,nan
nan,nan,nan,nan
nan,nan,nan,nan
nan,nan,nan,nan
nan,nan,nan,nan
nan,nan,nan,nan
nan,nan,nan,nan
nan,nan,nan,nan
nan,nan,nan,nan
nan,nan,nan,nan
nan,nan,nan,nan
nan,nan,nan,nan
nan,nan,nan,nan
nan,nan,nan,nan
nan,nan,nan,nan
nan,nan,nan,nan
nan,nan,nan,nan
nan,nan,nan,nan
nan,nan,nan,nan
nan,nan,nan,nan
nan,nan,nan,nan
nan,nan,nan,nan
nan,nan,nan,nan
nan,nan,nan,nan
nan,nan,nan,nan
nan,nan,nan,nan
nan,nan,nan,nan
nan,nan,nan,nan
nan,nan,nan,nan
nan,nan,nan,nan
nan,nan,nan,nan
nan,nan,nan,nan
nan,nan,nan,nan
nan,nan,nan,nan
nan,nan,nan,nan
nan,nan,nan,nan
nan,nan,nan,nan
nan,nan,nan,nan
nan,nan,nan,nan
nan,nan,nan,nan
nan,nan,nan,nan
nan,nan,nan,nan
nan,nan,nan,nan
nan,nan,nan,nan
nan,nan,nan,nan
nan,nan,nan,nan
nan,nan,nan,nan
nan,nan,nan,nan
nan,nan,nan,nan
nan,nan,nan,nan
nan,nan,nan,nan
nan,nan,nan,nan
nan,nan,nan,nan
nan,nan,nan,nan
nan,nan,nan,nan
nan,nan,nan,nan
nan,nan,nan,nan
nan,nan,nan,nan
nan,nan,nan,nan
nan,nan,nan,nan
nan,nan,nan,nan
nan,nan,nan,nan
nan,nan,nan,nan
nan,nan,nan,nan
nan,nan,nan,nan
nan,nan,nan,nan
nan,nan,nan,nan
nan,nan,nan,nan
nan,nan,nan,nan
nan,nan,nan,nan
nan,nan,nan,nan
nan,nan,nan,nan
nan,nan,nan,nan
nan,nan,nan,nan
nan,nan,nan,nan
nan,nan,nan,nan
nan,nan,nan,nan
nan,nan,nan,nan
nan,nan,nan,nan
nan,nan,nan,nan
nan,nan,nan,nan
nan,nan,nan,nan
nan,nan,nan,nan
nan,nan,nan,nan
nan,nan,nan,nan
nan,nan,nan,nan
nan,nan,nan,nan
nan,nan,nan,nan
nan,nan,nan,nan
nan,nan,nan,nan
nan,nan,nan,nan
nan,nan,nan,nan
nan,nan,nan,nan
nan,nan,nan,nan
nan,nan,nan,nan
nan,nan,nan,nan
nan,nan,nan,nan
nan,nan,nan,nan
nan,nan,nan,nan
nan,nan,nan,nan
nan,nan,nan,nan
nan,nan,nan,nan
nan,nan,nan,nan
nan,nan,nan,nan
nan,nan,nan,nan
nan,nan,nan,nan
nan,nan,nan,nan
nan,nan,nan,nan
nan,nan,nan,nan
nan,nan,nan,nan
nan,nan,nan,nan
nan,nan,nan,nan
nan,nan,nan,nan
nan,nan,nan,nan
nan,nan,nan,nan
nan,nan,nan,nan
nan,nan,nan,nan
nan,nan,nan,nan
nan,nan,nan,nan
nan,nan,nan,nan
nan,nan,nan,nan
nan,nan,nan,nan
nan,nan,nan,nan
nan,nan,nan,nan
nan,nan,nan,nan
nan,nan,nan,nan
nan,nan,nan,nan
nan,nan,nan,nan
nan,nan,nan,nan
nan,nan,nan,nan
nan,nan,nan,nan
nan,nan,nan,nan
nan,nan,nan,nan
nan,nan,nan,nan
nan,nan,nan,nan
nan,nan,nan,nan
nan,nan,nan,nan
nan,nan,nan,nan
nan,nan,nan,nan
nan,nan,nan,nan
nan,nan,nan,nan
nan,nan,nan,nan
nan,nan,nan,nan
nan,nan,nan,nan
nan,nan,nan,nan
nan,nan,nan,nan
nan,nan,nan,nan
nan,nan,nan,nan
nan,nan,nan,nan
nan,nan,nan,nan
nan,nan,nan,nan
477.000000,200.000000,30.000000,25.000000
476.880000,201.170000,29.581000,24.651000
476.220000,201.980000,29.864000,24.887000
475.810000,203.130000,29.697000,24.748000
474.980000,203.880000,29.980000,24.984000
474.410000,205.010000,29.813000,24.844000
473.650000,205.840000,30.154000,25.129000
473.070000,206.750000,30.310000,25.258000
472.600000,207.890000,29.984000,24.987000
471.670000,208.680000,30.539000,25.449000
470.940000,209.410000,31.156000,25.963000
470.340000,210.430000,31.063000,25.886000
469.870000,211.380000,30.998000,25.832000
469.230000,212.270000,31.275000,26.062000
468.590000,213.110000,31.581000,26.317000
468.400000,214.150000,31.665000,26.388000
467.860000,215.210000,31.641000,26.368000
467.060000,215.940000,32.385000,26.987000
466.570000,216.990000,32.077000,26.731000
466.010000,218.060000,32.174000,26.812000
466.030000,219.170000,32.103000,26.753000
465.200000,220.030000,32.731000,27.276000
464.770000,220.920000,33.050000,27.542000
464.430000,222.050000,32.958000,27.465000
464.180000,223.180000,32.907000,27.423000
463.620000,224.130000,33.521000,27.934000
463.230000,224.990000,33.850000,28.209000
462.920000,225.950000,33.964000,28.304000
462.440000,226.920000,34.504000,28.754000
463.160000,228.420000,33.785000,28.154000
463.180000,229.510000,33.711000,28.093000
463.100000,230.470000,33.923000,28.269000
462.970000,231.610000,34.014000,28.345000
462.750000,232.640000,34.247000,28.539000
462.720000,233.670000,34.276000,28.563000
462.710000,234.820000,34.304000,28.587000
462.700000,235.900000,34.559000,28.799000
462.950000,237.030000,34.572000,28.810000
463.020000,238.000000,35.145000,29.288000
463.310000,239.180000,35.143000,29.285000
463.290000,240.340000,35.628000,29.690000
463.420000,241.420000,35.747000,29.789000
463.710000,242.800000,35.650000,29.709000
463.670000,243.820000,35.976000,29.980000
463.870000,245.120000,36.015000,30.013000
463.900000,246.440000,36.295000,30.246000
464.040000,247.670000,36.381000,30.318000
463.850000,248.750000,37.056000,30.880000
464.050000,250.080000,37.222000,31.018000
464.150000,251.420000,37.533000,31.277000
464.280000,252.670000,37.803000,31.503000
464.240000,254.100000,37.829000,31.524000
464.240000,255.390000,38.310000,31.925000
463.970000,257.190000,38.208000,31.852000
463.960000,258.500000,38.660000,32.229000
463.990000,259.890000,38.911000,32.438000
463.900000,261.160000,39.422000,32.864000
463.950000,262.680000,39.613000,33.023000
464.020000,264.190000,39.667000,33.069000
463.920000,265.640000,40.020000,33.363000
463.920000,267.140000,40.248000,33.552000
463.850000,268.740000,40.562000,33.814000
463.820000,270.980000,39.948000,33.311000
463.590000,272.640000,40.183000,33.507000
464.230000,274.510000,39.683000,33.103000
463.960000,276.130000,40.094000,33.446000
463.750000,277.720000,40.476000,33.765000
463.910000,279.100000,40.695000,33.956000
463.760000,280.760000,40.907000,34.132000
464.720000,283.140000,40.017000,33.379000
464.230000,284.750000,40.538000,33.814000
463.950000,286.350000,40.825000,34.053000
463.440000,288.070000,41.231000,34.392000
462.960000,289.730000,41.743000,34.819000
462.530000,291.490000,42.152000,35.160000
462.160000,293.330000,42.370000,35.342000
461.630000,295.350000,42.386000,35.355000
461.250000,297.300000,42.505000,35.476000
460.610000,299.140000,42.868000,35.779000
460.030000,301.060000,43.045000,35.927000
459.380000,303.010000,43.261000,36.107000
458.580000,305.000000,43.486000,36.295000
457.780000,307.000000,43.489000,36.298000
456.990000,309.140000,43.486000,36.295000
456.110000,311.360000,43.683000,36.459000
455.030000,313.420000,43.857000,36.605000
454.100000,315.730000,43.772000,36.534000
452.930000,317.790000,44.055000,36.770000
451.980000,319.970000,44.085000,36.795000
450.830000,322.050000,44.216000,36.904000
449.630000,324.230000,44.532000,37.168000
448.170000,326.370000,45.138000,37.674000
446.840000,328.660000,45.166000,37.697000
445.500000,330.940000,45.414000,37.904000
444.050000,333.150000,45.586000,38.048000
442.420000,335.450000,45.981000,38.378000
440.380000,337.380000,46.424000,38.811000
438.940000,339.660000,46.369000,38.764000
437.020000,341.830000,46.776000,39.104000
435.530000,344.130000,46.482000,38.908000
433.980000,346.490000,46.730000,39.116000
432.740000,349.000000,46.192000,38.699000
430.970000,351.460000,46.521000,38.974000
429.280000,353.780000,46.694000,39.119000
427.720000,355.980000,47.106000,39.464000
426.360000,358.750000,46.726000,39.146000
424.770000,360.880000,47.275000,39.606000
423.020000,363.480000,47.474000,39.773000
422.380000,365.840000,47.022000,39.442000
420.600000,368.350000,47.330000,39.701000
418.700000,370.610000,48.397000,40.596000
416.980000,373.420000,48.255000,40.503000
415.330000,375.960000,48.830000,40.985000
414.020000,378.480000,49.152000,41.255000
412.790000,381.100000,49.500000,41.548000
411.560000,383.510000,49.815000,41.812000
410.420000,386.020000,50.429000,42.327000
409.730000,388.840000,50.103000,42.053000
408.750000,391.410000,50.692000,42.548000
407.800000,393.490000,51.349000,43.099000
407.520000,395.370000,51.609000,43.318000
407.130000,396.870000,52.295000,43.894000
407.040000,398.180000,52.570000,44.124000
393.000000,393.000000,75.000000,63.000000
393.270000,394.370000,74.688000,62.738000
393.540000,395.490000,74.599000,62.664000
393.950000,396.570000,74.249000,62.369000
394.150000,397.530000,74.146000,62.283000
394.390000,398.140000,73.930000,62.101000
394.630000,398.800000,73.531000,61.766000
394.940000,399.270000,73.303000,61.575000
395.220000,399.480000,73.051000,61.363000
395.460000,399.630000,72.903000,61.239000
395.810000,399.820000,72.513000,60.911000
396.000000,399.800000,72.529000,60.925000
396.080000,399.700000,72.642000,61.019000
396.200000,399.740000,72.699000,61.067000
396.510000,399.910000,72.373000,60.793000
396.640000,400.060000,72.238000,60.680000
396.780000,400.120000,72.200000,60.648000
396.800000,400.120000,72.211000,60.657000
396.610000,400.010000,72.661000,61.035000
396.690000,400.060000,72.490000,60.892000
396.870000,400.110000,72.410000,60.824000
396.890000,400.110000,72.458000,60.865000
397.070000,400.290000,72.214000,60.660000
397.320000,400.460000,71.895000,60.391000
397.330000,400.610000,71.820000,60.328000
397.180000,400.740000,72.048000,60.521000
397.450000,400.910000,71.921000,60.414000
397.570000,400.940000,71.859000,60.361000
397.950000,401.060000,71.678000,60.210000
398.060000,401.060000,71.884000,60.383000
398.300000,401.190000,71.798000,60.311000
398.630000,401.390000,71.728000,60.251000
399.050000,401.630000,71.628000,60.168000
399.150000,401.760000,71.760000,60.279000
399.450000,401.990000,71.702000,60.229000
399.430000,401.980000,72.034000,60.509000
399.790000,402.200000,71.854000,60.357000
399.910000,402.130000,72.107000,60.570000
400.090000,402.280000,72.026000,60.502000
400.320000,402.320000,72.009000,60.488000
400.410000,402.460000,71.982000,60.465000
400.830000,402.680000,71.766000,60.283000
401.020000,402.730000,71.862000,60.364000
401.480000,402.890000,71.580000,60.127000
401.930000,403.150000,71.174000,59.786000
402.200000,403.270000,71.082000,59.709000
402.640000,403.370000,70.952000,59.600000
403.030000,403.390000,71.034000,59.668000
403.550000,403.490000,70.877000,59.536000
404.380000,403.670000,70.530000,59.245000
405.040000,403.900000,70.068000,58.857000
405.780000,404.070000,69.629000,58.488000
406.490000,404.210000,69.368000,58.269000
407.070000,404.390000,69.030000,57.985000
407.860000,404.540000,68.654000,57.670000
408.620000,404.670000,68.122000,57.222000
409.490000,404.670000,67.948000,57.077000
410.190000,404.960000,67.146000,56.403000
411.330000,404.950000,66.754000,56.073000
412.060000,404.950000,66.498000,55.858000
412.920000,404.840000,66.258000,55.657000
413.740000,404.820000,65.885000,55.344000
414.570000,404.610000,65.787000,55.261000
415.510000,404.560000,65.287000,54.841000
416.320000,404.240000,65.087000,54.673000
417.180000,403.930000,64.829000,54.456000
418.040000,403.710000,64.350000,54.054000
419.280000,403.560000,63.726000,53.530000
420.440000,403.500000,62.961000,52.887000
421.880000,403.270000,61.885000,51.983000
423.220000,403.100000,60.807000,51.078000
424.270000,403.090000,59.688000,50.138000
425.400000,402.820000,58.566000,49.196000
426.280000,402.510000,57.628000,48.407000
427.190000,401.970000,56.898000,47.794000
427.950000,401.610000,56.003000,47.043000
428.270000,401.270000,55.069000,46.258000
429.060000,400.830000,53.894000,45.271000
429.830000,400.580000,52.285000,43.920000
431.080000,400.570000,50.285000,42.239000
432.400000,400.540000,48.092000,40.397000
432.810000,400.270000,46.535000,39.089000
433.810000,400.270000,44.598000,37.462000
434.810000,400.320000,42.161000,35.415000
435.910000,400.780000,39.166000,32.899000
435.720000,401.040000,36.417000,30.590000
436.060000,401.300000,33.813000,28.403000
436.600000,401.730000,30.952000,26.000000
436.620000,402.780000,27.237000,22.879000
433.170000,401.730000,29.160000,24.495000
429.240000,400.840000,32.289000,27.123000
425.390000,398.560000,37.403000,31.418000
426.010000,398.320000,36.404000,30.579000
nan,nan,nan,nan
nan,nan,nan,nan
nan,nan,nan,nan
nan,nan,nan,nan
nan,nan,nan,nan
nan,nan,nan,nan
nan,nan,nan,nan
nan,nan,nan,nan
nan,nan,nan,nan
nan,nan,nan,nan
nan,nan,nan,nan
nan,nan,nan,nan
nan,nan,nan,nan
nan,nan,nan,nan
nan,nan,nan,nan
nan,nan,nan,nan
nan,nan,nan,nan
nan,nan,nan,nan
nan,nan,nan,nan
nan,nan,nan,nan
nan,nan,nan,nan
nan,nan,nan,nan
nan,nan,nan,nan
nan,nan,nan,nan
nan,nan,nan,nan
nan,nan,nan,nan
nan,nan,nan,nan
nan,nan,nan,nan
nan,nan,nan,nan
nan,nan,nan,nan
nan,nan,nan,nan
nan,nan,nan,nan
nan,nan,nan,nan
nan,nan,nan,nan
nan,nan,nan,nan
nan,nan,nan,nan
nan,nan,nan,nan
nan,nan,nan,nan
nan,nan,nan,nan
nan,nan,nan,nan
nan,nan,nan,nan
nan,nan,nan,nan
nan,nan,nan,nan
nan,nan,nan,nan
nan,nan,nan,nan
nan,nan,nan,nan
nan,nan,nan,nan
nan,nan,nan,nan
nan,nan,nan,nan
nan,nan,nan,nan
nan,nan,nan,nan
nan,nan,nan,nan
nan,nan,nan,nan
nan,nan,nan,nan
nan,nan,nan,nan
nan,nan,nan,nan
nan,nan,nan,nan
nan,nan,nan,nan
nan,nan,nan,nan
nan,nan,nan,nan
nan,nan,nan,nan
nan,nan,nan,nan
nan,nan,nan,nan
nan,nan,nan,nan
nan,nan,nan,nan
nan,nan,nan,nan
nan,nan,nan,nan
nan,nan,nan,nan
nan,nan,nan,nan
nan,nan,nan,nan
nan,nan,nan,nan
nan,nan,nan,nan
nan,nan,nan,nan
nan,nan,nan,nan
nan,nan,nan,nan
nan,nan,nan,nan
nan,nan,nan,nan
nan,nan,nan,nan
nan,nan,nan,nan
nan,nan,nan,nan
nan,nan,nan,nan
nan,nan,nan,nan
nan,nan,nan,nan
nan,nan,nan,nan
nan,nan,nan,nan
nan,nan,nan,nan
nan,nan,nan,nan
nan,nan,nan,nan
nan,nan,nan,nan
nan,nan,nan,nan
nan,nan,nan,nan
nan,nan,nan,nan
nan,nan,nan,nan
nan,nan,nan,nan
nan,nan,nan,nan
nan,nan,nan,nan
nan,nan,nan,nan
nan,nan,nan,nan
nan,nan,nan,nan
nan,nan,nan,nan
nan,nan,nan,nan
nan,nan,nan,nan
nan,nan,nan,nan
nan,nan,nan,nan
nan,nan,nan,nan
nan,nan,nan,nan
nan,nan,nan,nan
nan,nan,nan,nan
nan,nan,nan,nan
nan,nan,nan,nan
nan,nan,nan,nan
nan,nan,nan,nan
nan,nan,nan,nan
nan,nan,nan,nan
nan,nan,nan,nan
nan,nan,nan,nan
nan,nan,nan,nan
nan,nan,nan,nan
nan,nan,nan,nan
nan,nan,nan,nan
nan,nan,nan,nan
nan,nan,nan,nan
nan,nan,nan,nan
nan,nan,nan,nan
nan,nan,nan,nan
nan,nan,nan,nan
nan,nan,nan,nan
nan,nan,nan,nan
nan,nan,nan,nan
nan,nan,nan,nan
nan,nan,nan,nan
nan,nan,nan,nan
nan,nan,nan,nan
nan,nan,nan,nan
nan,nan,nan,nan
nan,nan,nan,nan
nan,nan,nan,nan
nan,nan,nan,nan
nan,nan,nan,nan
nan,nan,nan,nan
nan,nan,nan,nan
nan,nan,nan,nan
nan,nan,nan,nan
nan,nan,nan,nan
nan,nan,nan,nan
nan,nan,nan,nan
nan,nan,nan,nan
nan,nan,nan,nan
nan,nan,nan,nan
nan,nan,nan,nan
nan,nan,nan,nan
nan,nan,nan,nan
nan,nan,nan,nan
nan,nan,nan,nan
nan,nan,nan,nan
nan,nan,nan,nan
nan,nan,nan,nan
nan,nan,nan,nan
nan,nan,nan,nan
nan,nan,nan,nan
nan,nan,nan,nan
nan,nan,nan,nan
nan,nan,nan,nan
nan,nan,nan,nan
nan,nan,nan,nan
nan,nan,nan,nan
nan,nan,nan,nan
nan,nan,nan,nan
nan,nan,nan,nan
nan,nan,nan,nan
nan,nan,nan,nan
nan,nan,nan,nan
nan,nan,nan,nan
nan,nan,nan,nan
nan,nan,nan,nan
nan,nan,nan,nan
nan,nan,nan,nan
nan,nan,nan,nan
nan,nan,nan,nan
nan,nan,nan,nan
nan,nan,nan,nan
nan,nan,nan,nan
nan,nan,nan,nan
nan,nan,nan,nan
nan,nan,nan,nan
nan,nan,nan,nan
nan,nan,nan,nan
nan,nan,nan,nan
nan,nan,nan,nan
nan,nan,nan,nan
nan,nan,nan,nan
nan,nan,nan,nan
nan,nan,nan,nan
nan,nan,nan,nan
nan,nan,nan,nan
nan,nan,nan,nan
nan,nan,nan,nan
nan,nan,nan,nan
nan,nan,nan,nan
nan,nan,nan,nan
nan,nan,nan,nan
nan,nan,nan,nan
nan,nan,nan,nan
nan,nan,nan,nan
nan,nan,nan,nan
nan,nan,nan,nan
nan,nan,nan,nan
nan,nan,nan,nan
nan,nan,nan,nan
nan,nan,nan,nan
nan,nan,nan,nan
nan,nan,nan,nan
nan,nan,nan,nan
nan,nan,nan,nan
nan,nan,nan,nan
nan,nan,nan,nan
nan,nan,nan,nan
nan,nan,nan,nan
nan,nan,nan,nan
nan,nan,nan,nan
nan,nan,nan,nan
nan,nan,nan,nan
nan,nan,nan,nan
nan,nan,nan,nan
nan,nan,nan,nan
nan,nan,nan,nan
nan,nan,nan,nan
nan,nan,nan,nan
nan,nan,nan,nan
nan,nan,nan,nan
nan,nan,nan,nan
nan,nan,nan,nan
nan,nan,nan,nan
nan,nan,nan,nan
nan,nan,nan,nan
nan,nan,nan,nan
nan,nan,nan,nan
nan,nan,nan,nan
nan,nan,nan,nan
nan,nan,nan,nan
nan,nan,nan,nan
nan,nan,nan,nan
nan,nan,nan,nan
nan,nan,nan,nan
nan,nan,nan,nan
nan,nan,nan,nan
nan,nan,nan,nan
nan,nan,nan,nan
nan,nan,nan,nan
nan,nan,nan,nan
nan,nan,nan,nan
nan,nan,nan,nan
nan,nan,nan,nan
nan,nan,nan,nan
nan,nan,nan,nan
nan,nan,nan,nan
nan,nan,nan,nan
nan,nan,nan,nan
nan,nan,nan,nan
nan,nan,nan,nan
nan,nan,nan,nan
nan,nan,nan,nan
nan,nan,nan,nan
nan,nan,nan,nan
nan,nan,nan,nan
nan,nan,nan,nan
nan,nan,nan,nan
nan,nan,nan,nan
nan,nan,nan,nan
nan,nan,nan,nan
nan,nan,nan,nan
nan,nan,nan,nan
nan,nan,nan,nan
nan,nan,nan,nan
nan,nan,nan,nan
nan,nan,nan,nan
nan,nan,nan,nan
nan,nan,nan,nan
nan,nan,nan,nan
nan,nan,nan,nan
nan,nan,nan,nan
nan,nan,nan,nan
nan,nan,nan,nan
