174,269,252,471
174,271,253,478
171,270,250,475
174,262,253,478
178,258,256,478
174,265,256,476
179,261,253,474
181,261,261,477
178,258,260,482
184,264,263,477
187,255,264,479
191,256,268,483
186,260,268,472
193,250,265,465
199,259,274,476
202,265,271,492
193,263,268,472
201,267,280,481
203,267,283,484
202,260,285,481
199,270,285,470
208,268,291,472
222,266,291,472
209,276,303,477
225,263,305,474
225,269,308,472
231,268,307,478
242,263,315,475
255,267,313,463
257,272,315,474
257,273,318,467
260,274,321,462
265,271,321,475
264,274,323,475
267,276,329,476
269,271,331,472
269,276,337,465
270,274,337,468
274,275,344,481
268,270,347,472
277,266,352,477
274,271,357,469
279,270,357,472
282,268,360,479
281,270,358,473
279,270,364,471
282,268,361,473
285,269,362,475
285,269,362,476
285,270,364,476
285,272,364,472
284,274,362,477
283,273,362,476
283,272,363,473
281,270,357,469
283,272,362,468
284,275,365,465
280,273,366,476
282,269,359,475
283,267,356,476
280,267,362,472
283,273,361,474
281,271,362,467
282,270,360,472
285,273,361,468
284,273,361,468
285,271,362,467
285,271,361,469
283,273,357,475
281,272,360,473
283,273,360,474
281,270,363,479
281,274,363,472
281,267,363,471
283,276,367,470
282,268,363,474
286,273,364,474
285,270,363,475
284,269,362,473
284,270,361,475
285,267,367,470
286,269,366,474
283,269,367,472
287,269,370,469
287,270,365,467
290,271,366,453
289,274,369,441
291,273,369,443
286,276,368,440
287,283,358,436
298,276,349,436
318,345,376,478
298,355,365,479
312,271,372,389
318,270,368,375
313,268,371,377
300,272,371,373
297,281,371,371
298,278,370,371
298,290,372,373
299,282,368,374
299,280,363,371
299,278,360,374
297,278,341,370
302,276,334,358
343,268,369,347
337,267,369,342
322,276,366,357
310,288,368,368
296,287,369,369
297,277,370,368
296,270,381,371
292,278,375,371
292,273,373,376
292,273,374,373
292,274,373,386
290,284,370,430
288,274,372,432
291,271,374,438
289,269,370,437
288,270,372,432
285,272,373,430
290,276,373,437
288,273,373,435
288,274,378,439
286,268,369,433
289,267,374,435
293,268,370,436
297,267,372,438
290,270,373,434
297,266,372,443
299,266,371,450
295,267,374,434
292,266,374,433
295,265,376,435
292,270,374,436
294,270,373,446
301,270,370,464
305,268,373,485
303,265,371,488
302,261,369,475
301,263,371,485
305,259,367,488
302,262,367,480
303,265,371,484
299,262,367,480
302,262,369,485
305,264,372,485
297,265,368,480
302,264,371,468
295,262,369,476
294,264,367,466
294,265,363,476
296,266,373,470
293,265,369,464
295,270,369,480
294,266,369,466
291,269,366,465
290,268,369,432
287,269,370,435
289,275,368,433
286,270,370,435
288,269,367,433
289,270,366,436
290,271,363,445
289,269,362,464
287,264,358,473
289,266,364,478
285,262,364,474
289,268,357,474
290,265,357,470
290,265,359,463
287,267,360,471
288,267,364,477
288,266,364,472
288,261,366,473
290,263,365,475
290,266,369,476
294,258,360,462
299,266,361,473
299,271,352,476
306,266,364,474
305,263,376,479
299,250,378,467
277,265,380,478
277,265,380,478
288,230,379,459
288,230,379,459
288,230,379,459
288,230,379,459
288,230,379,459
288,230,379,459
288,230,379,459
288,230,379,459
288,230,379,459
336,274,394,472
345,276,390,465
348,277,390,461
349,281,396,468
345,277,397,461
352,279,398,462
343,280,402,456
347,281,406,451
349,288,406,459
347,281,407,456
347,281,409,458
352,283,412,455
354,281,412,455
353,282,417,458
355,283,419,448
360,288,420,450
361,287,424,454
365,287,425,455
369,285,427,452
370,282,430,450
369,287,431,452
376,285,433,449
380,289,432,454
385,286,432,449
384,287,434,451
389,286,431,452
392,287,431,457
394,285,425,446
392,275,430,454
392,275,430,454
392,275,430,454
392,275,430,454
392,275,430,454
392,275,430,454
411,291,451,454
412,292,451,447
409,297,457,449
409,295,458,447
412,296,464,443
413,292,462,436
417,296,469,439
420,296,472,438
424,298,474,444
424,301,476,445
428,298,480,445
429,296,480,442
435,300,478,446
436,301,479,443
438,300,480,446
438,300,481,442
438,304,489,444
439,304,487,439
442,300,486,436
445,305,486,440
441,301,488,440
444,299,486,435
443,302,485,439
445,303,487,438
445,303,488,437
444,301,490,436
446,305,490,435
445,305,489,435
447,304,489,437
446,308,489,437
448,307,491,434
450,309,491,432
450,307,494,437
450,307,492,434
452,309,497,432
453,305,495,431
454,307,495,432
454,311,496,431
454,310,496,432
453,310,495,429
451,308,494,430
451,310,497,429
453,314,492,432
453,314,493,431
451,314,490,429
451,317,492,431
450,317,489,430
448,314,487,425
449,311,491,426
448,316,487,427
448,315,488,428
449,312,487,427
448,310,488,426
449,314,488,428
448,315,486,427
448,317,487,424
449,317,487,425
451,317,487,425
452,318,489,428
453,318,490,424
452,315,489,423
453,315,489,426
454,317,492,424
455,318,492,422
455,317,490,425
455,317,490,427
456,314,490,426
457,318,492,430
456,313,492,426
458,316,492,431
458,317,494,423
458,317,493,427
457,317,493,425
459,316,495,426
456,318,493,426
457,321,495,426
458,319,494,425
459,321,497,425
457,319,493,426
457,323,494,423
457,325,495,422
459,324,495,421
457,322,494,425
458,320,498,427
458,319,498,423
459,319,501,427
460,318,500,423
462,321,501,425
463,323,502,425
463,322,503,423
465,320,505,425
468,320,505,427
470,319,506,428
473,324,506,427
473,322,505,427
475,320,507,428
474,319,507,428
474,321,506,428
476,321,507,427
475,321,506,427
475,321,507,429
476,320,507,428
477,319,508,428
476,321,508,427
476,323,507,429
474,319,507,427
475,315,508,426
475,318,508,427
475,318,507,428
475,317,508,429
475,317,508,427
474,316,510,429
475,315,510,427
474,317,509,430
476,319,510,427
475,315,513,427
473,314,509,427
474,314,511,428
473,314,510,425
473,314,511,427
473,319,510,427
474,315,509,428
476,315,511,428
473,317,508,426
473,312,508,426
