482,278,537,416
481,273,528,415
477,275,526,409
476,269,520,412
469,272,516,416
467,271,516,420
461,274,512,427
552,261,599,390
539,261,592,386
539,261,592,386
532,269,589,386
547,264,598,388
547,264,598,388
547,264,598,388
547,264,598,388
416,289,474,424
416,289,474,424
405,277,451,416
405,277,451,416
394,279,441,412
385,275,434,400
365,288,432,417
357,291,427,410
358,287,423,413
358,289,421,410
354,283,414,415
355,280,403,413
354,286,404,409
349,282,396,405
347,282,397,413
339,282,397,407
334,285,398,401
332,286,396,411
333,290,396,408
343,293,398,406
353,291,402,408
356,293,398,407
357,292,396,395
358,295,397,395
361,300,397,392
409,312,447,392
409,312,447,392
411,306,445,399
405,303,439,407
275,284,316,389
269,290,320,393
258,293,315,394
251,297,311,394
245,292,300,392
246,283,291,396
237,287,287,409
237,286,283,403
233,287,279,409
233,288,275,408
226,282,270,410
215,284,266,413
210,281,260,418
204,285,260,420
196,287,255,416
196,278,250,415
179,286,240,411
179,282,232,404
176,284,226,406
176,279,223,410
170,280,218,416
167,277,213,414
159,281,209,420
157,280,207,415
145,281,202,413
142,286,199,406
135,289,195,405
125,293,194,405
120,289,182,411
114,289,179,409
111,291,168,403
105,291,162,405
102,292,155,404
99,290,156,410
97,290,147,420
94,284,139,424
86,280,134,420
82,278,132,422
75,284,131,418
69,284,128,422
54,282,119,415
53,280,111,408
46,282,103,418
45,283,99,422
40,284,91,430
37,281,88,427
30,278,78,429
26,277,73,427
20,277,68,425
16,279,69,424
12,280,65,423
4,282,63,425
-6,285,54,421
-5,285,51,421
-5,285,51,421
-5,285,51,421
-5,285,51,421
-5,285,51,421
-5,285,51,421
-5,285,51,421
-5,285,51,421
