246,235,297,363
255,238,294,368
258,242,298,366
261,240,300,369
259,235,303,371
264,235,305,373
265,239,307,372
268,240,313,369
263,237,312,372
265,237,307,373
265,237,307,373
242,235,270,363
238,236,269,371
238,236,269,371
226,234,261,364
285,247,324,379
284,245,323,380
279,247,318,383
282,242,316,385
273,243,309,387
271,242,311,387
264,244,310,389
264,242,310,385
260,248,304,393
259,242,302,385
252,244,294,392
251,243,295,398
244,244,292,395
242,247,291,397
242,243,295,399
243,246,294,400
242,243,296,394
242,242,299,396
243,245,301,395
245,242,301,398
248,245,304,403
246,244,304,408
255,244,303,412
255,250,305,419
255,248,308,417
256,252,307,419
251,256,307,425
249,254,309,416
249,251,304,417
247,250,302,419
251,258,332,430
249,254,330,438
246,256,312,473
235,253,311,474
220,254,312,468
219,253,313,476
217,262,321,466
233,257,323,462
252,266,325,447
259,261,321,446
261,260,319,443
258,260,316,446
258,260,313,456
256,254,311,456
253,256,313,467
252,260,318,463
245,268,314,465
243,263,314,459
239,268,306,462
233,271,301,470
235,270,291,465
231,283,286,470
224,285,284,471
222,288,282,472
214,287,276,472
206,287,270,468
202,286,265,469
202,287,266,471
200,287,261,469
197,290,258,476
194,285,252,478
193,278,245,473
183,264,239,467
180,270,242,467
178,275,244,474
179,277,245,469
178,274,252,475
183,272,256,467
191,270,256,466
194,272,249,471
190,266,243,475
186,263,242,472
181,263,245,475
179,261,243,475
180,261,248,465
178,263,249,465
183,265,252,464
185,273,250,470
175,274,240,477
177,273,234,476
164,267,221,468
159,274,218,473
154,267,212,474
146,267,212,471
144,272,212,474
142,278,212,471
148,273,215,471
149,270,216,467
165,276,223,478
173,272,228,482
174,269,232,473
176,267,236,471
178,268,235,477
178,267,236,482
184,268,243,474
184,277,247,471
181,276,245,463
183,280,241,474
185,279,238,475
182,276,238,474
186,275,240,475
186,275,238,473
185,274,242,473
186,274,265,475
282,253,370,482
272,247,360,475
139,273,242,470
136,278,239,470
206,272,320,474
184,291,308,485
173,281,283,477
155,268,249,487
144,266,241,481
137,273,245,476
156,286,249,472
172,291,241,472
172,287,238,464
174,296,240,470
176,295,239,472
183,301,239,481
180,296,236,475
183,298,235,477
180,292,236,473
177,299,236,479
170,288,237,469
170,299,238,470
167,297,239,470
170,302,233,465
173,298,233,470
176,296,229,465
170,299,226,464
177,298,226,471
177,293,224,467
177,296,227,463
178,298,227,461
177,298,232,457
180,297,236,457
184,300,239,454
185,297,239,456
194,298,240,453
197,298,245,452
206,298,254,452
210,294,257,449
220,296,269,442
224,298,273,446
228,291,285,431
233,294,288,437
238,283,290,422
247,282,293,418
256,283,300,424
260,282,302,422
267,283,303,421
269,283,307,420
271,279,312,417
273,280,313,417
274,280,314,414
273,283,313,418
276,280,316,412
276,280,317,411
277,278,315,403
277,279,316,401
277,275,315,399
279,274,317,399
281,271,319,399
285,276,324,401
287,277,327,402
292,282,332,408
297,285,338,408
303,287,340,408
308,288,345,409
311,286,346,404
318,288,352,404
321,289,356,409
326,288,362,410
331,294,367,415
342,306,380,424
349,311,385,426
367,320,404,436
376,322,409,439
387,323,426,445
395,322,433,437
407,323,442,437
419,324,455,437
424,322,460,437
