501,230,40,44
500.05,230.05,48.457,48.007
500.05,230.05,48.457,46.057
500.05,230.05,48.457,48.007
500.05,230.05,48.457,48.007
500.05,230.05,48.457,48.007
500.05,230.05,48.457,48.007
500.05,230.05,48.457,48.007
500.05,230.05,48.457,48.007
500.54,230.52,48.996,47.974
500.05,230.05,48.457,48.007
500.05,230.05,48.457,48.007
498.78,226.66,54.846,52.446
500.05,230.05,48.457,45.457
569.92,224.56,48.158,45.115
555.42,224.69,48.157,45.757
574.49,228.93,42.363,42.213
571.78,225.49,48.138,47.151
574.49,228.93,42.363,39.363
571.8,224.69,48.157,47.707
479.79,226.66,54.846,54.396
574.49,228.93,42.363,39.663
579.07,232.65,37.686,34.386
498.78,226.66,54.846,54.396
542.99,220.43,54.846,54.096
500.05,230.05,48.457,48.007
545.79,236.77,37.386,34.386
579.07,232.65,37.686,34.386
542.99,220.43,54.846,54.096
545.79,236.77,37.386,34.086
542.99,220.43,54.846,51.246
498.78,226.66,54.846,50.046
542.99,220.43,54.846,54.096
498.78,226.66,54.846,54.396
498.78,226.66,54.846,50.946
542.99,220.43,54.846,54.096
522.08,230.05,48.457,44.557
514.92,227,54.655,52.409
500.05,230.05,48.457,46.057
516.8,233.79,42.363,39.363
500.05,230.05,48.457,48.007
571.8,224.69,48.157,47.707
571.8,224.69,48.157,47.707
571.8,224.69,48.157,47.707
498.78,226.66,54.846,54.396
574.49,228.93,42.363,42.213
574.49,228.93,42.363,39.663
576.54,228.05,44.406,40.036
492.55,226.66,54.546,54.396
574.49,228.93,42.363,42.213
549.52,220.43,54.546,51.246
503.96,240.89,37.686,37.236
486.02,226.66,54.846,54.396
505.01,226.66,54.846,50.946
498.78,226.66,54.846,52.146
498.78,226.66,54.846,50.946
322.55,247.38,32.408,32.408
498.78,226.66,54.846,52.146
492.55,226.66,54.546,54.396
284.97,247.38,32.408,32.408
511.54,226.66,54.546,49.746
562.58,232.65,37.386,34.986
498.78,226.66,54.846,54.396
498.78,226.66,54.846,54.396
500.05,230.05,48.457,48.007
500.05,230.05,48.457,45.457
500.05,230.05,48.457,48.007
243.45,243.45,43.082,43.082
230.22,241.73,47.194,47.194
209.88,241.53,49.637,49.637
197.22,241.53,49.637,49.637
500.05,230.05,48.457,48.007
190.89,241.53,49.637,49.637
498.78,226.66,54.846,50.646
498.78,226.66,54.846,49.746
492.55,226.66,54.546,54.396
492.55,226.66,54.546,52.146
492.55,226.66,54.546,54.396
500.05,230.05,48.457,45.157
500.05,230.05,48.457,48.007
498.78,226.66,54.846,54.396
500.05,230.05,48.457,48.007
500.05,230.05,48.457,46.057
498.78,226.66,54.846,51.546
500.05,230.05,48.457,44.257
492.55,226.66,54.546,54.396
498.78,226.66,54.846,50.346
178.49,135.31,37.376,37.376
172.92,139.03,41.424,41.424
171.95,140.81,38.723,38.723
173.19,147.57,38.477,38.477
177.27,153.06,38.311,37.86
169.07,150.49,45.225,44.81
166.18,154.33,43.888,43.888
167.47,155.86,38.84,43.64
166.85,157.42,38.459,44.849
154.35,156.8,43.788,49.286
147.56,157.44,45.712,51.069
175.38,302.62,49.146,43.146
172.98,302.62,49.746,44.346
176.78,169.62,42.157,44.257
181.27,169.98,41.826,45.739
210.82,178.01,35.468,42.912
220.05,176.75,32.6,45.1
232.19,186.61,30.612,38.276
500.05,230.05,48.457,48.007
500.05,230.05,48.457,48.007
473.68,238.64,42.363,41.913
549.52,220.43,54.546,54.096
571.8,224.69,48.157,44.557
276.55,195.52,33.963,38.163
289.36,192.93,32.864,39.866
293.88,195.57,31.268,37.62
542.99,220.43,54.846,51.246
545.79,236.77,37.386,34.386
527.74,230.05,48.157,43.957
571.8,224.69,48.157,44.557
561.98,220.43,54.846,54.096
531.07,233.79,42.663,41.913
528.04,230.81,48.133,44.24
531.07,233.79,42.663,39.363
526.5,225.87,51.364,49.239
498.78,226.66,54.846,50.046
500.05,230.05,48.457,48.007
236.25,323.44,33.786,30.186
571.8,224.69,48.157,47.707
318.71,194.94,30.486,34.686
520.75,236.77,37.386,36.936
313.31,185.81,34.263,41.913
310.47,190.82,31.686,34.686
500.05,230.05,48.457,48.007
500.05,230.05,48.457,48.007
251.54,324.94,35.286,30.186
498.78,226.66,54.846,54.396
251.54,324.64,35.286,30.486
250.76,317.81,39.963,34.713
251.09,318.32,40.825,35.105
251.63,326.01,38.118,30.775
561.98,220.43,54.846,54.096
524,226.66,54.846,54.396
500.05,230.05,48.457,45.457
500.05,230.05,48.457,45.157
252.14,327.86,34.686,30.486
531.07,233.79,42.663,41.913
500.05,230.05,48.457,48.007
545.79,236.77,37.386,34.386
561.98,220.43,54.846,50.646
268.75,318.47,44.557,44.557
268.48,313.62,44.802,45.968
267.92,315.11,45.289,46.022
276.91,324.88,38.763,38.763
272.64,318.58,45.297,46.197
272.74,317.68,44.54,46.043
273.05,317.08,44.835,46.338
274.43,312.56,48.667,47.464
500.05,232.15,48.457,45.907
500.05,230.05,48.457,45.757
561.98,224.33,54.846,50.196
479.79,229.36,54.846,48.846
303.64,299.52,36.186,34.986
535.93,233.79,42.663,38.763
491.59,240.89,37.386,34.986
489.75,238.75,42.1,39.65
479.95,231.42,51.186,49.17
310.61,275.89,41.163,33.513
320.43,276.89,32.328,28.177
473.68,238.64,42.363,41.913
535.93,233.79,42.663,39.663
500.05,232.45,48.457,45.607
566.44,228.59,48.157,43.807
562.72,226.92,54.379,47.555
533.1,232.15,48.457,43.957
530.63,228.37,54.354,45.051
498.78,231.16,54.846,47.046
478.54,238.64,42.363,41.913
486.02,229.96,54.846,51.096
498.78,229.66,54.846,49.146
491.59,240.89,37.386,35.286
526.51,233.79,42.363,39.663
351.18,231.25,37.376,37.376
354.67,230.7,37.649,37.649
356.4,227.1,37.219,37.219
359.26,225.87,37.625,37.225
359.67,225.48,34.691,34.283
549.52,224.93,54.546,49.596
479.79,230.86,54.846,50.196
492.55,230.86,54.546,50.196
516.72,230.05,48.157,44.557
541.66,236.77,37.386,34.386
571.8,227.99,48.157,44.407
522.08,232.15,48.457,42.757
355.96,226.5,32.408,32.408
495.71,240.89,37.386,35.286
524,224.93,54.846,47.646
492.55,229.96,54.546,48.846
492.55,229.96,54.546,51.096
492.55,229.96,54.546,51.096
544.41,228.59,48.157,41.557
486.02,229.96,54.846,51.096
486.02,229.96,54.846,51.096
486.02,229.96,54.846,51.096
473.55,229.96,54.546,51.096
503.96,240.89,37.686,37.236
486.02,229.96,54.846,51.096
486.02,229.66,54.846,51.396
492.55,230.26,54.546,47.946
473.55,230.26,54.546,50.796
492.55,229.96,54.546,51.096
545.79,236.77,37.386,34.386
571.8,228.89,48.157,41.557
570.95,228.54,50.045,40.712
470.67,245.02,37.386,37.236
470.79,238.93,45.257,44.807
464.78,236.04,49.055,48.605
503.96,240.89,37.686,35.286
492.55,229.96,54.546,51.096
511.07,232.45,48.457,41.857
513.04,232.32,50.907,44.969
505.01,229.96,54.846,51.096
461.65,235.71,48.157,47.707
498.78,229.96,54.846,51.096
505.01,229.96,54.846,51.096
486.02,230.26,54.846,50.796
549.77,228.89,48.157,43.507
486.02,229.96,54.846,51.096
184.74,163.86,32.408,32.408
178.49,164.1,37.376,37.376
173.82,164.06,37.631,37.222
157.13,162.41,40.879,40.879
150.29,165.35,42.215,42.215
145.01,162.6,43.047,43.047
128.62,160.85,46.797,46.797
126.97,161.33,44.363,44.802
