288	115	105	134
284	123	110	118
286	120	106	127
282	118	109	129
286	118	110	129
288	119	110	127
285	119	107	127
298	123	92	117
308	122	83	121
310	124	81	120
313	123	81	126
308	123	86	124
303	122	86	124
303	121	93	126
305	122	87	126
308	122	83	127
309	121	87	126
313	120	79	128
300	120	91	130
288	123	109	118
289	121	108	122
289	119	108	137
284	121	105	125
288	127	109	113
289	122	108	120
288	121	102	125
298	122	98	118
298	121	97	122
310	120	88	123
317	122	76	121
327	126	68	114
328	120	62	123
333	118	61	129
333	116	64	132
334	111	59	137
340	109	53	137
340	110	50	127
347	13	50	115
353	46	49	104
312	104	47	112
312	87	46	127
308	92	47	122
328	41	57	115
302	84	51	129
307	86	46	136
309	89	44	139
299	103	59	142
322	111	57	121
440	105	59	123
462	107	55	135
477	108	56	132
487	99	61	135
491	118	74	124
497	118	65	117
493	121	65	105
489	125	64	106
467	131	51	94
449	130	41	94
433	127	44	92
420	129	38	83
384	127	34	75
375	135	38	71
384	132	30	78
387	135	36	75
391	133	38	77
394	134	38	74
395	134	42	75
413	136	52	82
412	139	59	78
398	129	65	86
399	131	64	94
403	128	57	111
402	116	57	115
395	109	65	109
247	92	60	131
218	81	75	143
208	78	85	139
202	77	92	136
196	76	91	137
186	79	92	129
170	78	87	125
170	73	83	128
174	75	86	130
199	79	82	132
224	80	82	131
245	81	86	133
259	88	97	120
267	83	95	124
301	89	77	128
323	94	74	127
342	92	77	130
376	88	86	136
410	89	90	142
461	95	103	147
480	95	112	143
482	98	114	148
481	98	103	152
484	103	92	151
514	95	83	137
522	102	90	136
527	104	92	136
527	105	89	139
513	107	76	131
494	122	82	118
451	118	63	118
442	105	68	120
431	100	76	122
416	97	84	116
344	72	103	116
303	85	101	112
292	80	99	106
287	100	105	100
283	86	109	100
282	90	108	100
287	92	112	98
282	118	109	76
286	120	101	73
286	120	98	73
284	97	100	91
287	111	108	79
289	126	106	88
285	124	109	117
277	122	116	134
284	119	110	138
280	121	108	133
279	118	102	130
285	113	90	125
276	118	89	112
277	121	85	104
281	120	85	110
281	122	81	106
280	120	83	113
280	120	84	115
279	123	90	107
279	119	87	111
281	116	87	117
282	119	84	116
282	118	90	113
281	122	112	122
282	119	119	130
281	118	116	138
282	116	115	141
279	119	117	143
283	117	118	145
282	122	113	141
281	125	119	136
280	126	116	130
279	123	101	126
279	122	98	119
282	123	89	126
282	126	88	124
283	123	85	130
282	120	90	137
282	120	94	130
280	120	99	130
280	120	97	131
278	122	99	130
281	120	96	129
279	121	98	128
277	122	102	124
279	124	96	121
282	121	97	125
282	121	95	130
282	120	114	130
283	119	119	136
280	117	123	140
284	119	119	136
281	117	117	146
281	116	128	145
279	118	123	151
280	111	113	161
