1.094553
0.136850
0.280607
0.203877
0.241717
0.251263
0.178838
0.202784
0.198632
0.255272
0.226868
0.202236
0.128382
0.210465
0.202935
0.252210
0.180923
0.158144
0.136048
0.179324
0.219552
0.139391
0.172335
0.235740
0.136952
0.122316
0.155146
0.190798
0.196180
0.117148
0.170063
0.161031
0.171468
0.150494
0.160804
0.199155
0.133882
0.170598
0.175838
0.163329
0.193607
0.192849
0.107886
0.136023
0.163335
0.171666
0.166133
0.197222
0.117090
0.301983
0.282706
0.128051
0.134360
0.160961
0.192966
0.135757
0.124947
0.157142
0.139159
0.141294
0.206936
0.142757
0.146114
0.154784
0.204562
0.141279
0.165006
0.181623
0.201994
0.186944
0.097943
0.212942
0.208991
0.147244
0.205500
0.173837
0.178440
0.135155
0.166307
0.229724
0.194386
0.225534
0.203517
0.210373
0.103697
0.171400
0.159701
0.156438
0.199134
0.172933
0.180379
0.109318
0.166754
0.109921
0.166704
0.162344
0.160795
0.171751
0.182594
0.171001
0.160745
0.159209
0.179845
0.182797
0.131420
0.152463
0.157121
0.167508
0.162778
0.207024
0.103066
0.144090
0.115565
0.212451
0.102764
0.162060
0.186323
0.182125
0.195024
0.185874
0.238455
0.165239
0.142196
0.160420
0.161261
0.175451
0.163609
0.172811
0.162574
0.179229
0.194878
0.250082
0.213140
0.327235
0.161325
0.170287
0.147191
0.152055
0.128452
0.150731
0.178317
0.174332
0.161893
0.270138
0.233346
0.165053
0.069556
0.164187
0.261326
0.244323
0.168074
0.183041
0.144758
0.124213
0.212088
0.278756
0.142451
0.243649
0.232817
0.160459
0.176934
0.168534
0.184722
0.077582
0.336766
0.180493
0.180118
0.161741
0.161633
0.306527
0.222589
0.182198
0.233631
0.096771
0.172322
0.169149
0.191073
0.130352
0.144050
0.229318
0.134937
0.262154
0.074295
0.255555
0.149406
0.075082
0.268340
0.121599
0.115796
0.126969
0.153604
0.149679
0.224287
0.128227
0.160781
0.131289
0.148778
0.141553
0.171051
0.147220
0.140136
0.315150
0.201964
0.179485
0.169607
0.165725
0.162887
0.146796
0.146885
0.156815
0.151877
0.157122
0.153730
0.178191
0.263543
0.219356
0.170279
0.150278
0.155079
0.164513
0.176369
0.160003
0.148696
0.118604
0.168181
0.105693
0.151677
0.169268
0.189592
0.178811
0.346030
0.171958
0.190319
0.171196
0.170539
0.160021
0.195085
0.195573
0.147940
0.154410
0.192693
0.123206
0.251555
0.189292
0.171730
0.212788
0.181557
0.140838
0.136286
0.221213
0.239069
0.211436
0.176710
0.132109
0.159035
0.233119
0.092468
0.144770
0.122859
0.171578
0.164392
0.166780
0.166199
0.169988
0.154476
0.163606
0.140677
0.170448
0.167897
0.169327
0.181108
0.176543
0.183824
0.149237
0.146010
0.190122
0.222151
