1
0.500668
0.977172
0.871909
0.894012
0.896128
0.876031
0.897351
0.889703
0.864662
0.881532
0.869452
0.846616
0.855205
0.867338
0.858018
0.861091
0.878485
0.884551
0.880765
0.903447
0.895983
0.911874
0.892238
0.898648
0.913608
0.819662
0.75622
0.742288
0.782844
0.821829
0.876556
0.883239
0.896258
0.903122
0.909207
0.923958
0.905563
0.910721
0.906055
0.899977
0.900333
0.874729
0.883831
0.857388
0.850094
0.808611
0.760047
0.80448
0.833146
0.816601
0.856512
0.836877
0.824846
0.572821
0.582229
0.547995
0.679161
0.587609
0.461923
0.59823
0.573249
0.590331
0.677252
0.784044
0.802291
0.821191
0.855864
0.858054
0.851833
0.881163
0.898581
0.903426
0.911997
0.926262
0.881848
0.831984
0.880994
0.899033
0.910596
0.931001
0.906996
0.910714
0.905491
0.925832
0.894498
0.914806
0.922945
0.906293
0.811859
0.577093
0.570139
0.527711
0.558692
0.639274
0.688704
0.69993
0.811623
0.785562
0.85437
0.891419
0.911177
0.893679
0.914761
0.932094
0.894525
0.888071
0.892282
0.923478
0.937219
0.910402
0.904043
0.931951
0.927417
0.883304
0.906598
0.896391
0.901841
0.925129
0.941698
0.953589
0.923405
0.907286
0.923392
0.951595
0.944217
0.949002
0.941152
0.934612
0.9168
0.925515
0.921804
0.898371
0.912246
0.91566
0.934293
0.930671
0.934302
0.908617
0.91843
0.908048
0.914075
0.923548
0.886585
0.892401
0.885039
0.887389
0.896847
0.873096
0.9029
0.89404
0.872264
0.873714
0.900278
0.901877
0.875163
0.863025
0.865707
0.883376
0.881028
0.895165
0.833377
0.801561
0.817336
0.758321
0.775567
0.773588
0.74818
0.785606
0.744075
0.789827
0.799906
0.775654
0.705384
0.712006
0.753339
0.793099
0.812752
0.869789
0.883085
0.87487
0.902533
0.918251
0.918871
0.91876
0.911943
0.890346
0.91446
0.930747
0.898545
0.908723
0.875682
0.822351
0.823844
0.847768
0.827416
0.81441
0.844608
0.830553
0.807917
0.791556
0.819043
0.784242
0.848192
0.885105
0.900965
0.909839
0.916977
0.933733
0.952366
0.94167
0.958945
0.955534
0.936358
0.947386
0.92178
0.913442
0.912987
0.925837
0.899926
0.911873
0.92186
0.874847
0.911857
0.889549
0.911885
0.887517
0.844379
0.83614
0.724452
0.72064
0.616962
0.519155
0.546257
0.640324
0.722419
0.728632
0.754101
0.800219
0.823919
0.841638
0.840189
0.826743
0.859673
0.87237
0.880488
0.88021
0.869074
0.864953
0.845447
0.866901
0.877214
0.854322
0.865874
0.870254
0.865627
0.888318
0.795172
0.87932
0.881812
0.887372
0.87956
0.881259
0.898834
0.882377
0.865982
0.874701
0.825944
0.831356
0.88019
0.884593
0.889238
0.879235
0.880646
0.893033
0.878869
0.919552
0.931829
0.863599
0.837563
0.847816
0.869953
0.908444
0.898893
0.923227
0.934923
0.92264
0.914222
0.919921
0.909848
0.93294
0.931689
0.923156
0.943584
0.931146
0.896755
0.91478
0.939179
0.937402
0.938014
0.938039
0.943017
0.949439
0.95474
0.947761
0.9567
0.955536
0.957212
0.968768
0.967752
0.96771
0.977782
0.978076
0.98195
0.97267
0.976342
0.965831
0.963153
0.96495
0.968791
0.959135
0.961979
0.972938
0.964272
0.951909
0.954199
0.968939
0.971126
0.968228
0.972625
0.960656
0.978598
0.977068
0.971222
0.957226
0.956413
0.960106
0.965284
0.965516
0.972079
0.971945
0.968715
0.972481
0.977048
0.977655
0.977525
0.982248
0.985474
0.984947
0.985742
0.988186
0.984421
0.987176
0.98779
0.988808
0.980229
0.991996
0.992115
0.992018
0.981401
0.992945
0.993354
0.99234
0.992923
0.991131
0.993316
0.991893
0.990609
0.992239
0.993878
0.993411
0.994231
0.989399
0.99211
0.994695
0.994132
0.9914
0.992563
0.99435
0.992018
0.994202
0.989485
0.992186
0.993103
0.991127
0.987086
0.992351
0.993937
0.984407
0.990044
0.98747
0.986465
0.978923
0.978307
0.980772
0.984176
0.985409
0.984608
0.985906
0.985507
0.985992
0.985152
0.990014
0.987721
0.989581
0.990893
0.989093
0.989204
0.986604
0.984653
0.990684
0.985847
0.990517
0.990858
0.985678
0.990121
0.98918
0.986545
0.988141
0.990622
0.986631
0.974007
0.983525
0.989428
0.98553
0.984371
0.991934
0.989648
0.984297
0.987409
0.990239
0.991568
0.984453
0.986058
0.986589
0.986561
0.988656
0.988985
0.984443
0.986347
0.988934
0.988698
0.993169
0.990775
0.992345
0.988051
0.991567
0.992627
0.992229
0.992081
0.992594
0.991437
0.995091
0.990523
0.992372
0.990537
0.989833
0.994408
0.996586
0.993103
0.993938
0.989635
0.993604
0.994798
0.994357
0.995063
0.993206
0.995132
0.994125
0.993114
0.993084
0.995691
0.991862
0.995842
0.994503
0.992703
0.99328
0.991352
0.987366
0.994035
0.991331
0.993037
0.991049
0.994505
0.987402
0.994097
0.99002
0.989642
0.994302
0.992706
0.991879
0.995743
0.993124
0.990022
0.994004
0.992389
0.994748
0.985129
0.99073
0.994319
0.991103
0.994623
0.991867
0.993828
0.995239
0.994742
0.99331
0.993802
0.992744
0.992704
0.992595
0.99342
0.992659
0.994473
0.99521
0.994425
0.994486
0.991163
0.991472
0.992512
0.987089
0.991395
0.993267
0.995103
0.993234
0.98938
0.991483
0.992221
0.992453
0.994426
0.994867
0.986934
0.991123
0.99475
0.993723
0.993422
0.993087
0.991586
0.988541
0.990547
0.988308
0.989726
0.992659
0.98834
0.990324
0.993913
0.993125
0.989604
0.994048
0.991622
0.994031
0.991995
0.993528
0.984358
0.98803
0.990632
0.993672
0.991653
0.992812
0.990778
0.989863
0.991844
0.99103
0.992296
0.990495
0.993477
0.990588
0.991019
0.991891
0.988516
0.990942
0.986461
0.991582
0.990746
0.988169
0.991573
0.994245
0.99193
0.991796
0.99353
0.988499
0.990727
0.990978
0.988784
0.991007
0.98917
0.987342
0.985829
0.987835
0.986936
0.98956
0.988968
0.983497
0.989014
0.98726
0.990483
0.988961
0.987449
0.991054
0.993839
0.990689
0.99283
0.986556
0.992215
0.987526
0.990779
0.985366
0.991507
0.993831
0.992734
0.993008
0.99211
0.99105
0.991987
0.991654
0.992079
0.98773
0.992149
0.989523
0.995537
0.994696
0.993715
0.990653
0.99592
0.993434
0.994052
0.992286
0.99139
0.996025
0.996453
0.996545
0.994808
0.995046
0.991548
0.992728
0.995367
0.994778
0.995695
0.994754
0.995187
0.994819
0.996265
0.997252
0.994318
0.993701
0.997351
0.995805
0.996094
0.993529
0.996758
0.996728
0.996539
0.996379
0.99551
0.995918
0.996355
0.996804
0.997509
0.993754
0.994766
0.99523
0.994735
0.996379
0.995281
0.993694
0.993388
0.995551
0.992599
0.989675
0.99589
0.991088
0.993713
0.996001
0.995706
0.995176
0.991591
0.993409
0.994253
0.991673
0.995115
0.995933
0.995768
0.996066
0.996572
0.997255
0.994337
0.994773
0.995092
0.99485
0.995693
0.993251
0.991197
0.993796
0.993975
0.993604
0.991005
0.991734
0.988659
0.989969
0.99014
0.989471
0.994295
0.993431
0.991783
0.994931
0.993688
0.992804
0.99097
0.992953
0.990967
0.992423
0.991472
0.994063
0.992465
0.988303
0.994094
0.991629
0.994952
0.992079
0.995638
0.994138
0.991954
0.993365
0.995421
0.995175
0.995361
0.988215
0.995186
0.996482
0.995615
0.996481
0.997203
0.992336
0.997482
0.99668
0.997815
0.996862
0.996717
0.996318
0.995193
0.992735
0.9914
0.994917
0.99299
0.992829
0.993285
0.987713
0.991568
0.991419
0.988607
0.994867
0.990068
0.992219
0.989678
0.991414
0.987324
0.985406
0.99754
0.989561
0.994525
0.990199
0.993907
0.993693
0.990211
0.995612
0.990954
0.994105
0.995511
0.994879
0.995513
0.994744
0.994014
0.992017
0.991847
0.99468
0.991373
0.99444
0.991721
0.991894
0.99249
0.991523
0.991647
0.989923
0.992667
0.986751
0.992319
0.98936
0.99012
0.992507
0.993154
0.99323
0.993243
0.993969
0.994968
0.993333
0.991629
0.993072
0.993177
0.993843
0.993826
0.99396
0.991122
0.989495
0.993913
0.988979
0.992594
0.993169
0.992169
0.994265
0.993854
0.988811
0.988617
0.992863
0.986761
0.992307
0.991496
0.986854
0.986986
0.989962
0.989924
0.987352
0.983289
0.988505
0.979685
0.983353
0.988644
0.989566
0.989068
0.989689
0.980087
0.986809
0.987199
0.989812
0.985474
0.975362
0.987898
0.987501
0.990009
0.990146
0.990053
0.989308
0.990191
0.990744
0.989395
0.990626
0.988941
0.989733
0.992199
0.988387
0.980718
0.98847
0.988213
0.98634
0.98675
0.982571
0.987697
0.986526
0.99019
0.990102
0.98733
0.987664
0.992618
0.988204
0.986271
0.984656
0.98669
0.992039
0.986021
0.99166
0.98433
0.986651
0.992818
0.993826
0.983571
0.991228
0.995879
0.994017
0.98099
0.993691
0.986915
0.991358
0.990559
0.978718
0.989065
0.992011
0.990598
0.990886
0.989125
0.983568
0.988857
0.986073
0.991234
0.991907
0.984384
0.990737
0.993831
0.991889
0.989108
0.991916
0.988355
0.994443
0.993738
0.987266
0.990427
0.991185
0.990787
0.992549
0.989385
0.989519
0.990228
0.990368
0.986838
0.980533
0.964342
0.971778
0.959565
0.960183
0.969079
0.957741
0.973364
0.975659
0.97981
0.977927
0.985463
0.988728
0.981764
0.98062
0.986416
0.989056
0.981047
0.987274
0.984905
0.97822
0.983025
0.990202
0.98565
0.9912
0.992839
0.98597
0.985062
0.991017
0.987057
0.992342
0.991103
0.976751
0.982855
0.981807
0.982006
0.981804
0.980892
0.980966
0.97991
0.984792
0.988938
0.979413
0.969362
0.975316
0.973844
0.972054
0.985421
0.985395
0.973539
0.990035
0.989296
0.984255
0.989487
0.989113
0.977894
0.985195
0.986929
0.984431
0.987652
0.992955
0.991565
0.990169
0.991269
0.997083
0.99607
0.992066
0.993562
0.987682
0.983077
0.991471
0.989028
0.984028
0.986297
0.979495
0.980071
0.982727
0.975483
0.980553
0.972431
0.977076
0.964349
0.971359
0.963367
0.973799
0.972625
0.977356
0.97683
0.982835
0.980955
0.985609
0.984408
0.982899
0.985554
0.985372
0.98513
0.988056
0.986882
0.990651
0.989373
0.990138
0.992305
0.99269
0.993007
0.993949
0.98653
0.993431
0.990888
0.992301
0.992495
0.992606
0.989735
0.995218
0.991987
0.993643
0.992132
0.991402
0.991756
0.991256
0.993786
0.993122
0.991845
0.99419
0.989658
0.994232
0.994294
0.994397
0.995879
0.99434
0.99476
0.994152
0.990529
0.991422
0.99029
0.988874
0.985055
0.985159
0.980652
0.980046
0.976349
0.978539
0.973099
0.973387
0.969579
0.961678
0.933322
0.954865
0.948275
0.966861
0.968605
0.966258
0.967245
0.943593
0.948823
0.949967
0.9532
0.949433
0.956661
0.961308
0.958083
0.959705
0.968835
0.972795
0.972519
0.971827
0.9731
0.982024
0.981555
0.972815
0.971954
0.972597
0.97466
0.970846
0.971232
0.975653
0.981159
0.980937
0.980608
0.979303
0.985679
0.984168
0.983215
0.983712
0.98846
0.986731
0.98412
0.98979
0.988388
0.987262
0.985546
0.992585
0.987169
0.98421
0.993301
0.99389
0.993719
0.994246
0.990138
0.99497
0.994761
0.994385
0.995655
0.995108
0.992523
0.994018
0.995943
0.996962
0.980578
0.994053
0.994008
0.996964
0.994518
0.996789
0.99366
0.989775
0.998013
0.998033
0.991015
0.996822
0.997769
0.991767
0.998159
0.997364
0.997989
0.996024
0.996072
0.998427
0.997081
0.997121
0.997487
0.998434
0.995822
0.989572
0.994967
0.997345
0.996181
0.998379
0.996868
0.994836
0.998627
0.998051
0.99386
0.998353
0.994579
0.99564
0.990758
0.997056
0.997025
0.99433
0.997086
0.996449
0.994632
0.996442
0.99745
0.996411
0.991928
0.994022
0.997354
0.994326
0.994911
0.994136
0.998188
0.996385
0.995984
0.996864
0.995662
0.996196
0.995228
0.99565
0.994551
0.996157
0.997479
0.997699
0.995702
0.995232
0.994034
0.996355
0.994838
0.993057
0.99625
0.998275
0.998589
0.995265
0.997265
0.997127
0.997551
0.995238
0.996499
0.997225
0.994595
0.99786
0.9975
0.996899
0.99713
0.993273
0.996005
0.996095
0.995623
0.997615
0.996292
0.99336
0.99518
0.997743
0.997072
0.996226
0.990858
0.99166
0.996681
0.997805
0.996704
0.99558
0.996215
0.995926
0.996685
0.996988
0.998185
0.994515
0.998169
0.99725
0.996994
0.997837
0.995412
0.996863
0.998126
0.997222
0.996636
0.990373
0.9911
0.997054
0.996765
0.994253
0.993962
0.997655
0.994422
0.993832
0.998252
0.997467
0.991599
0.996704
0.997002
0.997395
0.998401
0.996915
0.998249
0.997356
0.996573
0.995918
0.994164
0.991784
0.988931
0.989618
0.982234
0.984089
0.979592
0.980075
0.983278
0.984347
0.984335
0.986783
0.98831
0.986846
0.990787
0.9892
0.986569
0.98448
0.986721
0.989166
0.980838
0.986775
0.986
0.984063
0.986363
0.98603
0.987393
0.988044
0.989567
0.985982
0.988451
0.985541
0.990394
0.988987
0.989639
0.988019
0.990868
0.993037
0.991969
0.995159
0.994068
0.990745
0.994394
0.984684
0.990927
0.993121
0.993625
0.994724
0.994457
0.987915
0.983751
0.987177
0.971202
0.913715
0.926035
0.839935
0.920435
0.986543
0.988392
0.99078
0.982954
0.991795
0.983746
0.992679
0.996048
0.988423
0.992858
0.990787
0.989671
0.995106
0.994008
0.997106
0.995171
0.993749
0.994597
0.99408
0.997586
0.993969
0.996799
0.997056
0.996125
0.996821
0.995599
0.997497
0.994515
0.99569
0.989797
0.99829
0.996786
0.993151
0.99568
0.994253
0.991722
0.995373
0.995312
0.991821
0.996998
0.989832
0.992941
0.995776
0.989547
0.995739
0.994863
0.996744
0.99538
0.994097
0.992415
0.99323
0.991198
0.987771
0.988904
0.98549
0.993456
0.992893
0.993238
0.987231
0.989007
0.991678
0.993042
0.991984
0.993321
0.99448
0.987572
0.993086
0.99442
0.995668
0.997192
0.991957
0.99522
0.985904
0.921986
0.905882
0.885258
0.907857
0.882469
0.906227
0.93378
0.968503
0.966821
0.969097
0.965141
0.971673
0.969148
0.979046
0.978585
0.981483
0.982785
0.983464
0.988371
0.984477
0.982584
0.978348
0.972011
0.98032
0.985566
0.982465
0.9843
0.981309
0.985497
0.987745
0.991175
0.988158
0.987336
0.991058
0.98949
0.988595
0.9932
0.990784
0.990851
0.991462
0.996076
0.989823
0.992053
0.99489
0.995994
0.99443
0.988038
0.990065
0.986765
0.984724
0.980928
0.983077
0.981285
0.982444
0.975829
0.983423
0.975403
0.976849
0.977939
0.985211
0.981287
0.985606
0.979825
0.980711
0.979212
0.988973
0.989088
0.989207
0.988006
0.989812
0.98969
0.989636
0.989084
0.984596
0.947206
0.980291
0.952111
0.917162
0.916206
0.936182
0.952011
0.951014
0.957023
0.951326
0.980088
0.983149
0.982535
0.987147
0.978217
0.974891
0.975869
0.976811
0.975332
0.978558
0.980419
0.977383
0.979737
0.979564
0.982772
0.981897
0.978142
0.986926
0.987206
0.984968
0.987821
0.988232
0.99009
0.988377
0.989246
0.989444
0.985337
0.986092
0.984353
0.988153
0.988443
0.989758
0.992592
0.989775
0.991854
0.99049
0.985773
0.985258
0.978296
0.976113
0.972395
0.970764
0.970534
0.971813
0.972065
0.975539
0.977451
0.980015
0.980563
0.982454
0.984073
0.981736
0.98543
0.985429
0.982033
0.985271
0.989241
0.989501
0.986808
0.988459
0.988702
0.981112
0.988053
0.987215
0.988653
0.988044
0.985486
0.992009
0.993487
0.990431
0.988755
0.991619
0.991294
0.993997
0.994421
0.993621
0.995506
0.994211
0.993568
0.994574
0.993202
0.99609
0.995809
0.995126
0.992224
0.990286
0.993248
0.991795
0.994006
0.994413
0.994721
0.994633
0.995165
0.994937
0.99283
0.993084
0.995377
0.992295
0.994213
0.995059
0.98858
0.995847
0.993103
0.993097
0.989494
0.992311
0.992427
0.984968
0.987703
0.991152
0.987755
0.989274
0.988096
0.987521
0.991305
0.992719
0.992348
0.989985
0.988698
0.991714
0.991027
0.990686
0.988557
0.990971
0.990658
0.990487
0.990005
0.990334
0.987167
0.991514
0.992697
0.990211
0.994058
0.99408
0.991833
0.990185
0.982262
0.981997
0.985284
0.980447
0.979771
0.983509
0.983023
0.976387
0.976804
0.972614
0.963427
0.969251
0.952943
0.962734
0.959004
0.957104
0.963366
0.974698
0.981342
0.975509
0.960821
0.94376
0.959766
0.965735
0.864762
0.903339
0.875709
0.869643
0.913447
0.914586
0.946301
0.951108
0.948113
0.958909
0.963301
0.968682
0.960992
0.972953
0.980008
0.973536
0.949381
0.931102
0.914869
0.901332
0.905368
0.922162
0.907207
0.941374
0.951028
0.953184
0.945897
0.944419
0.936441
0.929488
0.906162
0.86587
0.836361
0.871075
0.885265
0.886714
0.908813
0.913493
0.915422
0.915034
0.919742
0.90851
0.916712
0.929023
0.943524
0.958471
0.944472
0.973268
0.968828
0.971654
0.970236
0.925862
0.948409
0.942419
0.938197
0.938482
0.935183
0.919221
0.902251
0.927022
0.905896
0.913621
0.910475
0.925384
0.922711
0.949567
0.945513
0.955328
0.977343
0.969577
0.966
0.965267
0.971559
0.963378
0.956384
0.955185
0.963231
0.965849
0.969908
0.952732
0.975006
0.975462
0.957912
0.968616
0.970603
0.978103
0.977826
0.966455
0.972389
0.984082
0.9723
0.989087
0.981819
0.979527
0.986062
0.976019
0.973542
0.984129
0.961944
0.936889
0.937966
0.902436
0.863768
0.846867
0.87989
0.916794
0.925814
0.94401
0.953688
0.955353
0.975467
0.976559
0.976032
0.97271
0.969983
0.970195
0.978723
0.980953
0.971227
0.981534
0.975621
0.977671
0.991294
0.981508
0.985889
0.9895
0.978377
0.984411
0.988901
0.984014
0.98526
0.976465
0.985016
0.985322
0.989808
0.990171
0.99245
0.992735
0.982195
0.986666
0.985715
0.984309
0.988416
0.990061
0.986611
0.989221
0.983063
0.993629
0.989644
0.986402
0.993046
0.990701
0.992313
0.994469
0.989498
0.981183
0.987051
0.992786
0.991682
0.98099
0.994367
0.989593
0.995204
0.989856
0.987474
0.984732
0.985601
0.993003
0.990422
0.990715
0.994205
0.988685
0.992609
0.990292
0.983546
0.995717
0.985272
0.990064
0.988228
0.991379
0.990811
0.987244
0.987621
0.991839
0.992011
0.990853
0.991697
0.993801
0.994862
0.984022
0.987772
0.989401
0.993472
0.991485
0.99496
0.993379
0.993009
0.995012
0.992343
0.993847
0.995369
0.992096
0.991025
0.996671
0.993269
0.994575
0.992122
0.990386
0.992058
0.992884
0.995723
0.993407
0.992499
0.99281
0.989497
0.993977
0.994447
0.995331
0.995823
0.993333
0.99497
0.989411
0.99689
0.995817
0.993937
0.991238
0.995248
0.993404
0.988851
0.9947
0.997235
0.996177
0.994668
0.993253
0.99363
0.993663
0.993675
0.988781
0.992348
0.990081
0.985869
0.995576
0.995943
0.993122
0.99427
0.993299
0.990895
0.997428
0.994855
0.995721
0.992457
0.995544
0.995253
0.992013
0.99475
0.993184
0.987072
0.995761
0.996425
0.995249
0.99743
0.990034
0.99639
0.99345
0.995805
0.99317
0.988563
0.995133
0.994072
0.993881
0.996887
0.993673
0.995056
0.994089
0.99617
0.994664
0.996497
0.99368
0.991725
0.992511
0.991674
0.9933
0.991411
0.994844
0.990961
0.994816
0.990322
0.992616
0.996853
0.994773
0.990974
0.99064
0.986872
0.99356
0.990472
0.993174
0.993975
0.994512
0.992666
0.992153
0.995989
0.993364
0.992682
0.98317
0.992719
0.991488
0.991203
0.991613
0.994016
0.994557
0.991127
0.978595
0.99234
0.992139
0.991498
0.990395
0.987917
0.991176
0.982386
0.994152
0.990004
0.993959
0.985736
0.986173
0.988073
0.986373
0.992819
0.989131
0.992719
0.992943
0.979855
0.989905
0.991192
0.991663
0.99085
0.994349
0.993958
0.994696
0.992962
0.989462
0.995099
0.990057
0.989452
0.977575
0.992299
0.98608
0.989659
0.993743
0.994185
0.991535
0.995593
0.986687
0.995464
0.995996
0.992977
0.995156
0.99344
0.98917
0.992512
0.98047
0.984392
0.976807
0.992811
0.989827
0.989321
0.992635
0.992714
0.994247
0.993733
0.994316
0.9884
0.991076
0.989541
0.988117
0.984947
0.993121
0.985555
0.98004
0.990114
0.988801
0.974286
0.990431
0.985733
0.993112
0.99066
0.991502
0.986278
0.992612
0.99306
0.984078
0.994106
0.989658
0.987624
0.992798
0.994349
0.995461
0.988497
0.988383
0.991635
0.993831
0.993374
0.994243
0.993231
0.991674
0.995271
0.990654
0.993566
0.985416
0.989614
0.994569
0.991488
0.995766
0.991396
0.99468
0.98805
0.993239
0.99195
0.99467
0.992893
0.983411
0.981997
0.97247
0.987644
0.978183
0.977075
0.986375
0.986595
0.99137
0.992127
0.988128
0.982296
0.988419
0.966263
0.981069
0.991916
0.989827
0.976265
0.961733
0.971588
0.968819
0.969458
0.973139
0.946237
0.970721
0.975942
0.975386
0.977625
0.969858
0.982582
0.984433
0.98108
0.986441
0.98232
0.98711
0.98704
0.9858
0.982273
0.974197
0.972754
0.968842
0.980713
0.965823
0.958859
0.980965
0.977578
0.959301
0.987871
0.978067
0.948507
0.985698
0.96944
0.958102
0.979669
0.978014
0.966372
0.980724
0.980193
0.982481
0.987798
0.982128
0.986091
0.986834
0.98309
0.980493
0.985458
0.984377
0.984702
0.98734
0.977373
0.983679
0.988531
0.990848
0.984792
0.990463
0.988625
0.983335
0.989514
0.978915
0.984731
0.98828
0.983057
0.983927
0.980223
0.980784
0.977667
0.970904
0.971219
0.959617
0.973707
0.977922
0.957516
0.969687
0.967969
0.949324
0.955277
0.9586
0.931676
0.956732
0.948549
0.952063
0.963516
0.958931
0.961702
0.972134
0.958578
0.963013
0.974837
0.972234
0.979779
0.969276
0.970754
0.972735
0.967267
0.976815
0.968037
0.977836
0.977417
0.981774
0.98324
0.983714
0.984687
0.983248
0.984107
0.979696
0.971989
0.964118
0.980216
0.977755
0.979155
0.976478
0.975004
0.978222
0.980849
0.979978
0.984006
0.981928
0.971481
0.978832
0.98046
0.974342
0.967112
0.97109
0.959181
0.962175
0.944851
0.812717
0.719834
0.6787
0.623155
0.63448
0.616995
0.630938
0.618096
0.624746
0.659713
0.567348
0.577742
0.490467
0.445995
0.36541
0.181813
0.181813
0.181813
0.181813
0.181813
0.0438289
0.0510173
0.0584358
0.00338094
0.00338094
0.00338094
0.00338094
0.00338094
0.00338094
0.00338094
0.00338094
0.00338094
0.00338094
0.00338094
0.00338094
0.00338094
0.00338094
0.00338094
0.00338094
0.00338094
0.00338094
0.00338094
0.00338094
