1.00
1.17
1.14
1.09
1.08
1.09
1.10
1.09
1.07
1.07
1.09
1.07
1.08
1.09
1.09
1.11
1.10
1.09
1.10
1.09
1.05
1.04
1.02
1.01
0.99
1.02
0.98
0.98
0.93
0.97
0.92
0.92
0.99
0.89
0.88
0.94
0.85
0.89
0.88
0.90
0.81
0.91
0.90
0.96
0.92
0.92
0.98
0.97
0.96
1.01
0.98
1.02
0.98
1.00
1.02
1.03
1.00
0.99
0.97
0.98
0.98
1.02
1.01
1.05
1.01
1.05
0.99
1.02
1.01
0.99
1.00
0.99
0.98
0.99
0.99
0.99
0.99
0.98
0.97
1.00
0.99
1.04
1.03
1.01
1.02
1.01
1.02
1.03
1.04
1.03
1.02
1.02
1.03
1.04
1.04
1.03
1.02
1.03
1.03
1.03
1.02
1.10
1.08
1.10
1.07
1.06
1.06
1.05
1.02
1.05
1.03
1.02
1.04
1.04
1.06
1.08
1.08
1.09
1.10
1.08
1.10
1.17
1.16
1.15
1.16
1.16
1.14
1.12
1.11
1.11
1.09
1.09
1.09
1.11
1.10
1.09
1.07
1.08
1.06
1.06
1.05
1.10
1.08
1.09
1.09
1.09
1.08
1.08
1.07
1.10
1.09
1.10
1.12
1.10
1.08
1.06
1.06
1.08
1.04
1.04
1.04
1.06
1.08
1.05
1.05
1.03
1.03
1.02
1.03
1.06
1.03
1.05
1.02
1.00
1.00
0.96
0.98
0.96
0.99
0.98
0.94
0.98
0.95
0.98
0.97
0.94
0.93
0.93
0.93
0.92
0.95
0.94
0.93
0.94
0.94
0.89
0.90
0.91
0.90
0.88
0.86
0.98
0.97
0.94
0.93
0.92
0.92
0.95
0.92
1.01
0.92
0.97
0.96
0.95
0.94
0.92
0.85
0.87
0.83
0.79
0.82
0.85
0.84
0.90
0.85
0.83
0.80
0.78
0.80
0.80
0.77
0.80
0.79
0.76
0.75
0.78
0.79
0.80
0.80
0.81
0.82
0.96
0.96
0.97
0.97
0.98
0.96
1.00
0.98
0.98
0.96
0.96
0.96
0.97
0.94
0.96
0.94
0.94
0.95
0.95
0.96
1.05
1.07
1.04
1.07
1.06
1.07
1.05
1.03
1.07
1.10
1.07
1.05
1.07
1.09
1.07
1.08
1.09
1.10
1.09
1.09
1.14
1.12
1.15
1.13
1.12
1.12
1.13
1.12
1.12
1.14
1.11
1.13
1.10
1.13
1.15
1.13
1.14
1.15
1.15
1.13
1.10
1.11
1.13
1.12
1.09
1.12
1.13
1.11
1.05
1.09
1.09
1.11
1.13
1.14
1.15
1.14
1.13
1.13
1.16
1.17
1.14
1.12
1.15
1.12
1.08
1.09
1.09
1.01
0.98
0.98
1.02
1.00
1.05
1.04
1.05
1.06
1.07
1.04
1.01
1.06
1.06
1.05
1.06
1.09
1.09
1.13
1.14
1.12
1.12
1.12
1.13
1.15
1.13
1.15
1.14
1.14
1.12
1.15
1.11
1.13
1.14
1.13
1.10
1.11
1.16
1.13
1.12
1.16
1.16
1.16
1.18
1.16
1.18
1.18
1.16
1.19
1.20
1.22
1.19
1.21
1.15
1.17
1.18
1.17
1.18
1.19
1.18
1.21
1.20
1.22
1.19
1.24
1.22
1.25
1.23
1.26
1.28
1.21
1.24
1.22
1.13
1.15
1.12
1.16
1.18
1.15
1.18
1.16
1.19
1.12
1.14
1.15
1.15
1.11
1.06
1.15
1.05
1.11
1.08
1.11
1.09
1.06
1.10
1.04
1.08
1.07
1.14
1.11
1.09
1.10
1.12
1.12
1.11
1.09
1.09
1.11
1.14
1.14
1.14
1.14
1.16
1.15
1.15
1.13
1.13
1.14
1.09
1.11
1.10
1.09
1.10
1.09
1.08
1.09
1.08
1.04
1.09
1.04
1.04
1.09
1.04
1.06
1.06
1.08
1.00
1.05
1.08
1.07
1.05
1.06
1.10
1.07
1.11
1.09
1.06
1.04
1.05
1.04
1.01
0.99
1.02
0.99
1.00
0.97
0.98
0.96
1.00
0.96
0.99
0.99
1.03
1.06
1.09
1.09
1.04
1.03
1.02
0.98
0.95
0.99
1.03
1.06
0.99
0.92
0.91
0.91
0.89
0.91
0.84
0.81
0.82
0.87
0.90
0.95
0.94
0.94
0.91
0.94
0.92
0.96
1.09
1.10
1.12
1.11
1.11
1.10
1.11
1.06
1.08
1.09
1.05
1.11
1.11
1.05
1.10
1.09
1.07
1.08
1.08
1.07
1.11
1.10
1.11
1.10
1.07
1.06
1.07
1.04
1.04
1.01
1.00
1.04
1.02
1.03
1.04
1.05
1.07
1.06
1.07
1.05
1.05
1.05
1.01
1.05
1.08
1.07
1.08
1.08
1.06
1.04
1.06
1.07
1.04
1.06
1.04
1.06
1.04
1.01
1.05
1.07
1.13
1.12
1.11
1.13
1.09
1.08
1.09
1.13
1.08
1.05
1.08
1.12
1.06
1.08
1.06
1.10
1.14
1.14
1.10
1.09
1.05
1.14
1.13
1.10
1.11
1.14
1.15
1.12
1.12
1.14
1.16
1.13
1.16
1.19
1.16
1.17
1.13
1.12
1.09
1.09
1.12
1.12
1.12
1.11
1.10
1.09
1.07
1.07
1.05
1.05
1.03
1.07
1.06
1.06
1.06
1.06
1.07
1.09
1.09
1.09
1.12
1.10
1.08
1.13
1.12
1.15
1.16
1.15
1.13
1.13
1.16
1.16
1.12
1.10
1.08
1.01
1.00
0.84
0.75
0.77
0.86
0.83
0.86
0.85
0.80
0.83
0.84
0.81
0.82
0.78
0.75
0.79
0.97
0.94
0.91
0.95
0.93
0.93
0.89
0.89
1.00
0.99
1.01
0.95
0.93
0.95
0.92
0.93
0.91
0.88
0.91
0.91
0.92
0.90
0.93
0.84
0.89
0.88
0.88
0.89
0.98
0.95
0.96
0.87
0.93
0.93
0.95
0.96
0.91
0.93
0.92
0.88
0.88
0.79
0.95
0.95
0.93
0.91
0.90
0.92
0.98
0.97
0.97
0.94
0.93
0.96
0.91
0.95
0.96
1.06
1.08
1.09
1.12
1.10
1.09
1.04
1.00
1.02
0.97
0.99
1.04
1.04
1.00
1.02
0.97
1.04
1.04
1.00
0.98
0.96
0.93
0.97
1.00
0.96
0.96
0.91
0.96
0.97
0.99
0.99
0.99
0.99
0.93
0.92
0.94
0.95
0.96
0.90
0.91
0.89
0.96
0.93
1.03
0.99
1.00
1.01
0.97
0.96
0.99
0.96
1.00
0.96
1.00
0.98
1.01
0.93
0.96
0.92
0.96
0.93
0.92
0.97
0.89
0.88
0.85
0.84
0.79
0.76
0.73
0.74
0.85
0.74
0.63
0.55
0.52
0.47
0.61
0.72
0.69
0.69
0.73
0.76
0.76
0.74
0.74
0.78
0.79
0.75
0.76
0.79
1.01
1.03
1.06
1.09
1.06
1.08
1.12
1.11
1.10
1.11
1.10
1.10
1.14
1.18
1.12
1.09
1.07
1.14
1.11
1.09
1.18
1.16
1.17
1.19
1.09
1.09
1.10
1.05
1.09
1.03
1.08
1.03
1.10
1.10
1.11
1.05
1.04
1.06
1.01
0.96
0.96
0.94
0.94
0.95
0.93
0.87
0.84
0.81
0.79
0.75
0.70
0.70
0.68
0.60
0.80
0.94
0.98
0.99
0.98
1.02
1.05
0.97
1.05
1.06
1.14
1.18
1.18
1.18
1.18
1.20
1.21
1.21
1.14
1.14
1.13
1.12
1.09
1.06
1.11
1.06
1.12
1.13
1.18
1.18
1.20
1.19
1.13
1.18
1.21
1.23
1.27
1.27
1.29
1.27
1.29
1.27
1.24
1.27
1.22
1.20
1.06
1.14
1.07
1.14
1.03
1.07
1.00
1.00
1.00
0.96
0.91
0.93
0.90
0.79
0.72
0.62
0.64
0.54
0.54
0.46
0.63
0.60
0.58
0.47
0.41
0.27
0.26
0.18
0.28
0.24
0.03
0.08
0.13
0.09
0.10
0.06
0.27
0.30
0.28
0.29
0.46
0.44
0.48
0.41
0.45
0.44
0.42
0.51
0.45
0.40
0.38
0.41
0.38
0.40
0.36
0.41
0.37
0.40
0.42
0.38
0.71
0.77
0.70
0.72
0.74
0.72
0.67
0.73
0.68
0.68
0.71
0.73
0.70
0.65
0.70
0.65
0.68
0.68
0.63
0.68
0.99
0.93
0.94
0.97
0.99
0.97
0.94
0.94
1.02
0.97
0.98
0.98
1.00
0.99
0.96
0.95
0.94
0.94
0.96
0.97
1.07
1.04
1.06
1.08
1.07
1.07
1.01
1.08
1.06
1.07
1.04
1.03
1.06
1.02
1.07
1.11
1.06
1.07
1.07
1.03
1.10
1.08
1.09
1.07
1.14
1.04
1.10
1.09
1.08
1.09
1.08
1.14
1.13
1.07
1.07
1.09
1.07
1.09
1.08
1.12
1.09
1.10
1.12
1.08
1.09
1.09
1.14
1.10
1.16
1.12
1.08
1.14
1.15
1.09
1.10
1.14
1.10
1.13
1.09
1.10
1.12
1.12
1.16
1.11
1.17
1.16
1.14
1.11
1.13
1.16
1.16
1.11
1.13
1.13
1.10
1.16
1.13
1.10
1.12
1.11
1.14
1.15
1.11
1.14
1.10
1.14
1.11
1.12
1.16
1.09
1.15
1.13
1.12
1.13
1.13
1.09
1.16
1.11
1.12
1.08
1.13
1.14
1.15
1.09
1.14
1.16
1.16
1.13
1.15
1.10
1.12
1.11
1.09
1.12
1.17
1.13
1.14
1.15
1.12
1.14
1.16
1.11
1.13
1.15
1.18
1.14
1.20
1.15
1.18
1.14
1.17
1.18
1.15
1.16
1.13
1.18
1.17
1.19
1.18
1.16
1.11
1.13
1.12
1.13
1.14
1.15
1.17
1.12
1.15
1.12
1.12
1.12
1.14
1.15
1.14
1.14
1.10
1.13
1.13
1.15
1.15
1.15
1.15
1.11
1.16
1.15
1.17
1.12
1.11
1.14
1.11
1.14
1.12
1.13
1.11
1.13
1.13
1.16
1.13
1.15
1.17
1.18
1.16
1.16
1.10
1.13
1.17
1.11
1.11
1.15
1.13
1.15
1.11
1.16
1.16
1.16
1.14
1.14
1.13
1.11
1.11
1.13
1.14
1.15
1.15
1.17
1.16
1.13
1.19
1.10
1.11
1.13
1.13
1.15
1.11
1.17
1.13
1.09
1.11
1.19
1.17
1.16
1.12
1.18
1.19
1.15
1.14
1.13
1.15
1.10
1.12
1.11
1.09
1.15
1.10
1.16
1.08
1.10
1.09
1.09
1.08
1.11
1.09
1.13
1.15
1.10
1.13
1.11
1.12
1.11
1.14
1.14
1.13
1.10
1.12
1.14
1.12
1.15
1.11
1.12
1.13
1.14
1.14
1.16
1.16
1.16
1.19
1.16
1.12
1.19
1.17
1.17
1.12
1.21
1.19
1.18
1.19
1.19
1.19
1.21
1.18
1.16
1.12
1.15
1.14
1.17
1.17
1.16
1.12
1.19
1.17
1.19
1.17
1.16
1.15
1.14
1.19
1.15
1.14
1.15
1.10
1.13
1.15
1.12
1.12
1.16
1.11
1.15
1.13
1.14
1.14
1.18
1.14
1.15
1.15
1.13
1.18
1.16
1.17
1.15
1.16
1.12
1.14
1.15
1.17
1.15
1.15
1.16
1.16
1.12
1.11
1.11
1.15
1.13
1.12
1.18
1.13
1.12
1.16
1.15
1.12
1.11
1.11
1.12
1.08
1.10
1.07
1.13
1.15
1.12
1.13
1.14
1.11
1.10
1.13
1.13
1.12
1.11
1.13
1.14
1.15
1.12
1.13
1.12
1.17
1.12
1.15
1.14
1.15
1.11
1.15
1.13
1.11
1.11
1.13
1.18
1.11
1.16
1.13
1.16
1.18
1.14
1.13
1.15
1.14
1.16
1.15
1.17
1.14
1.12
1.10
1.17
1.16
1.13
1.10
1.17
1.14
1.13
1.14
1.16
1.11
1.11
1.13
1.14
1.11
1.12
1.16
1.17
1.11
1.12
1.15
1.11
1.14
1.16
1.11
1.12
1.10
1.13
1.12
1.18
1.16
1.16
1.15
1.18
1.12
1.16
1.15
1.12
1.15
1.12
1.17
1.14
1.15
1.12
1.13
1.14
1.13
1.11
1.13
1.12
1.13
1.13
1.12
1.12
1.12
1.13
1.13
1.13
1.12
1.15
1.13
1.17
1.13
1.13
1.14
1.12
1.14
1.15
1.10
1.14
1.13
1.15
1.12
1.14
1.13
1.15
1.13
1.14
1.12
1.12
1.12
1.15
1.15
1.15
1.17
1.14
1.16
1.12
1.15
1.15
1.14
1.15
1.15
1.16
1.14
1.14
1.14
1.14
1.14
1.11
1.12
1.09
1.11
1.11
1.12
1.15
1.14
1.12
1.11
1.15
1.14
1.11
1.12
1.11
1.14
1.11
1.11
1.10
1.08
1.11
1.12
1.10
1.10
1.12
1.14
1.13
1.11
1.12
1.11
1.11
1.14
1.13
1.14
1.15
1.15
1.11
1.13
1.13
1.14
1.12
1.13
1.17
1.16
1.12
1.10
1.13
1.13
1.11
1.14
1.11
1.15
1.11
1.13
1.15
1.13
1.14
1.17
1.17
1.10
1.14
1.16
1.15
1.14
1.16
1.15
1.17
1.16
1.13
1.12
1.14
1.13
1.10
1.11
1.12
1.14
1.12
1.13
1.16
1.16
1.16
1.11
1.16
1.12
1.14
1.14
1.17
1.15
1.16
1.14
1.11
1.14
1.13
1.15
1.12
1.15
1.14
1.13
1.15
1.14
1.14
1.17
1.15
1.13
1.12
1.13
1.14
1.11
1.13
1.09
1.14
1.15
1.15
1.15
1.13
1.15
1.12
1.12
1.10
1.10
1.11
1.15
1.11
1.13
1.13
1.11
1.12
1.15
1.15
1.16
1.12
1.14
1.13
1.18
1.15
1.15
1.16
1.14
1.18
1.15
1.19
1.16
1.14
1.19
1.16
1.14
1.15
1.14
1.17
1.19
1.17
1.15
1.17
1.16
1.19
1.13
1.17
1.13
1.16
1.14
1.17
1.15
1.17
1.15
1.15
1.20
1.14
1.15
1.17
1.16
1.14
1.14
1.15
1.13
1.15
1.16
1.12
1.15
1.13
1.16
1.14
1.12
1.13
1.14
1.14
1.15
1.14
1.14
1.13
1.12
1.15
1.14
1.14
1.14
1.15
1.17
1.13
1.13
1.15
1.14
1.12
1.15
1.15
1.17
1.12
1.15
1.13
1.13
1.11
1.14
1.15
1.16
1.13
1.14
1.17
1.15
1.14
1.14
