338,174,438,300
341,171,445,319
341,176,447,307
342,174,444,303
341,176,437,298
339,175,435,302
329,173,431,305
328,172,423,298
319,170,417,295
316,169,412,301
309,171,405,302
305,173,402,304
300,177,395,294
299,174,397,303
297,174,397,308
295,177,396,297
296,170,392,298
293,168,391,295
291,159,387,288
289,158,386,276
280,148,380,279
276,146,375,276
263,142,364,276
256,140,361,275
244,142,350,280
237,142,344,287
230,154,334,292
222,163,323,303
212,166,316,305
201,178,313,317
196,185,312,323
190,193,309,337
191,197,297,329
182,206,293,338
178,212,291,341
177,221,291,350
182,232,295,371
185,241,304,382
192,246,303,383
196,253,312,393
194,261,324,396
201,266,327,401
215,266,332,400
233,270,336,405
239,269,342,411
250,272,353,414
258,274,363,415
274,281,380,411
282,280,388,415
295,278,398,411
301,276,398,417
309,272,411,416
311,273,422,420
325,273,432,414
332,276,440,415
348,273,453,422
355,270,460,425
367,272,475,424
376,277,482,417
388,275,490,416
393,274,497,424
401,269,505,426
408,266,509,426
412,268,523,416
415,262,526,412
423,260,537,410
426,257,542,404
430,251,545,400
431,246,549,400
433,238,549,392
432,231,548,388
432,216,547,384
428,196,543,394
425,197,542,383
426,183,542,366
421,172,539,381
416,162,544,379
413,154,538,370
409,144,541,364
404,136,540,361
400,128,545,351
401,125,538,336
398,113,532,310
402,109,520,276
399,102,518,267
400,100,518,265
397,93,508,257
394,88,501,257
387,89,494,247
380,84,485,246
364,81,477,242
358,80,468,243
340,79,448,246
332,78,444,241
312,78,428,244
305,80,422,242
290,82,402,238
282,86,401,241
273,86,384,239
267,91,376,240
256,93,368,247
249,96,360,253
240,100,350,258
229,108,342,256
214,114,336,268
209,116,327,265
204,127,318,267
205,127,316,273
201,137,309,275
198,139,306,285
197,142,301,280
196,143,299,279
190,149,298,287
191,153,295,283
189,158,294,290
188,158,291,292
189,159,289,291
188,164,289,286
187,166,292,294
190,169,294,292
190,178,304,297
196,177,301,298
199,179,308,302
202,176,307,304
234,178,318,299
232,174,318,299
235,174,323,291
240,171,325,289
240,169,326,290
239,170,337,292
242,168,338,294
242,169,336,296
243,167,339,293
248,170,339,288
250,168,343,292
251,167,348,295
253,167,346,293
252,170,347,286
249,168,349,296
251,172,347,289
251,171,338,284
251,170,343,288
249,171,340,296
248,172,346,295
249,173,343,297
252,172,338,292
256,172,343,293
257,171,340,292
256,170,340,293
256,171,336,292
255,165,333,293
256,163,329,293
257,164,328,291
256,164,330,288
257,162,332,290
254,164,334,289
252,167,334,285
249,167,330,287
249,169,326,287
249,168,328,289
247,173,330,286
248,175,330,287
248,174,333,292
250,175,327,285
253,175,334,282
255,176,339,282
255,175,339,284
252,177,339,287
253,177,336,287
251,178,333,286
254,178,336,289
256,178,334,287
257,177,336,288
260,179,335,290
262,179,337,286
264,180,338,286
265,185,341,289
261,182,345,295
261,186,346,293
262,185,347,293
261,184,349,293
262,185,350,293
264,183,351,291
265,180,354,292
263,182,355,293
265,180,355,293
266,181,355,294
264,178,354,300
262,178,355,300
266,174,356,296
266,173,359,295
266,171,360,295
270,170,360,292
269,171,361,292
274,169,366,280
274,166,368,284
277,165,368,290
277,165,369,280
278,165,368,280
279,161,369,289
279,161,373,288
282,160,372,283
282,160,374,283
283,155,375,288
284,152,378,276
282,147,375,274
283,136,374,264
284,132,378,262
286,122,378,248
286,115,377,247
288,104,381,236
290,99,382,227
299,86,389,221
299,83,390,215
303,79,395,202
306,73,401,199
312,65,408,195
313,63,412,201
322,56,423,205
328,58,430,201
339,52,444,203
344,50,451,196
359,45,476,194
366,41,484,183
381,36,500,184
391,35,509,188
402,37,526,197
409,37,530,204
425,45,551,207
433,47,558,209
438,57,572,226
443,58,577,228
447,73,583,261
451,84,587,272
451,91,585,287
449,105,585,311
450,112,581,332
450,125,582,329
450,132,581,351
447,141,584,337
445,149,582,336
446,161,571,347
443,167,570,366
437,180,565,360
441,190,560,360
439,199,554,366
438,207,550,370
419,219,536,378
414,231,536,382
401,244,528,394
399,255,521,389
391,266,502,387
395,268,492,397
387,279,487,404
382,282,484,405
372,292,480,413
367,295,472,420
360,305,464,427
358,304,455,433
346,311,443,436
338,313,438,435
326,315,421,437
319,316,412,439
306,318,398,439
301,318,386,442
289,321,369,444
282,323,364,440
267,323,353,436
264,322,347,434
257,319,336,427
253,318,331,424
245,313,323,421
243,310,318,418
235,307,312,413
232,302,306,411
223,299,300,407
220,296,295,405
211,292,291,400
206,291,286,397
200,285,282,390
198,281,274,385
195,277,268,379
193,273,269,374
191,271,264,367
188,268,263,364
187,252,262,352
186,249,263,350
184,247,261,342
184,241,265,340
183,228,265,322
181,223,267,322
181,216,269,323
184,197,268,308
186,193,270,299
189,185,272,300
189,183,277,309
194,171,281,297
196,170,287,294
199,171,292,297
201,157,296,304
203,163,302,300
214,157,308,299
222,159,312,292
236,155,324,292
239,154,332,300
250,154,346,295
255,156,352,289
267,149,359,290
271,150,366,296
279,146,375,287
282,144,379,288
289,139,388,291
294,142,393,293
302,136,401,283
306,139,408,281
315,139,415,285
322,139,419,287
331,138,430,295
335,141,437,297
342,146,445,298
344,147,448,300
349,149,452,305
353,151,456,310
355,158,457,309
358,159,459,308
361,163,464,309
364,164,465,315
371,167,468,319
371,170,470,313
381,172,476,313
380,175,478,309
385,177,481,313
388,177,484,320
393,180,482,335
388,176,483,348
386,176,483,356
385,177,481,343
381,182,477,340
379,179,474,344
376,180,469,338
376,178,467,336
374,172,464,339
371,178,465,341
367,177,462,332
368,179,461,320
366,179,459,316
365,176,458,325
363,178,456,300
363,175,455,300
363,174,456,297
362,171,451,296
363,168,452,296
361,165,449,289
361,164,448,292
361,162,445,287
361,164,444,286
367,165,439,271
364,165,435,271
362,161,439,278
361,164,438,282
362,163,437,285
357,163,436,279
357,166,439,282
355,164,440,282
354,164,437,283
352,162,433,284
348,162,430,284
349,161,425,280
345,161,420,275
343,161,421,276
339,164,419,274
337,164,423,281
337,165,423,284
339,167,423,285
338,167,423,290
337,169,423,287
337,168,421,285
337,169,421,287
337,169,421,282
336,172,423,273
338,174,428,279
340,169,424,280
343,171,430,284
343,172,428,282
344,172,429,286
343,175,430,284
341,177,430,280
340,173,429,287
337,172,428,286
339,173,430,279
340,170,428,276
342,170,427,273
338,168,425,276
335,171,426,280
337,174,426,284
338,176,430,288
339,178,436,299
341,181,439,302
346,192,448,311
351,191,454,324
357,202,466,329
363,206,470,334
371,210,482,343
373,214,485,359
379,215,494,367
378,216,497,373
378,213,496,378
377,212,491,369
378,209,491,369
375,207,486,350
366,199,476,340
359,195,472,327
351,187,459,317
346,181,453,312
337,180,437,302
329,177,430,296
318,174,418,288
313,168,411,286
302,165,401,280
302,160,397,276
291,159,386,279
288,159,379,276
277,155,368,278
274,157,362,276
264,158,350,279
260,156,346,282
252,165,335,280
246,167,326,281
231,174,315,287
227,181,307,292
217,187,298,299
202,195,293,305
200,207,283,313
197,209,281,318
195,212,275,323
192,212,275,326
189,213,273,328
185,213,277,329
186,212,273,328
184,211,274,328
184,206,274,322
183,204,286,320
187,196,287,315
190,189,288,311
202,160,310,295
204,153,316,291
210,147,329,276
225,137,333,286
240,125,347,281
248,123,353,278
262,117,366,264
271,117,369,248
285,113,383,238
288,110,391,254
303,110,407,253
307,111,413,247
316,111,425,258
325,113,430,258
334,116,444,264
338,122,451,273
348,131,462,279
351,131,465,290
365,140,477,297
367,144,481,303
379,151,494,303
382,162,507,313
385,163,528,320
386,168,547,336
393,166,545,343
400,166,547,343
400,167,549,350
397,164,550,345
399,159,547,339
396,157,544,328
391,151,546,337
391,142,533,314
389,135,524,311
390,127,497,276
384,118,496,261
372,113,485,245
361,106,469,240
346,101,452,242
344,102,439,234
327,104,425,235
321,104,414,236
304,106,399,237
298,110,391,235
282,113,376,244
275,116,366,248
260,127,352,252
254,133,346,253
242,141,330,261
235,145,324,267
222,150,313,277
215,160,311,284
209,171,300,290
205,182,296,299
203,183,298,304
204,188,300,308
205,195,298,313
203,206,301,320
206,212,303,327
208,219,306,340
210,226,312,351
218,237,315,366
226,247,323,378
231,261,330,396
234,266,340,405
241,279,357,418
254,285,358,421
268,289,374,426
275,290,380,429
290,291,404,429
299,291,408,431
314,288,426,425
326,284,435,429
341,281,452,422
352,271,470,423
357,268,478,419
368,259,487,416
368,258,494,411
368,254,502,400
378,246,501,396
376,231,504,384
376,228,503,375
376,209,498,373
376,201,498,373
374,185,498,358
366,175,507,355
364,151,506,341
362,145,519,341
365,127,490,304
365,120,486,277
366,103,484,247
364,98,482,237
353,84,476,229
342,78,463,217
336,69,452,213
313,65,436,205
304,60,426,213
285,61,403,210
278,59,390,208
257,61,374,213
248,63,356,211
224,71,341,218
216,76,330,225
203,89,308,241
193,96,303,245
178,110,283,258
156,143,272,285
146,147,265,293
133,160,274,316
134,168,264,318
127,182,268,323
124,187,262,332
122,195,256,341
112,200,263,343
108,212,265,352
110,220,262,358
110,226,258,363
112,232,264,367
119,240,262,371
124,243,273,373
132,248,279,388
125,251,282,392
136,253,290,398
148,259,294,399
164,265,305,405
174,268,305,407
191,265,308,406
196,265,313,410
218,267,331,414
226,270,333,417
236,268,337,405
242,268,342,397
254,266,353,401
259,263,358,394
272,261,376,390
278,258,380,394
289,255,392,401
294,253,401,401
302,252,411,398
310,249,418,401
312,249,422,402
318,248,432,405
322,248,434,406
334,247,444,405
337,244,450,404
348,243,465,403
355,240,472,401
364,238,491,407
