307,131,405,260
304,130,399,258
296,131,386,258
292,131,376,255
277,133,364,256
274,133,355,259
264,136,343,263
257,137,343,270
249,138,332,274
246,142,324,277
237,148,314,276
234,150,306,276
231,156,299,285
228,162,299,294
228,167,297,294
226,177,298,300
226,181,296,304
225,189,295,315
225,192,294,312
226,199,290,326
224,199,286,324
223,203,287,323
225,206,284,328
224,208,286,331
227,211,288,329
226,215,293,332
227,218,297,332
226,222,306,331
227,225,306,334
230,228,306,336
231,229,308,336
231,232,305,341
231,230,306,343
230,234,303,344
228,233,303,346
228,233,300,343
228,236,301,342
228,239,297,341
228,240,295,344
229,242,294,347
227,243,293,349
226,244,291,345
227,247,291,347
226,247,288,346
228,249,288,350
228,248,288,346
229,249,288,346
230,247,290,347
233,246,290,345
235,242,291,343
235,239,295,340
238,236,295,338
239,235,295,336
242,229,298,343
241,228,302,343
242,226,310,340
243,229,311,337
250,227,320,336
256,224,322,336
264,223,329,331
263,219,337,333
269,217,345,337
274,217,348,337
279,214,356,335
282,214,361,335
285,213,369,336
285,210,377,338
295,207,382,339
298,205,387,336
306,204,396,330
312,204,400,329
319,197,413,330
322,195,415,325
335,193,429,325
339,190,433,324
348,191,445,322
351,188,448,318
363,189,458,321
368,189,459,324
375,190,471,319
375,190,470,313
382,190,479,315
391,193,486,318
401,193,493,319
401,192,496,321
407,191,500,322
409,192,501,321
409,192,507,320
409,192,504,317
406,193,508,323
403,189,509,315
407,192,502,318
404,191,507,312
402,189,506,316
398,186,511,314
404,182,507,311
405,175,509,304
407,172,508,299
407,171,510,295
414,163,513,289
413,159,511,281
417,152,509,273
417,148,510,268
416,144,507,264
416,141,508,259
414,141,504,259
411,138,505,257
410,134,499,252
405,134,499,250
403,136,495,251
391,135,482,248
384,132,482,253
377,133,471,251
371,134,466,253
357,135,458,252
356,139,448,250
343,137,437,249
338,139,433,251
331,141,420,253
325,143,418,255
319,144,410,256
319,147,405,257
310,150,399,259
308,152,397,261
301,155,390,265
299,157,385,266
294,159,372,271
290,161,368,274
285,167,359,277
280,171,358,278
273,178,348,289
271,181,345,287
267,191,334,294
264,190,332,295
259,194,327,306
256,198,322,307
251,208,319,318
248,212,317,330
244,220,310,332
240,225,309,333
241,230,305,345
240,237,303,353
239,248,297,357
239,250,300,361
239,256,297,372
239,262,297,371
242,268,297,384
242,271,300,387
243,281,305,398
244,281,305,402
247,285,309,407
248,287,314,406
253,287,321,408
257,287,323,406
266,285,335,402
271,284,343,403
287,284,356,403
291,281,368,399
305,279,382,400
314,276,393,398
329,276,413,398
335,272,422,401
353,266,441,402
358,261,449,400
367,256,465,399
375,262,477,396
389,258,490,399
392,247,500,397
389,219,509,395
387,213,525,403
393,210,540,409
381,210,543,406
385,211,550,405
386,208,548,408
388,208,552,405
387,216,549,403
388,210,548,406
388,212,547,404
387,210,545,404
385,210,549,404
383,210,548,407
379,205,544,406
391,206,545,401
381,204,533,408
388,201,525,414
387,201,521,415
390,204,518,408
377,201,506,398
379,204,497,400
372,197,480,398
370,194,471,401
364,193,463,399
362,193,461,399
358,193,453,401
353,191,450,402
349,191,446,400
342,193,442,394
335,192,437,398
331,193,434,406
313,194,429,404
309,189,424,401
295,194,414,401
287,200,410,395
274,196,405,398
255,200,404,392
231,207,396,394
237,206,391,383
212,223,362,383
214,217,358,379
185,254,289,389
198,252,279,385
188,254,267,380
182,254,262,382
176,253,253,384
169,250,251,390
164,252,241,387
161,254,237,383
157,255,230,388
157,254,229,385
154,259,223,378
149,257,222,390
152,259,221,384
151,255,219,385
153,255,222,390
153,255,222,392
158,253,228,389
160,252,229,388
162,254,238,375
160,255,242,371
168,252,247,380
171,252,251,380
180,254,254,379
186,254,260,372
191,253,267,364
195,253,271,369
205,252,284,368
213,251,297,369
220,250,306,371
232,247,332,380
240,246,341,378
249,242,356,382
257,235,359,379
272,210,367,378
276,204,377,387
284,199,387,386
285,200,391,384
292,198,399,380
290,201,406,379
282,200,412,378
289,199,415,379
282,197,423,382
295,194,425,385
284,200,429,382
274,197,432,380
284,197,464,384
272,191,438,382
257,197,438,383
277,184,463,394
270,192,439,385
286,190,456,388
275,188,450,389
280,187,457,400
287,186,456,378
288,189,460,397
299,186,466,404
301,189,476,400
295,185,473,409
303,186,485,406
295,183,483,408
307,184,490,405
310,186,475,404
315,181,481,408
319,177,477,402
320,177,480,401
316,175,474,390
317,172,472,391
322,165,465,384
318,169,464,375
321,169,454,364
316,168,451,355
311,172,453,339
312,170,447,336
306,165,428,328
300,162,427,321
292,156,421,315
279,148,411,308
276,143,403,300
262,143,397,301
257,141,390,296
245,136,387,301
241,134,381,293
229,138,351,288
227,138,337,291
220,141,322,290
