501,272,553,462
496,273,548,465
494,273,546,464
491,273,543,457
489,274,541,460
485,274,537,463
482,274,536,456
480,273,527,460
476,272,523,461
472,271,507,456
NaN,NaN,NaN,NaN
NaN,NaN,NaN,NaN
NaN,NaN,NaN,NaN
NaN,NaN,NaN,NaN
NaN,NaN,NaN,NaN
NaN,NaN,NaN,NaN
NaN,NaN,NaN,NaN
NaN,NaN,NaN,NaN
NaN,NaN,NaN,NaN
NaN,NaN,NaN,NaN
NaN,NaN,NaN,NaN
429,268,475,460
425,270,473,460
417,269,467,459
413,267,465,461
406,270,458,460
401,270,454,455
394,270,446,457
388,268,439,450
385,267,436,456
383,267,434,451
381,267,428,447
377,265,421,450
373,263,420,456
367,263,417,457
365,265,413,454
360,266,411,456
358,267,407,457
353,265,403,458
351,264,399,457
346,263,394,446
343,264,390,438
339,261,384,438
335,260,382,436
325,262,380,442
324,261,376,450
319,259,372,450
318,258,369,456
313,257,367,449
314,258,363,446
306,257,360,449
305,259,357,454
298,259,354,454
296,260,351,453
292,260,345,448
290,255,342,447
286,251,335,439
275,250,334,427
270,247,329,441
268,249,326,443
263,245,322,440
263,247,318,438
256,244,313,440
252,244,310,433
249,244,305,438
247,244,301,435
244,243,296,437
239,243,294,431
234,245,287,438
229,247,284,430
223,249,277,425
223,248,274,432
213,251,271,429
210,253,266,428
203,259,262,438
202,260,258,431
195,265,248,451
190,256,248,447
182,252,240,443
180,244,237,438
175,235,234,427
174,229,233,421
178,212,233,410
177,212,233,413
165,231,223,434
161,238,218,435
161,247,219,451
160,252,217,453
144,270,202,476
136,278,192,476
133,278,187,467
136,262,189,463
149,240,203,434
158,230,210,425
166,220,220,423
161,221,220,427
157,223,214,419
155,230,211,411
154,237,209,414
159,234,219,420
168,229,227,425
186,228,244,425
194,230,251,422
210,231,267,421
215,233,272,419
216,239,272,435
217,243,268,423
214,247,268,423
213,242,267,430
211,237,262,417
207,236,258,420
199,235,248,413
198,236,243,402
187,235,234,399
182,235,232,409
176,233,226,408
174,233,223,406
170,231,220,407
166,231,217,414
174,230,212,393
176,232,212,389
NaN,NaN,NaN,NaN
NaN,NaN,NaN,NaN
NaN,NaN,NaN,NaN
NaN,NaN,NaN,NaN
NaN,NaN,NaN,NaN
NaN,NaN,NaN,NaN
NaN,NaN,NaN,NaN
NaN,NaN,NaN,NaN
NaN,NaN,NaN,NaN
NaN,NaN,NaN,NaN
129,204,171,358
NaN,NaN,NaN,NaN
NaN,NaN,NaN,NaN
NaN,NaN,NaN,NaN
NaN,NaN,NaN,NaN
NaN,NaN,NaN,NaN
NaN,NaN,NaN,NaN
NaN,NaN,NaN,NaN
NaN,NaN,NaN,NaN
NaN,NaN,NaN,NaN
318,279,362,421
NaN,NaN,NaN,NaN
NaN,NaN,NaN,NaN
NaN,NaN,NaN,NaN
NaN,NaN,NaN,NaN
NaN,NaN,NaN,NaN
NaN,NaN,NaN,NaN
NaN,NaN,NaN,NaN
NaN,NaN,NaN,NaN
450,162,502,294
NaN,NaN,NaN,NaN
NaN,NaN,NaN,NaN
NaN,NaN,NaN,NaN
NaN,NaN,NaN,NaN
NaN,NaN,NaN,NaN
NaN,NaN,NaN,NaN
NaN,NaN,NaN,NaN
NaN,NaN,NaN,NaN
NaN,NaN,NaN,NaN
NaN,NaN,NaN,NaN
NaN,NaN,NaN,NaN
NaN,NaN,NaN,NaN
NaN,NaN,NaN,NaN
NaN,NaN,NaN,NaN
NaN,NaN,NaN,NaN
NaN,NaN,NaN,NaN
NaN,NaN,NaN,NaN
NaN,NaN,NaN,NaN
NaN,NaN,NaN,NaN
NaN,NaN,NaN,NaN
NaN,NaN,NaN,NaN
NaN,NaN,NaN,NaN
