277,226,345,426
277,231,339,444
276,222,339,442
271,227,335,450
268,226,333,432
263,226,326,448
257,226,323,438
252,219,319,424
251,227,317,441
249,227,319,436
250,217,320,442
252,212,322,442
255,210,322,424
256,217,325,449
257,218,326,442
256,217,332,442
262,215,333,433
264,215,336,424
270,217,339,435
275,215,346,433
275,219,354,446
283,213,358,447
287,221,362,452
297,215,366,445
307,214,365,451
315,202,370,448
320,209,373,454
326,208,386,441
329,210,393,463
338,212,398,457
343,215,399,462
356,213,408,455
360,216,412,463
372,217,435,467
381,216,440,473
393,212,449,475
400,205,455,461
410,213,468,473
415,214,471,471
424,203,488,477
427,202,498,477
431,215,510,477
438,227,512,468
442,228,517,463
446,225,520,453
450,223,524,435
451,224,528,439
457,224,529,443
463,224,530,435
467,229,533,416
469,235,532,412
470,231,531,401
467,236,533,402
466,246,530,402
465,244,529,397
463,237,528,401
461,238,529,398
461,240,529,398
461,238,527,394
464,240,522,404
455,260,528,400
457,266,521,391
458,266,518,390
454,266,515,393
454,268,507,395
453,264,507,387
454,260,501,392
453,254,499,392
451,257,498,396
448,251,489,404
446,248,483,408
445,247,482,407
445,241,481,406
441,238,480,402
438,248,481,402
437,248,481,405
438,250,482,404
440,250,477,402
440,252,478,401
437,250,482,406
439,252,483,404
441,252,480,399
440,251,483,403
440,252,487,409
443,252,487,406
445,252,488,408
449,254,487,406
444,257,492,406
451,258,493,406
452,257,494,405
454,254,494,402
453,255,499,404
456,256,502,403
458,256,502,405
458,261,506,404
460,261,507,405
469,263,509,400
472,263,510,395
473,263,517,393
473,263,520,398
