201,226,285,297
205,231,287,301
204,234,285,300
207,233,288,299
206,232,287,297
205,229,285,293
205,227,284,292
204,225,280,289
201,224,281,289
202,223,280,285
204,221,280,286
203,223,282,287
204,222,278,286
204,223,282,286
205,221,280,286
204,221,282,287
208,220,283,282
207,221,285,286
212,220,289,282
215,220,292,283
217,219,295,280
217,218,293,280
220,216,295,278
219,216,293,278
222,214,296,273
221,211,293,273
219,210,293,271
219,210,291,270
217,208,288,271
220,209,291,271
217,210,288,275
216,212,287,274
216,213,285,266
NaN,NaN,NaN,NaN
NaN,NaN,NaN,NaN
NaN,NaN,NaN,NaN
NaN,NaN,NaN,NaN
262,237,339,289
NaN,NaN,NaN,NaN
NaN,NaN,NaN,NaN
NaN,NaN,NaN,NaN
NaN,NaN,NaN,NaN
NaN,NaN,NaN,NaN
NaN,NaN,NaN,NaN
NaN,NaN,NaN,NaN
NaN,NaN,NaN,NaN
141,270,208,320
131,266,201,322
111,262,187,324
102,262,180,327
83,264,164,329
75,262,157,324
58,261,143,327
51,257,136,321
41,258,122,320
38,259,117,325
34,259,117,323
34,259,114,324
38,259,117,325
40,258,120,323
46,256,126,319
52,254,131,316
60,248,142,309
65,243,147,306
77,235,158,297
85,230,159,293
96,227,150,288
104,221,144,286
NaN,NaN,NaN,NaN
NaN,NaN,NaN,NaN
NaN,NaN,NaN,NaN
NaN,NaN,NaN,NaN
NaN,NaN,NaN,NaN
NaN,NaN,NaN,NaN
NaN,NaN,NaN,NaN
NaN,NaN,NaN,NaN
NaN,NaN,NaN,NaN
NaN,NaN,NaN,NaN
NaN,NaN,NaN,NaN
NaN,NaN,NaN,NaN
NaN,NaN,NaN,NaN
NaN,NaN,NaN,NaN
190,286,232,339
184,288,236,344
177,284,244,350
174,286,252,350
171,287,255,352
172,285,254,347
172,284,253,349
173,282,254,344
171,284,253,347
170,283,252,349
170,284,247,350
168,289,250,355
165,291,247,361
162,290,245,358
159,293,243,361
157,291,242,361
157,285,243,351
157,282,241,348
157,282,242,346
161,285,242,338
NaN,NaN,NaN,NaN
NaN,NaN,NaN,NaN
NaN,NaN,NaN,NaN
NaN,NaN,NaN,NaN
NaN,NaN,NaN,NaN
NaN,NaN,NaN,NaN
NaN,NaN,NaN,NaN
NaN,NaN,NaN,NaN
NaN,NaN,NaN,NaN
169,206,243,251
168,201,246,242
166,199,252,248
166,193,254,254
164,187,254,258
165,177,256,256
164,174,252,248
163,166,255,240
164,161,253,236
167,151,255,227
166,148,255,224
170,141,260,218
173,136,260,212
177,130,264,204
178,128,264,203
183,129,270,205
184,135,270,211
187,138,273,217
189,144,272,221
191,153,275,229
190,158,277,236
191,169,276,239
190,177,277,234
187,184,275,231
186,193,272,228
NaN,NaN,NaN,NaN
NaN,NaN,NaN,NaN
NaN,NaN,NaN,NaN
NaN,NaN,NaN,NaN
NaN,NaN,NaN,NaN
NaN,NaN,NaN,NaN
NaN,NaN,NaN,NaN
NaN,NaN,NaN,NaN
NaN,NaN,NaN,NaN
215,242,307,291
218,242,312,295
240,235,319,295
250,230,334,295
251,225,341,297
261,221,353,294
268,215,361,289
279,209,378,284
290,202,392,278
295,198,397,277
302,191,402,274
303,186,403,269
305,182,403,263
304,180,403,264
308,180,405,258
305,181,404,262
309,180,403,257
308,181,402,260
303,180,402,257
301,178,399,259
297,177,397,260
293,177,394,259
288,177,390,259
287,178,384,257
279,178,377,252
275,176,374,257
267,175,366,252
263,178,358,248
256,181,354,237
252,183,350,228
258,189,343,221
NaN,NaN,NaN,NaN
NaN,NaN,NaN,NaN
NaN,NaN,NaN,NaN
NaN,NaN,NaN,NaN
NaN,NaN,NaN,NaN
NaN,NaN,NaN,NaN
NaN,NaN,NaN,NaN
NaN,NaN,NaN,NaN
NaN,NaN,NaN,NaN
NaN,NaN,NaN,NaN
NaN,NaN,NaN,NaN
NaN,NaN,NaN,NaN
NaN,NaN,NaN,NaN
141,246,220,289
138,226,209,289
131,223,216,290
129,220,215,284
121,225,207,287
123,222,208,284
122,218,206,284
122,221,204,287
120,219,202,284
121,216,208,282
119,221,202,285
118,221,203,287
116,224,201,288
116,223,200,293
113,229,196,295
109,229,197,296
107,237,192,300
107,233,193,300
103,239,189,304
107,237,192,303
106,242,190,309
111,241,195,309
117,238,200,303
121,235,206,305
132,228,221,296
143,223,231,292
166,215,256,287
183,213,274,278
210,209,298,281
224,208,298,276
247,207,306,274
254,202,300,270
270,203,299,268
NaN,NaN,NaN,NaN
NaN,NaN,NaN,NaN
NaN,NaN,NaN,NaN
NaN,NaN,NaN,NaN
NaN,NaN,NaN,NaN
274,213,307,277
270,210,309,275
255,205,303,276
255,206,313,278
211,206,291,281
188,210,282,282
172,206,264,283
163,210,256,288
156,216,249,291
157,214,251,289
163,219,258,295
171,220,267,297
195,219,287,294
209,219,299,293
233,216,303,289
247,216,301,287
264,216,303,282
270,220,304,277
NaN,NaN,NaN,NaN
NaN,NaN,NaN,NaN
NaN,NaN,NaN,NaN
NaN,NaN,NaN,NaN
NaN,NaN,NaN,NaN
NaN,NaN,NaN,NaN
269,222,296,280
262,218,298,280
247,206,293,274
224,207,280,281
197,211,274,283
170,213,262,286
146,220,234,290
138,223,228,296
126,229,215,300
124,231,217,300
125,236,218,306
134,234,225,304
152,234,241,307
163,235,258,310
195,235,287,311
212,240,293,315
238,241,295,311
250,241,300,305
NaN,NaN,NaN,NaN
NaN,NaN,NaN,NaN
NaN,NaN,NaN,NaN
NaN,NaN,NaN,NaN
NaN,NaN,NaN,NaN
NaN,NaN,NaN,NaN
NaN,NaN,NaN,NaN
NaN,NaN,NaN,NaN
NaN,NaN,NaN,NaN
NaN,NaN,NaN,NaN
NaN,NaN,NaN,NaN
NaN,NaN,NaN,NaN
NaN,NaN,NaN,NaN
NaN,NaN,NaN,NaN
327,321,393,384
321,319,397,391
310,329,394,405
296,332,388,422
292,335,388,435
290,339,384,439
287,341,380,440
286,338,379,436
283,333,376,430
285,327,377,424
287,317,378,405
290,314,384,393
NaN,NaN,NaN,NaN
NaN,NaN,NaN,NaN
NaN,NaN,NaN,NaN
NaN,NaN,NaN,NaN
NaN,NaN,NaN,NaN
NaN,NaN,NaN,NaN
NaN,NaN,NaN,NaN
NaN,NaN,NaN,NaN
NaN,NaN,NaN,NaN
233,188,309,277
246,189,303,268
242,187,293,259
236,187,295,258
225,185,295,256
217,186,294,255
205,186,283,255
192,190,268,259
186,192,264,263
173,195,252,263
170,200,249,266
165,206,243,273
163,206,241,278
166,212,252,281
173,213,258,281
187,212,274,282
196,211,284,281
227,209,292,282
242,210,292,277
262,206,308,276
NaN,NaN,NaN,NaN
NaN,NaN,NaN,NaN
NaN,NaN,NaN,NaN
NaN,NaN,NaN,NaN
NaN,NaN,NaN,NaN
NaN,NaN,NaN,NaN
NaN,NaN,NaN,NaN
NaN,NaN,NaN,NaN
NaN,NaN,NaN,NaN
NaN,NaN,NaN,NaN
266,223,307,302
258,218,291,294
251,222,285,293
233,222,276,296
216,225,274,295
193,230,261,298
175,235,257,305
153,243,236,313
145,248,227,315
131,258,217,323
127,259,219,326
120,264,211,329
122,260,201,327
123,260,192,326
125,257,205,316
132,248,215,313
137,243,223,309
145,236,229,306
149,234,236,301
159,225,240,296
165,222,252,290
171,219,248,287
172,215,257,285
171,219,260,289
176,218,260,293
174,218,263,291
173,222,263,295
175,219,262,291
174,221,260,295
172,220,262,292
169,223,258,298
171,223,257,296
167,225,259,299
165,228,259,303
162,232,257,307
161,231,258,307
159,237,253,312
156,238,250,316
152,241,251,317
150,242,247,317
148,237,249,314
147,237,249,315
145,237,248,312
147,233,244,313
146,230,247,308
146,230,244,307
