314,113,458,299
324,105,474,307
334,114,481,312
347,113,489,315
348,115,496,315
358,117,499,310
358,110,501,315
357,116,506,309
356,112,504,307
353,110,503,305
349,108,497,300
341,105,493,297
328,98,490,293
303,94,481,282
288,88,475,284
269,88,446,286
257,92,418,278
234,96,381,285
221,92,370,290
206,92,357,283
180,90,331,287
164,87,307,291
159,93,297,290
138,95,277,288
132,102,270,285
116,107,256,289
110,106,255,289
104,113,253,294
101,123,236,295
97,127,236,303
100,147,234,311
98,142,239,317
104,146,239,327
110,162,241,329
117,158,243,337
122,161,246,343
129,177,261,349
136,174,261,349
141,175,268,351
156,182,285,358
158,184,291,359
165,179,304,364
180,205,313,366
188,201,329,371
202,200,354,374
219,192,365,380
244,195,380,375
252,190,393,393
287,194,416,396
297,194,430,393
300,191,448,402
317,195,470,404
342,197,477,398
370,197,501,402
379,196,507,397
396,190,526,390
408,188,535,383
430,189,548,387
446,185,553,380
452,185,561,381
465,196,573,381
472,196,576,381
479,198,584,387
481,206,584,382
478,201,582,389
474,206,578,382
468,212,570,383
459,212,566,383
445,212,554,396
434,214,552,404
423,220,542,401
404,229,526,408
390,228,521,408
367,242,500,416
357,237,487,421
327,242,464,424
312,254,456,424
288,243,426,423
271,216,418,411
244,231,392,415
235,231,378,417
227,218,370,415
209,217,354,403
200,212,341,403
185,198,314,390
178,196,305,383
165,198,289,376
159,197,278,370
150,171,266,364
141,166,260,354
137,166,254,350
127,162,244,344
121,156,237,343
115,155,234,339
109,147,227,335
106,145,224,331
101,132,224,320
97,129,224,315
92,116,229,306
88,115,231,301
94,106,234,298
94,102,240,295
104,96,248,295
105,95,252,292
118,93,277,294
117,90,283,297
130,93,298,292
142,101,305,294
160,111,326,291
163,113,341,291
190,95,358,287
203,91,364,283
218,81,380,278
240,65,401,281
250,59,414,281
276,64,446,276
285,61,454,285
302,62,476,279
312,73,481,283
339,69,493,277
349,57,500,277
359,57,514,277
368,59,524,278
380,59,532,277
374,54,530,278
379,68,538,279
372,80,531,275
374,71,530,275
368,71,526,280
361,80,524,279
360,75,522,275
347,82,508,282
342,82,509,279
330,91,499,280
332,95,497,281
322,83,486,282
314,83,482,283
303,72,471,280
288,77,474,279
283,69,469,279
284,75,468,282
269,74,464,276
263,78,464,275
262,76,457,279
263,75,454,272
270,80,445,270
263,77,453,269
258,71,441,268
259,77,432,268
254,70,413,263
255,77,429,264
247,80,429,272
250,81,423,269
243,74,412,274
242,79,420,277
242,69,411,281
238,68,395,283
236,62,389,291
230,61,392,287
225,67,380,284
226,69,372,275
224,75,365,273
227,77,368,266
217,81,360,276
218,91,352,279
208,94,348,282
209,95,347,290
195,109,340,292
192,110,335,293
186,135,331,295
185,130,330,295
180,124,323,296
175,119,320,299
176,122,315,297
172,134,309,299
169,144,301,293
167,153,299,292
164,150,295,294
162,151,295,297
163,143,295,294
162,135,294,294
162,137,291,294
160,138,295,293
161,141,293,294
160,137,292,293
161,124,294,296
160,120,295,294
162,124,291,295
164,125,297,295
165,121,299,293
166,118,294,294
166,114,311,295
167,125,310,296
168,121,300,297
171,120,309,301
175,120,312,302
171,121,311,297
176,114,305,299
179,124,286,297
182,120,263,294
182,116,266,294
180,144,293,308
194,114,327,304
194,83,352,294
182,67,375,296
178,67,413,274
169,71,395,275
165,52,422,278
157,49,372,297
171,10,349,301
173,40,339,329
170,46,352,300
172,29,356,301
179,28,347,307
181,56,333,312
178,83,326,309
173,98,319,306
179,119,315,303
187,132,313,298
179,124,314,299
184,127,317,302
181,117,320,301
180,128,316,297
178,120,315,298
183,121,318,300
180,119,320,293
179,119,323,296
179,120,323,300
182,128,320,296
184,121,321,297
184,117,324,299
187,112,331,300
189,113,333,299
182,120,329,303
192,118,330,296
187,113,326,301
196,117,332,302
192,118,329,299
189,118,332,299
190,118,331,301
187,119,329,303
195,119,330,298
191,116,329,301
194,117,335,297
189,122,328,296
193,128,328,296
190,118,329,296
185,121,328,300
192,126,319,296
183,124,322,293
183,111,358,295
188,89,385,286
192,52,429,272
185,68,454,278
173,76,445,294
161,82,424,310
166,94,421,338
162,100,426,346
152,102,381,371
158,103,425,352
152,88,445,315
148,102,448,309
170,106,450,296
115,152,382,355
123,123,371,348
130,109,364,332
138,108,378,299
147,99,373,329
155,91,355,351
165,83,354,351
171,64,371,311
173,53,384,298
184,40,398,286
185,24,406,296
193,13,430,275
226,16,442,239
180,56,450,290
145,57,456,309
176,32,487,285
177,4,502,279
157,93,457,340
173,105,452,292
149,111,389,301
179,107,396,301
177,106,429,297
183,103,437,298
160,88,388,306
185,102,439,295
167,103,429,290
181,104,432,292
186,101,439,298
163,102,375,291
190,110,347,294
202,114,341,289
204,113,338,290
199,104,339,288
200,125,339,286
196,112,333,290
194,109,336,292
201,115,337,293
192,107,327,293
197,103,336,291
193,115,335,290
196,116,336,289
192,113,331,290
200,118,335,291
191,106,334,293
201,120,337,289
201,114,335,291
205,112,336,291
205,111,340,292
206,106,344,292
207,115,337,297
205,116,340,293
211,124,339,290
210,118,337,292
206,112,338,286
206,111,336,286
205,114,340,259
203,113,335,254
202,159,321,315
192,118,321,314
180,112,332,301
179,105,340,289
179,89,358,304
182,78,375,304
184,64,390,288
189,45,392,284
199,42,405,296
192,13,437,293
197,14,446,274
178,72,427,299
157,81,391,311
159,89,415,290
146,99,332,282
155,105,294,277
147,104,277,279
135,86,273,279
121,86,256,278
112,98,246,276
106,87,231,277
103,90,223,276
103,90,223,280
104,93,227,280
105,97,230,282
108,98,235,282
108,99,240,284
111,97,242,283
116,104,249,284
117,101,251,284
121,99,260,282
126,96,263,283
133,91,274,283
139,96,283,282
151,92,296,283
158,94,302,283
171,93,316,285
172,86,325,284
188,76,328,276
195,75,323,267
208,89,299,274
217,98,281,269
311,71,390,242
278,74,380,248
261,110,383,294
235,75,386,256
227,121,408,316
227,56,428,292
217,71,462,308
221,57,454,295
225,70,456,301
216,58,452,303
198,68,451,331
271,36,459,266
319,52,457,282
323,79,463,282
337,31,471,266
340,29,473,273
349,32,471,264
348,38,471,255
351,35,477,248
346,35,473,245
344,34,474,246
349,46,477,244
352,40,473,238
350,32,471,239
333,35,466,247
331,39,459,253
321,45,449,254
315,59,445,248
301,84,441,243
302,91,440,242
301,90,435,240
294,62,433,228
292,63,427,252
286,62,418,262
296,57,412,260
297,52,410,252
308,68,400,248
218,100,331,296
248,105,383,300
234,114,401,299
242,60,419,286
242,55,453,297
241,57,458,290
264,62,461,286
233,61,464,283
208,57,481,276
197,57,488,272
179,58,491,273
165,54,505,267
177,57,510,265
163,64,533,262
174,47,532,263
169,54,530,262
167,59,531,266
157,62,533,262
154,75,536,266
160,86,504,260
164,93,483,266
163,90,478,268
163,85,458,270
157,88,464,279
151,87,471,276
160,93,466,275
160,114,454,271
156,104,471,275
155,102,465,278
147,94,460,289
126,95,470,284
145,109,465,279
135,101,459,291
134,108,457,294
95,97,463,319
133,101,504,297
145,90,560,302
139,96,563,305
138,104,564,308
166,101,550,311
174,97,539,305
155,95,524,314
136,96,498,314
139,89,485,317
133,88,473,313
130,87,456,328
131,81,457,330
118,88,458,321
127,104,460,295
123,95,438,317
126,94,444,296
131,87,438,294
138,87,434,290
144,88,424,285
150,82,415,298
160,81,410,300
165,82,401,288
166,86,391,276
171,88,386,283
169,86,395,273
169,88,390,284
175,89,363,292
189,93,350,294
193,93,347,294
186,94,343,295
180,91,344,293
179,98,327,296
174,87,322,289
171,105,313,300
166,86,334,307
