224,207,296,471
224,202,297,463
224,199,299,460
224,197,301,461
224,201,300,469
225,202,297,464
228,208,293,456
227,214,293,459
225,214,295,455
225,215,294,457
227,214,291,458
227,220,291,455
227,224,290,454
226,234,288,453
222,249,293,454
225,246,291,454
225,258,287,454
224,254,290,453
220,254,293,452
223,248,293,454
227,237,289,454
224,252,291,454
222,250,294,454
222,261,290,453
223,252,291,453
220,261,294,453
220,247,298,456
222,237,294,456
221,246,291,466
227,234,285,459
224,241,283,481
220,227,279,483
223,220,274,467
229,222,277,481
218,232,279,485
NaN,NaN,NaN,NaN
NaN,NaN,NaN,NaN
NaN,NaN,NaN,NaN
NaN,NaN,NaN,NaN
222,224,292,475
221,217,288,477
236,222,287,480
236,210,288,466
233,212,284,480
230,221,281,479
229,211,277,479
226,208,278,474
229,223,274,476
228,235,273,474
224,237,275,473
225,242,273,460
224,249,268,455
224,245,265,457
224,252,263,459
219,256,264,467
211,251,272,470
207,240,277,480
206,238,286,483
220,218,296,486
NaN,NaN,NaN,NaN
NaN,NaN,NaN,NaN
NaN,NaN,NaN,NaN
NaN,NaN,NaN,NaN
231,209,323,478
223,227,312,486
209,218,304,487
209,218,296,486
207,209,314,484
201,216,302,485
219,225,309,479
206,232,297,478
218,206,312,460
214,200,299,480
183,194,303,483
221,207,298,478
220,211,295,481
225,212,289,480
220,227,289,478
226,207,294,461
226,205,294,465
228,210,292,462
230,206,286,463
228,209,292,463
228,208,295,462
228,210,292,458
228,216,293,454
228,222,290,455
227,234,289,454
223,248,292,455
225,268,287,452
219,259,293,454
222,248,292,455
226,249,288,458
220,250,290,454
220,263,292,453
224,267,290,453
217,261,291,455
221,260,289,456
222,257,292,452
217,251,294,456
216,258,294,455
219,260,291,453
220,248,291,457
217,256,291,459
228,247,293,455
221,259,293,454
220,259,291,454
229,254,292,447
221,270,291,454
223,263,291,454
228,260,289,454
229,254,289,451
227,258,287,460
228,251,289,463
232,248,286,464
232,245,287,464
237,245,284,462
237,257,284,460
240,252,284,454
242,252,285,456
244,244,287,456
245,248,288,455
246,256,286,455
246,252,289,453
246,249,291,455
248,245,289,457
249,246,288,455
248,245,290,456
249,236,290,455
249,247,290,456
250,243,291,452
250,252,289,450
251,248,295,441
253,253,291,446
254,255,291,447
255,250,291,443
NaN,NaN,NaN,NaN
NaN,NaN,NaN,NaN
NaN,NaN,NaN,NaN
NaN,NaN,NaN,NaN
NaN,NaN,NaN,NaN
NaN,NaN,NaN,NaN
215,276,270,471
214,274,284,468
221,253,295,457
210,257,293,483
220,242,295,489
227,222,304,485
213,216,300,489
224,208,307,494
219,209,299,489
238,221,305,486
221,215,305,486
225,216,315,482
217,221,305,486
216,215,316,485
219,214,311,484
214,210,312,487
222,196,317,490
216,197,315,485
218,196,322,488
220,195,325,487
221,196,325,489
220,195,330,489
204,208,333,490
203,210,347,491
210,202,343,491
218,204,349,493
220,202,349,493
186,174,342,489
169,169,346,496
169,171,345,492
164,165,348,493
NaN,NaN,NaN,NaN
NaN,NaN,NaN,NaN
NaN,NaN,NaN,NaN
NaN,NaN,NaN,NaN
NaN,NaN,NaN,NaN
NaN,NaN,NaN,NaN
NaN,NaN,NaN,NaN
NaN,NaN,NaN,NaN
NaN,NaN,NaN,NaN
NaN,NaN,NaN,NaN
NaN,NaN,NaN,NaN
NaN,NaN,NaN,NaN
NaN,NaN,NaN,NaN
NaN,NaN,NaN,NaN
NaN,NaN,NaN,NaN
163,146,373,493
165,139,368,487
166,149,371,492
167,158,372,491
161,163,377,485
157,160,378,484
163,161,375,481
166,165,378,483
162,162,383,482
165,165,383,482
164,163,389,480
164,160,390,481
153,158,403,486
149,160,411,484
153,159,413,486
155,159,411,485
142,155,425,484
123,157,444,483
138,155,437,486
161,172,428,482
147,153,440,485
124,135,454,485
112,156,475,482
126,164,469,483
82,152,484,480
96,146,494,482
89,153,492,481
102,166,492,479
108,135,492,481
102,132,500,480
32,103,506,484
22,131,512,481
2,140,508,479
0,116,528,484
3,109,551,484
-12,93,551,484
-2,77,559,489
11,138,552,480
1,153,561,478
-2,146,566,483
-3,117,570,484
-13,111,573,485
-8,107,574,486
-14,150,571,479
-8,136,577,487
-5,154,586,481
-1,176,596,483
-8,141,622,484
-6,130,620,491
0,117,639,490
4,128,619,488
6,109,645,487
-18,122,608,483
-3,148,636,480
-5,145,649,483
-13,156,639,480
-11,146,660,483
-16,122,640,486
2,133,666,482
-9,145,658,482
-25,158,669,483
-30,161,669,482
-51,149,674,479
-3,111,672,489
-19,118,678,489
-19,142,669,485
-16,142,662,487
-19,173,670,480
-33,181,671,483
-55,155,671,482
-46,130,677,483
-31,124,669,484
-31,151,666,481
-32,153,675,480
-33,178,672,482
-42,161,669,481
-18,172,658,480
-17,160,636,474
-21,162,628,479
-30,148,629,483
-49,158,669,473
-40,127,634,480
-39,167,661,483
-36,147,646,479
-41,148,659,485
-35,131,633,484
-8,146,597,483
-20,136,568,481
-9,115,602,481
-1,171,625,475
-11,148,594,478
-2,189,612,472
0,167,614,474
0,174,588,471
-3,196,598,474
-2,191,596,468
-6,199,619,471
-7,195,646,466
-24,182,554,478
-12,191,563,473
-17,169,567,473
-7,170,541,476
-2,204,547,470
-4,199,558,469
-14,186,556,474
-20,180,561,479
-8,189,541,471
19,188,549,475
28,208,566,473
56,203,559,471
33,195,529,472
98,191,527,478
99,215,518,471
90,217,517,468
95,195,518,475
96,208,517,471
92,199,517,473
95,204,516,475
93,190,511,472
102,195,520,472
91,192,514,473
91,201,508,475
80,227,509,470
96,229,512,466
79,211,507,468
74,223,547,468
8,195,539,470
13,196,548,467
37,187,551,472
63,216,550,466
17,199,526,466
28,186,519,472
25,188,521,471
21,186,537,474
23,189,552,472
24,200,566,472
40,186,586,472
36,202,655,474
3,179,663,477
-4,187,661,475
0,183,662,479
3,179,653,478
0,168,651,477
-1,182,644,473
13,170,652,482
3,164,654,479
7,196,642,477
-16,195,648,478
16,173,657,481
28,185,634,478
15,155,643,482
11,162,640,485
39,193,642,476
5,168,615,479
33,172,635,487
-8,153,609,487
10,148,643,485
32,161,631,485
8,177,571,479
72,152,575,482
3,174,568,478
-4,163,570,481
-2,163,568,480
56,164,569,484
-6,169,557,485
-9,138,559,486
-14,169,551,486
-22,161,553,488
-7,133,539,491
-10,152,547,485
8,144,522,487
12,156,520,486
2,147,545,486
1,160,546,484
6,114,534,488
55,120,567,491
51,128,536,489
10,113,508,487
40,80,566,491
0,105,556,487
44,106,581,484
6,127,569,485
1,105,541,490
11,107,510,487
75,123,531,489
37,122,528,489
-1,119,544,483
-14,107,543,486
19,119,554,482
4,102,551,487
-18,116,558,482
10,139,536,479
0,174,533,479
0,138,514,483
-5,140,530,480
-13,169,518,481
-13,156,560,481
-4,162,571,483
-19,122,548,485
-33,115,566,484
-7,128,538,480
-22,127,556,485
-8,103,568,484
-17,126,551,482
8,130,542,482
49,130,614,486
25,137,542,483
3,186,552,482
74,174,586,487
113,174,584,484
90,155,527,485
119,181,526,489
123,187,492,487
155,174,501,493
134,175,441,488
139,174,435,486
126,175,451,484
134,194,451,482
117,190,469,480
103,193,493,480
105,199,490,482
100,192,498,483
98,193,500,483
106,202,499,484
106,185,506,476
106,191,506,482
107,180,519,480
93,196,501,477
95,206,515,474
107,212,522,476
58,207,519,473
53,207,542,473
78,212,544,470
44,205,524,470
43,203,550,473
8,192,564,476
-3,189,564,474
10,192,556,474
0,197,565,477
0,184,592,475
0,182,622,481
16,190,584,479
9,182,591,480
-10,184,592,478
12,181,576,477
-7,183,596,479
-4,178,590,479
-1,183,594,476
-9,183,629,479
-11,178,646,480
-5,183,616,474
-3,190,615,474
-10,188,636,476
-10,192,637,475
-14,196,623,474
0,182,603,477
-9,187,642,472
-13,175,649,478
-10,181,640,477
-10,187,646,477
-12,150,645,478
-12,181,652,481
-11,169,644,479
-14,192,647,478
-20,184,654,475
-5,186,641,473
-8,182,651,480
-10,202,643,473
-9,181,653,475
-1,197,640,473
-16,187,655,477
-15,181,656,476
-9,170,649,474
-5,167,648,477
-1,170,647,477
-10,188,646,469
-4,180,651,476
-14,161,651,475
-5,172,647,481
-7,178,642,470
-5,179,647,479
-9,178,648,474
-14,183,651,475
1,189,641,477
-11,177,651,478
3,186,629,477
-7,201,648,470
0,187,648,474
-11,163,651,480
-6,181,641,480
-3,187,638,478
-1,173,642,476
-6,194,634,478
-9,180,643,476
-6,203,639,477
-8,210,634,473
-9,199,648,472
-10,194,625,473
-8,181,619,478
0,180,612,474
-2,181,620,476
-3,194,636,474
-9,183,621,475
1,189,585,474
1,183,596,477
5,150,606,480
16,151,593,484
5,163,616,483
23,165,587,478
23,186,558,481
32,188,570,474
8,178,562,479
6,168,555,480
15,161,552,481
27,165,590,479
42,195,592,475
58,176,564,473
75,188,553,478
69,179,558,476
78,193,559,480
69,184,556,478
90,198,544,473
111,213,536,473
88,221,534,472
95,212,529,474
101,188,531,477
120,188,528,479
116,196,514,478
108,185,527,482
126,191,508,475
117,181,505,483
136,188,511,483
122,181,503,483
127,174,507,484
121,178,504,475
104,176,506,484
103,181,505,479
141,187,502,486
138,169,498,485
145,181,498,488
123,171,501,487
132,167,498,487
154,186,498,485
158,193,501,487
156,184,462,491
161,164,462,495
163,169,475,496
NaN,NaN,NaN,NaN
NaN,NaN,NaN,NaN
NaN,NaN,NaN,NaN
141,144,424,496
168,176,419,493
123,144,409,492
124,123,408,487
127,142,408,488
125,135,407,483
159,145,399,485
149,157,402,485
166,154,398,487
160,146,398,488
162,151,397,487
157,144,398,486
164,166,393,486
158,164,396,484
164,147,387,487
153,161,397,480
161,170,395,483
159,157,395,484
125,131,399,484
157,152,391,487
143,149,399,483
153,163,397,484
138,154,404,485
144,153,402,484
154,154,405,484
152,156,412,483
155,160,413,482
148,154,414,485
159,168,412,483
162,166,413,487
165,170,417,488
118,152,425,481
130,142,452,486
101,136,487,487
102,124,485,485
105,124,488,484
110,135,485,488
130,135,495,489
104,141,495,486
64,146,493,481
18,136,508,485
112,152,521,489
18,135,503,484
71,153,528,489
82,145,526,487
124,151,532,488
83,166,513,485
122,179,526,482
56,147,511,465
75,161,542,484
21,131,527,484
1,182,525,478
38,140,590,480
71,163,560,480
112,169,546,480
98,187,541,477
55,161,541,481
39,173,560,481
69,164,560,482
109,144,562,485
94,167,562,480
29,154,559,482
5,126,572,485
-9,126,643,484
-11,143,647,488
-11,161,647,487
-3,162,644,482
-4,129,644,486
10,158,621,489
0,148,639,484
-9,165,649,486
-8,152,650,481
-3,159,647,486
-7,171,652,485
-6,163,647,479
-3,176,630,482
-1,156,646,481
-6,123,656,487
-25,125,654,488
-3,146,657,483
5,175,650,477
-8,165,654,482
-23,118,662,485
17,145,650,485
-25,116,661,487
-1,130,654,489
5,128,655,486
-3,145,657,478
-5,164,662,485
-9,129,669,487
-10,133,660,488
-6,137,659,486
-6,149,666,478
-11,166,663,481
-12,179,668,480
-4,151,655,480
-8,173,663,481
-8,184,656,474
-17,165,653,476
-10,145,655,483
-4,115,666,483
17,112,662,482
-7,106,657,486
-12,114,663,480
-20,111,635,483
-3,112,645,483
-28,126,657,483
-8,139,665,480
-12,110,682,483
0,125,668,485
-20,123,661,486
25,123,675,485
0,117,622,478
14,148,649,476
0,177,659,477
1,184,647,473
-11,169,650,476
-21,170,653,475
-6,161,651,476
-16,199,657,472
-9,165,655,478
-22,133,656,478
-10,158,672,477
-13,156,666,482
-9,172,657,478
-13,166,650,478
-24,137,655,479
-1,142,664,481
-9,185,655,481
-11,135,655,480
-10,137,656,483
-11,123,655,483
2,114,649,487
-17,112,653,489
-10,109,655,487
13,113,643,485
-5,109,644,490
1,115,647,485
11,116,636,488
-3,127,645,482
-17,152,649,483
-1,140,649,481
0,149,649,483
-8,176,645,479
-5,139,631,486
-6,151,646,484
-5,167,639,488
-2,152,642,479
-10,157,637,486
-5,168,630,483
0,154,613,479
-13,157,621,485
-19,184,604,481
2,139,596,479
15,139,587,481
5,163,588,478
0,132,595,483
-10,116,595,483
9,128,568,477
6,121,557,480
-11,146,568,479
-3,147,555,478
-2,166,541,473
-2,181,539,471
-8,182,539,473
20,177,578,478
2,175,550,475
-6,187,532,473
12,186,553,472
-3,180,546,472
-6,181,535,476
69,165,543,477
39,154,543,478
10,185,522,472
0,188,523,473
-1,195,559,473
-1,204,553,473
10,189,532,473
10,178,520,477
3,178,517,478
8,187,538,476
11,142,511,478
-7,164,525,477
-5,162,549,477
3,161,503,473
12,143,536,472
11,127,502,475
21,107,541,482
6,133,510,475
35,119,548,478
15,101,527,475
11,137,535,477
-15,133,560,476
-1,132,564,474
0,141,562,477
-2,141,565,475
1,148,550,477
0,168,523,475
13,180,548,478
4,178,542,478
-6,159,544,482
9,140,554,480
-3,158,556,480
-3,180,545,479
0,184,542,480
-2,185,556,477
-18,191,563,479
1,176,541,478
-3,182,547,481
0,182,544,478
0,188,541,480
-10,181,521,483
64,172,560,478
-4,183,536,481
-10,178,557,482
-15,171,570,482
3,182,545,479
-2,191,555,483
72,170,556,478
78,170,556,482
128,179,540,480
103,176,507,475
155,178,529,482
171,166,518,486
158,179,515,482
163,180,514,487
163,179,507,483
156,183,503,485
146,195,502,481
149,180,500,484
140,178,503,484
136,174,500,481
131,173,507,486
127,200,493,480
123,192,495,481
117,200,486,482
116,170,495,483
117,177,484,488
123,190,476,479
121,177,490,477
106,181,483,483
100,192,486,475
91,179,488,482
106,178,478,478
108,186,479,478
116,181,479,479
119,184,491,479
128,185,492,479
113,181,469,479
111,183,486,480
114,176,505,484
109,183,482,487
109,176,483,483
110,195,505,479
84,174,478,484
97,194,497,483
103,192,502,480
96,198,518,483
42,191,441,476
90,191,509,482
95,171,502,484
88,188,524,475
67,190,484,477
89,187,479,480
77,183,510,482
80,190,512,478
72,200,526,477
77,190,509,479
77,187,508,480
65,188,523,477
58,188,532,480
46,188,542,481
12,199,548,478
23,193,558,481
10,193,548,482
10,198,561,477
-15,191,561,481
-10,183,562,480
8,211,542,473
9,192,531,481
11,192,513,480
-6,190,546,481
5,192,529,478
-2,191,516,481
10,179,552,480
4,156,534,483
3,183,533,481
0,191,526,480
0,191,508,480
-3,157,551,481
-6,195,534,482
-8,194,527,479
27,163,564,481
9,136,612,482
3,152,647,481
-7,126,559,484
-4,185,576,474
-6,203,550,476
-3,214,534,475
-7,203,547,474
-4,192,524,480
-6,191,517,478
51,195,564,475
34,206,572,473
29,200,553,477
10,206,538,474
-2,193,535,479
-3,185,525,476
-4,199,526,477
-11,189,541,477
-1,187,515,479
-4,176,534,480
7,182,521,480
1,198,509,478
-1,193,519,479
-6,189,532,477
2,201,513,477
-8,202,525,479
-9,192,531,477
6,200,517,476
-2,193,527,476
-11,194,554,476
-8,196,544,475
-8,188,549,477
3,194,541,475
34,195,515,473
27,188,511,478
10,184,540,477
26,175,534,481
41,179,519,481
75,194,500,481
89,189,495,481
93,173,499,482
92,186,508,479
96,178,520,488
83,142,497,488
96,167,496,484
91,187,509,484
96,203,511,477
94,205,502,482
100,203,503,478
88,207,504,484
80,210,505,475
92,211,517,473
92,207,504,479
105,188,499,482
106,188,495,478
109,171,503,480
113,187,527,476
106,194,504,477
95,172,451,484
113,182,497,479
101,185,449,483
172,202,514,479
161,207,486,479
133,185,467,481
164,185,515,480
NaN,NaN,NaN,NaN
NaN,NaN,NaN,NaN
NaN,NaN,NaN,NaN
NaN,NaN,NaN,NaN
NaN,NaN,NaN,NaN
