193,176,260,243
198,135,261,198
199,119,263,181
202,95,267,164
203,90,273,163
204,98,278,169
208,107,284,180
219,150,289,233
227,231,294,311
228,392,289,470
228,362,288,436
224,275,287,338
218,233,283,293
217,160,283,220
211,123,279,191
206,62,277,132
204,37,277,107
204,0,278,68
202,-3,279,53
203,-2,276,46
204,-2,276,49
206,1,277,61
205,17,279,83
228,130,299,209
238,191,305,274
253,311,310,391
259,376,310,456
263,328,321,401
265,294,318,355
270,238,324,297
273,213,327,267
277,170,334,224
280,155,334,208
284,134,339,187
287,129,343,181
293,130,348,181
297,137,349,188
301,160,352,209
307,181,355,229
307,266,354,313
310,313,354,366
305,306,349,351
300,279,344,323
289,235,334,278
285,216,330,258
274,186,319,227
269,176,314,217
258,164,308,204
253,163,300,203
243,173,292,214
239,204,286,255
222,283,267,340
214,324,259,372
193,268,238,313
179,245,230,288
154,204,205,250
142,185,195,233
118,156,172,203
113,146,163,192
87,131,141,179
80,126,138,175
74,122,138,174
75,118,141,179
74,129,141,194
73,153,142,213
71,193,145,265
75,232,148,303
117,387,178,456
122,366,181,429
126,281,185,338
128,241,186,297
136,173,198,228
136,143,202,197
143,92,208,152
147,74,211,131
157,48,217,106
160,43,222,101
173,44,231,99
177,50,236,103
188,79,246,139
203,132,259,196
224,248,278,310
236,302,285,368
237,306,281,360
229,274,277,323
212,214,270,270
211,187,265,240
202,140,254,194
198,122,250,174
185,95,243,146
181,87,236,136
171,78,228,129
170,80,223,130
165,114,222,163
182,170,229,211
182,262,224,306
188,312,229,361
177,297,220,342
160,246,208,289
151,222,205,272
136,181,189,231
127,166,181,215
122,152,173,203
104,126,164,185
92,122,151,179
82,123,148,186
85,172,147,232
104,244,165,307
139,351,185,409
139,307,189,361
144,222,196,278
146,183,204,245
152,111,212,166
156,83,213,137
163,33,218,84
169,13,224,65
183,-2,241,41
189,-3,244,33
204,-1,255,32
211,-2,262,35
223,-1,274,44
223,7,276,59
236,72,284,130
238,114,286,172
244,213,290,265
247,260,291,312
249,306,290,353
247,278,294,327
