38,240,192,330
43,246,200,333
53,242,200,329
63,247,210,331
67,240,212,331
75,245,223,333
79,244,230,332
88,244,239,331
93,249,242,331
100,245,253,335
105,246,256,330
114,245,263,336
118,245,265,337
121,248,277,337
128,250,280,338
137,250,293,339
147,248,298,337
155,253,303,339
157,249,312,336
169,254,318,343
176,248,323,336
186,250,334,341
191,248,331,341
197,246,349,338
204,247,351,339
214,248,365,345
217,244,390,340
226,248,396,350
232,241,396,343
239,250,398,347
245,249,399,343
252,244,410,347
254,244,410,348
260,249,420,352
263,245,428,346
263,252,436,347
264,246,442,346
260,248,451,349
261,248,454,350
284,251,461,350
265,245,468,352
269,250,475,349
263,248,483,350
270,247,494,351
306,252,504,352
349,261,509,357
354,263,511,357
366,258,498,354
379,258,495,357
391,260,505,358
402,263,515,359
406,262,523,355
412,260,533,358
409,259,553,359
412,263,540,355
410,259,544,356
415,260,534,359
419,259,533,359
423,259,532,352
427,260,531,353
430,258,532,352
431,259,531,352
430,257,535,350
438,258,533,348
440,257,537,348
443,257,535,348
444,258,538,345
446,257,539,345
448,257,538,345
450,257,541,344
451,257,542,342
453,256,543,342
455,256,542,338
456,257,544,338
456,251,546,338
458,250,546,337
461,245,550,335
464,239,550,333
466,231,558,333
467,229,559,335
470,215,571,335
473,221,568,334
472,216,578,335
477,199,584,333
475,214,586,338
472,207,591,335
488,200,594,334
490,214,592,338
494,204,608,340
475,196,607,338
476,199,624,338
457,200,611,337
456,185,620,340
449,167,628,344
443,206,612,382
441,187,625,370
412,192,609,351
414,167,638,345
409,163,635,344
405,156,644,339
382,216,590,359
398,205,604,347
367,234,569,344
365,253,580,340
383,252,563,342
381,252,528,340
385,256,510,340
385,256,507,336
378,254,502,341
373,258,496,338
359,256,489,339
357,260,487,335
352,260,479,336
349,259,472,339
341,252,471,336
338,254,475,338
341,251,473,337
339,248,475,337
340,244,473,337
336,249,468,337
330,251,458,336
327,249,455,334
316,248,448,332
309,247,444,333
306,249,432,332
301,248,430,333
297,245,420,329
283,247,418,328
265,246,413,327
267,245,412,328
261,246,406,325
263,245,405,327
259,248,401,327
254,245,400,322
250,248,397,326
242,247,400,325
237,244,398,321
234,245,401,321
230,244,402,320
222,244,402,322
217,245,405,319
208,244,406,316
200,242,404,316
198,240,398,315
193,241,403,315
181,240,407,315
177,245,411,310
165,242,409,311
145,240,411,312
133,243,407,310
115,244,415,307
112,244,412,310
115,244,414,309
110,243,418,307
103,242,421,307
99,244,420,307
104,244,417,305
28,243,352,306
