193,176,260,243
198,134,261,198
198,117,262,183
202,95,268,165
204,92,272,161
208,97,278,171
211,107,283,180
222,151,284,229
228,233,292,310
232,394,286,459
227,366,285,431
225,277,286,338
222,234,282,291
217,160,283,221
210,124,279,189
206,64,276,131
205,38,276,105
202,0,278,66
205,-3,278,55
201,-2,277,49
205,-2,276,47
207,0,278,60
204,15,282,86
228,131,298,209
237,191,307,274
252,314,310,387
260,375,311,454
266,326,317,395
266,295,317,356
270,238,325,297
272,212,327,270
277,169,334,226
281,155,336,208
285,132,339,187
287,129,342,181
295,130,346,182
298,136,349,187
303,161,353,209
308,180,355,231
307,266,355,312
309,315,354,365
304,306,350,352
301,280,344,322
290,234,336,277
285,216,329,257
274,186,319,228
270,176,313,218
259,165,306,203
253,163,301,203
244,173,292,215
240,205,287,251
222,285,267,339
215,326,258,371
192,269,237,314
180,247,229,287
155,207,204,250
142,183,194,231
119,156,172,205
112,146,163,193
87,131,140,180
82,124,139,175
75,122,137,173
72,121,141,177
70,128,144,193
73,153,141,214
73,192,144,265
77,231,149,302
118,385,179,460
122,365,181,431
126,278,188,339
128,240,186,299
136,172,199,230
137,142,200,196
143,91,208,150
148,73,212,132
157,47,217,107
162,43,221,100
172,45,231,98
177,50,236,103
188,78,247,138
204,130,259,197
225,249,278,308
236,301,283,368
238,307,279,358
230,274,274,321
216,214,269,271
211,185,266,245
202,140,255,197
198,121,250,173
186,95,242,145
181,87,237,136
173,78,227,129
170,78,223,132
167,111,220,163
180,170,228,211
181,262,225,309
188,311,229,365
176,296,221,344
160,245,211,288
151,223,204,270
136,181,190,231
128,166,181,215
120,153,173,202
105,128,163,184
91,123,151,181
82,124,147,181
87,170,147,232
104,245,165,305
137,352,186,409
140,307,190,362
143,222,197,278
145,184,203,244
150,111,213,167
156,87,212,135
163,33,219,85
168,13,226,66
183,-1,240,39
189,-2,245,32
203,-1,258,31
211,-2,263,33
219,-1,275,42
221,7,277,59
232,79,288,122
235,119,288,166
243,215,290,266
247,259,292,312
249,306,290,354
248,278,292,327
