79,223,45,46
79,225,45,46
79,225,45,46
80,225,45,46
77,225,45,46
72,225,45,46
71,226,45,46
81,225,44,45
98,228,43,44
110,229,42,43
118,228,42,43
126,233,42,43
127,233,42,43
128,233,42,43
137,233,40,41
142,232,39,40
144,231,39,40
152,232,39,39
161,233,38,39
172,233,38,39
182,233,38,39
191,231,38,39
196,231,38,38
201,232,37,38
206,233,37,38
219,233,36,37
226,235,35,36
232,235,35,36
234,234,35,36
242,239,34,35
250,238,34,35
256,237,34,34
265,241,33,34
266,240,33,34
266,240,33,34
266,240,33,34
266,240,33,34
266,240,33,34
266,240,33,34
266,240,33,34
266,240,33,34
266,240,33,34
266,240,33,34
266,240,33,34
266,240,33,34
266,240,33,34
266,240,33,34
266,240,33,34
266,240,33,34
266,240,33,34
266,240,33,34
266,240,33,34
266,240,33,34
266,240,33,34
266,240,33,34
266,240,33,34
266,240,33,34
266,240,33,34
266,240,33,34
266,240,33,34
266,240,33,34
266,240,33,34
266,240,33,34
266,240,33,34
266,240,33,34
266,240,33,34
266,240,33,34
266,240,33,34
266,240,33,34
266,240,33,34
266,240,33,34
266,240,33,34
266,240,33,34
266,240,33,34
266,240,33,34
266,240,33,34
266,240,33,34
266,240,33,34
266,240,33,34
266,240,33,34
266,240,33,34
266,240,33,34
266,240,33,34
266,240,33,34
266,240,33,34
266,240,33,34
266,240,33,34
266,240,33,34
266,240,33,34
266,240,33,34
266,240,33,34
266,240,33,34
266,240,33,34
266,240,33,34
266,240,33,34
266,240,33,34
266,240,33,34
266,240,33,34
266,240,33,34
266,240,33,34
266,240,33,34
266,240,33,34
266,240,33,34
266,240,33,34
266,240,33,34
266,240,33,34
266,240,33,34
266,240,33,34
266,240,33,34
266,240,33,34
266,240,33,34
266,240,33,34
266,240,33,34
266,240,33,34
266,240,33,34
266,240,33,34
266,240,33,34
266,240,33,34
266,240,33,34
266,240,33,34
266,240,33,34
266,240,33,34
266,240,33,34
266,240,33,34
266,240,33,34
266,240,33,34
266,240,33,34
266,240,33,34
266,240,33,34
