124,95,247,134
125,96,247,134
123,97,247,134
120,97,251,136
118,98,251,136
121,101,247,134
121,103,244,132
120,103,244,132
122,105,239,130
123,109,235,127
121,108,239,130
121,112,235,127
119,112,237,128
117,114,237,128
115,116,232,126
111,118,235,127
108,119,237,128
105,121,237,128
104,125,232,126
104,131,228,123
102,132,230,124
103,137,225,122
99,137,230,124
94,137,235,127
92,135,239,130
91,135,239,130
92,137,235,127
94,138,230,124
93,135,235,127
92,133,237,128
93,131,237,128
95,129,232,126
95,127,237,128
98,126,232,126
98,124,235,127
99,122,235,127
101,120,232,126
103,120,230,124
106,118,228,123
108,116,225,122
111,115,223,121
113,114,221,120
116,114,217,117
116,113,219,118
118,111,219,118
118,110,219,118
121,109,217,117
120,106,221,120
120,105,223,121
120,104,225,122
123,104,221,120
126,106,217,117
126,106,217,117
130,108,212,115
127,105,217,117
125,103,221,120
125,103,221,120
128,104,217,117
131,105,212,115
129,103,214,116
128,103,217,117
129,103,214,116
131,105,210,114
130,104,212,115
130,105,212,115
132,105,208,113
131,105,210,114
134,106,206,112
135,106,206,112
135,106,206,112
137,108,202,109
140,108,198,107
144,109,194,105
145,109,192,104
149,110,188,102
151,111,188,102
152,111,188,102
156,113,185,100
158,113,183,99
162,113,181,98
163,114,177,96
164,114,179,97
166,115,179,97
167,115,177,96
168,116,176,95
170,118,172,93
172,118,170,92
173,119,170,92
175,120,167,90
175,121,167,90
174,122,169,91
172,122,170,92
173,125,167,90
173,127,164,89
174,129,161,87
176,131,157,85
177,132,154,83
176,134,154,83
177,134,151,82
177,137,150,81
176,137,153,83
176,140,150,81
177,143,147,79
173,142,148,80
174,144,145,79
174,145,142,77
173,146,140,75
171,147,138,75
212,159,137,74
215,161,134,73
215,165,131,71
213,163,130,70
210,166,130,70
210,169,128,69
207,169,126,68
204,169,124,67
197,171,125,68
192,170,123,66
190,171,120,65
184,172,118,64
180,171,115,62
178,171,117,63
177,171,115,62
174,172,113,61
170,169,114,62
167,169,114,62
166,170,112,61
164,170,111,60
162,171,110,59
159,171,108,58
157,170,106,57
156,170,104,56
155,171,106,57
154,170,103,56
153,171,101,55
153,172,99,54
150,173,98,53
149,171,99,54
148,171,97,53
146,169,99,54
145,170,97,53
143,168,99,54
141,169,101,55
139,169,99,54
139,169,97,53
136,168,98,53
135,167,100,54
135,168,99,54
133,168,100,54
133,167,99,54
132,167,101,55
131,166,103,56
130,166,104,56
130,166,102,55
128,166,104,56
127,166,106,57
127,165,107,58
127,165,107,58
127,166,107,58
126,166,108,58
127,166,106,57
126,166,107,58
125,165,109,59
124,166,108,58
125,166,107,58
125,167,106,57
124,166,108,58
122,166,110,59
122,166,108,58
121,167,109,59
121,168,110,59
120,169,110,59
121,171,108,58
120,174,109,59
119,177,110,59
118,179,110,59
117,180,112,61
116,182,113,61
115,184,114,62
114,186,115,62
114,189,113,61
115,192,111,60
114,194,109,59
113,195,108,58
112,195,109,59
112,195,107,58
110,197,108,58
110,199,106,57
108,198,108,58
107,199,108,58
106,199,108,58
105,199,108,58
105,201,109,59
105,204,108,58
105,205,108,58
105,206,109,59
105,208,108,58
106,211,106,57
107,212,104,56
107,214,104,56
108,216,104,56
109,217,103,56
109,218,103,56
111,219,101,55
111,220,100,54
112,222,100,54
114,225,98,53
115,226,97,53
114,227,99,54
116,229,97,53
116,231,97,53
117,233,97,53
117,234,97,53
118,235,96,52
121,239,95,51
121,240,95,52
122,241,95,51
123,242,93,50
124,244,91,49
124,244,90,49
124,244,92,50
125,244,92,50
125,244,92,50
124,245,94,51
124,244,95,51
124,243,95,52
125,243,95,52
125,245,95,51
125,245,94,51
126,245,92,50
126,245,93,50
125,246,93,50
127,248,91,49
127,249,91,49
126,248,92,50
126,248,92,50
127,249,90,49
127,249,91,49
126,249,92,50
126,251,92,50
127,252,92,50
128,253,94,51
129,254,95,51
131,255,95,51
131,256,94,51
131,257,94,51
131,256,95,52
132,256,95,52
134,258,94,51
135,258,92,50
137,260,91,49
138,260,89,48
137,260,91,49
138,260,89,48
137,260,91,49
137,258,90,49
138,259,90,49
138,258,92,50
139,259,92,50
140,259,92,50
141,259,92,50
141,258,93,50
141,258,95,51
139,257,96,52
140,257,97,53
140,257,98,53
140,256,99,54
138,255,100,54
139,255,101,55
138,254,102,55
137,253,104,56
137,253,104,56
136,252,107,58
136,252,109,59
136,251,110,59
135,249,112,61
135,249,112,61
134,247,114,62
133,247,117,63
134,246,114,62
134,246,117,63
133,245,119,64
133,245,120,65
133,243,121,66
133,244,120,65
132,242,123,66
132,242,123,66
133,241,125,68
131,240,126,68
132,241,125,68
131,241,128,69
131,239,129,70
130,238,130,70
131,238,130,70
130,237,133,72
130,237,134,73
130,235,137,74
130,236,134,73
129,235,137,74
130,236,134,73
132,237,131,71
132,237,131,71
132,237,131,71
131,235,133,72
131,234,135,73
131,234,134,73
131,233,137,74
129,233,140,75
129,232,140,75
129,231,141,76
129,231,141,76
129,231,141,76
129,231,141,76
130,230,141,76
129,231,142,77
129,229,144,78
128,230,147,79
129,230,144,78
128,230,144,78
128,230,144,78
128,229,144,78
129,229,144,78
129,229,144,78
128,229,147,79
126,228,148,80
128,228,145,79
128,228,145,79
129,229,142,77
128,228,144,78
129,229,142,77
129,229,142,77
128,229,142,77
129,230,140,75
129,230,140,75
129,229,141,76
129,228,141,76
129,228,141,76
129,228,141,76
128,228,142,77
129,230,140,75
129,230,140,75
129,230,140,75
129,230,140,75
129,230,140,75
129,229,141,76
129,229,141,76
129,229,141,76
129,229,141,76
128,229,142,77
129,229,141,76
129,229,141,76
130,230,140,75
129,229,142,77
129,229,142,77
128,227,145,79
129,227,144,78
128,227,147,79
128,227,147,79
128,227,147,79
128,226,147,79
126,225,150,81
126,223,151,82
126,222,151,82
126,223,150,81
126,223,150,81
127,225,147,79
128,227,144,78
128,226,145,79
127,227,145,79
127,227,147,79
127,228,144,78
127,228,147,79
128,228,144,78
129,230,142,77
129,230,142,77
128,229,144,78
128,230,142,77
129,231,140,75
129,231,140,75
129,231,140,75
129,231,140,75
129,230,142,77
128,228,144,78
129,229,142,77
128,228,144,78
129,229,142,77
129,229,142,77
129,229,142,77
129,229,142,77
130,229,142,77
129,228,144,78
128,228,147,79
127,226,150,81
127,225,151,82
128,225,151,82
127,225,154,83
127,225,154,83
127,225,154,83
127,225,154,83
127,225,154,83
126,223,156,84
127,225,153,83
126,224,156,84
126,225,154,83
127,225,153,83
126,225,153,83
127,225,151,82
126,225,151,82
127,226,148,80
126,226,150,81
127,226,148,80
126,226,150,81
127,226,148,80
126,226,150,81
127,226,148,80
127,225,151,82
127,225,151,82
127,225,151,82
127,225,151,82
126,225,153,83
127,225,151,82
127,225,151,82
127,225,151,82
127,225,151,82
128,226,148,80
128,227,148,80
128,227,148,80
128,228,147,79
129,228,147,79
128,227,148,80
128,227,148,80
128,227,148,80
128,226,148,80
127,225,151,82
127,225,151,82
127,225,151,82
127,225,151,82
127,225,151,82
127,225,151,82
127,225,151,82
127,225,151,82
127,225,151,82
127,225,151,82
127,225,151,82
127,225,151,82
127,225,151,82
127,225,151,82
127,225,151,82
127,225,151,82
127,225,151,82
127,225,151,82
127,225,151,82
127,225,151,82
127,225,151,82
127,225,151,82
127,225,151,82
127,225,151,82
127,225,151,82
127,225,151,82
127,225,151,82
127,225,151,82
127,225,151,82
127,225,151,82
127,225,151,82
127,225,151,82
127,225,151,82
127,225,151,82
127,225,151,82
127,225,151,82
127,225,151,82
127,225,151,82
127,225,151,82
127,225,151,82
127,225,151,82
127,225,151,82
127,225,151,82
127,225,151,82
127,225,151,82
127,225,151,82
127,225,151,82
127,225,151,82
127,225,151,82
127,225,151,82
127,225,151,82
127,225,151,82
127,225,151,82
127,225,151,82
127,225,151,82
127,225,151,82
127,225,151,82
127,225,151,82
127,225,151,82
127,225,151,82
127,225,151,82
127,225,151,82
127,225,151,82
127,225,151,82
127,225,151,82
127,225,151,82
127,225,151,82
127,225,151,82
127,225,151,82
127,225,151,82
127,225,151,82
127,225,151,82
127,225,151,82
127,225,151,82
127,225,151,82
127,224,151,82
126,224,153,83
127,225,151,82
127,225,151,82
127,225,151,82
127,225,151,82
127,225,151,82
127,225,151,82
127,225,151,82
127,225,151,82
127,225,151,82
127,225,151,82
127,225,151,82
127,225,151,82
127,225,151,82
127,225,151,82
127,225,151,82
127,225,151,82
127,225,151,82
127,225,151,82
127,225,151,82
127,225,151,82
127,225,151,82
127,225,151,82
127,225,151,82
127,225,151,82
127,225,151,82
127,225,151,82
127,225,151,82
127,225,151,82
127,225,151,82
127,225,151,82
127,225,151,82
127,225,151,82
127,225,151,82
127,225,151,82
127,225,151,82
127,225,151,82
127,225,151,82
127,225,151,82
127,225,151,82
127,225,151,82
127,225,151,82
127,225,151,82
127,225,151,82
127,225,151,82
127,225,151,82
127,225,151,82
127,225,151,82
127,225,151,82
127,225,151,82
127,225,151,82
127,225,151,82
127,225,151,82
127,225,151,82
127,225,151,82
127,225,151,82
127,225,151,82
127,225,151,82
127,225,151,82
127,225,151,82
127,225,151,82
127,225,151,82
127,225,151,82
127,225,151,82
127,225,151,82
127,225,151,82
127,225,151,82
127,225,151,82
127,225,151,82
127,225,151,82
127,225,151,82
127,225,151,82
127,225,151,82
127,225,151,82
127,225,151,82
127,225,151,82
127,225,151,82
127,225,151,82
127,225,151,82
127,225,151,82
127,225,151,82
127,225,151,82
127,225,151,82
127,225,151,82
127,225,151,82
127,225,151,82
127,225,151,82
127,225,151,82
127,225,151,82
127,225,151,82
127,225,151,82
127,225,151,82
127,225,151,82
127,225,151,82
127,225,151,82
127,225,151,82
127,225,151,82
127,225,151,82
127,225,151,82
126,225,151,82
126,225,150,81
126,224,151,82
126,224,151,82
126,224,151,82
126,225,150,81
126,224,151,82
126,224,151,82
126,224,151,82
126,224,151,82
126,224,151,82
127,226,148,80
126,225,150,81
127,226,148,80
126,225,150,81
126,224,151,82
125,225,150,81
127,225,148,80
126,224,151,82
126,224,151,82
127,225,148,80
126,224,151,82
126,224,151,82
127,225,148,80
125,224,151,82
126,225,148,80
128,226,145,79
129,227,142,77
128,226,145,79
128,226,145,79
128,226,145,79
128,226,145,79
128,226,145,79
128,226,145,79
128,226,147,79
128,225,148,80
129,226,147,79
127,225,150,81
127,224,153,83
126,223,156,84
126,223,156,84
126,222,157,85
126,222,156,84
125,221,159,86
126,222,156,84
126,223,154,83
126,223,154,83
126,223,153,83
126,223,153,83
126,223,153,83
125,224,153,83
126,223,151,82
126,224,148,80
126,225,147,79
127,225,144,78
128,226,142,77
128,228,140,75
127,227,142,77
126,227,142,77
125,225,145,79
125,226,144,78
124,226,145,79
125,228,142,77
125,227,141,76
126,228,138,75
126,230,137,74
125,230,140,75
126,230,137,74
127,231,134,73
126,231,134,73
127,231,133,72
127,233,130,70
127,231,133,72
127,232,130,70
128,233,128,69
129,234,126,68
129,233,129,70
128,232,131,71
129,232,129,70
128,232,128,69
128,231,126,68
129,231,125,68
128,231,126,68
128,231,126,68
129,231,125,68
128,230,126,68
130,232,124,67
129,231,125,68
129,232,124,67
129,232,124,67
128,232,124,67
128,231,125,68
127,230,128,69
128,229,126,68
127,230,126,68
127,229,129,70
127,229,126,68
127,229,129,70
127,229,128,69
127,229,129,70
128,230,128,69
129,230,125,68
129,231,124,67
128,229,126,68
128,230,128,69
130,230,125,68
130,230,125,68
130,230,125,68
128,230,128,69
128,228,129,70
127,228,130,70
128,229,131,71
126,228,134,73
128,229,131,71
128,229,131,71
127,229,130,70
127,228,130,70
127,228,130,70
127,229,130,70
127,229,130,70
128,231,128,69
128,229,129,70
128,231,128,69
127,229,130,70
128,230,128,69
129,229,129,70
128,229,130,70
127,228,133,72
127,228,133,72
128,229,130,70
129,230,128,69
129,229,129,70
128,229,131,71
129,229,129,70
128,230,131,71
128,229,131,71
127,228,133,72
128,229,131,71
127,228,133,72
128,229,131,71
128,229,131,71
127,228,133,72
127,228,133,72
127,228,133,72
128,229,131,71
127,228,133,72
127,228,134,73
126,228,135,73
126,228,134,73
128,229,131,71
128,229,131,71
129,230,129,70
129,231,128,69
127,230,130,70
127,230,130,70
128,231,128,69
127,230,130,70
127,230,130,70
128,231,128,69
127,230,130,70
128,230,129,70
128,230,129,70
127,230,130,70
127,230,130,70
127,230,130,70
128,230,129,70
126,230,130,70
127,231,128,69
127,231,128,69
128,231,125,68
126,231,128,69
126,230,129,70
126,231,128,69
125,230,130,70
126,231,128,69
128,231,125,68
126,231,128,69
128,231,125,68
125,231,128,69
127,230,125,68
125,230,126,68
127,231,124,67
127,231,123,66
127,230,123,66
127,231,123,66
128,233,120,65
128,232,120,65
128,232,120,65
128,231,121,66
127,231,123,66
127,231,123,66
127,231,124,67
127,230,125,68
127,230,125,68
127,230,125,68
127,230,125,68
128,231,123,66
128,232,124,67
128,231,125,68
127,231,126,68
127,231,126,68
129,233,124,67
128,231,126,68
128,232,128,69
129,231,126,68
129,231,129,70
129,231,131,71
128,229,133,72
129,230,130,70
130,231,130,70
131,231,131,71
130,230,133,72
130,229,133,72
129,230,135,73
128,229,138,75
130,230,137,74
131,230,137,74
130,230,140,75
130,228,142,77
128,227,145,79
129,227,145,79
129,226,148,80
131,227,145,79
131,227,147,79
132,228,147,79
133,228,144,78
135,229,142,77
134,229,144,78
133,227,147,79
131,226,150,81
130,225,153,83
128,225,156,84
131,225,153,83
131,226,150,81
131,226,153,83
131,227,150,81
134,228,147,79
134,228,147,79
135,228,147,79
135,228,145,79
133,227,148,80
134,228,147,79
133,228,148,80
133,228,148,80
134,230,147,79
133,228,148,80
134,230,147,79
134,230,147,79
135,229,145,79
133,228,148,80
134,229,147,79
133,228,148,80
134,229,147,79
131,228,150,81
133,229,148,80
134,230,147,79
134,230,147,79
132,229,148,80
132,229,148,80
134,230,145,79
134,230,145,79
134,230,145,79
135,230,144,78
133,231,147,79
135,230,144,78
137,231,141,76
137,231,141,76
137,231,141,76
137,231,141,76
137,232,141,76
137,232,141,76
137,232,141,76
138,233,140,75
138,233,140,75
137,232,141,76
138,234,140,75
137,233,142,77
137,233,142,77
137,233,142,77
136,232,144,78
137,234,142,77
137,234,142,77
135,232,145,79
137,233,142,77
137,234,142,77
137,234,142,77
137,234,142,77
137,234,142,77
137,234,142,77
138,235,142,77
135,233,145,79
135,233,147,79
136,233,144,78
136,233,144,78
137,234,142,77
137,234,142,77
138,235,140,75
137,234,142,77
138,233,141,76
136,232,144,78
138,234,142,77
136,232,145,79
137,232,144,78
136,232,145,79
137,233,142,77
136,232,145,79
137,233,142,77
136,232,145,79
137,233,142,77
136,232,145,79
138,233,142,77
138,233,142,77
136,232,145,79
138,233,142,77
138,234,142,77
136,232,144,78
137,233,142,77
136,232,145,79
135,233,147,79
136,233,144,78
137,234,142,77
135,233,144,78
138,233,141,76
137,234,142,77
137,234,141,76
137,235,140,75
137,235,140,75
137,235,140,75
137,235,140,75
136,234,142,77
136,234,142,77
136,234,142,77
135,233,145,79
136,234,142,77
135,233,145,79
135,233,145,79
134,233,147,79
135,233,144,78
135,232,145,79
135,233,144,78
135,233,144,78
137,234,141,76
135,233,144,78
135,233,144,78
135,233,144,78
137,234,141,76
136,234,142,77
135,233,145,79
135,234,144,78
135,234,147,79
134,233,148,80
136,234,145,79
138,235,142,77
137,235,144,78
137,235,144,78
139,236,142,77
138,235,144,78
138,235,145,79
138,236,147,79
139,235,145,79
137,235,148,80
137,235,148,80
138,235,148,80
139,235,148,80
140,236,147,79
139,235,148,80
138,233,151,82
139,234,150,81
138,234,153,83
138,234,154,83
138,234,154,83
138,233,156,84
137,232,159,86
137,232,159,86
138,232,159,86
139,233,157,85
138,231,161,87
138,230,162,88
137,228,165,90
136,229,169,91
137,228,167,90
136,226,170,92
136,227,172,93
134,226,176,95
134,224,177,96
136,226,174,94
136,227,172,93
135,225,176,95
136,226,174,94
137,225,174,94
137,225,174,94
137,226,172,93
137,224,174,94
136,223,177,96
137,222,177,96
136,222,181,98
133,221,183,99
135,221,183,99
134,221,183,99
136,223,179,97
136,223,177,96
136,223,177,96
136,224,176,95
136,224,177,96
135,223,181,98
136,224,177,96
135,223,181,98
134,222,185,100
134,223,183,99
132,222,186,101
132,220,188,102
134,222,185,100
134,222,185,100
132,220,188,102
134,223,185,100
134,222,185,100
134,223,183,99
135,224,181,98
135,224,181,98
134,223,185,100
134,222,185,100
132,221,188,102
132,221,188,102
132,221,188,102
133,222,186,101
134,223,183,99
135,224,181,98
135,225,181,98
136,226,179,97
134,223,183,99
135,224,181,98
136,225,177,96
136,225,177,96
136,225,177,96
136,225,177,96
135,224,181,98
135,225,177,96
135,225,179,97
134,224,181,98
132,223,185,100
134,224,181,98
134,224,181,98
133,224,181,98
133,224,181,98
132,223,185,100
133,224,181,98
131,223,185,100
131,223,185,100
133,224,181,98
133,225,177,96
134,227,174,94
133,227,176,95
135,228,174,94
134,225,177,96
135,227,174,94
135,228,172,93
135,227,174,94
136,228,172,93
136,228,172,93
136,227,172,93
135,226,174,94
134,224,177,96
134,224,177,96
134,224,177,96
133,225,179,97
133,225,177,96
133,226,176,95
134,227,174,94
135,228,172,93
135,228,170,92
135,229,169,91
134,228,172,93
135,228,169,91
134,227,170,92
133,226,174,94
134,227,170,92
135,228,169,91
136,229,165,90
134,229,169,91
135,229,167,90
134,227,170,92
134,228,169,91
135,228,167,90
135,230,164,89
135,229,165,90
134,228,169,91
134,228,167,90
133,228,169,91
135,228,165,90
135,229,162,88
135,228,165,90
134,228,167,90
134,229,164,89
136,231,161,87
134,230,164,89
135,228,165,90
134,228,167,90
134,229,164,89
136,231,161,87
136,231,161,87
135,229,164,89
134,228,167,90
135,228,165,90
135,229,164,89
134,228,167,90
133,226,170,92
131,225,174,94
132,225,174,94
133,226,170,92
134,227,169,91
134,227,169,91
133,227,172,93
134,228,169,91
133,227,172,93
134,228,169,91
133,227,170,92
135,228,167,90
135,228,167,90
133,227,170,92
134,228,169,91
133,227,170,92
133,226,170,92
133,226,170,92
134,227,169,91
134,228,169,91
135,228,167,90
135,228,167,90
135,228,167,90
135,228,167,90
133,226,170,92
132,226,174,94
133,227,170,92
132,226,174,94
133,227,170,92
135,228,167,90
133,227,170,92
133,227,170,92
133,227,170,92
132,226,174,94
134,227,170,92
135,228,167,90
134,227,170,92
134,227,170,92
134,227,170,92
134,227,172,93
133,226,174,94
134,228,172,93
133,226,174,94
134,227,172,93
134,227,172,93
134,226,174,94
134,226,174,94
134,226,174,94
135,227,172,93
134,227,174,94
135,228,172,93
133,227,176,95
133,225,177,96
134,227,174,94
133,226,176,95
133,226,176,95
133,226,176,95
134,227,174,94
136,228,172,93
133,226,176,95
133,226,176,95
133,225,179,97
131,224,183,99
133,225,179,97
134,225,177,96
134,225,177,96
133,225,179,97
133,226,179,97
134,226,179,97
132,224,183,99
134,226,179,97
132,224,183,99
134,226,179,97
132,224,183,99
135,225,179,97
133,224,183,99
133,224,183,99
135,226,179,97
134,225,181,98
133,224,183,99
133,225,183,99
133,224,185,100
133,223,185,100
133,224,183,99
135,225,181,98
133,223,185,100
131,221,188,102
131,221,188,102
131,221,188,102
133,223,185,100
132,223,186,101
134,223,185,100
133,223,186,101
131,222,190,103
131,222,190,103
132,222,190,103
132,222,190,103
132,222,190,103
133,222,188,102
133,222,190,103
131,221,194,105
131,221,194,105
131,220,192,104
132,220,192,104
131,220,194,105
131,220,194,105
131,220,194,105
131,220,194,105
129,218,198,107
132,219,194,105
134,220,190,103
135,220,188,102
133,218,192,104
133,219,194,105
132,219,194,105
132,218,196,106
133,219,194,105
133,218,194,105
132,217,196,106
132,217,196,106
132,217,196,106
132,218,196,106
133,219,194,105
131,218,196,106
129,216,200,108
130,216,200,108
129,215,202,109
132,217,198,107
132,217,198,107
132,217,200,108
131,215,204,110
131,215,204,110
132,215,204,110
131,215,208,113
130,214,212,115
129,213,214,116
130,213,214,116
132,213,214,116
131,213,219,118
130,212,223,121
131,211,223,121
131,212,223,121
130,211,228,123
129,209,232,126
129,207,237,128
127,206,242,131
127,204,244,132
130,206,242,131
129,206,246,133
129,204,251,136
127,201,257,139
126,198,262,142
126,197,264,143
126,197,264,143
125,196,270,146
125,193,275,149
126,194,272,148
124,193,278,150
127,194,275,149
125,193,281,152
124,192,283,154
124,192,283,154
124,193,283,154
122,193,286,155
121,190,289,157
119,188,295,160
119,188,295,160
119,189,295,160
120,191,292,158
118,188,298,161
120,189,295,160
118,188,301,163
119,188,301,163
117,186,304,165
118,185,307,166
117,184,310,168
116,183,310,168
116,181,313,170
117,183,310,168
114,181,316,171
117,182,310,168
114,180,316,171
118,181,310,168
117,180,313,170
115,179,316,171
118,179,313,170
117,179,313,170
115,179,316,171
114,178,323,175
115,179,319,173
115,179,323,175
117,180,319,173
115,180,323,175
113,178,326,177
116,179,323,175
116,179,323,175
113,177,329,178
114,178,326,177
114,178,326,177
113,177,329,178
114,178,326,177
113,177,329,178
113,177,329,178
112,177,332,180
113,178,329,178
111,178,332,180
108,175,339,184
107,175,339,184
106,174,343,186
105,174,343,186
108,177,336,182
109,179,332,180
109,179,332,180
111,180,329,178
110,180,329,178
113,183,323,175
114,185,316,171
114,185,316,171
116,185,313,170
114,185,316,171
116,185,313,170
118,187,310,168
119,188,307,166
119,188,304,165
119,188,307,166
119,188,304,165
117,186,310,168
119,187,307,166
119,188,304,165
117,186,310,168
119,188,304,165
117,187,310,168
117,188,310,168
117,187,310,168
115,186,313,170
116,187,310,168
118,189,307,166
117,189,307,166
117,189,307,166
117,189,307,166
