0.010082
0.033
0.034819
0.033696
0.032897
0.033355
0.032926
0.033168
0.033001
0.032594
0.033885
0.03327
0.03311
0.033153
0.033869
0.03415
0.034522
0.03324
0.033635
0.035062
0.032869
0.034546
0.033286
0.032774
0.032767
0.032667
0.032323
0.032641
0.033064
0.032546
0.032593
0.031869
0.032382
0.033957
0.033185
0.032306
0.032
0.032316
0.035175
0.032711
0.032827
0.032809
0.031448
0.032154
0.032139
0.033636
0.031623
0.032409
0.031662
0.032199
0.031393
0.031726
0.032146
0.031877
0.031747
0.031961
0.031238
0.031492
0.032849
0.031911
0.032184
0.031804
0.031867
0.032639
0.034061
0.032134
0.032293
0.031847
0.031757
0.033428
0.031528
0.032013
0.031349
0.031997
0.031734
0.031635
0.032212
0.031461
0.031452
0.032199
0.031438
0.03263
0.031468
0.031951
0.033895
0.031646
0.0332
0.031411
0.031865
0.032434
0.031682
0.031757
0.031827
0.032603
0.032017
0.031348
0.031661
0.031903
0.030846
0.03161
0.032102
0.031974
0.031624
0.031472
0.032017
0.032136
0.031657
0.032081
0.031759
0.032036
0.031786
0.031684
0.031689
0.032679
0.032382
0.031239
0.031758
0.03078
0.032075
0.031595
0.031274
0.03149
0.030857
0.030619
0.031745
0.03194
0.030978
0.031276
0.031649
0.03152
0.031515
0.031906
0.030642
0.031115
0.030735
0.030367
0.029727
0.030386
0.029999
0.030147
0.030438
0.029932
0.03035
0.030987
0.029281
0.029747
0.030332
0.029695
0.029298
0.029768
0.03016
0.03003
0.02965
0.030069
0.030502
0.031025
0.0296
0.031316
0.029897
0.03143
0.030541
0.029572
0.030222
0.030411
0.031181
0.032474
0.030304
0.030379
0.033285
0.030689
0.030524
0.030716
0.030823
0.030473
0.029736
0.029643
0.036066
0.030121
0.030358
0.030309
0.029548
0.030011
0.031135
0.029966
0.030041
0.03056
0.030316
0.03051
0.030276
0.030319
0.030358
0.029802
0.029989
0.032201
0.030154
0.030459
0.029511
0.029493
0.029588
0.029432
0.02965
0.029835
0.029492
0.029613
0.028775
0.028597
0.029361
0.030638
0.028198
0.028518
0.028448
0.029496
0.02789
0.028059
0.028147
0.028323
0.028114
0.028461
0.028366
0.029063
0.027977
0.028501
0.02862
0.028143
0.028167
0.028489
0.02992
0.028247
0.028193
0.028156
0.02768
0.027567
0.027439
0.028293
0.028786
0.027823
0.027922
0.02815
0.027698
0.028045
0.02743
0.027796
0.028182
0.028015
0.027754
0.027713
0.028783
0.027853
0.027883
0.027529
0.027972
0.027809
0.028685
0.027748
0.028453
0.027753
0.027795
0.028388
0.027907
0.028288
0.027911
0.029691
0.028103
0.028159
0.028438
0.028572
0.028463
0.028642
0.028248
0.028278
0.028661
0.028486
0.028184
0.029747
0.029426
0.027649
0.029124
0.028408
0.028358
0.028391
0.028601
0.028818
0.028673
0.029651
0.028378
0.02888
0.028849
0.028496
0.029185
0.027966
0.028453
0.029286
0.028183
0.028389
0.029254
0.031251
0.03024
0.028902
0.028388
0.030454
0.02867
0.028038
0.02877
0.028523
0.028226
0.027883
0.029178
0.028853
0.028267
0.028135
0.027931
0.027521
0.028635
0.027765
0.029489
0.028255
0.029369
0.028211
0.027981
0.027811
0.02807
0.027693
0.028483
0.028257
0.028112
0.028531
0.029231
0.02762
0.028094
0.028088
0.027881
0.027926
0.028058
0.029043
0.027816
0.028076
0.028592
0.028052
0.032005
0.028131
0.029373
0.028089
0.027551
0.029506
0.027949
0.027443
0.02751
0.028838
0.030112
0.027499
0.028307
0.027816
0.026888
0.030554
0.02769
0.029345
0.027455
0.027341
0.027985
0.028368
0.027365
0.028071
0.027301
0.027178
0.027728
0.027062
0.027489
0.034736
0.027094
0.027577
0.029344
0.027343
0.028407
0.027308
0.028761
0.027791
0.028052
0.027859
0.027909
0.029006
0.027408
0.027621
0.027581
0.02749
0.028067
0.02711
0.02783
0.026923
0.027481
0.027157
0.026935
0.027348
0.02707
0.027256
0.029241
0.027206
0.027059
0.027084
0.027184
0.027844
0.027833
0.030114
0.027573
0.027238
0.028582
0.02746
0.027902
0.027297
0.027284
0.027211
0.026897
0.026463
0.026297
0.026144
0.025996
0.028217
0.025992
0.026169
0.026541
0.02742
0.026137
0.025613
0.027441
0.025783
0.026039
0.025931
0.025699
0.025519
0.026733
0.025961
0.02653
0.025989
0.026129
0.026404
0.026393
0.026329
0.026111
0.025969
0.025905
0.025842
0.025654
0.025693
0.025925
0.025784
0.026032
0.025582
0.025525
0.025695
0.026321
0.025774
0.027072
0.025655
0.026644
0.026188
0.025886
0.025847
0.025375
0.024937
0.025144
0.024726
0.024965
0.024797
0.025015
0.027565
0.025556
0.024844
0.025257
0.025154
0.024903
0.025138
0.024746
0.02467
0.027171
0.030744
0.025709
0.02422
0.023778
0.024568
0.024419
0.025024
0.024756
0.024173
0.024543
0.024944
0.024316
0.024292
0.024957
0.024858
0.024806
0.024546
0.02451
0.024307
0.02597
0.024511
0.023783
0.02411
0.024596
0.023768
0.024312
0.024709
0.024563
0.0242
0.024981
0.027112
0.024456
0.024718
0.024494
0.024269
0.025349
0.024461
0.024608
0.024337
0.026581
0.024382
0.02503
0.024904
0.024132
0.024471
0.023993
0.02467
0.024651
0.029045
0.024438
0.034337
0.024266
0.024419
0.023886
0.023836
0.02394
0.024277
0.024193
0.024023
0.024057
0.024104
0.024041
0.023965
0.024128
0.024219
0.024262
0.02405
0.023754
0.024318
0.024468
0.023613
0.025365
0.024243
0.024068
0.023631
0.02349
0.024031
0.023951
0.026408
0.024014
0.024193
0.024332
0.024989
0.023846
0.024028
0.02524
0.023805
0.02368
0.025711
0.024275
0.023697
0.024406
0.024016
0.023633
0.025743
0.023667
0.024011
0.02413
0.024041
0.023325
0.024873
0.023674
0.025521
0.024967
0.024269
0.023773
0.024043
0.024776
0.024801
0.02421
0.024912
0.024784
0.024364
0.024208
0.024393
0.024233
0.024228
0.023874
0.023886
0.024484
0.024235
0.023644
0.023605
0.023942
0.02612
0.024077
0.025195
0.023734
0.024684
0.024044
0.023736
0.024139
0.02409
0.024759
0.023918
0.024149
0.024135
0.024465
0.023583
0.023666
0.024198
0.023566
0.023977
0.023638
0.023901
0.024091
0.024028
0.023862
0.024122
0.024526
0.023701
0.023962
0.023855
0.024333
0.025884
0.024275
0.024576
0.024112
0.02409
0.024216
0.023919
0.024369
0.023907
0.023839
0.024225
0.023852
0.024143
0.02618
0.024025
0.024197
0.023942
0.024109
0.023916
0.023548
0.024191
0.024316
0.023874
0.024696
0.024294
0.02408
0.02377
0.023697
0.02455
0.024715
0.024873
0.023954
0.024539
0.02379
0.024526
0.023921
0.024177
0.024155
0.024297
0.027924
0.024072
0.024618
0.024172
0.030163
0.024451
0.025509
0.023998
0.024815
0.023646
0.02425
0.024035
0.024504
0.024721
0.026154
0.024483
0.024483
0.024508
0.024498
0.024287
0.025785
0.026802
0.024392
0.024336
0.024306
0.026011
0.023996
0.023766
0.025278
0.024107
0.023764
0.024476
0.024599
0.02445
0.025382
0.024109
0.024489
0.024205
0.023862
0.024393
0.024592
0.026529
0.024204
0.024723
0.024288
0.023977
0.023764
0.025475
0.024667
0.024197
0.026594
0.024214
0.023981
0.025004
0.024713
0.023899
0.024382
0.025622
0.024547
0.024078
0.024718
0.024401
0.024279
0.025946
0.024105
0.024031
0.024404
0.024324
0.023892
0.02428
0.024308
0.024362
0.024535
0.025814
0.023876
0.024341
0.024086
0.024852
0.02441
0.024076
0.025151
0.023894
0.024075
0.024215
0.026967
0.024398
0.024427
0.024748
0.02498
0.02426
0.024256
0.023849
0.02542
0.02831
0.023928
0.023745
0.024165
0.024117
0.023974
0.024279
0.024494
0.024026
0.024158
0.025118
0.023779
0.023817
0.023756
0.024053
0.024134
0.025474
0.024003
0.023974
0.023834
0.023637
0.023912
0.024054
0.023975
0.024496
0.023845
0.023996
0.024433
0.024074
0.023961
0.024669
0.023788
0.024245
0.02426
0.024243
0.023594
0.025518
0.024115
0.024061
0.02498
0.024396
0.024585
0.023961
0.024172
0.024
0.024222
0.024847
0.023738
0.024132
0.024228
0.024005
0.02473
0.024709
0.023865
0.026041
0.02452
0.024062
0.024192
0.023713
0.024172
0.025442
0.024071
0.026087
0.024007
0.024366
0.024368
0.024183
0.024367
0.02422
0.024131
0.024552
0.025725
0.025423
0.023558
0.024428
0.025769
0.02494
0.024319
0.024655
0.023555
0.024693
0.023706
0.02358
0.023703
0.023921
0.024
0.024373
0.024046
0.024152
0.025569
0.024366
0.024226
0.024144
0.023776
0.025369
0.024373
0.023923
0.026122
0.024467
0.024175
0.024554
0.024156
0.024421
0.024605
0.028122
0.024406
0.024518
0.024172
0.024118
0.02447
0.024864
0.023418
0.023792
0.023736
0.02367
0.023533
0.023388
0.024318
0.025321
0.024904
0.023866
0.023397
0.023931
0.023831
0.023605
0.023634
0.023936
0.023508
0.023776
0.023693
0.023658
0.023656
0.02362
0.023252
0.024004
0.023508
0.023796
0.023871
0.023622
0.023549
0.023564
0.023588
0.023592
0.024067
0.023943
0.023697
0.024085
0.024091
0.024187
0.023864
0.024968
0.024391
0.026099
0.023646
0.024225
0.024076
0.024253
0.025663
0.024188
0.023648
0.02405
0.023745
0.02387
0.023793
0.024127
0.023795
0.026185
0.024087
0.023743
0.024145
0.02352
0.023712
0.02615
0.025755
0.024375
0.025181
0.023868
0.023811
0.023403
0.025527
0.025
0.024955
0.024056
0.023446
0.024013
0.023897
0.024383
0.024889
0.023762
0.02464
0.024801
0.023817
0.02508
0.024147
0.024061
0.025886
0.024221
0.024986
0.024446
0.027287
0.024183
0.028365
0.02852
0.024162
0.024527
0.024547
0.024269
0.02423
0.026768
0.024359
0.024663
0.026135
0.02433
0.024412
0.024042
0.024319
0.024541
0.024579
0.024717
0.024132
0.024111
0.024094
0.024208
0.023586
0.024481
0.024644
0.024406
0.024228
0.024573
0.025363
0.024144
0.024297
0.024442
0.023934
0.024285
0.024245
0.024252
0.023915
0.025764
0.024452
0.023993
0.024366
0.024319
0.023923
0.024955
0.024531
0.024124
0.024597
0.024516
0.023923
0.023759
0.024062
0.02411
0.023456
0.025239
0.024136
0.024333
0.024185
0.024114
0.024334
0.024364
0.023507
0.024367
0.023585
0.024481
0.024026
0.023664
0.02379
0.027208
0.023493
0.025504
0.024399
0.025842
0.024167
0.024484
0.023996
0.02476
0.024117
0.023951
0.024141
0.024372
0.023402
0.023686
0.024168
0.025996
0.024059
0.024108
0.023469
0.024382
0.023839
0.024163
0.023929
0.024416
0.024782
0.02402
0.02365
0.024375
0.023727
0.024617
0.024105
0.024006
0.024241
0.024657
0.024097
0.023697
0.024
0.023983
0.024207
0.02564
0.02431
0.023532
0.024009
0.023923
0.024163
0.025418
0.023987
0.02451
0.023812
0.023946
0.02385
0.024341
0.024218
0.02463
0.024538
0.024472
0.024985
0.023905
0.024411
0.025048
0.024184
0.024977
0.023675
0.025737
0.024041
0.024112
0.024267
0.024998
0.024003
0.024567
0.024696
0.023898
0.023336
0.024316
0.023945
0.025726
0.024313
0.024082
0.024352
0.025667
0.02433
0.02491
0.02585
0.025376
0.026181
0.024464
0.024486
0.024396
0.025706
0.026119
0.024477
0.024895
0.024355
0.024263
0.024187
0.024255
0.024389
0.02403
0.023743
0.024277
0.025457
0.023663
0.024198
0.024017
0.024074
0.026145
0.024633
0.024175
0.024598
0.025258
0.024483
0.024912
0.024196
0.024005
0.024516
0.024352
0.024452
0.024477
0.026439
0.024385
0.024467
0.024344
0.026018
0.024487
0.023753
0.02509
0.023478
0.025343
0.024385
0.023858
0.023523
0.02416
0.023875
0.024229
0.025668
0.024418
0.023998
0.024091
0.023864
0.024361
0.023864
0.024516
0.023968
0.024281
0.023473
0.024648
0.023605
0.023596
0.026088
0.024175
0.023472
0.024602
0.023623
0.024318
0.025379
0.023707
0.024017
0.023666
0.023423
0.024529
0.023377
0.023565
0.024474
0.023763
0.023915
0.024955
0.024053
0.023848
0.023553
0.024614
0.023967
0.024356
0.023203
0.024538
0.0244
0.025379
0.024157
0.023651
0.025791
0.02412
0.023541
0.025797
0.023644
0.024063
0.023677
0.024138
0.023688
0.023701
0.023395
0.023899
0.023676
0.02336
0.023054
0.023789
0.023821
0.02452
0.024044
0.024112
0.023785
0.024273
0.023683
0.024492
0.023644
0.024361
0.023797
0.023663
0.023962
0.024692
0.025247
0.027836
0.023707
0.023556
0.023769
0.030156
0.031435
0.023757
0.024987
0.024411
0.023884
0.024271
0.024222
0.023874
0.023897
0.024496
0.025239
0.026034
0.024214
0.023519
0.024201
0.024494
0.023743
0.024513
0.024808
0.024425
0.02379
0.023935
0.024333
0.025503
0.026998
0.024015
0.025977
0.025431
0.025582
0.02499
0.024102
0.024303
0.024424
0.025691
0.024601
0.024326
0.024197
0.024402
0.023924
0.023895
0.025071
0.023732
0.023901
0.02415
0.024306
0.023681
0.024696
0.02389
0.024506
0.026805
0.023555
0.025254
0.024092
0.024388
0.024016
0.024043
0.023837
0.023665
0.026887
0.026377
0.025877
0.02474
0.023802
0.023947
0.024177
0.023778
0.024006
0.024309
0.023273
0.02388
0.024154
0.024219
0.023769
0.023434
0.023657
0.025437
0.025296
