100
0.0186
0.017798
0.016982
0.015828
0.014935
0.013953
0.01282
0.012247
0.012078
0.012126
0.011477
0.010624
0.010452
0.010258
0.010097
0.010181
0.0098878
0.0098045
0.010037
0.010004
0.010406
0.010366
0.010375
0.010696
0.01097
0.011406
0.011515
0.011456
0.011245
0.011473
0.011447
0.011328
0.011448
0.01159
0.011535
0.01146
0.011469
0.011696
0.011519
0.011787
0.011879
0.012144
0.01203
0.011938
0.012186
0.011775
0.011623
0.011368
0.011658
0.011897
0.012023
0.012138
0.012359
0.012124
0.012081
0.012195
0.012265
0.012271
0.012281
0.012426
0.012523
0.012633
0.012814
0.013117
0.013025
0.013438
0.013086
0.013447
0.0134
0.013806
0.01379
0.013622
0.0138
0.013586
0.013281
0.013485
0.013548
0.013596
0.013906
0.013814
0.014032
0.014186
0.014751
0.014751
0.014837
0.015315
0.01561
0.015809
0.015986
0.015894
0.016107
0.016225
0.016122
0.016077
0.016166
0.016343
0.016313
0.016189
0.016139
0.016155
0.015644
0.015243
0.014985
0.01441
0.014057
0.013691
0.013772
0.013841
0.013223
0.012863
0.012224
0.01191
0.011797
0.011555
0.011539
0.011484
0.01162
0.012048
0.011663
0.011736
0.011511
0.011373
0.011368
0.011297
0.010849
0.011133
0.011681
0.011529
0.010813
0.010612
0.010191
0.0095673
0.0089915
0.0088336
0.0087316
0.0087403
0.0093945
0.0095039
0.0093979
0.0094678
0.0094303
0.0094338
0.0094454
0.0091294
0.0091921
0.0088806
0.0094541
0.0093014
0.0086126
0.0078934
0.0074834
0.0080575
0.007991
0.0081281
0.0083521
0.0080921
0.0078464
0.007598
0.0073415
0.0071956
0.0069289
0.0065506
0.0066324
0.0064609
0.0064064
0.0062168
0.005453
0.0060609
0.0070127
0.0068045
0.0065587
0.0071408
0.0076163
0.0075969
0.0072905
0.0069509
0.0072114
0.0068654
0.0067605
0.007666
0.0079337
0.0081826
0.0079194
0.0081245
0.0081766
0.0082488
0.0080788
0.0077181
0.0079532
0.0080503
0.0079315
0.0081351
0.008071
0.0081152
0.0084022
0.0083204
0.0086614
0.008794
0.0089467
0.0090669
0.0093375
0.0094405
0.0096309
0.009904
0.0098008
0.0096672
0.0099712
0.010064
0.010341
0.010456
0.010271
0.010313
0.0099346
0.009922
0.0098035
0.0094001
0.0092544
0.0095445
0.0096996
0.010149
0.010281
0.010405
0.010714
0.010661
0.010891
0.010595
0.010663
0.010911
0.010877
0.011053
0.011116
0.011536
0.011734
0.011511
0.011488
0.011324
0.011548
0.011353
0.011555
0.011277
0.011018
0.011014
0.011138
0.010989
0.010534
0.010023
0.0098696
0.0098146
0.0094419
0.010153
0.010187
0.010034
0.01018
0.010153
0.010613
0.01065
0.010461
0.011042
0.010909
0.011282
0.011275
0.011418
0.011316
0.011563
0.011911
0.012093
0.012198
0.01222
0.012418
0.01259
0.012791
0.012802
0.012479
0.012472
0.012552
0.012656
0.013214
0.01324
0.013067
0.013454
0.013687
0.014008
0.013958
0.013901
0.014061
0.01443
0.014423
0.014309
0.014715
0.015188
0.015084
0.015012
0.01519
0.01499
0.015191
0.01536
0.015347
0.015625
0.015741
0.015981
0.015818
0.0161
0.015856
0.016177
0.015986
0.015816
0.016049
0.016341
0.016247
0.016577
0.016684
0.016607
0.016769
0.016703
0.016841
0.016818
0.016856
0.017064
0.016912
0.017498
0.017209
0.017336
0.017187
0.017296
0.017466
0.017588
0.017347
0.017504
0.017759
0.017572
0.017761
0.017943
0.017768
0.01776
0.018084
0.017896
0.018228
0.01823
0.018618
0.018167
0.018033
0.018382
0.018289
0.018095
0.018191
0.018296
0.018268
0.018543
0.018714
0.018558
0.018578
0.018557
0.018839
0.019028
0.01861
0.018541
0.018826
0.018924
0.018699
0.018872
0.019059
0.018861
0.018984
0.018686
0.018865
0.018982
0.018914
0.018938
0.019253
0.019133
0.019123
0.019188
0.019167
0.019479
0.019228
0.019336
0.019238
0.019323
0.019417
0.019291
0.01906
0.019548
0.019509
0.019075
0.019211
0.019561
0.01949
0.019512
0.019466
0.019653
0.019641
0.019735
0.019731
0.01993
0.019611
0.019652
0.019615
0.019554
0.019798
0.019745
0.019817
0.019893
0.019945
0.01991
0.019857
0.019762
0.020139
0.019788
0.01959
0.019774
0.020128
0.020275
0.019763
0.020279
0.020279
0.020385
0.019747
0.020127
0.020021
0.020381
0.020224
0.020478
0.01996
0.020052
0.019996
0.020195
0.02034
0.020013
0.020048
0.020098
0.020228
0.020445
0.020162
0.020101
0.020359
0.02026
0.02031
0.020422
0.020281
0.020275
0.020411
0.020404
0.02029
0.020307
0.02029
0.020246
0.020413
0.020367
0.020204
0.020401
0.020149
0.020356
0.020361
0.020309
0.020294
0.020637
0.020521
0.020336
0.020782
0.020475
0.020674
0.020759
0.020346
0.020673
0.02064
0.020653
0.020493
0.020218
0.020645
0.020209
0.020699
0.020504
0.020892
0.020746
0.02074
0.020531
0.020702
0.020472
0.020653
0.02049
0.020548
0.021063
0.020527
0.020826
0.02079
0.020667
0.020913
0.02064
0.020635
0.02076
0.021032
0.020668
0.020889
0.02067
0.020961
0.02052
0.020826
0.020649
0.020713
0.020759
0.020732
0.021119
0.021094
0.020742
0.020971
0.020811
0.020933
0.020706
0.020876
0.020882
0.021148
0.021002
0.02118
0.021174
0.021108
0.021077
0.020866
0.021019
0.020958
0.02123
0.020746
0.020704
0.020946
0.020655
0.020472
0.020782
0.020974
0.020777
0.020612
0.020926
0.020987
0.021434
0.020996
0.020875
0.021385
0.020822
0.021234
0.02098
0.021034
0.021573
0.021095
0.020916
0.020871
0.021022
0.021041
0.021507
0.021319
0.02107
0.021085
0.021113
0.021351
0.021064
0.021207
0.021104
0.021235
0.020912
0.021609
0.021228
0.021155
0.021164
0.021242
0.021308
0.021098
0.021359
0.021392
0.021456
0.021298
0.021085
0.021263
0.021273
0.021022
0.021394
0.021323
0.0214
0.021411
0.02137
0.021191
0.021232
0.021426
0.021092
0.021225
0.021286
0.021035
0.021317
0.021201
0.021334
0.021206
0.021309
0.021348
0.021218
0.021464
0.020931
0.021473
0.021003
0.020738
0.021202
0.021202
0.021255
0.021073
0.020808
0.021477
0.02119
0.021205
0.021287
0.021112
0.021073
0.021154
0.021315
0.021829
0.021312
0.021433
0.021478
0.020893
0.021403
0.021417
0.021089
0.021459
0.021468
0.021513
0.021332
0.021229
0.021495
0.021178
0.021205
0.021202
0.021209
0.02139
0.021391
0.021468
0.021293
0.021498
0.021335
0.02166
0.021508
0.02131
0.020939
0.02122
0.021281
0.021127
0.021243
0.021051
0.021422
0.021091
0.021079
0.021237
0.021062
0.021234
0.021421
0.021324
0.021368
0.021233
0.021089
0.021211
0.021111
0.021392
0.021441
0.021242
0.021371
0.021255
0.021264
0.021494
0.021452
0.021517
0.021425
0.021507
0.021894
0.021829
0.02139
0.021852
0.021162
0.021022
0.021485
0.021076
0.021448
0.021389
0.021303
0.021168
0.021799
0.021712
0.021315
0.021395
0.02112
0.021638
0.021151
0.02142
0.021487
0.021591
0.021333
0.021116
0.021569
0.021703
0.021633
0.021663
0.021307
0.021411
0.021348
0.021238
0.021544
0.021162
0.021224
0.021501
0.021903
0.021472
0.021652
0.021284
0.021431
0.021218
0.021344
0.021354
0.021504
0.021435
0.021393
0.021331
0.021733
0.021479
0.021116
0.021763
0.021389
0.021357
0.021536
0.021665
0.021381
0.021603
0.021301
0.021657
0.021384
0.021864
0.021821
0.021942
0.021482
0.021454
0.021645
0.021593
0.021382
0.021289
0.021424
0.021375
0.021605
0.021329
0.021801
0.021638
0.021422
0.021233
0.021599
0.021506
0.021433
0.021521
0.02136
0.021344
0.02138
0.02142
0.021594
0.02137
0.02141
0.021605
0.021827
0.02175
0.021668
0.021532
0.021677
0.021375
0.021252
0.021631
0.021633
0.021756
0.021615
0.021582
0.021598
0.021492
0.021307
0.021612
0.021833
0.021598
0.021544
0.021559
0.021672
0.022105
0.021518
0.021493
0.021651
0.02198
0.021701
0.021431
0.021409
0.021693
0.021675
0.021504
0.021684
0.02152
0.021849
0.02195
0.021965
0.02162
0.021483
0.021565
0.021602
0.021669
0.021256
0.021734
0.021512
0.021705
0.021465
0.021483
0.021415
0.021814
0.02148
0.021691
0.021578
0.021386
0.021693
0.021782
0.02143
0.021785
0.021674
0.021492
0.021618
0.021569
0.02133
0.021132
0.021266
0.021412
0.021569
0.021491
0.021597
0.021545
0.021909
0.021655
0.021646
0.021308
0.021669
0.021358
0.021436
0.021147
0.021426
0.021057
0.021379
0.021477
0.021142
0.021179
0.021177
0.021076
0.021432
0.021474
0.021409
0.021177
0.021159
0.021543
0.021488
0.021467
0.021044
0.02141
0.021606
0.021201
0.021164
0.020911
0.021276
0.02121
0.021292
0.0211
0.021024
0.021178
0.021305
0.021096
0.021069
0.020699
0.021159
0.021254
0.021158
0.021128
0.021278
0.020892
0.020982
0.021029
0.021073
0.02097
0.021089
0.021033
0.021188
0.020905
0.021401
0.021033
0.021127
0.02159
0.021127
0.021395
0.021424
0.021738
0.021389
0.021317
0.02138
0.021605
0.02154
0.02136
0.021826
0.021838
0.02214
0.021663
0.021642
0.02169
0.021858
0.0218
0.021738
0.021816
0.021622
0.022029
0.021917
0.021829
0.022016
0.022
0.021862
0.021904
0.021782
0.021726
0.022254
0.021866
0.021799
0.02189
0.021668
0.022205
0.021856
0.021694
0.021694
0.021766
0.021835
0.022005
0.021691
0.022008
0.022019
0.022301
0.022016
0.022208
0.021518
0.021531
0.022143
0.022218
0.021988
0.022299
0.022109
0.021801
0.021727
0.021529
0.021813
0.021464
0.02195
0.021661
0.021766
0.021614
0.022075
0.022205
0.022242
0.021876
0.021966
0.022348
0.021903
0.021559
0.021802
0.021681
0.022053
0.02186
0.022021
0.021764
0.021707
0.021946
0.021878
0.022105
0.022088
0.022063
0.022344
0.021718
0.021739
0.022172
0.022177
0.02194
0.022009
0.02186
0.02195
0.022133
0.02198
0.021973
0.022257
0.021994
0.021991
0.021871
0.022215
0.021718
0.022062
0.022245
0.02238
0.02192
0.021647
0.021757
0.022233
0.022202
0.022146
0.022064
0.022293
0.021984
0.02202
