336,117,108,312
331,116,109,315
326,114,109,315
321,115,109,315
316,114,110,318
312,115,110,318
308,116,109,315
304,115,110,318
302,116,109,315
298,115,111,321
298,116,111,321
297,116,111,321
295,117,111,321
294,120,111,321
293,121,110,318
291,122,110,318
290,124,111,321
288,121,112,324
288,120,113,327
289,122,111,321
288,123,111,321
287,124,111,321
286,124,110,318
284,123,112,324
282,124,113,327
280,124,114,331
279,121,116,337
276,118,119,344
274,118,119,344
271,119,119,344
267,117,121,351
262,114,124,358
258,114,124,358
254,119,121,351
248,119,121,351
243,118,121,351
239,121,119,344
233,117,120,348
230,121,118,341
229,124,116,337
225,124,118,341
224,126,116,337
222,123,118,341
221,118,119,344
221,116,119,344
221,119,118,341
221,118,119,344
220,114,121,351
218,109,124,358
219,110,122,355
219,107,125,362
219,110,124,358
219,109,124,358
220,111,122,355
220,109,124,358
221,107,125,362
222,109,122,355
223,109,122,355
223,106,124,358
225,111,121,351
225,112,120,348
226,114,119,344
227,114,119,344
226,111,120,348
227,115,118,341
227,114,119,344
227,113,119,344
227,116,118,341
227,113,119,344
227,113,120,348
227,115,119,344
226,115,119,344
226,116,119,344
225,112,121,351
225,114,120,348
222,110,122,355
224,113,120,348
222,111,122,355
222,108,125,362
222,111,122,355
223,116,120,348
224,113,120,348
224,113,120,348
225,113,120,348
223,109,122,355
222,106,124,358
221,103,126,365
221,104,125,362
218,102,126,365
219,105,124,358
218,106,124,358
218,105,126,365
220,106,124,358
219,104,126,365
218,99,129,373
219,99,129,373
219,97,130,376
218,97,130,376
221,100,127,369
222,100,127,369
222,98,129,373
224,102,126,365
225,106,124,358
226,106,124,358
227,106,124,358
229,108,122,355
230,109,122,355
231,113,120,348
229,110,122,355
230,113,120,348
231,119,118,341
231,115,120,348
230,113,121,351
231,117,119,344
231,117,119,344
230,115,120,348
230,115,120,348
230,115,120,348
230,115,120,348
230,115,120,348
231,115,120,348
232,115,120,348
231,111,122,355
234,115,120,348
236,114,121,351
237,116,120,348
239,112,122,355
242,114,120,348
245,113,120,348
245,115,120,348
249,113,121,351
248,113,121,351
251,115,119,344
251,118,118,341
251,117,118,341
252,115,119,344
251,121,116,337
251,125,114,331
249,121,116,337
247,121,116,337
247,122,115,334
241,122,116,337
236,119,118,341
231,120,118,341
227,119,119,344
223,121,119,344
217,120,120,348
216,121,120,348
212,121,121,351
208,119,121,351
205,116,122,355
205,119,120,348
204,124,118,341
202,124,119,344
201,120,121,351
200,124,119,344
198,122,120,348
197,118,122,355
199,114,125,362
204,111,127,369
205,116,127,369
199,112,129,373
199,112,127,369
199,115,125,362
200,114,125,362
200,114,125,362
201,114,125,362
201,115,125,362
199,114,126,365
199,113,127,369
198,112,127,369
193,106,130,376
194,106,130,376
198,106,130,376
198,104,130,376
198,99,133,384
199,101,130,376
199,99,131,380
194,95,133,384
193,99,130,376
195,103,127,369
192,100,130,376
193,103,127,369
196,107,125,362
196,106,126,365
196,105,127,369
196,100,130,376
197,100,131,380
193,99,133,384
194,101,131,380
192,99,133,384
195,99,133,384
198,98,133,384
203,102,131,380
202,104,130,376
202,107,129,373
201,104,131,380
201,105,130,376
202,106,130,376
204,109,127,369
203,108,127,369
202,107,129,373
202,107,129,373
199,105,130,376
201,107,129,373
198,106,129,373
198,108,126,365
198,105,127,369
196,104,129,373
196,101,130,376
199,102,129,373
200,103,127,369
199,103,127,369
200,105,125,362
197,104,125,362
194,100,127,369
191,96,130,376
192,100,129,373
191,97,131,380
192,101,129,373
193,103,127,369
192,101,129,373
190,98,130,376
190,95,133,384
190,96,131,380
189,92,134,388
186,88,137,396
187,87,138,400
193,85,139,404
194,83,141,408
197,86,139,404
194,79,142,412
191,77,142,412
188,74,144,416
187,72,145,420
189,78,142,412
191,82,141,408
190,82,139,404
190,84,138,400
192,92,135,392
191,93,138,400
192,98,135,392
193,104,133,384
194,108,130,376
197,113,127,369
195,107,130,376
196,109,129,373
196,107,130,376
198,106,131,380
198,109,129,373
196,112,126,365
196,108,129,373
196,111,126,365
197,110,125,362
196,109,126,365
193,107,129,373
195,112,126,365
196,112,126,365
197,112,126,365
198,109,127,369
196,105,130,376
199,108,129,373
198,105,130,376
199,106,129,373
199,106,129,373
202,108,126,365
203,108,126,365
202,107,126,365
201,105,127,369
204,103,129,373
205,102,129,373
203,101,129,373
200,103,129,373
193,101,130,376
194,106,127,369
193,103,129,373
197,107,126,365
196,105,129,373
193,99,131,380
191,94,134,388
191,90,137,396
188,87,138,400
191,91,135,392
190,90,135,392
191,88,135,392
189,83,138,400
187,79,141,408
188,74,144,416
189,76,142,412
191,79,139,404
193,78,139,404
189,75,142,412
191,80,139,404
190,87,137,396
190,94,134,388
192,97,133,384
193,96,133,384
194,95,133,384
196,98,130,376
194,93,133,384
193,91,134,388
194,93,133,384
196,95,131,380
195,92,133,384
194,91,134,388
192,85,137,396
191,82,139,404
194,87,137,396
192,82,139,404
192,79,141,408
189,75,144,416
192,80,141,408
191,82,141,408
193,86,138,400
195,92,135,392
197,95,133,384
199,100,130,376
199,100,130,376
196,95,133,384
196,93,135,392
198,97,133,384
198,101,130,376
196,96,133,384
196,94,134,388
198,97,133,384
201,99,131,380
199,97,133,384
197,93,134,388
198,90,137,396
200,95,135,392
197,91,137,396
195,85,139,404
194,88,137,396
195,89,137,396
194,91,135,392
194,94,134,388
192,89,137,396
192,87,138,400
196,92,135,392
197,94,134,388
197,93,134,388
197,90,135,392
195,87,137,396
193,84,139,404
194,87,138,400
195,93,135,392
195,95,134,388
196,93,135,392
197,92,135,392
198,95,134,388
198,95,134,388
198,96,133,384
198,95,134,388
199,96,133,384
198,95,134,388
197,92,135,392
197,94,135,392
196,95,134,388
200,98,131,380
200,97,131,380
198,92,134,388
198,90,135,392
198,90,135,392
195,85,138,400
197,87,137,396
196,83,139,404
198,87,137,396
197,88,137,396
194,84,139,404
194,86,138,400
195,89,137,396
195,88,137,396
195,89,137,396
197,91,135,392
198,90,135,392
198,90,135,392
196,84,138,400
196,79,141,408
196,79,141,408
193,75,144,416
193,72,145,420
192,72,145,420
195,76,142,412
194,75,144,416
196,78,142,412
198,80,141,408
197,79,142,412
198,81,141,408
200,83,139,404
200,81,141,408
201,81,141,408
202,84,139,404
203,85,139,404
203,87,138,400
201,83,141,408
199,78,144,416
198,77,144,416
199,79,142,412
198,75,145,420
200,80,142,412
201,82,141,408
202,84,139,404
203,84,139,404
205,88,137,396
203,86,138,400
207,90,135,392
206,88,137,396
207,92,134,388
205,88,137,396
206,91,135,392
207,91,135,392
205,94,133,384
204,92,135,392
205,92,135,392
206,93,134,388
206,90,135,392
206,89,135,392
207,88,135,392
207,89,135,392
208,91,134,388
210,92,133,384
210,89,135,392
210,90,135,392
211,90,135,392
212,90,135,392
213,89,135,392
212,91,135,392
209,86,138,400
207,82,141,408
209,85,138,400
213,90,135,392
214,93,134,388
212,93,134,388
213,96,133,384
213,97,133,384
214,102,130,376
216,103,129,373
214,99,131,380
212,101,130,376
214,103,129,373
213,104,129,373
212,106,127,369
209,102,130,376
210,105,129,373
208,100,131,380
204,96,134,388
207,100,131,380
208,103,129,373
208,104,129,373
209,104,129,373
208,104,129,373
208,104,129,373
207,101,130,376
210,103,129,373
210,103,129,373
210,101,130,376
209,97,133,384
210,95,133,384
213,98,131,380
214,100,130,376
215,99,130,376
216,96,131,380
217,96,131,380
214,94,133,384
214,94,133,384
217,98,130,376
217,96,131,380
214,91,134,388
211,90,135,392
209,91,135,392
207,92,135,392
203,92,135,392
201,96,133,384
197,94,135,392
192,92,137,396
190,94,137,396
189,97,135,392
186,98,135,392
180,93,138,400
180,92,139,404
178,94,138,400
179,98,135,392
175,93,138,400
172,93,138,400
170,93,138,400
173,97,135,392
173,100,134,388
174,97,135,392
173,93,138,400
176,97,135,392
176,98,134,388
177,95,135,392
176,91,138,400
180,95,135,392
182,90,138,400
187,93,135,392
191,95,133,384
194,95,134,388
199,95,133,384
203,94,133,384
206,92,134,388
210,90,135,392
215,91,134,388
218,91,133,384
222,93,130,376
225,92,131,380
227,93,130,376
230,91,131,380
234,87,133,384
241,89,131,380
245,87,133,384
242,89,134,388
242,88,134,388
241,91,134,388
306,89,135,392
304,92,135,392
298,93,133,384
283,93,133,384
276,92,134,388
273,95,133,384
270,98,130,376
271,100,129,373
267,100,130,376
270,94,133,384
270,100,131,380
271,95,134,388
269,89,137,396
273,91,135,392
274,90,135,392
275,89,135,392
276,87,135,392
273,91,134,388
277,92,131,380
275,88,134,388
275,91,131,380
273,89,133,384
272,88,134,388
272,91,133,384
270,93,131,380
271,96,129,373
270,99,126,365
266,100,126,365
265,99,127,369
265,99,127,369
264,98,127,369
262,98,127,369
259,99,126,365
259,100,124,358
258,100,124,358
259,100,124,358
259,102,122,355
261,103,120,348
262,106,119,344
262,105,120,348
263,107,119,344
267,110,116,337
271,111,115,334
275,113,114,331
280,108,115,334
284,109,116,337
287,105,118,341
289,100,120,348
295,101,119,344
299,105,116,337
301,102,118,341
305,104,115,334
309,107,113,327
311,107,112,324
314,109,112,324
315,108,113,327
317,109,112,324
320,113,110,318
322,112,109,315
323,108,110,318
325,112,107,311
323,108,109,315
323,108,109,315
323,107,109,315
323,106,109,315
326,108,107,311
326,107,109,315
325,107,110,318
329,112,107,311
331,112,107,311
335,114,105,305
339,115,103,299
341,112,102,296
347,114,100,291
349,112,98,285
352,113,96,279
358,114,94,274
360,113,94,274
362,114,93,268
361,115,93,271
358,116,93,268
357,119,91,263
354,122,90,260
351,122,90,260
350,125,88,255
347,123,89,258
346,123,88,255
345,121,88,255
342,121,88,255
340,119,89,258
339,118,89,258
339,121,87,253
337,123,85,248
336,126,84,243
335,127,84,243
334,127,83,240
332,127,83,240
329,126,84,243
329,125,82,238
326,124,83,240
324,124,82,238
322,123,82,238
320,126,80,233
318,127,79,229
316,126,80,231
313,125,80,233
309,126,80,231
305,128,80,231
301,129,78,226
297,127,78,226
294,125,78,226
289,121,80,231
289,122,78,226
287,120,77,222
286,122,75,218
285,124,73,213
284,126,72,209
285,127,71,205
284,129,69,201
284,129,69,199
285,132,67,195
286,131,66,193
287,131,66,191
288,130,66,191
290,131,66,191
290,132,65,187
291,131,65,189
291,131,64,185
292,130,65,189
292,130,65,189
292,130,65,187
292,130,65,189
292,131,65,187
292,132,64,185
292,132,63,184
292,132,63,182
292,132,63,182
291,130,64,185
291,130,64,185
292,129,64,185
294,131,63,182
296,132,61,178
295,131,63,182
297,131,63,182
298,130,63,184
301,132,63,182
303,132,62,180
305,132,62,180
308,133,61,176
311,132,61,176
313,132,61,176
315,130,61,178
316,131,61,178
317,133,60,175
319,134,59,171
316,134,59,171
315,132,59,171
308,129,60,175
303,128,61,176
307,128,61,176
307,127,61,178
309,128,61,176
307,127,61,178
306,128,61,178
303,126,62,180
292,126,62,180
292,129,61,176
289,127,62,180
286,126,63,184
286,124,64,185
287,127,63,182
288,125,63,184
287,127,62,180
290,128,61,178
288,129,61,178
287,130,61,178
286,127,63,182
285,129,62,180
287,126,63,184
288,127,63,182
287,128,62,180
286,130,61,176
288,133,60,173
287,132,60,175
287,131,61,176
288,131,61,176
287,130,61,178
286,128,62,180
286,128,62,180
286,128,62,180
287,130,61,178
287,131,61,176
287,131,61,176
288,131,61,176
286,128,62,180
286,128,62,180
287,131,61,176
287,131,61,176
286,128,62,180
286,128,62,180
286,128,62,180
286,131,61,176
287,130,61,178
287,131,61,176
287,131,61,176
287,131,61,176
287,131,61,176
286,128,62,180
287,130,61,176
287,132,60,175
287,131,61,176
287,131,61,176
286,128,62,180
286,128,62,180
286,128,62,180
287,130,61,176
287,132,60,175
288,134,59,171
287,132,60,175
287,131,61,176
287,131,61,176
286,128,62,180
286,128,62,180
287,131,61,176
286,131,61,176
287,134,60,173
287,131,61,176
287,131,61,176
287,131,61,176
285,129,62,180
286,131,61,178
286,128,63,182
286,128,63,182
285,126,64,185
285,124,65,187
285,126,64,185
286,128,63,182
285,129,62,180
287,130,61,178
286,129,62,180
285,129,62,180
287,130,61,178
287,131,61,176
287,130,61,178
287,132,60,175
287,131,61,176
286,129,62,180
287,131,61,176
286,132,60,175
286,132,60,175
287,134,60,173
287,134,60,173
287,132,60,175
287,131,61,176
287,131,61,176
287,131,61,176
286,131,61,176
287,130,61,178
286,129,62,180
286,131,61,176
286,132,60,175
285,131,61,176
285,130,61,178
283,131,61,176
282,129,62,180
284,127,63,184
285,127,63,182
284,125,64,185
284,126,64,185
284,128,63,184
283,129,63,182
281,130,62,180
282,132,61,178
281,129,63,182
281,128,63,182
282,127,63,184
281,125,65,187
282,125,65,189
281,126,65,189
281,127,65,187
281,126,64,185
285,128,63,182
286,128,63,182
286,128,63,182
285,128,62,180
284,131,61,178
281,132,61,176
280,133,60,175
282,135,60,175
280,134,61,178
278,133,61,178
278,136,61,178
275,136,62,180
276,136,63,184
278,140,63,184
278,140,63,182
280,138,63,184
282,132,65,187
283,132,66,191
284,130,67,195
283,129,69,199
284,129,69,199
287,131,69,199
289,134,69,199
294,137,69,199
295,134,69,201
297,135,71,205
296,133,72,209
306,135,72,209
317,147,71,207
283,121,70,203
284,119,69,201
282,118,69,201
279,120,68,197
281,121,67,195
281,121,67,195
281,121,67,195
281,123,66,191
281,123,66,191
282,125,65,187
282,125,65,187
282,123,66,191
282,122,66,193
284,124,65,189
283,125,65,187
284,124,65,189
284,125,65,187
286,124,65,189
285,122,66,193
286,122,66,193
288,124,65,189
289,122,66,191
290,120,66,193
288,119,68,197
291,120,67,195
291,119,68,197
291,118,69,199
292,118,69,199
294,117,69,201
293,117,70,203
294,118,69,201
294,119,68,197
295,120,67,195
295,121,66,193
295,120,67,195
295,122,66,191
295,121,66,193
294,119,67,195
293,118,68,197
293,118,68,197
293,117,69,199
294,119,67,195
293,117,69,199
295,119,67,195
293,117,69,199
292,117,69,199
292,118,68,197
291,117,69,199
290,118,68,197
290,119,67,195
289,119,67,195
288,119,67,195
288,119,67,195
287,120,67,195
284,118,69,199
284,116,70,203
284,117,70,203
284,118,69,201
285,118,69,201
284,120,68,197
284,119,69,199
286,121,67,195
285,121,67,195
285,122,66,193
286,124,65,189
285,122,66,193
284,122,66,193
284,120,68,197
284,119,69,199
285,118,69,201
285,120,68,197
285,122,66,193
286,122,66,193
287,124,65,189
287,124,65,189
286,125,65,187
287,124,65,189
285,122,66,193
285,122,66,193
284,122,66,193
286,124,65,189
282,122,66,193
280,124,66,191
278,124,66,191
276,126,65,187
275,130,63,184
274,129,65,187
275,132,63,184
273,132,63,184
275,134,63,182
269,137,62,180
271,136,63,184
271,136,63,184
271,135,63,184
272,134,63,182
269,136,63,182
267,138,61,178
262,141,60,175
258,141,59,171
245,145,58,170
240,143,58,168
240,122,59,171
238,111,58,170
235,110,57,166
233,108,57,165
260,92,56,161
271,86,57,165
266,76,58,168
312,136,59,171
308,136,60,173
301,137,58,170
296,135,59,171
292,132,60,175
292,131,61,176
290,128,62,180
290,126,63,184
288,125,65,187
288,123,66,191
289,121,66,193
288,121,66,193
287,119,68,197
287,118,69,199
288,120,67,195
287,119,68,197
289,121,66,193
289,122,66,193
290,122,66,193
291,124,65,189
291,124,66,191
291,124,66,191
288,121,67,195
287,118,69,199
288,117,69,201
292,116,70,203
291,118,70,203
288,118,71,205
289,119,69,201
289,121,68,197
290,122,66,193
289,121,67,195
289,122,66,193
289,121,66,193
290,120,67,195
289,120,66,193
290,122,66,191
290,123,65,189
289,120,66,193
288,120,66,193
289,119,67,195
288,118,69,199
287,117,70,203
287,119,69,199
286,119,70,203
286,121,69,199
286,120,70,203
286,119,70,203
288,120,69,201
288,120,69,201
287,120,69,199
287,120,69,199
288,121,68,197
289,121,67,195
291,121,67,195
290,120,68,197
288,120,68,197
289,121,67,195
289,121,67,195
289,122,66,193
288,121,66,193
286,119,68,197
286,117,69,201
287,118,69,199
288,118,69,199
288,118,69,199
289,117,69,201
288,117,69,201
290,118,69,201
289,120,68,197
289,121,66,193
291,121,66,193
291,119,68,197
292,118,69,199
291,116,70,203
292,115,69,201
293,114,69,201
292,117,69,201
295,113,70,203
238,177,71,205
222,194,71,207
253,250,71,205
255,276,69,201
240,261,69,199
291,146,69,201
289,120,69,201
289,119,70,203
289,119,70,203
289,121,69,199
288,119,70,203
286,120,69,201
284,121,69,201
282,120,69,201
279,122,68,197
277,123,66,193
273,126,65,189
272,127,65,189
270,128,65,189
308,119,66,191
295,117,67,195
285,118,69,199
301,83,67,195
303,85,68,197
303,82,68,197
300,82,69,201
300,80,69,201
298,81,69,199
300,80,67,195
291,116,68,197
289,120,69,201
291,117,71,205
293,115,71,205
295,116,70,203
298,115,70,203
303,112,71,205
305,111,70,203
305,109,70,203
307,105,69,201
307,106,70,203
308,105,69,199
308,105,69,199
304,107,70,203
288,114,71,205
290,114,71,207
289,116,71,205
292,117,70,203
297,108,70,203
300,102,70,203
298,104,70,203
298,110,71,207
302,110,70,203
305,104,69,201
304,104,68,197
302,101,67,195
297,104,68,197
289,113,66,193
289,113,67,195
287,116,66,191
289,116,65,189
287,117,65,189
287,117,64,185
285,115,65,187
278,120,66,191
289,104,65,187
296,102,65,189
308,106,65,189
287,117,66,193
286,116,68,197
287,114,69,199
289,114,70,203
292,112,69,201
292,114,69,201
294,116,69,201
293,115,69,199
293,115,68,197
291,115,69,199
290,113,70,203
292,110,71,205
293,113,70,203
292,112,71,205
293,112,70,203
293,110,71,207
291,108,73,211
291,110,71,207
290,109,71,205
288,111,69,201
284,114,69,199
286,114,67,195
285,116,66,193
283,117,67,195
280,120,66,193
276,118,68,197
278,120,66,193
277,117,68,197
278,120,66,193
280,120,66,193
279,122,66,191
279,124,65,187
281,122,66,191
283,119,67,195
283,118,69,199
284,116,70,203
284,116,70,203
286,117,70,203
287,117,69,201
286,118,70,203
289,118,69,199
292,113,70,203
295,110,70,203
301,103,71,205
314,94,70,203
249,81,70,203
238,90,69,199
239,90,70,203
241,92,71,205
239,92,70,203
239,94,70,203
240,92,69,201
240,93,68,197
241,94,67,195
240,93,66,193
245,90,66,193
246,94,66,191
246,97,65,189
242,97,65,187
239,97,65,189
236,96,65,189
231,97,64,185
224,97,65,187
222,97,64,185
222,97,63,184
221,97,63,182
219,98,62,180
218,97,61,176
218,97,61,176
218,94,61,178
217,94,63,182
217,92,63,184
217,92,63,184
218,92,63,184
218,92,63,184
219,91,63,184
217,93,62,180
218,92,63,182
219,91,63,184
219,93,62,180
221,91,63,184
219,91,65,187
220,91,65,189
219,90,66,191
220,91,65,187
221,93,63,184
221,95,62,180
223,96,61,178
221,94,63,182
219,93,64,185
220,92,63,184
220,92,63,184
218,93,65,187
218,92,65,189
217,92,65,187
218,94,63,184
217,92,63,184
216,91,64,185
219,92,63,184
219,93,64,185
227,93,63,182
231,95,63,182
234,97,61,178
236,98,61,178
235,98,63,182
233,100,64,185
231,101,65,187
232,101,65,189
232,101,65,187
232,100,65,187
217,154,65,187
206,165,65,187
201,181,65,187
196,237,64,185
195,243,65,189
197,241,64,185
200,237,64,185
205,239,65,187
203,236,66,191
203,232,66,193
202,232,68,197
205,234,66,193
212,235,65,189
225,231,64,185
236,230,63,184
239,227,63,182
241,220,64,185
244,220,63,184
241,223,63,182
234,231,63,184
233,224,64,185
231,226,64,185
225,229,63,182
224,233,61,178
213,235,61,178
206,234,60,175
203,237,59,171
202,241,60,173
210,241,58,170
204,239,59,171
197,232,60,175
194,237,60,175
215,235,60,175
220,242,59,171
190,252,58,170
189,258,57,166
189,259,56,163
188,264,57,165
188,263,56,163
189,266,56,161
190,265,56,161
191,263,54,158
191,265,56,161
190,263,57,165
192,264,56,161
195,264,55,160
193,265,56,161
192,265,57,165
193,264,56,163
193,265,56,163
193,266,57,165
196,269,56,161
196,265,57,165
196,265,56,163
198,267,55,160
198,273,54,157
198,281,53,153
200,283,52,150
199,275,53,153
201,277,52,150
197,273,53,153
196,272,53,155
195,273,53,155
196,274,52,152
198,272,52,152
200,275,51,149
200,276,50,146
200,275,50,146
200,275,51,147
200,275,51,147
201,271,52,150
199,271,53,153
199,271,53,155
199,268,54,158
203,269,53,155
205,267,54,157
209,266,53,155
210,264,54,158
212,261,56,161
217,260,56,161
224,258,55,160
230,258,54,158
236,259,53,155
241,255,54,157
244,251,55,160
250,251,54,158
256,251,54,157
260,246,55,160
262,245,56,161
266,246,54,158
269,244,56,161
270,243,56,163
271,244,56,163
273,241,56,163
276,243,56,161
278,244,54,158
279,247,53,155
281,245,53,153
280,243,54,157
281,244,53,155
281,243,54,157
280,241,55,160
281,242,54,158
282,246,53,155
282,246,54,157
282,245,54,158
281,244,56,161
282,245,54,158
284,249,53,155
285,251,52,152
287,254,51,149
287,255,51,149
287,257,51,147
288,257,50,146
289,258,50,146
290,258,51,147
292,256,51,147
293,257,51,147
295,256,51,147
298,256,51,149
301,256,51,149
304,256,51,147
309,256,50,146
313,257,50,145
319,259,49,142
322,256,50,145
331,256,49,142
339,254,48,140
350,252,47,137
359,248,48,140
333,246,48,140
341,246,49,142
347,245,49,142
351,244,48,140
353,242,49,143
359,242,49,143
355,241,50,145
356,238,50,145
359,239,51,147
363,238,50,146
368,237,51,149
372,233,52,152
377,233,51,149
381,229,51,149
383,225,52,152
386,221,52,152
387,221,52,150
389,220,51,149
391,218,52,152
395,217,52,152
399,221,51,149
402,223,50,146
403,224,50,145
404,225,49,142
405,223,49,142
406,222,48,140
408,223,47,137
406,221,46,135
407,219,47,137
406,217,47,136
406,217,46,133
406,214,47,136
407,214,46,135
408,214,45,132
408,213,46,135
408,214,46,133
409,212,47,136
409,213,46,135
411,213,46,133
412,212,45,132
412,209,46,133
414,207,45,132
416,205,45,132
416,203,46,135
418,201,46,135
421,200,47,136
423,201,46,135
426,200,47,136
429,202,46,135
431,203,46,135
437,205,47,136
440,205,47,136
442,205,47,136
442,202,48,139
442,199,48,140
443,195,48,140
442,191,49,142
442,191,48,139
445,190,47,136
447,191,46,135
450,192,45,132
452,193,45,131
454,194,44,129
456,193,44,128
462,194,45,131
465,194,45,131
470,194,44,128
476,193,43,126
480,192,44,127
486,190,44,128
490,189,44,129
495,190,44,129
497,189,44,127
498,189,43,124
500,190,42,123
503,191,41,121
502,208,42,123
502,211,42,122
504,211,42,123
501,211,42,123
502,211,42,122
502,211,42,123
501,211,42,122
502,212,41,120
501,211,42,122
502,211,42,123
501,211,42,123
501,211,42,123
501,211,42,123
501,211,42,123
500,211,42,123
501,211,42,122
501,211,42,123
501,211,42,123
501,211,42,123
501,211,42,123
501,211,42,123
501,211,42,123
501,211,42,123
501,211,42,123
501,211,42,123
500,209,43,126
500,211,42,123
501,211,42,123
501,211,42,123
501,211,42,123
501,211,42,123
502,211,41,121
502,211,41,121
502,211,41,121
502,212,41,118
502,211,41,121
