-100
0.89184
0.86148
0.83079
0.75686
0.68447
0.65376
0.63353
0.567
0.51003
0.44417
0.37045
0.39102
0.37527
0.36377
0.35875
0.3909
0.40499
0.3715
0.39224
0.40651
0.42588
0.42972
0.44621
0.45743
0.47871
0.48583
0.5032
0.51322
0.52174
0.51622
0.52072
0.53137
0.49733
0.49021
0.51468
0.51262
0.48569
0.47951
0.4424
0.44774
0.45406
0.45364
0.46141
0.46532
0.45092
0.46441
0.46923
0.4673
0.45803
0.48337
0.49065
0.49071
0.50667
0.55505
0.54808
0.54622
0.54119
0.52696
0.49436
0.45544
0.4722
0.4638
0.43406
0.4386
0.42623
0.41865
0.43025
0.42454
0.42499
0.42653
0.44215
0.46141
0.46236
0.44891
0.45075
0.45069
0.4368
0.44403
0.44227
0.44313
0.42465
0.42642
0.432
0.42852
0.42833
0.43124
0.43906
0.45361
0.45531
0.43124
0.42352
0.43028
0.43517
0.44099
0.43601
0.43178
0.42266
0.42035
0.42906
0.42403
0.42346
0.44053
0.42319
0.41257
0.4037
0.40893
0.40434
0.39173
0.37982
0.37782
0.37446
0.34516
0.34713
0.33308
0.31931
0.32279
0.3169
0.33155
0.3305
0.31603
0.31721
0.29587
0.27803
0.26866
0.2356
0.23381
0.21704
0.22517
0.20912
0.1975
0.19461
0.18414
0.17427
0.16825
0.1671
0.16927
0.1686
0.15593
0.16311
0.15744
0.17083
0.16668
0.17528
0.17457
0.18676
0.19006
0.19172
0.20055
0.20913
0.20432
0.21339
0.21865
0.21801
0.22644
0.23029
0.23765
0.24135
0.24502
0.25633
0.25265
0.25801
0.27011
0.26801
0.2736
0.27617
0.28238
0.28298
0.29018
0.29621
0.29337
0.30074
0.30827
0.31274
0.31428
0.31517
0.31931
0.3266
0.336
0.34038
0.33918
0.34066
0.34674
0.35122
0.34814
0.35841
0.36725
0.36422
0.35987
0.37619
0.3797
0.37243
0.39126
0.38069
0.39816
0.3988
0.39505
0.40903
0.41302
0.41622
0.40981
0.42017
0.42443
0.4184
0.43364
0.43807
0.42745
0.44148
0.44149
0.44628
0.45112
0.4537
0.45303
0.45754
0.45745
0.46621
0.45719
0.47534
0.46473
0.47775
0.47044
0.46827
0.48142
0.49229
0.49564
0.48123
0.4982
0.50672
0.5023
0.51325
0.5045
0.51101
0.51871
0.50433
0.52469
0.51715
0.52162
0.51565
0.53338
0.51937
0.53467
0.53879
0.54258
0.54445
0.52941
0.55092
0.54099
0.55639
0.55664
0.54165
0.56939
0.55836
0.55203
0.56727
0.55561
0.56932
0.58172
0.56276
0.5703
0.58334
0.5798
0.56415
0.58526
0.5983
0.59089
0.59099
0.5746
0.59286
0.60313
0.60392
0.57933
0.58933
0.60825
0.58419
0.58954
0.611
0.59118
0.59769
0.61333
0.59189
0.61204
0.61047
0.61105
0.60429
0.57877
0.5924
0.605
0.5855
0.56408
0.55699
0.55393
0.55843
0.51896
0.51673
0.49975
0.47872
0.48002
0.45879
0.42522
0.39827
0.39895
0.37078
0.39128
0.40449
0.44084
0.42608
0.4406
0.44239
0.42985
0.42391
0.39948
0.40845
0.39432
0.39751
0.39554
0.38409
0.36592
0.35315
0.36015
0.33824
0.35744
0.35563
0.35064
0.34629
0.35363
0.36668
0.36601
0.39305
0.38873
0.40566
0.41214
0.41388
0.41305
0.42319
0.42565
0.42084
0.42032
0.40941
0.41512
0.40704
0.42301
0.43752
0.44146
0.43404
0.43015
0.43686
0.43692
0.43941
0.46054
0.45169
0.45482
0.45176
0.46013
0.46066
0.48113
0.47181
0.47564
0.46761
0.47293
0.47989
0.46556
0.48122
0.45606
0.45528
0.46175
0.46757
0.45893
0.4632
0.46251
0.47276
0.47244
0.48401
0.48757
0.48707
0.48042
0.48812
0.4918
0.49199
0.48847
0.50399
0.49792
0.49289
0.49964
0.49633
0.5028
0.49243
0.51233
0.51377
0.51884
0.5164
0.52749
0.52049
0.51365
0.53614
0.52432
0.52909
0.53312
0.53844
0.53103
0.53059
0.54147
0.55182
0.54987
0.55513
0.55469
0.54696
0.56228
0.54393
0.54167
0.54683
0.55065
0.54489
0.54374
0.56095
0.54956
0.55981
0.55278
0.56071
0.56816
0.54586
0.57691
0.57502
0.57693
0.57065
0.57826
0.57668
0.58105
0.58364
0.57131
0.59247
0.59287
0.59592
0.60981
0.58907
0.60783
0.6112
0.60456
0.58547
0.60906
0.5984
0.61989
0.62081
0.60157
0.62468
0.6276
0.63356
0.61038
0.63456
0.63336
0.62289
0.64219
0.64473
0.59928
0.61828
0.65219
0.61485
0.65601
0.66855
0.61171
0.64322
0.6625
0.62345
0.64221
0.67331
0.61949
0.67798
0.63207
0.6701
0.63929
0.67772
0.65651
0.64354
0.6836
0.649
0.69373
0.63991
0.6886
0.65442
0.67727
0.64558
0.65107
0.66182
0.69348
0.66828
0.70496
0.66729
0.69559
0.67259
0.71105
0.70436
0.66496
0.67101
0.70821
0.66659
0.72231
0.67553
0.71112
0.68711
0.72932
0.68224
0.72617
0.68734
0.7272
0.70224
0.68522
0.73063
0.68696
0.72779
0.70168
0.72805
0.70465
0.74075
0.70406
0.74587
0.74041
0.71789
0.74712
0.70638
0.74273
0.71669
0.73637
0.71095
0.75326
0.74782
0.72769
0.72902
0.75222
0.72337
0.74789
0.74859
0.73674
0.71962
0.75582
0.72203
0.75523
0.73733
0.72032
0.7357
0.76011
0.74963
0.69839
0.73238
0.74262
0.72968
0.6995
0.71756
0.7285
0.7219
0.67935
0.66051
0.65195
0.65689
0.67143
0.65012
0.63121
0.63993
0.63581
0.64254
0.61739
0.64065
0.62045
0.64233
0.6291
0.65092
0.67135
0.6168
0.65469
0.67277
0.65481
0.6756
0.65655
0.69153
0.66391
0.69876
0.65135
0.66106
0.68485
0.71243
0.68932
0.70923
0.70008
0.72993
0.72881
0.7274
0.68485
0.69623
0.71657
0.69291
0.72087
0.71102
0.73173
0.71054
0.7326
0.7049
0.73181
0.69036
0.70885
0.72865
0.71089
0.72993
0.72864
0.7052
0.72697
0.69368
0.73454
0.694
0.73915
0.7388
0.72808
0.74559
0.7504
0.74229
0.7501
0.7576
0.72952
0.77236
0.72316
0.7616
0.73176
0.7681
0.72018
0.77615
0.73898
0.78122
0.74136
0.77616
0.7467
0.78168
0.77658
0.74565
0.79004
0.75833
0.73471
0.79575
0.75771
0.78221
0.75573
0.79245
0.75117
0.76159
0.79052
0.77316
0.79791
0.75743
0.77164
0.79212
0.76984
0.80113
0.7736
0.80176
0.77845
0.80963
0.76655
0.7592
0.7937
0.778
0.7642
0.80859
0.77346
0.79457
0.79169
0.80472
0.77385
0.80041
0.76483
0.81173
0.80001
0.81155
0.80733
0.81248
0.78322
0.79822
0.79063
0.77867
0.81849
0.79974
0.79546
0.80957
0.82175
0.81342
0.8223
0.76435
0.82255
0.80118
0.82236
0.80677
0.82541
0.79754
0.81692
0.82881
0.82266
0.80407
0.8169
0.80399
0.82727
0.79942
0.79227
0.8056
0.80939
0.77978
0.78736
0.80105
0.75861
0.75049
0.77089
0.79056
0.78804
0.78308
0.77426
0.78028
0.75523
0.7771
0.77257
0.76795
0.74999
0.78526
0.77628
0.75871
0.76956
0.75399
0.75319
0.71839
0.71411
0.71543
0.6994
0.66804
0.69239
0.66779
0.68867
0.65939
0.66986
0.67344
0.66779
0.68162
0.68934
0.6933
0.65324
0.67051
0.66037
0.65816
0.66306
0.64736
0.67194
0.66134
0.68534
0.68177
0.6833
0.66659
0.66025
0.65638
0.67312
0.64476
0.63941
0.66006
0.65501
0.6371
0.64475
0.64632
0.64526
0.65364
0.63207
0.65772
0.65096
0.6595
0.64839
0.63836
0.64243
0.6232
0.65185
0.65088
0.65193
0.67054
0.65608
0.64997
0.65937
0.66522
0.66162
0.65712
0.64381
0.65967
0.64307
0.64665
0.64051
0.63183
0.65457
0.62729
0.65029
0.63166
0.65126
0.66233
0.63685
0.63845
0.62999
0.6524
0.64674
0.64756
0.61428
0.64856
0.6378
0.6246
0.65993
0.65211
0.65274
0.63911
0.63743
0.64779
0.6318
0.64976
0.65527
0.6499
0.61278
0.59474
0.6206
0.61669
0.62721
0.60769
0.61458
0.60488
0.62861
0.62854
0.60256
0.61703
0.60088
0.59561
0.61853
0.6022
0.64146
0.61133
0.62968
0.61745
0.63096
0.61463
0.61809
0.63212
0.61485
0.64543
0.61791
0.64557
0.62256
0.64157
0.63903
0.6108
0.62858
0.61307
0.63959
0.62311
0.62787
0.63993
0.60868
0.6192
0.60739
0.60096
0.61574
0.61031
0.61536
0.61728
0.62069
0.61835
0.62409
0.61856
0.59927
0.60483
0.60388
0.58129
0.58545
0.57996
0.58609
0.58059
0.56756
0.56715
0.5722
0.55683
0.56097
0.56361
0.56637
0.5528
0.54916
0.52223
0.54493
0.51477
0.5233
0.53219
0.52111
0.5359
0.55253
0.52426
0.54918
0.53727
0.55022
0.53718
0.55367
0.55656
0.54485
0.5636
0.55232
0.5515
0.5646
0.57531
0.55109
0.54011
0.54831
0.53707
0.52439
0.51747
0.51019
0.48444
0.49055
0.47117
0.46617
0.44387
0.42684
0.39656
0.39448
0.39967
0.38174
0.36639
0.36113
0.36584
0.3673
0.37105
0.37335
0.3566
0.34677
0.3519
0.34572
0.32851
0.33925
0.35922
0.35348
0.35207
0.33157
0.32491
0.33871
0.33914
0.32111
0.31965
0.31412
0.32186
0.31344
0.30508
0.2986
0.29504
0.2881
0.28411
0.31066
0.32712
0.32951
0.36212
0.37796
0.38127
0.38014
0.38669
0.38444
0.38743
0.38772
0.38511
0.38585
0.37929
0.38368
0.37781
0.38128
0.37592
0.37387
0.38774
0.38578
0.40249
0.40173
0.39088
0.39656
0.3971
0.39413
0.36637
0.37851
0.3777
0.37506
0.3779
0.38441
0.37269
0.36863
0.3744
0.39334
0.38219
0.37566
0.37368
0.3726
0.37596
0.3731
0.38216
0.36986
0.3699
0.38011
0.35339
0.33302
0.34436
0.32947
0.32048
0.33011
0.32666
0.32875
0.3176
0.33863
0.31955
0.32742
0.33611
0.33844
0.33434
0.34339
0.36706
0.36483
0.38006
0.38732
0.38164
0.35723
0.35263
0.34444
0.33607
0.32434
0.31386
0.31099
0.30902
0.31257
0.30941
0.3095
0.3236
0.31986
0.30725
0.30787
0.29822
0.29609
0.28355
0.29248
0.28996
0.29798
0.28372
0.25949
0.2031
0.17815
0.17036
0.16904
0.12676
0.10637
0.12481
0.12998
0.11399
0.16658
0.20652
0.18134
0.17008
0.14748
0.11074
0.094407
0.10271
0.10725
0.094381
0.099918
0.077511
0.07363
0.064341
0.071085
0.079557
0.082614
0.087439
0.0888
0.092985
0.09395
0.10259
0.10639
0.1053
0.10888
0.11033
0.11629
0.11775
0.11716
0.1238
0.12133
0.13017
0.12618
0.13253
0.12772
0.13467
0.13271
0.13754
0.14703
0.13771
0.13978
0.14599
0.14926
0.14945
0.15155
0.159
0.15805
0.15951
0.16488
0.16204
0.16239
0.17088
0.17109
0.17447
0.17609
0.18039
0.18205
0.18288
0.1817
0.18499
0.17933
0.18701
0.18755
0.19203
0.19374
0.20211
0.20247
0.19873
0.20502
0.20407
0.20571
0.21069
0.20969
0.2097
0.21237
0.21844
0.21899
0.22198
0.21947
0.22256
0.22392
0.22923
0.23102
0.23018
0.23244
0.23517
0.23484
0.23707
0.24231
0.24369
0.24805
0.24253
0.24468
0.24952
0.25078
0.25494
0.25623
0.25547
0.25367
0.2586
0.26208
0.25638
0.26512
0.27059
0.27041
0.26623
0.27496
0.27345
0.2773
0.28044
0.27707
0.28114
0.28033
0.27645
0.28341
0.29248
0.29217
0.29613
0.29301
0.29532
0.29873
0.2963
0.30397
0.31113
0.30971
0.30475
0.30136
0.30409
0.30864
0.30913
0.30702
0.31167
0.31368
0.31447
0.31482
0.3195
0.32555
0.3241
0.31523
0.32803
0.32793
0.33232
0.33961
0.32906
0.33313
0.33537
0.33261
0.33828
0.33701
