2.305087
0.051603
0.051623
0.051664
0.051498
0.051668
0.051215
0.051550
0.051604
0.052246
0.051526
0.051631
0.051847
0.051495
0.051573
0.051420
0.051483
0.051307
0.051172
0.051091
0.096276
0.051243
0.051211
0.051084
0.051382
0.051005
0.050950
0.050942
0.050779
0.050828
0.051397
0.051319
0.051207
0.051410
0.051463
0.051600
0.051443
0.051478
0.051475
0.051725
0.096920
0.052037
0.051376
0.051353
0.050698
0.051455
0.051482
0.051027
0.050990
0.051177
0.051170
0.050757
0.051183
0.050815
0.050989
0.051243
0.051154
0.050858
0.051091
0.051114
0.096676
0.052844
0.051695
0.051498
0.051519
0.052004
0.051516
0.051797
0.051261
0.051481
0.051251
0.051588
0.051503
0.051767
0.051420
0.051632
0.051912
0.051916
0.051873
0.051920
0.097435
0.051327
0.050276
0.074150
0.050717
0.050472
0.050716
0.050691
0.051735
0.051806
0.051621
0.051443
0.050838
0.051246
0.051697
0.051282
0.053187
0.051788
0.051782
0.052101
0.097575
0.051771
0.051802
0.052510
0.052781
0.052723
0.052801
0.052426
0.052571
0.052337
0.052779
0.052186
0.052840
0.052348
0.052576
0.052532
0.052336
0.052772
0.052378
0.052472
0.097733
0.052161
0.052161
0.051798
0.052396
0.052460
0.051883
0.051989
0.051811
0.051904
0.052257
0.051919
0.051672
0.051716
0.052027
0.052042
0.051888
0.052035
0.051932
0.051719
0.097624
0.052106
0.051687
0.052083
0.052817
0.052019
0.052361
0.054439
0.055231
0.053525
0.050443
0.050668
0.050728
0.050963
0.050461
0.050712
0.050656
0.050482
0.050719
0.050539
0.096164
0.050782
0.050463
0.050397
0.050341
0.050583
0.051156
0.051007
0.050942
0.051214
0.051127
0.051915
0.051557
0.050551
0.050501
0.050534
0.050376
0.050721
0.050239
0.050272
0.095541
0.049969
0.050072
0.050208
0.049857
0.049695
0.049917
0.052026
0.051375
0.050071
0.049814
0.050020
0.049983
0.050042
0.049710
0.049726
0.050001
0.049912
