255	323	185	156
251	322	190	151
251	317	192	161
245	312	199	177
256	311	185	173
252	306	193	178
256	305	189	177
260	303	184	177
259	304	187	162
261	300	187	169
265	297	182	172
268	297	178	168
268	294	178	164
268	294	182	161
267	292	183	163
276	289	173	164
276	285	173	162
277	285	174	161
278	283	173	160
276	280	176	160
280	279	171	156
284	276	165	157
284	277	170	153
284	273	169	155
291	276	160	145
288	271	165	149
292	270	163	136
293	267	160	144
295	265	156	147
294	266	159	142
297	263	157	140
294	263	163	139
293	261	162	131
292	259	167	139
288	258	172	133
287	255	170	136
287	255	178	129
288	250	177	134
286	252	183	128
286	251	183	126
286	252	185	115
287	246	188	125
288	246	187	120
287	247	195	117
286	246	197	108
291	247	197	110
289	243	200	112
285	243	208	113
287	243	203	107
286	248	202	96
285	246	202	102
288	243	195	106
285	245	199	100
282	247	205	96
280	245	203	99
283	244	198	103
281	244	203	100
284	244	199	99
283	244	198	99
285	242	197	106
293	243	186	103
287	243	191	105
283	242	196	107
284	241	190	108
290	243	183	106
284	243	188	103
283	241	188	106
284	241	185	106
285	243	178	104
281	242	185	103
279	242	183	103
277	242	184	102
279	241	183	102
280	239	181	105
278	240	185	103
278	239	189	104
278	238	188	105
280	239	189	100
279	237	189	104
280	238	191	103
280	236	193	105
282	236	191	104
280	236	195	103
281	234	192	104
290	234	184	104
290	234	184	101
286	235	190	100
285	235	192	101
286	234	193	100
288	235	193	96
288	234	193	100
291	235	191	98
292	234	189	98
292	235	191	91
292	234	192	92
299	234	183	96
297	234	189	95
296	234	190	93
300	233	186	96
299	233	189	92
303	232	185	98
310	231	179	99
311	230	176	102
315	232	172	97
314	231	173	98
318	232	168	95
316	233	173	93
321	231	165	98
326	231	158	96
330	232	153	95
334	232	148	96
338	230	144	99
339	228	143	102
342	230	139	102
344	228	136	102
347	229	132	101
346	227	134	104
351	229	126	101
349	231	129	100
349	229	130	102
349	230	132	102
348	231	132	99
348	232	131	98
349	231	129	99
347	230	130	101
346	231	131	99
342	228	139	104
343	230	136	102
340	228	143	104
344	230	137	101
344	230	140	101
344	231	139	101
339	230	145	101
343	233	140	98
334	233	150	96
339	236	144	94
331	234	153	96
322	234	165	94
320	233	168	94
318	230	170	102
315	232	173	98
317	232	172	100
326	234	160	98
319	235	170	95
317	233	174	96
327	233	160	99
329	234	158	97
318	232	172	100
320	234	168	98
318	233	171	98
324	232	164	100
328	232	159	99
321	234	167	96
317	231	172	99
321	232	166	97
328	234	157	96
324	231	162	99
336	232	147	99
339	232	144	98
337	232	146	98
341	230	142	100
347	229	134	102
348	228	132	103
348	230	131	100
352	229	129	100
350	231	130	100
350	230	130	97
349	231	138	98
346	231	145	98
348	234	145	95
343	232	157	97
345	235	157	93
345	234	161	96
343	232	166	100
343	235	168	96
344	236	170	93
344	234	174	96
343	233	178	95
345	231	180	99
345	232	183	97
346	233	186	96
346	232	184	98
348	233	187	99
348	235	188	94
347	233	191	97
353	234	184	97
351	232	191	100
352	234	192	99
353	234	192	96
353	234	192	93
355	234	192	96
357	233	192	97
358	233	193	98
360	235	188	96
363	234	188	100
362	235	193	94
360	234	195	100
363	235	191	102
365	235	188	103
367	237	189	95
369	237	183	100
369	237	186	101
370	239	185	102
372	240	178	101
371	240	179	99
370	240	182	102
369	242	179	102
369	243	178	101
365	242	185	95
363	243	186	96
362	242	187	100
361	241	182	107
358	243	190	103
356	244	189	102
357	243	188	101
352	244	196	101
354	243	192	102
355	241	178	103
351	243	196	103
350	244	200	100
348	243	201	101
348	243	202	102
346	244	203	102
347	242	202	106
343	243	207	102
345	245	204	102
343	242	205	107
344	243	203	104
342	243	204	107
343	242	201	106
343	244	200	102
347	243	193	108
345	245	193	102
344	247	194	100
343	246	193	103
343	244	191	109
347	244	183	110
348	247	181	105
348	244	179	115
352	241	169	123
353	243	168	120
354	245	162	115
355	242	158	121
354	240	157	124
356	241	149	124
354	240	152	124
352	241	150	124
348	240	152	123
346	241	147	119
343	240	143	122
340	238	148	123
341	238	141	125
334	237	151	122
333	238	152	114
331	233	151	122
331	232	155	119
331	231	152	117
328	229	157	119
331	229	155	118
328	229	160	111
328	227	162	112
329	225	166	111
330	224	170	107
326	225	174	108
332	224	173	105
335	221	166	109
342	219	161	109
340	218	167	113
342	218	164	107
348	218	162	104
353	214	154	110
364	213	144	109
366	212	144	110
372	211	135	106
376	210	132	110
379	210	129	105
379	210	133	108
387	208	120	104
386	205	123	110
386	205	123	107
387	203	122	107
390	201	118	110
389	200	121	109
389	199	122	106
392	199	118	101
390	198	121	103
392	198	118	101
394	197	116	102
394	196	115	100
393	195	121	100
395	194	116	101
396	192	115	102
398	193	113	98
397	192	114	97
398	190	116	99
400	188	112	100
400	189	112	97
401	187	110	99
403	186	109	96
402	187	111	93
404	184	109	97
407	183	105	92
405	182	108	95
408	182	106	91
407	180	109	93
408	179	106	93
408	178	107	93
412	176	102	93
409	176	105	92
410	173	104	95
412	175	101	87
413	175	101	88
413	173	102	90
412	172	103	89
413	171	101	90
413	170	102	90
413	170	102	87
415	169	99	87
413	169	104	87
415	168	99	84
415	167	100	87
418	165	95	88
418	164	96	88
417	163	97	86
418	162	96	86
419	162	94	86
420	161	93	86
420	161	94	85
419	160	95	85
420	159	94	83
420	158	94	84
420	159	95	81
420	158	94	82
419	157	96	81
420	157	94	82
423	155	91	82
422	155	91	83
424	153	91	81
426	153	89	80
426	153	90	78
426	153	92	79
428	151	89	78
428	151	90	77
429	150	89	78
428	149	91	78
428	148	90	79
428	148	90	77
426	147	91	79
428	147	89	75
427	148	89	73
426	146	89	75
428	145	88	76
429	144	86	76
427	144	87	75
426	143	87	75
427	142	88	76
426	143	87	74
428	141	86	75
426	141	87	73
425	141	88	69
425	139	87	74
425	139	87	71
425	140	86	72
425	139	87	69
425	137	86	73
426	137	83	70
426	137	82	71
425	136	83	69
425	135	82	69
426	134	82	71
427	133	80	71
425	133	83	71
424	133	83	71
424	132	83	71
426	131	81	69
424	131	81	69
424	131	81	67
424	130	82	70
424	129	80	67
425	129	79	68
427	128	76	66
426	128	77	68
424	128	78	64
421	128	82	67
423	127	79	67
424	127	79	64
422	126	80	67
425	125	76	66
424	125	77	66
423	124	77	67
424	124	76	65
423	123	76	64
422	123	77	66
423	123	76	63
424	123	76	63
423	121	75	66
423	121	75	63
421	120	77	64
421	120	76	64
423	119	74	64
422	119	75	62
422	118	75	64
422	117	73	63
424	116	71	65
424	116	72	62
421	116	74	62
421	116	74	63
422	116	72	62
423	114	73	63
422	114	72	63
422	115	72	59
422	113	72	62
422	114	74	60
421	113	72	60
420	113	75	60
422	113	69	60
421	112	72	60
421	112	70	59
421	112	72	59
422	110	69	60
421	111	69	59
422	111	69	56
421	110	69	58
422	110	67	54
420	109	71	57
421	109	69	56
419	108	71	58
420	107	68	57
421	108	67	56
422	107	67	57
420	107	67	56
420	106	69	57
421	106	65	56
419	106	69	56
419	105	67	56
419	105	69	57
420	104	66	56
420	104	66	55
420	103	65	56
421	103	64	56
420	103	66	54
419	103	66	55
419	102	67	54
419	101	65	55
418	101	68	55
420	101	63	53
420	101	63	54
419	101	65	52
419	100	64	54
420	100	63	55
421	100	62	52
419	98	65	55
420	98	62	56
419	97	64	56
419	97	63	54
418	98	65	52
418	98	64	53
420	97	61	51
419	97	62	52
419	96	63	53
418	96	64	51
419	96	62	52
419	96	60	50
418	95	62	52
418	94	62	51
418	95	61	51
419	94	62	50
418	94	61	51
418	93	61	53
417	93	61	50
418	93	60	50
418	92	60	51
418	92	60	51
418	91	60	51
418	92	60	50
418	91	60	50
418	90	59	49
418	90	59	51
419	90	58	50
418	90	58	48
418	90	59	49
417	89	60	50
417	89	58	49
418	88	59	49
416	89	61	46
418	88	59	49
418	87	57	50
418	87	57	49
418	87	59	49
417	86	58	49
418	86	56	49
416	87	59	45
417	86	58	46
417	85	57	49
416	85	58	48
416	85	57	48
417	85	57	47
416	85	57	48
414	85	58	47
414	84	59	47
414	84	60	46
412	83	60	47
413	83	61	46
414	83	62	47
413	83	61	47
414	82	59	47
414	82	61	46
415	82	61	46
415	82	59	46
415	82	61	44
416	82	62	45
416	80	61	47
416	80	61	46
415	79	63	48
418	79	60	47
417	80	60	46
418	78	61	47
418	79	59	46
419	78	59	46
420	78	59	47
419	78	60	46
421	78	61	44
419	78	59	45
420	78	62	44
422	77	60	45
422	77	59	45
422	77	61	45
423	77	59	44
423	77	59	44
423	76	59	44
423	76	60	43
423	75	60	44
424	75	60	45
426	74	58	45
426	75	57	44
425	75	59	44
426	74	59	43
426	74	57	43
428	73	58	44
427	74	57	43
430	72	55	46
429	73	57	44
428	74	56	42
429	73	58	42
429	73	56	43
430	73	55	42
430	71	56	44
431	71	56	44
431	72	56	43
432	71	57	44
432	70	55	44
432	70	56	42
434	70	56	43
433	70	55	42
434	70	55	42
434	70	56	43
434	69	56	42
434	69	57	42
434	69	56	41
436	70	55	40
435	70	55	41
437	68	53	41
438	68	52	43
438	68	55	43
437	69	54	40
438	67	53	42
438	67	56	42
438	67	53	43
440	67	53	41
438	67	55	42
439	66	53	43
440	67	54	41
441	66	53	41
441	65	52	43
441	66	54	41
440	66	53	41
443	65	51	42
442	65	51	41
441	65	53	41
439	66	54	40
439	67	55	39
438	66	57	39
439	66	55	39
439	66	55	40
440	65	54	41
440	66	54	39
438	66	55	39
438	66	56	40
440	66	54	39
440	66	54	39
439	66	56	40
438	66	56	39
440	65	54	40
439	66	55	40
438	66	56	39
441	66	52	40
441	65	53	40
442	65	53	40
443	65	53	41
443	66	52	39
445	66	50	40
442	65	54	41
444	65	54	40
442	66	55	39
444	66	55	39
442	66	56	39
443	65	55	40
444	65	54	40
443	65	55	40
442	65	54	41
445	64	53	41
443	65	54	40
443	65	55	41
444	65	53	41
444	65	53	40
443	66	53	40
444	65	54	40
444	65	53	41
443	65	55	40
444	65	54	40
442	66	54	40
445	65	54	40
443	66	54	40
443	66	55	39
443	65	54	40
443	65	56	40
443	66	56	39
443	65	54	40
444	65	52	40
442	66	54	40
443	65	56	40
444	65	54	41
443	66	55	39
443	66	55	39
443	66	54	39
443	66	56	39
443	66	53	39
445	66	53	40
443	66	55	40
444	65	56	40
442	66	54	40
443	65	55	41
443	66	56	39
444	65	53	40
444	66	54	39
444	65	55	40
444	65	53	41
442	65	55	41
444	65	54	39
444	65	54	40
443	65	53	41
444	65	53	40
442	64	55	40
443	65	54	40
445	65	52	40
443	64	53	42
446	65	51	42
447	64	50	42
443	64	54	40
444	64	53	42
443	65	54	41
444	65	52	41
440	64	57	43
441	65	55	40
445	66	53	39
445	66	53	40
443	64	56	42
443	61	57	47
444	62	55	46
444	65	54	44
443	64	57	44
444	63	55	47
444	58	55	51
440	51	62	58
437	46	68	63
436	41	68	68
439	33	65	74
439	23	68	84
438	16	71	92
437	20	71	89
438	21	68	89
437	24	67	86
440	27	63	81
438	29	65	79
438	33	65	74
437	32	66	77
438	32	64	77
438	31	64	77
437	34	66	74
437	32	66	76
437	31	63	76
438	29	63	78
437	29	64	79
437	27	65	81
437	25	65	82
438	23	65	86
438	21	64	86
438	20	63	88
438	19	65	88
436	23	68	84
439	13	61	95
438	9	62	98
438	13	62	95
437	9	62	100
435	10	63	99
436	7	62	102
436	12	63	95
437	8	61	100
437	8	61	99
437	8	62	100
435	14	63	93
437	8	62	100
437	13	63	94
437	10	63	98
438	11	63	95
441	9	60	97
436	14	67	93
438	9	64	98
434	6	69	102
435	9	71	99
439	9	65	99
435	10	69	98
438	5	67	102
444	9	60	98
441	7	63	99
441	7	63	99
442	5	62	101
444	4	60	103
442	9	61	97
442	8	62	97
442	8	64	98
442	5	65	102
442	2	64	105
442	5	63	102
442	3	63	103
441	5	63	100
442	3	61	103
443	2	60	104
442	5	58	100
443	4	57	103
442	4	56	103
442	3	59	104
442	3	56	103
442	3	59	105
441	2	60	105
441	2	61	104
439	5	63	100
437	4	68	100
438	6	66	100
439	5	64	100
438	5	67	100
439	5	66	100
436	6	72	98
437	9	69	96
436	10	71	95
438	11	68	93
437	7	71	99
439	8	66	98
439	6	67	100
439	8	66	98
440	4	64	102
440	5	67	101
440	9	67	97
438	7	71	99
440	7	67	99
439	6	69	99
438	8	71	98
438	10	70	95
438	5	70	101
442	4	64	102
438	7	71	98
439	4	68	101
437	8	72	98
439	7	73	99
439	4	74	103
437	4	77	102
437	3	76	103
438	5	75	103
436	3	80	101
435	2	83	103
433	2	85	102
435	4	81	103
435	3	83	102
435	5	80	99
435	6	75	100
437	9	69	96
436	11	72	95
435	11	72	95
435	8	71	98
436	5	69	102
434	6	72	100
431	5	75	100
430	6	78	100
433	5	73	100
433	9	73	98
434	10	72	96
436	16	70	90
434	12	74	93
435	10	72	96
438	9	67	96
435	8	72	98
435	10	71	96
436	11	71	94
435	8	70	98
436	3	70	104
435	9	71	97
435	8	72	98
436	14	70	91
437	10	70	96
437	10	71	95
438	8	68	99
438	4	68	103
437	4	71	103
437	7	71	99
438	9	72	98
439	11	68	95
439	10	71	96
440	9	68	97
439	5	71	101
439	7	72	98
440	8	70	98
441	4	69	101
441	8	70	98
440	5	74	101
441	7	71	98
441	8	74	97
442	8	71	98
443	6	71	100
442	7	74	98
442	14	76	90
443	13	72	92
444	11	73	95
443	13	75	92
443	14	77	90
444	11	74	95
444	14	77	92
446	14	72	91
446	12	75	94
445	17	78	88
446	15	76	91
446	16	79	90
447	16	77	89
447	17	79	88
449	19	76	85
449	19	78	85
450	21	77	84
453	14	74	90
454	18	74	87
450	18	79	87
445	22	86	83
448	21	84	84
449	18	81	88
452	19	81	86
455	15	75	90
456	18	74	85
453	16	78	88
451	21	81	84
449	22	87	83
442	27	92	77
441	27	95	79
443	36	86	67
441	42	91	60
445	29	84	74
442	23	92	83
446	28	88	77
445	41	84	63
445	32	84	73
446	41	82	63
446	42	81	60
446	42	80	60
447	43	78	59
447	42	79	60
449	29	76	75
450	38	74	66
462	20	70	76
468	13	56	86
470	8	54	92
468	9	55	93
468	10	56	91
468	8	56	93
468	12	56	87
468	12	55	88
467	12	55	89
466	12	58	90
467	12	56	90
466	13	57	87
464	12	58	90
465	14	59	87
466	13	55	87
451	17	67	87
452	18	70	82
442	13	80	91
443	16	80	87
442	15	78	89
448	16	73	87
449	16	71	84
439	16	83	87
441	15	79	87
443	15	76	86
448	14	68	87
449	8	66	92
448	8	66	95
447	7	66	96
445	11	66	93
444	13	67	89
443	15	67	87
442	14	66	88
442	13	66	90
441	14	66	89
440	10	65	94
439	14	66	88
440	12	64	91
440	12	63	92
438	13	65	89
440	10	63	93
437	11	64	92
438	10	63	94
437	10	62	94
438	7	63	97
436	9	62	94
436	9	63	95
436	6	65	98
435	9	62	95
435	13	64	90
434	11	66	93
434	10	65	95
428	12	72	93
428	11	71	95
429	13	70	92
430	8	68	99
430	12	68	94
430	6	67	101
430	9	67	99
430	13	67	95
428	10	69	98
429	6	68	103
426	9	72	100
429	4	69	106
423	12	75	96
426	14	73	96
423	12	76	98
426	12	72	98
425	9	74	102
425	13	74	99
429	10	70	101
426	7	74	105
425	10	75	102
423	9	77	103
425	6	77	108
429	5	72	110
432	7	70	107
432	10	71	105
432	6	71	110
430	11	75	103
434	7	71	110
431	10	75	106
431	14	76	103
436	10	72	107
436	11	72	105
437	14	74	104
438	17	73	101
439	15	72	102
440	14	73	104
441	13	71	106
441	6	72	113
442	9	72	110
443	13	71	107
445	12	70	108
443	16	73	103
445	8	70	113
445	14	71	106
446	12	72	109
445	17	74	104
448	9	71	114
448	10	72	111
448	15	72	107
447	12	74	111
449	11	73	111
450	8	72	115
450	4	72	119
452	12	70	111
453	8	70	116
453	16	72	105
452	11	74	112
454	16	72	107
456	10	69	114
455	15	74	108
457	14	74	108
457	8	74	117
457	15	79	108
458	16	79	108
458	13	78	112
459	19	77	106
458	19	82	107
460	22	77	101
460	14	76	111
460	17	76	109
460	17	79	111
460	14	80	114
459	19	83	109
459	17	83	112
457	19	92	112
458	21	83	111
458	16	82	115
460	15	80	116
458	23	81	107
458	20	79	112
458	18	81	114
456	19	84	113
455	18	85	115
456	14	83	120
453	23	90	111
454	23	86	110
452	25	86	109
454	21	82	113
452	22	84	112
451	22	85	113
446	27	91	108
449	24	87	114
444	27	93	112
449	19	85	119
441	28	93	110
440	30	94	109
444	25	86	112
437	29	93	110
440	28	88	109
438	25	89	113
437	25	88	114
437	23	90	117
438	24	86	116
434	24	90	116
439	16	84	124
431	29	94	110
430	29	97	112
431	24	93	115
432	28	90	113
432	22	87	119
435	20	80	123
431	24	84	119
429	30	85	112
428	24	86	120
428	18	82	126
426	19	84	125
424	22	85	123
423	29	85	116
424	26	82	119
421	30	86	115
422	25	84	122
422	28	81	119
420	28	82	120
418	26	85	123
419	24	81	124
417	20	83	128
417	17	80	131
416	19	81	129
416	18	79	131
414	25	82	123
412	26	83	122
412	25	80	124
411	21	82	130
410	23	83	128
410	29	80	121
408	28	84	124
408	22	82	130
407	26	84	126
408	18	82	137
410	13	79	144
409	19	81	138
407	16	84	140
407	18	83	141
405	27	87	131
409	26	81	132
409	21	82	139
409	23	84	137
407	27	87	132
408	23	85	138
409	16	84	146
410	20	84	142
408	21	86	142
409	26	85	135
411	18	84	145
409	15	86	150
410	14	85	152
409	16	87	150
410	21	85	144
411	19	86	146
410	28	88	136
413	25	85	142
413	24	86	144
413	23	86	144
414	22	87	146
410	25	92	142
413	24	89	144
415	19	87	152
414	16	89	154
416	16	88	156
418	14	86	158
416	29	91	142
416	34	94	136
419	24	90	149
419	26	90	148
419	27	90	146
419	32	94	142
418	32	95	142
418	40	97	134
419	37	96	139
419	35	95	142
418	36	99	141
420	31	94	148
419	32	97	148
419	31	96	149
419	38	99	142
418	38	98	142
419	33	95	148
419	31	95	153
418	28	96	155
418	25	96	159
417	24	98	163
417	32	96	157
414	32	102	154
416	33	98	153
415	40	100	147
414	37	99	149
414	41	100	146
415	38	98	150
413	40	99	148
411	41	103	147
411	40	102	149
411	42	101	147
411	40	101	151
412	40	99	152
410	39	100	154
410	38	101	156
413	36	96	160
412	41	97	155
411	42	100	154
411	37	99	163
411	40	99	158
411	37	99	164
411	35	99	168
409	39	104	162
410	42	103	159
410	36	104	169
409	36	104	167
410	40	105	165
413	43	101	160
412	41	102	166
412	39	103	169
413	41	104	167
410	40	108	169
413	35	104	174
413	38	105	174
412	41	108	169
413	43	108	169
414	44	107	167
412	45	110	167
414	42	108	171
413	44	109	171
413	37	112	181
415	41	106	176
413	42	112	175
413	47	112	169
416	44	108	175
419	40	103	181
414	44	112	178
414	44	114	175
414	45	113	178
417	44	110	178
414	45	116	178
417	45	110	178
414	49	117	173
414	48	118	177
415	49	116	174
415	48	117	178
417	38	110	191
416	49	115	180
416	45	118	185
416	41	118	190
416	43	117	188
414	42	119	191
415	52	122	182
416	40	117	196
416	36	114	204
415	42	120	198
415	47	118	193
414	46	122	195
415	48	118	190
413	46	124	196
412	55	123	185
412	47	124	196
412	43	123	203
411	52	122	195
411	44	125	201
407	53	126	196
409	53	125	193
407	45	128	207
406	46	128	206
406	50	129	202
407	48	124	203
404	52	130	202
403	49	127	207
402	51	129	209
403	52	129	204
401	48	129	212
399	54	129	207
400	55	129	205
399	50	131	211
396	59	132	203
396	50	135	215
393	60	134	206
393	54	133	212
393	50	131	220
389	55	138	216
389	61	136	204
388	70	135	193
388	63	137	208
389	61	131	212
388	53	134	226
383	51	138	229
384	53	138	228
381	62	140	219
383	50	137	233
383	46	136	241
381	48	137	240
381	54	141	238
380	57	140	235
381	56	140	235
379	60	141	230
380	61	138	234
379	51	139	248
378	64	143	232
380	60	140	237
380	63	142	235
379	57	144	244
376	64	150	234
378	72	144	230
378	58	144	248
379	55	143	256
377	67	147	242
377	73	150	236
374	68	152	243
378	76	146	236
380	78	143	230
376	63	147	255
377	58	150	263
374	54	156	269
372	72	160	250
377	69	152	254
374	64	155	262
375	74	157	254
374	71	158	256
372	73	157	258
374	81	157	250
373	82	161	247
376	73	153	262
375	79	157	254
373	72	158	268
375	70	158	271
374	78	158	265
374	73	159	271
370	92	164	254
372	86	168	260
371	82	167	269
369	82	169	270
370	85	166	270
369	82	168	275
368	89	169	265
368	84	169	274
364	91	175	272
365	85	173	279
360	98	179	262
355	80	185	290
358	90	181	284
359	100	178	272
353	95	186	281
357	105	178	270
349	105	191	275
349	106	192	276
352	107	188	276
345	111	194	273
337	100	207	289
344	107	191	287
341	109	196	282
343	94	189	305
340	98	194	302
338	96	194	305
339	112	193	291
340	103	191	298
335	96	195	315
329	118	203	291
329	108	200	303
328	108	196	309
330	92	193	327
326	110	200	311
320	104	205	319
318	106	201	313
320	94	191	334
314	93	200	343
307	108	216	326
307	99	208	336
298	113	216	322
300	114	214	316
299	100	209	342
296	92	212	356
300	104	206	345
291	110	213	333
289	113	214	330
296	118	207	323
288	106	212	343
287	113	213	334
289	108	209	343
291	94	206	363
292	115	204	339
290	115	205	325
285	106	208	347
287	127	209	321
286	129	215	310
286	117	210	327
284	118	214	328
286	115	214	336
285	120	212	324
286	119	208	335
286	112	213	342
283	104	209	350
289	92	207	364
284	118	212	334
286	115	207	336
285	110	208	343
284	97	208	358
283	110	212	346
284	127	211	321
285	126	207	326
283	114	208	341
287	111	205	340
283	118	207	328
285	106	202	350
278	112	207	343
285	104	203	349
277	112	212	344
279	111	213	340
274	116	218	330
276	107	214	350
281	100	205	359
276	105	214	349
278	95	208	370
279	111	209	352
274	99	214	360
274	112	208	339
281	102	206	359
275	96	206	369
272	111	210	345
274	110	208	349
275	102	206	362
269	120	215	338
267	122	212	332
273	116	206	344
270	123	205	339
269	113	208	349
265	116	212	346
265	114	210	351
264	114	210	349
261	117	214	346
264	104	208	363
262	123	207	345
258	121	210	344
259	125	211	337
250	124	218	342
251	139	215	319
242	138	229	322
248	132	215	336
247	127	216	341
246	113	211	363
240	126	225	345
238	126	220	339
233	137	231	327
229	133	229	332
226	131	230	342
223	125	231	349
219	130	248	346
202	150	274	324
208	139	261	338
205	148	263	330
208	128	263	351
201	145	261	334
203	134	267	347
198	150	265	327
200	141	261	339
195	140	259	340
192	127	270	358
187	139	267	345
197	152	246	334
193	148	255	338
192	138	249	349
194	133	240	355
188	143	241	343
184	129	248	360
186	133	237	357
187	141	226	346
196	140	199	346
196	145	199	346
193	155	190	335
199	152	197	343
194	146	233	357
176	145	256	354
180	151	269	353
162	152	294	347
162	139	301	363
165	152	299	351
165	163	296	334
159	162	305	330
163	160	300	335
168	156	295	342
150	167	319	329
159	160	306	334
171	167	297	325
167	150	298	350
170	153	303	345
166	156	307	345
152	177	323	326
155	199	319	287
161	193	304	303
156	196	318	310
161	194	312	307
169	184	266	299
171	172	251	323
170	172	261	325
184	169	264	340
188	183	274	327
188	192	283	297
187	180	282	332
207	169	263	358
206	166	266	363
209	144	272	387
218	162	278	364
222	170	283	364
231	173	285	355
224	181	302	332
236	166	289	359
233	176	304	314
239	183	307	312
247	187	303	316
254	169	298	362
256	172	305	354
268	179	302	341
266	172	306	354
269	176	313	344
274	182	318	319
282	166	310	354
288	158	284	370
285	177	313	338
282	169	331	346
292	168	315	352
302	136	307	388
312	150	290	376
318	135	292	389
323	152	296	369
323	130	297	393
332	128	281	394
325	136	302	381
346	136	272	383
351	126	267	390
338	115	285	406
351	120	271	399
335	125	287	387
343	143	272	364
332	130	290	377
334	130	292	384
332	142	287	373
313	142	310	378
329	150	282	368
316	150	299	369
321	139	290	385
310	143	301	378
314	136	293	385
301	146	310	371
294	136	315	388
287	130	327	387
291	121	314	398
287	126	320	390
284	143	314	373
283	148	313	366
279	147	302	371
281	134	303	392
280	133	297	384
278	134	299	388
273	135	296	383
267	137	316	383
270	132	298	391
268	145	299	369
275	142	296	380
265	150	305	369
263	153	315	366
265	150	306	370
266	156	304	363
265	159	304	357
267	170	295	345
263	167	302	350
260	168	306	355
260	158	307	363
260	175	304	333
261	175	306	341
258	177	307	345
255	156	309	363
261	170	303	351
257	188	309	320
257	175	307	345
258	173	309	346
265	189	307	333
263	174	307	346
268	185	303	327
265	172	306	346
262	162	324	351
273	157	297	353
271	153	313	370
270	156	318	368
271	160	322	363
273	172	324	347
273	150	322	373
268	151	316	374
264	141	338	389
262	158	347	365
269	179	337	344
266	159	323	366
265	153	316	371
259	145	311	382
262	148	290	381
259	145	292	381
260	172	292	354
252	164	307	360
263	163	312	370
250	156	299	357
259	163	294	364
252	159	305	360
254	212	304	304
237	180	320	341
239	196	320	324
241	180	318	331
235	185	331	348
246	211	311	313
229	187	330	347
235	188	323	341
228	184	332	350
227	190	327	337
230	196	322	335
220	203	332	327
209	205	345	326
205	210	345	322
208	212	340	326
189	220	365	319
180	224	372	318
187	222	357	314
183	229	356	307
167	230	379	301
161	236	386	302
157	240	380	291
156	251	377	290
151	246	386	295
146	248	389	302
136	252	392	288
113	260	420	279
114	263	405	279
114	265	399	282
128	266	368	274
109	276	381	270
113	280	368	262
122	287	341	254
123	296	305	233
116	293	247	231
108	312	229	178
92	321	237	174
82	328	235	170
62	336	245	166
54	344	245	158
33	354	259	146
27	360	255	160
8	369	270	159
3	375	272	157
0	382	271	151
-1	384	269	152
1	383	257	156
0	388	255	147
-3	388	259	147
-4	393	258	137
-4	388	259	147
-8	386	257	153
-5	389	254	146
0	395	245	137
0	392	245	140
-3	395	244	138
-5	385	247	153
-3	397	244	138
0	399	235	139
2	406	236	129
3	405	233	124
0	392	240	140
-2	392	241	138
0	396	240	139
-2	409	245	122
3	417	238	124
0	428	240	115
2	461	231	79
22	486	207	67
42	504	189	50
-23	343	187	69
-18	348	173	71
-17	347	154	72
-10	345	137	79
0	337	123	90
1	334	121	95
0	335	122	102
-5	339	130	93
-8	339	136	93
-7	335	133	99
0	336	126	100
-2	333	126	107
-4	336	127	104
-4	339	128	98
-3	340	128	87
-3	335	129	91
-4	336	130	88
-2	333	125	92
-1	334	124	88
-2	337	126	84
-3	337	126	85
1	337	121	85
0	336	123	90
-2	335	127	89
-2	336	127	91
-3	332	128	99
-2	338	126	93
-3	340	129	85
-4	336	128	88
-5	335	131	90
-3	335	129	101
1	337	119	112
-3	295	116	107
18	341	108	102
21	306	100	119
5	327	117	121
-3	338	127	105
-4	342	136	99
-6	352	130	90
-6	319	132	107
2	336	120	95
0	336	122	100
-3	339	127	97
-4	342	128	100
2	334	117	113
-8	318	132	115
-4	336	131	99
-2	334	125	101
0	339	124	94
0	335	122	95
-5	336	133	98
0	336	123	86
-3	334	128	90
-4	334	129	98
-1	338	124	93
-2	336	128	93
0	335	124	96
0	336	123	100
0	336	122	98
-2	335	126	100
-4	339	126	87
-2	338	125	83
0	340	123	77
3	337	117	83
0	338	123	86
0	335	122	94
-2	331	125	104
-2	336	125	96
0	334	124	105
-4	338	127	91
-2	337	127	96
-3	337	129	91
-2	334	126	97
-4	335	131	101
-6	334	131	107
0	335	122	109
