1.000000
1.000000
1.000718
1.001084
0.973103
0.997069
0.980598
0.968923
0.929930
0.934601
0.900123
0.918832
0.913975
0.901401
0.896478
0.863489
0.842908
0.837396
0.819199
0.799981
0.818576
0.783623
0.697638
0.674318
0.648170
0.685980
0.680461
0.732313
0.755351
0.774573
0.803939
0.806059
0.845295
0.863378
0.819668
0.856958
0.903648
0.928629
0.929544
0.939642
0.957706
0.957977
0.932156
0.973921
0.938830
0.985548
0.991124
1.022910
1.044973
1.088311
1.040456
1.090568
1.084243
1.081960
1.070546
1.020598
1.042236
1.055161
1.067165
1.079098
1.065830
1.088600
1.115471
1.075565
1.058036
1.079299
1.035538
1.005052
1.075008
1.075584
1.053672
1.058134
1.015902
1.018678
1.001876
0.986703
0.989612
0.965492
0.962586
0.984269
0.992531
0.983448
0.986264
0.992818
0.978761
0.932671
1.001291
0.990415
0.974240
1.054825
1.099364
1.021821
1.150192
1.062548
1.060243
1.051993
1.100138
1.145728
1.081197
1.005082
1.103901
1.065777
1.067104
0.990179
1.063569
1.019756
1.023174
1.040533
1.019027
0.941399
0.977930
0.948772
0.908323
0.844603
0.776836
0.742755
0.705157
0.699880
0.646293
0.607360
0.620395
0.538302
0.544971
0.502743
0.597358
0.594676
0.621295
0.694919
0.655391
0.671516
0.678462
0.681529
0.619899
0.461531
0.391747
0.514171
0.501963
0.401180
0.516768
0.542178
0.482070
0.453916
0.514961
0.501032
0.487614
0.404764
0.512331
0.562579
0.532079
0.519169
0.459877
0.452715
0.450432
0.423860
0.489557
0.418246
0.430002
0.524984
0.462633
0.443337
0.350437
0.317779
0.424027
0.431597
0.467437
0.430906
0.443323
0.423903
0.425294
0.435556
0.457705
0.438624
0.456669
0.367785
0.525630
0.550715
0.562185
0.609825
0.594988
0.616660
0.609613
0.643408
0.588032
0.634541
0.602558
0.556867
0.573125
0.650714
0.582363
0.614736
0.555553
0.575331
0.593201
0.631900
0.615229
0.612813
0.605202
0.556195
0.574917
0.544556
0.605990
0.556976
0.557795
0.606299
0.537208
0.504996
0.607886
0.541932
0.490406
0.532051
0.552959
0.480460
0.549698
0.433164
0.459807
0.499515
0.481334
0.344622
0.348373
0.544225
0.526902
0.362845
0.545172
0.525352
0.557422
0.542991
0.546934
0.572413
0.582875
0.518022
0.511621
0.554165
0.420064
0.433392
0.374809
0.415303
0.422188
0.415041
0.484699
0.436917
0.619803
0.600525
0.619462
0.438988
0.413004
0.627431
0.658399
0.642131
0.696491
0.708369
0.736321
0.788338
0.799157
0.865048
0.902454
0.948219
1.012127
0.947245
1.026288
1.118701
1.114463
1.161756
1.156807
1.179925
1.138111
1.209288
1.198978
1.105920
1.210932
1.182476
1.194448
1.172327
1.216809
1.212848
1.230124
1.223045
1.221941
1.215370
1.202076
1.223174
1.181528
1.146834
1.139399
1.109944
1.105800
1.116702
1.102756
1.145750
1.105079
1.095853
1.073407
1.098209
1.085265
1.099400
1.016882
1.092041
1.031253
1.020087
1.011996
1.084907
1.042499
1.058478
1.037042
1.037101
1.064528
0.990533
0.973503
0.941439
0.959316
0.914692
0.946139
0.967550
0.944076
0.900406
0.882611
0.874726
0.875098
0.869644
0.825080
0.848524
0.777437
0.686163
0.663987
0.599627
0.583494
0.618838
0.577623
0.547710
0.569876
0.590622
0.599978
0.613667
0.570039
0.596855
0.634617
0.799708
0.716448
0.673917
0.619347
0.651370
0.634482
0.719587
0.695891
0.741048
0.769899
0.864214
0.941626
0.993739
1.030123
1.047945
1.106541
1.106339
1.194060
1.193311
1.212427
1.237644
1.267753
1.326883
1.305578
1.304647
1.313539
1.305078
1.273629
1.309624
1.278800
1.269017
1.286426
1.288260
1.275555
1.292138
1.294597
1.269076
1.269692
1.265628
1.237552
1.213780
1.235923
1.231699
1.228091
1.187107
1.178731
1.206773
1.153987
1.167405
1.118699
1.115429
1.146998
1.120683
1.134023
1.136344
1.115988
1.111721
1.100966
1.121767
1.069165
1.091677
1.083021
1.042026
1.099242
1.051602
1.080540
1.087077
1.057012
1.068832
1.074045
1.036561
1.081105
1.070040
1.079861
1.076417
1.092358
1.084353
1.077335
1.065696
1.077086
1.081758
1.071491
1.020133
1.051945
1.046297
1.013346
1.066993
1.054681
1.078202
1.041940
1.054945
1.045573
1.044974
1.014354
1.007615
1.035120
1.007176
1.009940
0.987769
0.969535
0.967890
0.976429
0.981123
0.960292
0.978058
0.941257
0.979619
0.982594
0.999394
1.017271
0.994994
1.004458
0.997983
0.989204
1.007141
0.988137
1.014933
1.020219
0.995657
0.999897
1.018732
1.027496
1.017227
1.012250
1.060077
1.022661
1.010404
1.009198
1.010857
1.018354
1.005420
1.037096
1.010673
1.026834
1.045325
1.036076
1.037464
1.001620
0.992281
0.988715
0.967520
0.919283
0.921220
0.936680
0.881249
0.919962
0.885440
0.881499
0.907725
0.897834
0.952730
0.922525
0.930814
0.967418
0.917346
0.930598
0.938133
0.966661
0.969789
0.946208
0.936531
0.927245
0.949590
0.996126
0.984977
0.958734
0.999269
1.023269
0.984390
0.993005
1.005363
1.029072
1.003405
0.995184
0.992579
1.015085
1.011469
1.008089
1.028372
1.020376
1.028609
1.036845
1.011887
1.042091
1.022389
1.057491
1.048831
1.027125
1.062576
1.014633
1.056419
0.991543
0.993355
0.980338
0.975713
0.979426
0.973523
1.028942
0.995568
1.041216
1.010217
1.013189
1.070474
1.051248
1.030308
1.023036
1.058734
1.041763
1.062864
1.073552
1.064798
1.069247
1.024759
1.066335
1.080890
1.065165
1.083372
1.013355
1.081947
1.063853
1.082204
1.090138
1.084599
1.078981
1.070574
1.082506
1.071802
1.069161
1.043340
1.042818
1.017799
1.023433
0.999185
1.026518
1.011458
1.014351
1.023483
1.027088
1.024575
1.017219
1.024655
1.015289
1.024237
1.025557
1.034677
1.036503
1.018933
1.042706
1.029169
1.027098
1.037011
1.045421
1.058279
1.043368
1.049475
1.040116
1.035864
1.056762
1.045377
1.038777
1.037321
1.017495
1.019350
1.018802
0.994903
0.983800
0.972558
0.975521
0.963548
0.951472
0.911894
0.939838
0.961888
0.922225
0.932692
0.924990
0.933583
0.929378
0.939158
0.908510
0.924786
0.940329
0.944289
0.941999
0.984665
0.958000
0.979505
0.989734
0.978789
0.988000
1.010186
0.997277
1.014132
1.008750
0.979155
1.003204
1.003316
0.947803
1.012213
1.011795
1.013796
1.014766
1.013300
1.009751
1.019555
1.018765
1.026676
0.973351
0.963492
0.985441
1.001372
1.008291
1.007381
1.000434
1.023196
1.036319
1.036226
1.027298
1.011624
1.041650
1.037645
1.014391
1.035153
1.024008
1.029102
1.053458
1.001647
1.053593
1.056184
1.051461
1.055105
1.048363
1.053528
1.049051
1.035113
1.049593
1.030201
1.029927
1.052305
1.040580
1.031514
1.035965
1.040065
1.041192
1.030766
1.016142
1.025754
1.037397
1.016393
0.992625
0.993925
0.956921
0.943384
0.917888
0.884571
0.859279
0.838140
0.791986
0.760840
0.740621
0.695817
0.652437
0.609542
0.600401
0.555702
0.521794
0.499013
0.449599
0.442723
0.623941
0.667659
0.659339
0.639589
0.674762
0.721422
0.684443
0.782787
0.822783
0.839466
0.872564
0.894182
0.971006
0.972691
1.026823
1.061475
1.114894
1.090984
1.114486
1.093894
1.161305
1.126767
1.144675
1.143284
1.094946
1.085039
1.095551
1.080180
1.049154
1.029669
1.000079
0.978759
0.912922
0.906454
0.876800
0.875866
0.870382
0.885818
0.903987
0.885892
0.892589
0.920541
0.907866
0.926390
0.904725
0.954940
1.023894
1.065389
1.093132
1.123233
1.194614
1.162400
1.159389
1.175214
1.169559
1.177727
1.161040
1.161313
1.162855
1.128052
1.216236
1.124502
1.119591
1.088306
1.077995
1.065414
1.004917
1.034335
1.012609
1.022350
1.009829
1.016796
0.983702
0.985255
0.995339
0.932583
0.943504
0.910592
0.927538
0.939576
0.948339
0.930959
0.910929
0.906495
0.903956
0.918346
0.945222
0.930492
0.930268
0.945916
0.986858
0.989601
0.969474
1.037165
1.004310
1.029224
1.027187
1.042183
1.024043
1.056608
1.079659
1.062756
1.089980
1.078836
1.093049
1.106895
1.125678
1.131668
1.129539
1.121487
1.140189
1.122909
1.137551
1.139016
1.127437
1.124937
1.100705
1.107203
1.104892
1.099515
1.089423
1.099650
1.059560
1.070292
1.064726
1.058159
1.069134
1.044997
1.031676
0.996189
1.023354
0.996951
1.011860
0.996742
1.006105
0.994196
0.990220
1.031171
1.001901
0.992193
0.924604
0.969329
0.934212
0.967198
0.986551
0.996330
0.979065
0.981314
0.993688
0.990206
0.994403
1.014199
1.010633
1.012718
0.999078
1.029069
1.029428
1.032992
1.016564
1.030469
1.037207
1.060743
1.058612
1.069369
1.037282
1.045865
1.054273
1.056495
1.056944
1.053285
1.050565
1.058928
1.054338
1.050223
1.068418
1.062103
1.060520
1.043418
1.031249
1.001642
0.994886
0.986226
0.931791
0.616817
0.391159
0.608173
0.837062
0.631690
0.679924
0.726650
0.775346
0.766077
0.829458
0.839253
0.881596
0.922083
0.913906
0.969886
0.946910
1.015311
1.035154
1.078984
1.069872
1.122304
1.096342
1.146678
1.149317
1.134004
1.203021
1.199589
1.242634
1.231251
1.215604
1.215850
1.212531
1.202151
1.193925
1.188474
1.162982
1.168948
1.173858
1.157729
1.154469
1.152948
1.137136
1.135390
1.118653
1.116712
1.116513
1.082351
1.108758
1.100551
1.110830
1.072643
1.091823
1.111166
1.098970
1.084560
1.086886
1.075156
1.090711
1.071914
1.067001
1.097979
1.064197
1.071648
1.066057
1.069698
1.049839
1.062226
1.045455
1.018607
1.031882
1.019676
0.988991
0.980699
0.972831
0.972157
0.951105
0.934761
0.953259
0.946220
0.935927
0.942773
0.944639
0.958990
0.969440
0.950455
0.955034
0.970750
0.977877
0.984483
0.981190
0.980154
0.991203
0.989483
0.982614
1.008244
1.014086
1.014010
1.007719
1.007973
1.020377
1.022867
1.013137
1.041535
1.046765
1.036266
1.031000
1.029263
1.020922
1.016705
1.015513
1.016959
0.993368
1.009145
1.009513
1.010414
0.992725
1.004651
0.983214
1.005541
1.005846
0.996706
0.998765
1.002462
0.999642
1.006496
0.993117
0.976313
0.982753
0.989402
0.987865
0.994673
0.993086
0.997299
0.969746
0.986855
1.009947
0.995308
0.992719
1.001304
0.997870
1.007975
1.011333
1.012121
1.009457
1.008518
1.016339
1.003069
1.032213
1.023050
1.028928
1.028380
1.033183
1.039955
1.043352
1.045237
1.040565
1.030356
1.004155
1.055655
1.034359
1.030193
1.036701
1.032133
1.045546
1.057641
1.050068
1.052535
1.036183
0.969953
1.037012
1.051205
1.060929
1.046937
1.035987
1.035411
1.027926
1.014654
1.018029
1.041954
0.996064
0.988353
0.951770
1.008857
0.973766
0.938056
0.943360
0.965888
0.946745
0.948029
0.935429
0.929271
0.928110
0.883434
0.918312
0.945080
0.906468
0.946908
0.905205
0.906241
0.965629
0.912408
0.952074
0.962337
0.984198
0.939052
1.008165
0.952759
1.009933
0.989679
0.986478
1.019183
1.004425
1.010163
1.018485
1.018208
1.028177
1.000246
1.019578
0.995520
1.020940
1.006413
1.007810
1.002061
1.006696
1.015562
1.005573
1.004812
0.983554
1.001833
1.006572
1.004702
0.978541
0.989143
0.990610
0.966701
0.978961
0.935685
0.971936
0.937136
0.949376
0.949261
0.937369
0.956674
0.977223
0.965878
0.949866
0.971194
0.985428
0.987397
0.989702
0.994650
0.998658
0.984752
1.022034
1.026127
1.038247
1.044431
1.039019
1.017210
1.039715
1.043572
1.042556
1.021287
1.048666
1.031169
1.009467
1.045659
1.012706
1.020574
1.053911
1.041060
1.031787
1.028518
1.025967
1.013752
1.018749
1.003591
1.027703
1.039770
1.000098
1.028298
1.016160
1.004008
1.010733
1.020210
1.019728
1.018211
1.029765
1.053515
1.018222
1.034384
1.018332
1.027111
1.002596
1.012204
0.986993
0.977746
0.915996
0.960066
0.906205
0.912588
0.873339
0.876307
0.854726
0.841333
0.849907
0.846251
0.857716
0.852075
0.871422
0.864529
0.889312
0.887514
0.907514
0.912065
0.944355
0.946346
0.957159
0.946794
0.989675
0.939310
0.957758
0.969566
0.987455
0.953324
0.998300
1.002681
0.999683
0.987692
0.985250
1.008555
0.959966
0.962579
0.926189
0.896914
0.911455
0.860130
0.787690
0.825309
0.792718
0.788496
0.739354
0.739994
0.735239
0.731879
0.733897
0.736207
0.722729
0.757423
0.735365
0.772577
0.798653
0.806842
0.791347
0.743226
0.804639
0.767165
0.781428
0.752707
0.748884
0.709816
0.681614
0.674577
0.664815
0.596919
0.423612
0.937708
0.778815
0.845336
0.856541
0.902340
1.019443
1.021345
1.054855
1.147159
1.203782
1.168516
1.186666
1.226534
