-100
-100
-100
-100
-100
-100
0.22983
0.25858
0.33043
0.36643
0.29974
0.34252
0.48641
0.61088
0.45686
0.42632
0.39485
0.34528
0.28958
0.32948
0.28577
0.28661
0.38176
0.29071
0.30361
0.21243
0.18557
0.18596
0.20063
0.1669
0.22039
0.29439
0.34806
0.45331
0.30262
0.44921
0.50375
0.97176
1.1372
1.1567
1.1059
1.0137
0.78435
0.86089
0.77868
0.93862
0.79872
0.74404
0.86592
0.76425
0.64068
0.66321
0.47558
0.25053
0.37624
0.23035
0.20445
0.14879
0.175
0.029559
-0.025704
-0.1025
-0.10468
-0.13833
-0.12627
-0.14469
-0.19298
-0.22162
-0.2165
-0.21647
-0.12372
-0.011231
0.15803
0.0057769
0.096387
0.042661
0.073899
0.077295
0.0027761
-0.065176
-0.077854
-0.030035
-0.038483
-0.0082477
0.079371
0.045234
-0.025033
-0.099838
-0.12865
-0.15942
-0.16689
-0.18791
-0.16452
-0.13656
-0.13531
-0.16975
-0.12166
-0.16598
-0.20597
-0.18199
-0.2031
-0.14432
-0.16611
-0.12997
-0.17691
-0.080229
-0.06299
-0.1197
-0.14436
-0.13277
-0.18127
-0.21464
-0.19468
-0.18294
-0.24199
-0.27465
-0.26779
-0.31088
-0.30019
-0.26327
-0.28824
-0.32336
-0.28225
-0.2814
-0.21057
-0.13715
0.069283
0.057018
0.19531
0.0052682
0.15242
0.06558
-0.022146
0.11636
0.12212
0.14168
0.11252
0.12521
0.088383
0.13997
0.15121
0.20831
0.19236
0.29188
0.40206
0.48281
0.42971
0.35559
0.45898
0.38303
0.25793
0.24104
0.18507
0.30463
0.42334
0.39645
0.48154
0.41728
0.23832
0.43559
0.4835
0.33583
0.13184
0.060622
0.03476
0.088021
0.083809
0.12514
0.097147
0.14994
0.22063
0.31064
0.38425
0.41438
0.44445
0.55444
0.62728
0.52074
0.67251
0.70938
0.79481
0.72239
0.63028
0.54808
0.51773
0.53055
0.51969
0.47411
0.45677
0.33934
0.27866
0.31946
0.29653
0.49558
0.449
0.36467
0.25269
0.28882
0.2216
0.20108
0.11872
0.040266
0.030481
0.081146
0.060029
0.045444
0.0561
0.029171
0.11781
0.22448
0.29171
0.2764
0.35652
0.38
0.60635
0.46591
0.72189
0.67948
0.49192
0.45685
0.3542
0.28142
0.16853
0.25618
0.32661
0.44598
0.91489
1.6997
1.9443
1.5759
1.3845
1.0437
0.37576
0.24983
0.31547
0.22269
0.2483
0.19807
0.059971
0.019409
0.13766
0.66927
0.59028
0.64553
0.7696
0.86776
0.65875
0.47205
0.55579
0.37193
0.38391
0.41284
0.39857
0.42159
0.41423
0.40874
0.47221
0.42699
0.33957
0.36915
0.32668
0.16709
0.018045
-0.094734
-0.027022
0.086701
-0.093384
0.029424
0.12321
0.24752
0.22684
0.12457
0.021817
0.16726
0.11719
0.25808
0.52549
0.51286
0.25894
0.31542
0.2701
0.10618
-0.039689
0.023477
-0.04415
-0.023698
-0.13048
-0.20366
-0.069996
-0.028772
-0.064258
-0.20349
-0.15942
-0.15786
-0.20183
-0.27075
-0.31747
-0.34346
-0.3443
-0.30498
-0.3611
-0.38078
-0.33469
-0.35859
-0.37289
-0.30169
-0.28891
-0.29657
-0.29783
-0.27947
-0.25289
-0.35637
-0.34033
-0.35442
-0.42376
-0.36308
-0.27931
-0.18508
0.0017943
0.17741
0.36528
0.39629
0.52649
0.42505
0.21822
0.24775
-0.044754
-0.089394
0.078502
0.074925
0.081909
-0.12218
-0.21038
-0.21763
-0.1968
-0.28346
-0.32903
-0.38723
-0.41145
-0.41019
-0.4397
-0.44777
-0.45069
-0.4455
-0.43454
-0.42649
-0.40502
-0.3269
-0.36466
-0.31367
-0.35291
-0.39831
-0.39668
-0.39779
-0.39039
-0.39167
-0.36253
-0.39336
-0.39505
-0.42368
-0.42037
-0.41858
-0.3921
-0.39157
-0.41058
-0.40191
-0.41934
-0.40873
-0.3888
-0.41473
-0.41843
-0.40374
-0.38982
-0.39888
-0.3329
-0.33527
-0.27821
-0.25443
-0.20435
-0.21887
-0.24372
-0.31449
-0.29766
-0.3071
-0.31084
-0.27906
-0.29084
-0.28877
-0.27521
-0.24128
-0.25607
-0.26862
-0.29064
-0.25385
-0.24339
-0.24663
-0.2392
-0.24883
-0.25835
-0.26091
-0.24999
-0.24961
-0.21965
-0.13699
-0.078705
0.0098696
0.044764
-0.033173
-0.0091662
0.07633
0.54974
0.37935
0.08958
-0.013226
-0.074304
-0.064286
-0.11349
-0.15623
-0.13425
-0.1216
-0.14245
-0.11836
-0.055165
0.16917
0.38274
0.87377
0.69868
0.63064
0.50676
0.41126
0.41992
0.31927
0.45855
0.7752
1.7774
1.5321
0.67788
0.73731
0.56029
0.44959
0.54618
0.31418
0.41254
0.48722
0.52289
0.57426
0.4957
0.39346
0.36262
0.34342
0.29733
0.25068
0.26126
0.2362
0.28952
0.26532
0.25185
0.22041
0.10392
0.099523
0.09468
0.038823
0.00083257
-0.0062257
-0.031781
0.068381
0.032008
0.081169
0.019445
-0.086806
0.081142
0.10017
0.21201
0.1746
0.28102
0.36057
0.34882
0.59781
0.48334
0.60331
0.59044
0.42026
0.50375
0.37289
0.36258
0.28755
0.26015
0.24205
0.15263
0.050945
0.13625
0.038419
0.11631
0.013902
0.051455
0.10093
0.058946
0.22088
0.25488
0.28893
0.37272
0.40224
0.56545
0.55666
0.54498
0.75893
0.53923
0.84397
0.90937
0.85349
1.3717
1.6207
1.9264
3.7583
5.211
6.7346
4.6777
4.1599
4.4298
4.1069
4.4219
5.3868
4.8303
5.1983
5.5034
6.0599
6.1849
5.0615
5.1701
5.1978
5.797
6.6991
6.0759
6.3908
7.372
5.7544
8.1114
8.4948
8.3365
5.8275
5.5724
4.7129
5.2543
4.969
4.4336
4.6778
4.6781
5.8961
7.283
4.9076
4.7862
4.5402
4.0838
3.4517
3.3587
3.4081
4.4425
4.5951
3.7449
4.141
4.6098
1.6287
3.7937
3.8309
4.8104
4.2679
4.8526
3.9689
4.631
4.9307
5.7237
5.0396
4.6766
4.0794
5.7145
4.9209
5.1365
6.0233
4.459
5.3376
5.4362
1.5731
4.3297
4.8271
4.6915
4.8243
5.1293
5.9009
4.001
4.3347
4.5559
4.077
3.8334
4.4003
4.8316
4.836
4.6476
6.2698
5.8629
5.6379
6.4317
5.6574
5.0885
4.0908
7.2498
5.7122
6.6653
5.7909
4.8878
5.0571
6.2009
1.6919
5.9636
4.2619
4.6474
5.1492
6.0655
6.1451
6.3506
4.3755
4.8117
3.4726
3.4213
4.372
3.587
4.471
5.3096
4.7627
4.2659
4.4289
4.7271
4.1817
4.435
5.1192
3.9968
3.3302
3.1851
3.1946
3.0074
3.0871
2.927
3.2923
3.1359
3.7879
3.9344
4.1507
3.8484
3.8487
4.043
3.9871
3.2626
3.0318
3.3105
3.8613
3.9635
3.6536
3.5915
3.5039
3.8788
3.1654
3.4686
4.4897
4.4097
5.2185
5.4077
5.533
6.0303
5.8503
6.7251
6.608
6.2662
5.5319
7.1478
8.2368
5.8883
4.0143
4.3579
4.6712
3.7038
3.6739
4.1305
4.3402
4.1764
3.81
3.6359
3.0934
4.1147
4.0549
3.5976
3.7254
3.8067
4.3333
3.6887
4.1623
3.8634
3.4378
3.8966
4.1781
3.5504
3.5958
3.5421
3.6956
3.5821
3.8646
3.2205
4.0028
3.7352
4.3018
4.9594
3.8896
4.1578
4.9002
4.9183
4.7166
5.1399
4.8205
4.2514
4.8541
7.3053
11.835
8.0849
9.0188
7.8503
5.4992
6.6073
5.4219
8.8903
9.2298
9.6596
5.7657
5.7222
11.141
8.5621
9.3388
3.5735
4.6585
4.7315
5.7726
5.2583
4.7637
4.6906
4.4004
4.8208
5.1667
5.3208
5.7673
5.5258
5.9844
5.5546
4.5062
4.5016
5.136
4.8724
4.9894
5.2329
5.3479
5.9303
5.6735
4.8952
4.6249
6.0024
5.2646
4.8041
3.888
3.7335
4.0783
4.3152
4.3294
4.4371
4.484
4.5585
5.3114
6.7153
6.5711
5.7971
5.686
5.6874
6.6824
6.0645
5.5524
5.3723
6.4407
5.4744
6.1991
4.9891
4.4813
3.3456
4.4735
4.2357
0.90509
3.3237
2.8523
3.363
3.4848
4.1939
3.6417
3.1372
1.6646
2.104
2.4665
2.2941
2.334
2.259
2.2581
2.1468
1.4212
2.4821
2.1931
2.2871
2.56
2.4053
2.5387
2.8547
2.8654
3.0239
3.1157
3.5936
3.0728
3.7275
3.4912
4.3573
3.9064
4.6276
4.2511
4.5364
4.4533
6.3663
7.3422
5.7673
5.0924
4.3601
4.8326
4.5962
4.6735
5.1906
4.66
6.077
6.1208
5.6067
4.3188
4.5383
3.8017
4.019
3.9722
4.5856
4.6486
4.3476
5.2951
4.8946
7.1315
7.6323
8.113
7.4779
8.1328
6.5302
7.3512
7.3237
9.2373
7.4702
8.004
6.1458
5.6604
6.475
5.2248
5.837
5.9292
10.594
9.657
4.0626
4.8004
4.1614
4.5355
4.2603
5.012
4.8839
5.2857
5.283
5.1261
4.3131
5.1716
4.7312
4.2967
5.4156
4.7781
5.2399
4.914
5.328
5.0916
8.0452
8.0182
7.0741
7.8849
7.4305
5.7746
6.6929
10.093
6.3007
8.6813
6.6054
4.2396
4.1629
4.4239
4.1991
4.8946
5.0804
5.0229
5.4958
1.4345
3.0774
2.5817
2.184
1.9955
2.0336
2.3955
1.8984
2.5135
2.0849
2.2901
1.9228
2.5208
2.9009
3.0178
2.7622
2.4732
2.3942
2.3284
1.9536
2.0645
1.5764
1.3163
0.9041
0.85225
0.57293
0.45827
0.29108
0.31724
0.3514
0.16319
0.076126
0.11206
0.032245
0.079996
0.075712
0.097119
0.11373
0.09077
0.070686
0.052578
-0.0061833
-0.014499
-0.046546
0.040507
-0.06582
-0.081247
-0.050195
-0.027176
0.10676
0.11323
0.12545
0.16397
0.069313
0.099253
0.10137
0.050714
0.11812
0.066756
-0.0019239
-0.00081055
-0.078632
-0.049095
-0.15377
-0.21358
-0.23063
-0.2615
-0.28984
-0.31869
-0.30954
-0.28787
-0.24192
-0.1237
-0.061644
0.079548
0.13198
0.25912
0.46611
0.5638
0.26215
0.19809
0.29864
0.22752
0.20933
0.26932
0.17043
0.1712
0.19673
0.14358
0.10311
0.28104
0.34912
0.22669
0.22396
0.22608
0.2948
0.38076
0.19553
0.19545
0.19374
0.27309
0.29074
0.19012
0.3775
0.48483
0.59408
0.90353
1.2103
1.7703
1.9091
1.5469
1.4807
1.5665
1.4251
0.93233
0.68418
0.55128
0.66907
0.4021
0.32667
0.60019
0.7227
0.82921
1.0531
0.68556
0.47202
0.43548
0.2517
0.2387
0.11693
0.1683
0.15997
0.16377
0.20128
0.36627
0.40918
0.23869
0.25911
0.33415
0.33125
0.34105
0.32433
0.38189
0.30788
0.27603
0.16933
0.12196
0.16663
0.18682
-0.059355
-0.069652
-0.13644
-0.10444
-0.14454
-0.10208
-0.064509
-0.11748
-0.061104
-0.097242
-0.10245
-0.085512
0.051073
0.4088
1.207
1.1888
1.0568
1.4048
0.96744
0.68852
0.50757
0.33076
0.37089
0.36814
0.093269
-0.11068
-0.18154
-0.2478
-0.20089
-0.24534
-0.28102
-0.26805
-0.27554
-0.22965
-0.20208
-0.21457
-0.083569
0.082036
0.45261
1.0353
1.1073
0.81317
0.77412
1.1969
1.0827
0.83024
0.82507
0.72566
0.83469
0.89922
0.39168
0.28839
0.39609
0.4261
0.14879
0.021741
-0.054138
-0.14473
-0.14887
-0.17333
-0.25393
-0.23891
-0.26933
-0.20274
-0.13605
-0.099866
-0.034675
-0.037503
-0.0089504
-0.034829
0.14265
0.26777
0.59582
0.27036
0.011006
0.001422
-0.06709
-0.11861
0.023439
-0.096541
-0.18388
-0.20981
-0.26076
-0.31148
-0.33294
-0.26269
-0.31375
-0.27383
-0.30856
-0.30894
-0.31856
-0.33334
-0.35795
-0.3323
-0.34989
-0.29482
-0.33823
-0.3641
-0.36689
-0.40308
-0.36363
-0.40941
-0.42032
-0.3815
-0.45235
-0.39386
-0.448
-0.44545
-0.41772
-0.44999
-0.45912
-0.46858
-0.45576
-0.47671
-0.47553
-0.47686
-0.43945
-0.48548
-0.4549
-0.43811
-0.42315
-0.44361
-0.36204
-0.26889
-0.14302
0.20651
0.28099
0.36658
0.25998
0.18113
0.16378
0.062938
0.16659
0.26563
0.36896
0.41298
0.32549
0.20927
0.23747
0.59558
0.33313
0.28947
0.16789
0.24942
0.2314
0.17673
0.29995
0.6514
1.0299
1.097
0.51819
0.062214
0.094649
0.094499
0.048297
0.020868
0.089176
0.52086
0.25378
0.40673
0.24265
0.30676
0.21811
0.27194
0.39113
1.074
0.33864
0.24484
0.15929
0.21721
0.19344
0.20824
0.1625
0.22885
0.28399
0.32666
0.38964
0.2119
0.20558
0.30923
0.1745
0.13112
0.18949
0.22028
0.050637
-0.010106
-0.02901
0.14647
0.133
0.043779
0.013438
0.0077109
-0.031171
0.064021
0.13528
0.10272
-0.030155
-0.071215
-0.064842
-0.05724
-0.068318
-0.01501
0.085444
0.03876
0.029856
0.052546
0.092984
-0.013759
0.035611
0.023951
0.079091
0.14649
0.091462
-0.0213
-0.080564
-0.045369
-0.014749
-0.047032
-0.11036
-0.13463
-0.19062
-0.18959
-0.17361
-0.20779
-0.23117
-0.2246
-0.22561
-0.22023
-0.20227
-0.22867
-0.22942
-0.18414
-0.2443
-0.28866
-0.30422
-0.28017
-0.32841
-0.35461
-0.33419
-0.3353
-0.33976
-0.31476
-0.33625
-0.32584
-0.31744
-0.28726
-0.27983
-0.23734
-0.12697
-0.085314
-0.058026
-0.052138
-0.055708
0.0524
0.10009
0.085026
0.19358
0.41645
0.39575
0.65942
0.66609
0.74059
0.47022
0.51839
0.57374
0.67902
0.48042
0.49776
0.47459
0.55405
0.64416
0.72417
0.76377
0.8014
1.0033
0.95569
1.3286
1.1667
1.4
1.1245
0.75873
0.55899
0.53047
0.60455
0.58649
0.72933
0.71236
0.64574
0.59329
0.64571
0.62829
0.49196
0.47393
0.52604
0.58567
0.52626
0.50202
0.3587
0.28661
0.2569
0.33282
0.30052
0.49332
0.54283
0.56679
0.53051
0.51225
0.41163
0.35012
0.3304
0.38414
0.28204
0.21053
0.16835
0.17906
0.10593
0.14388
0.20997
0.05969
0.19077
0.2066
0.32448
0.29961
0.42391
0.3634
0.51355
0.5827
0.4283
0.33893
0.39892
0.62688
0.9241
1.0484
1.2977
1.9933
2.5106
1.5656
1.8038
2.5375
2.8865
2.3205
2.7133
2.2353
2.6551
2.8555
2.453
2.3431
2.2201
2.4105
2.2794
2.5843
3.6375
5.2394
3.8744
2.212
2.0701
1.6667
2.1905
1.9626
1.8458
2.2752
1.7668
2.0048
1.6667
1.5234
1.5761
1.196
1.4232
1.2826
0.91028
0.93696
0.61625
0.40075
0.26949
