1,0,0,0
324,134,100,83
324,134,100,83
324,134,100,83
324,134,100,83
324,134,100,83
324,134,100,83
313,136,110,88
313,136,110,88
313,136,110,88
313,136,110,88
313,136,110,88
313,136,110,88
313,136,110,88
313,136,110,88
313,136,110,88
313,136,110,88
313,136,110,88
313,136,110,88
313,136,110,88
313,136,110,88
313,136,110,88
313,136,110,88
313,137,110,88
313,137,110,88
313,137,110,88
313,137,110,88
313,137,110,88
313,137,110,88
313,137,110,88
313,137,110,88
313,137,110,88
313,137,110,88
313,137,110,88
313,137,110,88
314,137,110,88
314,137,110,88
314,137,110,88
314,137,110,88
314,137,110,88
314,137,110,88
314,137,110,88
314,137,110,88
314,137,110,88
314,137,110,88
314,137,110,88
312,137,110,88
313,134,114,88
313,134,114,88
313,133,114,88
314,134,114,88
317,134,114,88
317,134,114,88
317,134,114,88
317,134,114,88
317,134,114,88
316,134,114,88
313,134,114,88
314,134,114,88
314,134,114,88
312,133,117,89
312,133,117,89
348,117,121,116
370,104,148,114
377,108,146,111
381,108,124,107
380,101,124,107
376,90,124,107
371,79,124,107
365,72,124,107
365,73,120,97
364,62,120,97
364,53,120,97
362,55,118,97
350,49,118,97
347,32,117,116
334,32,117,116
329,32,117,116
325,32,117,116
324,33,117,116
323,34,117,116
324,37,117,116
323,72,94,96
323,73,94,96
319,73,94,96
316,77,94,96
333,78,90,106
336,78,90,106
339,78,90,106
344,78,90,106
354,86,90,106
369,94,90,106
398,80,90,106
411,62,96,145
416,65,96,145
424,64,96,145
427,62,96,145
428,61,96,145
431,61,96,145
432,60,96,145
443,50,88,167
457,46,88,167
459,44,88,167
463,40,88,167
463,39,88,167
455,44,88,167
443,55,88,167
430,66,94,167
430,66,94,167
431,66,94,167
433,66,94,167
434,63,94,167
436,64,94,167
425,66,94,167
403,66,94,167
384,65,94,167
371,66,94,167
370,69,94,167
370,75,94,167
376,85,94,167
376,84,94,167
359,131,101,136
354,131,101,136
352,131,101,136
347,131,101,136
343,129,101,136
342,130,101,136
350,131,101,136
353,106,125,190
349,107,125,190
346,107,125,190
341,107,125,190
337,107,125,190
317,146,155,169
313,149,155,169
307,145,155,169
300,146,155,169
301,140,136,197
292,140,136,197
282,140,136,197
273,144,136,197
270,150,136,197
281,133,140,235
277,136,140,235
273,139,140,235
261,152,167,241
254,148,167,241
244,146,167,241
212,157,167,241
203,153,167,241
193,156,167,241
187,177,167,241
171,197,167,241
166,202,167,241
165,197,167,241
160,196,167,241
154,193,167,241
158,187,167,241
157,188,164,238
158,184,164,238
158,184,164,238
158,185,164,238
158,186,164,238
163,186,156,235
163,186,156,235
163,184,156,235
164,187,156,235
169,192,148,222
175,195,148,222
173,193,148,222
172,195,148,222
173,194,148,222
175,194,148,222
174,194,148,222
182,205,143,208
182,203,143,208
182,203,143,208
182,200,143,208
182,204,143,208
182,204,143,208
