1.00
1.17
1.16
1.14
1.11
1.16
1.16
1.14
1.15
1.16
1.19
1.15
1.14
1.13
1.14
1.16
1.17
1.15
1.15
1.15
1.17
1.13
1.12
1.13
1.13
1.15
1.11
1.13
1.08
1.12
1.12
1.11
1.12
1.14
1.11
1.13
1.10
1.11
1.12
1.12
1.13
1.08
1.08
1.07
1.09
1.12
1.08
1.07
1.10
1.10
1.10
1.11
1.07
1.06
1.04
1.03
1.01
1.00
1.00
0.99
1.01
1.07
1.03
1.02
1.04
1.01
1.00
1.00
1.00
1.00
1.00
1.00
0.99
0.99
0.95
0.96
0.91
0.92
0.92
0.91
0.91
0.96
0.94
0.99
0.97
0.97
0.96
0.96
0.96
0.96
0.96
0.93
0.95
0.96
0.90
0.93
0.93
0.90
0.94
0.95
0.91
1.01
1.00
1.00
1.00
0.94
0.97
0.97
0.96
0.95
0.90
0.88
0.89
0.88
0.90
0.88
0.84
0.78
0.73
0.78
0.70
0.85
0.87
0.86
0.85
0.83
0.82
0.82
0.81
0.81
0.77
0.77
0.75
0.75
0.77
0.74
0.78
0.78
0.71
0.76
0.69
0.85
0.85
0.88
0.86
0.87
0.87
0.89
0.89
0.83
0.86
0.89
0.85
0.82
0.92
0.91
0.94
0.92
0.97
0.96
0.97
1.09
1.11
1.07
1.08
1.11
1.07
1.06
1.03
1.05
1.10
1.08
1.16
1.13
1.10
1.11
1.11
1.10
1.15
1.12
1.05
1.05
1.03
1.05
1.06
1.05
0.99
1.02
1.02
1.03
1.00
1.02
1.04
1.06
1.00
1.02
1.04
1.04
1.06
1.04
1.03
1.08
1.05
1.06
1.05
1.05
1.02
1.00
1.01
1.04
1.05
1.06
1.06
1.09
1.11
1.08
1.05
1.08
1.05
1.10
1.04
1.09
1.12
1.11
1.12
1.12
1.09
1.07
1.05
1.05
1.09
1.04
1.07
1.03
1.01
1.04
1.08
1.12
1.11
1.08
1.12
1.12
1.14
1.17
1.20
1.22
1.17
1.20
1.19
1.22
1.17
1.17
1.14
1.16
1.08
1.07
1.17
1.13
1.17
1.19
1.20
1.11
1.11
1.15
1.10
1.10
1.13
1.10
1.13
1.07
1.10
1.11
1.07
1.05
1.10
1.05
1.06
1.05
1.04
1.03
1.01
1.03
1.04
1.05
1.07
1.07
1.07
1.07
1.03
1.03
1.02
1.04
0.89
0.92
0.81
0.75
0.81
0.75
0.81
0.76
0.77
0.97
0.93
0.92
0.89
0.94
0.93
0.84
0.98
0.91
0.80
0.95
0.90
0.91
0.88
0.89
0.86
0.89
0.88
0.85
0.85
0.99
0.98
0.94
0.95
0.95
0.93
0.95
0.90
0.91
0.90
0.91
0.83
0.92
0.86
0.90
0.92
0.92
0.91
0.90
0.89
1.00
0.99
0.98
1.02
0.98
0.99
1.02
1.02
1.01
0.99
0.99
0.99
0.99
1.02
1.00
1.02
0.97
0.97
0.98
0.95
1.05
1.05
1.06
1.05
1.05
1.03
1.01
1.05
1.00
1.03
1.01
1.01
1.00
1.05
1.03
1.05
1.04
0.99
0.98
1.06
1.06
1.04
1.03
1.01
0.98
0.96
0.98
1.01
0.96
0.96
0.91
0.93
0.95
0.93
0.87
0.96
0.90
0.89
0.87
0.84
0.95
0.89
0.91
0.93
0.87
0.86
0.84
0.81
0.80
0.74
0.69
0.59
0.69
0.70
0.67
0.64
0.59
0.81
0.79
0.72
0.88
0.81
0.77
0.67
0.63
0.70
0.65
0.62
0.56
0.51
0.71
0.66
0.47
0.65
0.58
0.59
0.69
0.64
0.68
0.61
0.91
0.85
0.83
0.81
0.75
0.81
0.77
0.78
0.85
0.77
0.84
0.76
0.73
0.84
0.77
0.86
0.89
0.87
0.90
0.98
1.01
1.02
1.01
1.04
1.06
1.06
0.96
1.01
1.02
1.03
1.02
1.06
1.03
1.06
1.10
1.09
1.10
1.10
1.07
1.00
1.02
1.01
1.00
0.95
0.98
0.95
0.92
0.92
0.90
0.81
0.77
0.62
0.80
0.74
0.65
0.66
0.67
0.76
0.73
0.68
0.80
0.78
0.79
0.71
0.81
0.72
0.70
0.68
0.63
0.72
0.70
0.64
0.65
0.61
0.55
0.54
0.53
0.56
0.52
0.49
0.71
0.64
0.56
0.55
0.52
0.48
0.47
0.40
0.39
0.33
0.39
0.44
0.37
0.39
0.45
0.37
0.33
0.37
0.33
0.27
0.44
0.57
0.50
0.41
0.50
0.44
0.53
0.44
0.59
0.43
0.39
0.47
0.36
0.36
0.40
0.35
0.35
0.41
0.37
0.33
0.82
0.79
0.74
0.73
0.72
0.74
0.72
0.72
0.74
0.74
0.72
0.74
0.73
0.70
0.72
0.72
0.73
0.71
0.67
0.70
0.98
0.98
0.96
0.96
0.91
0.91
1.00
0.91
0.89
0.89
0.96
0.92
0.80
0.83
0.84
0.89
0.86
0.87
0.92
0.89
1.00
1.01
0.97
0.94
0.90
0.90
0.93
0.92
0.92
0.87
0.93
0.83
0.82
0.83
0.84
0.81
0.85
0.70
0.80
0.66
0.81
0.69
0.70
0.74
0.73
0.66
0.63
0.61
0.66
0.57
0.55
0.64
0.63
0.61
0.57
0.58
0.57
0.58
0.57
0.56
0.72
0.66
0.73
0.67
0.65
0.62
0.66
0.63
0.67
0.64
0.64
0.58
0.63
0.56
0.68
0.59
0.67
0.68
0.62
0.60
0.73
0.72
0.78
0.65
0.74
0.77
0.87
0.77
0.69
0.83
0.67
0.72
0.84
0.67
0.69
0.76
0.68
0.79
0.80
0.69
0.91
0.73
0.73
0.81
0.87
0.72
0.87
0.72
0.73
0.78
0.67
0.74
0.70
0.77
0.75
0.73
0.64
0.75
0.64
0.92
0.87
0.67
0.70
0.75
0.67
0.78
0.69
0.83
0.66
0.79
0.97
0.73
0.74
0.91
0.69
0.75
0.92
1.05
0.87
0.77
0.67
0.74
0.75
0.82
0.72
0.70
0.66
0.60
0.57
0.60
0.59
0.63
0.58
0.60
0.65
0.58
0.66
0.67
0.63
0.60
0.77
0.80
0.85
0.88
0.82
0.82
0.84
0.75
0.83
0.81
0.80
0.84
0.79
0.78
0.84
0.86
0.84
0.86
0.85
0.85
0.89
0.94
0.91
0.90
0.98
0.97
0.97
0.92
0.93
0.99
0.94
0.93
0.96
0.93
0.98
0.96
0.93
0.93
0.96
0.94
0.93
0.97
0.98
0.93
0.94
0.92
0.93
0.95
0.92
1.03
0.93
0.97
0.91
0.95
0.89
0.95
0.90
0.97
0.93
0.97
0.94
0.95
0.91
0.92
0.92
0.95
0.97
0.88
0.92
0.96
0.96
0.95
0.92
0.92
0.94
0.99
0.94
0.97
0.99
0.99
1.01
1.02
1.00
1.01
1.00
0.99
0.99
1.01
0.94
0.90
0.98
0.90
0.95
0.94
0.97
1.02
0.92
0.86
0.86
0.88
0.90
0.87
0.86
0.84
0.82
0.82
0.87
0.81
0.78
0.87
0.84
0.82
0.79
0.80
0.79
0.75
0.77
0.75
0.79
0.82
0.89
0.98
0.97
1.01
1.01
0.99
0.98
0.95
0.97
0.97
0.96
0.97
0.93
0.95
0.99
1.00
1.00
1.03
0.96
0.96
0.97
0.94
0.93
0.95
0.97
0.90
0.99
1.01
1.01
0.98
0.98
0.99
0.90
0.86
0.87
0.85
0.84
0.86
0.86
0.90
0.92
0.98
0.98
0.96
0.96
0.97
0.99
0.97
0.91
0.98
1.03
0.93
0.97
0.96
0.97
0.96
0.93
0.98
0.94
1.00
1.01
1.04
1.01
0.94
1.02
1.12
1.08
1.05
1.09
1.04
1.08
1.06
1.03
1.04
1.00
1.00
1.10
1.15
1.06
0.96
1.12
0.98
1.12
1.12
1.13
1.08
1.09
1.10
1.08
1.14
1.11
1.05
1.02
1.09
1.16
1.02
1.11
1.03
1.17
1.17
1.07
1.08
1.07
1.05
1.09
1.07
1.01
1.12
1.09
1.11
1.04
0.94
1.12
1.03
1.08
1.04
1.06
1.12
0.91
1.06
0.96
1.01
0.87
0.99
0.99
0.94
0.96
0.86
0.91
0.95
0.92
0.83
0.91
0.97
0.99
0.98
1.00
1.00
0.98
1.01
1.02
1.07
1.03
0.95
1.02
1.01
1.05
0.98
0.98
1.07
1.03
1.05
0.98
1.03
1.06
1.06
1.02
1.06
1.00
1.03
1.03
0.98
0.99
0.99
1.01
1.00
0.98
0.95
0.95
1.00
0.94
0.96
0.96
0.88
0.69
0.77
0.72
0.74
0.77
0.77
0.80
0.74
0.76
0.79
0.73
0.78
0.75
0.75
0.77
0.80
0.76
0.75
0.73
0.72
0.68
0.72
0.75
0.72
0.83
0.83
0.97
0.98
1.07
1.08
1.10
1.03
1.04
1.01
1.05
1.04
0.96
0.96
0.95
1.00
1.03
1.00
0.98
1.01
1.00
0.99
1.03
1.01
0.98
0.96
0.98
0.95
0.94
0.94
0.90
0.86
0.93
0.88
0.88
0.87
0.85
0.81
0.82
0.79
0.76
0.81
0.93
0.90
0.89
0.89
0.88
0.88
0.91
0.86
0.83
0.82
0.77
0.81
0.78
0.79
0.79
0.79
0.79
0.78
0.78
0.80
0.95
0.90
0.95
0.94
0.92
0.92
0.89
0.94
0.88
0.82
0.84
0.79
0.78
0.81
0.81
0.83
0.76
0.80
0.80
0.81
0.83
0.84
0.80
0.83
0.81
0.79
0.80
0.76
0.74
0.71
0.72
0.69
0.69
0.69
0.64
0.61
0.62
0.59
0.65
0.63
0.78
0.78
0.77
0.71
0.71
0.73
0.72
0.72
0.70
0.68
0.69
0.68
0.65
0.64
0.69
0.68
0.68
0.66
0.65
0.64
0.76
0.68
0.65
0.74
0.69
0.56
0.74
0.61
0.53
0.60
0.62
0.53
0.62
0.56
0.54
0.56
0.48
0.50
0.48
0.47
0.67
0.66
0.64
0.66
0.62
0.63
0.59
0.61
0.68
0.65
0.65
0.64
0.68
0.67
0.66
0.63
0.67
0.66
0.73
0.74
0.96
1.04
1.03
1.02
1.04
1.04
1.08
1.08
1.02
1.04
1.05
0.98
0.99
0.97
1.01
1.04
1.05
0.99
1.02
0.99
0.94
0.97
1.00
0.93
0.94
0.96
1.02
1.01
0.95
1.00
0.92
0.92
0.97
0.81
0.93
0.90
0.86
0.84
0.86
0.83
0.86
0.77
0.73
0.82
0.77
0.77
0.81
0.84
0.84
0.81
0.75
0.76
0.78
0.72
0.78
0.78
0.71
0.76
0.68
0.64
0.75
0.73
0.77
0.71
0.65
0.54
0.40
0.37
0.36
0.40
0.43
0.44
0.47
0.46
0.43
0.41
0.39
0.41
0.38
0.42
0.61
0.61
0.62
0.66
0.65
0.66
0.68
0.70
0.72
0.65
0.70
0.70
0.69
0.73
0.72
0.73
0.78
0.79
0.73
0.75
0.86
0.89
0.88
0.81
0.86
0.81
0.87
0.84
0.81
0.88
0.88
0.96
0.91
0.93
0.89
0.93
0.95
0.91
0.89
0.93
0.96
0.93
0.96
0.91
0.97
0.93
0.98
0.95
0.91
0.95
0.96
0.90
0.95
0.87
0.82
0.85
0.88
0.80
0.74
0.78
0.70
0.69
0.65
0.48
0.39
0.39
0.33
0.29
0.26
0.32
0.33
0.41
0.41
0.47
0.51
0.58
0.64
0.71
0.69
0.66
0.88
0.87
0.87
0.82
0.85
0.77
0.70
0.69
0.61
0.64
0.62
0.63
0.60
0.64
0.71
0.75
0.78
0.85
0.82
0.86
1.07
1.05
1.10
1.06
1.11
1.07
0.94
0.98
1.02
0.96
1.04
0.97
0.99
0.99
0.99
0.94
0.86
1.02
1.09
1.04
0.95
0.86
0.82
0.77
0.78
0.74
0.75
0.70
0.80
0.76
0.82
0.85
0.80
0.90
0.85
0.80
0.81
0.84
0.82
0.85
0.97
0.95
0.96
1.03
0.95
0.96
0.92
0.94
0.81
0.79
0.74
0.73
0.75
0.72
0.73
0.80
0.77
0.79
0.78
0.73
0.86
0.75
0.75
0.75
0.79
0.73
0.79
0.77
0.83
0.80
0.76
0.81
0.78
0.81
0.73
0.69
0.74
0.73
0.69
0.75
0.87
0.79
0.78
0.76
0.80
0.90
1.01
1.11
1.16
1.16
1.14
1.12
1.15
1.09
1.07
0.99
1.00
0.99
1.02
1.02
1.01
1.01
1.03
0.91
1.06
0.96
0.96
1.04
1.01
0.96
1.04
1.06
1.02
0.99
1.03
1.01
0.90
0.88
0.81
0.78
0.78
0.83
0.78
0.76
0.83
0.77
0.71
0.82
0.79
0.81
0.79
0.80
0.76
0.75
0.79
0.74
0.72
0.75
0.72
0.86
0.98
0.93
0.87
0.88
0.88
0.81
0.89
0.85
0.92
0.95
0.95
0.82
0.92
0.87
0.98
0.86
0.80
0.85
0.85
0.83
0.81
0.71
0.71
0.77
0.81
0.77
0.78
0.82
0.83
0.88
0.88
0.90
0.92
0.95
0.93
0.93
0.88
0.90
0.90
0.96
1.01
1.03
0.98
1.01
0.99
1.03
1.00
1.01
1.00
1.01
1.05
1.06
1.04
1.01
1.04
1.02
1.04
1.06
1.04
1.04
1.09
1.09
1.10
1.13
1.09
1.07
1.12
1.10
1.14
1.08
1.08
1.10
1.08
1.10
1.12
1.09
1.05
1.01
1.05
0.98
0.90
0.92
0.96
1.07
1.03
1.11
1.02
1.00
1.03
1.08
0.94
1.06
1.07
1.05
1.07
1.07
1.11
1.10
1.08
1.08
1.06
1.04
1.04
1.05
1.03
1.01
1.00
1.05
0.95
1.00
1.04
1.01
0.95
1.00
0.96
1.04
1.03
1.01
1.10
1.07
1.12
1.13
1.14
1.08
0.97
1.08
1.07
1.09
1.04
1.08
1.07
1.13
1.12
1.18
1.10
1.13
1.08
1.12
1.13
0.98
1.07
1.13
1.10
1.16
1.14
1.15
1.15
1.15
1.14
1.14
1.16
1.11
1.18
1.10
1.12
1.10
1.12
1.08
1.06
1.08
1.03
1.09
1.05
1.06
1.02
1.07
1.03
1.04
1.10
1.07
1.04
1.03
1.08
1.04
1.06
1.05
1.00
1.06
1.01
1.08
1.06
1.05
1.09
1.02
1.09
1.00
1.03
0.99
1.01
0.99
1.01
1.00
0.96
0.96
0.98
1.01
0.98
1.02
1.04
1.03
1.13
1.09
1.10
1.10
1.16
1.15
1.16
1.09
1.06
1.03
1.02
1.08
1.09
1.04
1.09
1.13
1.12
1.14
1.13
1.07
1.01
0.85
0.96
0.90
0.91
0.95
0.93
0.87
0.89
0.87
0.84
0.89
0.93
0.95
0.99
1.02
1.09
1.03
1.02
1.02
1.09
1.02
1.04
1.17
1.21
1.22
1.14
1.25
1.22
1.18
1.20
1.20
1.10
1.01
1.03
1.06
1.11
1.07
0.99
0.81
0.80
0.72
0.66
0.72
0.63
0.61
0.56
0.56
0.57
0.62
0.67
0.68
0.73
0.74
0.79
0.83
0.86
0.87
0.88
0.88
1.00
0.98
0.99
1.03
0.98
1.00
1.01
1.03
1.01
1.01
1.01
1.00
1.03
1.04
1.12
1.12
1.19
1.22
1.18
1.12
1.17
1.10
1.09
1.10
1.13
1.03
1.14
1.10
1.06
1.09
1.10
1.05
1.05
1.09
1.10
1.12
1.11
1.14
1.14
1.11
1.07
1.05
1.06
1.03
1.14
1.09
1.13
1.11
1.19
1.21
1.23
1.21
1.20
1.24
1.22
1.27
1.20
1.18
1.24
1.17
1.08
0.97
1.04
1.01
1.02
1.05
1.00
1.02
1.08
1.04
1.11
1.03
1.03
0.93
0.91
0.82
0.77
0.81
0.83
0.81
0.91
0.87
0.93
0.92
0.92
0.90
0.91
0.98
1.01
1.06
1.10
1.12
1.16
1.15
1.12
1.16
1.16
1.18
1.13
1.11
1.15
1.11
1.18
1.21
1.18
1.19
1.17
1.17
1.17
1.18
1.22
1.14
1.20
1.22
1.21
1.20
1.15
1.18
1.16
1.15
1.17
1.14
1.19
1.13
1.21
1.18
1.16
1.16
1.19
1.15
1.20
1.14
1.13
1.10
1.10
1.12
1.07
1.07
1.09
1.08
1.09
1.09
1.08
1.08
1.10
1.10
1.06
1.07
1.07
1.05
1.09
1.12
1.08
1.09
1.06
1.07
1.06
0.97
1.08
1.11
1.10
1.09
1.10
1.16
1.09
1.10
1.11
1.12
1.12
1.04
1.11
1.09
1.03
1.10
1.07
1.00
1.02
1.05
1.01
1.06
1.00
1.03
0.99
1.01
1.01
1.04
1.01
0.96
0.94
0.93
0.91
0.85
0.79
0.83
0.87
0.77
0.73
0.81
0.87
0.83
0.98
0.96
0.97
0.93
0.87
0.85
0.86
0.89
0.83
0.82
0.78
0.77
0.66
0.69
0.62
0.56
0.46
0.35
0.27
0.24
0.31
0.30
0.30
0.30
0.28
0.22
0.28
0.33
0.42
0.39
0.35
0.30
0.35
0.34
0.35
0.33
0.37
0.43
0.40
0.42
0.53
0.56
0.49
0.53
0.54
0.62
0.67
0.56
0.43
0.26
0.24
0.16
0.14
0.17
0.25
0.26
0.30
0.22
0.29
0.32
0.45
0.49
0.49
0.49
0.49
0.51
0.64
0.59
0.51
0.53
0.64
0.59
0.49
0.53
0.46
0.54
0.58
0.62
0.71
0.67
0.88
0.80
0.91
0.78
0.79
0.75
0.79
0.73
0.73
0.77
0.76
0.77
0.72
0.78
0.76
0.79
0.81
0.83
0.80
0.81
0.95
1.00
0.96
0.96
0.94
0.95
0.98
0.94
0.84
0.77
0.85
0.85
0.89
0.86
0.82
0.80
0.79
0.76
0.73
0.68
0.74
0.75
0.69
0.66
0.76
0.73
0.76
0.70
0.68
0.68
0.70
0.69
0.71
0.68
0.65
0.65
0.67
0.73
0.75
0.68
0.96
0.96
0.96
0.97
0.89
0.91
0.90
0.88
0.85
0.90
0.92
0.89
0.87
0.88
0.86
0.83
0.83
0.79
0.93
0.82
0.87
0.87
0.87
0.88
0.92
0.87
0.87
0.88
0.90
0.90
0.92
0.92
0.90
0.90
0.91
0.95
0.93
0.91
0.87
0.93
0.99
1.01
1.01
1.00
1.02
0.99
0.98
0.97
1.03
0.98
1.01
1.01
0.99
1.01
0.97
0.95
1.02
0.99
1.08
1.08
1.04
1.11
1.05
1.09
1.03
1.11
1.12
1.11
1.14
1.13
1.15
1.09
1.11
1.11
1.12
1.11
1.11
1.12
1.12
1.08
1.04
1.10
1.04
1.06
1.01
1.02
1.02
1.05
1.03
1.01
0.97
0.96
0.99
0.93
0.95
0.94
0.93
0.97
0.93
0.87
0.87
0.66
0.77
0.64
0.62
0.68
0.65
0.70
0.65
0.78
0.65
0.72
0.69
0.67
0.69
0.68
0.62
0.64
0.66
0.65
0.84
0.77
0.81
0.83
0.82
0.80
0.63
0.77
0.78
0.71
0.70
0.57
0.65
0.59
0.46
0.49
0.41
0.45
0.39
0.40
0.65
0.61
0.68
0.58
0.60
0.70
0.58
0.56
0.51
0.63
0.54
0.51
0.44
0.40
0.51
0.39
0.44
0.38
0.37
0.34
0.66
0.67
0.66
0.65
0.62
0.57
0.55
0.55
0.56
0.53
0.49
0.48
0.51
0.43
0.35
0.31
0.32
0.23
0.17
0.16
0.48
0.46
0.36
0.34
0.36
0.46
0.49
0.54
0.51
0.48
0.66
0.59
0.60
0.53
0.58
0.56
0.55
0.54
0.57
0.51
0.58
0.57
0.48
0.47
0.33
0.44
0.49
0.42
0.37
0.29
0.35
0.58
0.56
0.55
0.46
0.39
0.39
0.40
0.39
0.42
0.52
0.67
0.61
0.43
0.53
0.53
0.49
0.41
0.44
0.40
0.34
0.23
0.14
0.16
0.10
0.20
0.12
0.19
0.16
0.09
0.13
0.46
0.33
0.32
0.31
0.28
0.33
0.40
0.44
0.43
0.41
0.54
0.52
0.52
0.57
0.58
0.53
0.51
0.70
0.73
0.73
0.65
0.68
0.71
0.62
0.59
0.67
0.77
0.71
0.78
0.76
0.81
0.83
0.78
0.80
0.75
0.78
0.79
0.63
0.73
0.88
0.83
0.82
0.87
0.86
0.95
0.86
0.90
0.94
0.80
0.80
0.69
0.76
0.73
0.72
0.64
0.67
0.61
0.84
0.82
0.79
0.93
0.92
0.93
0.84
0.82
0.71
0.79
0.95
0.91
1.06
1.09
1.09
1.13
1.09
1.10
1.06
0.98
0.98
0.94
0.89
0.72
0.70
0.54
0.59
0.52
0.39
0.47
0.31
0.29
0.24
0.18
0.21
0.49
0.44
0.42
0.45
0.42
0.33
0.25
