1.009547
0.038556
0.038107
0.040948
0.040525
0.036962
0.037189
0.037282
0.037183
0.036977
0.081011
0.037050
0.037102
0.037138
0.037054
0.037326
0.037090
0.037162
0.037188
0.037278
0.087596
0.037331
0.037177
0.037225
0.037264
0.037162
0.038016
0.042935
0.037317
0.037165
0.091571
0.037342
0.037335
0.037336
0.037428
0.037304
0.037424
0.037344
0.035901
0.037376
0.107161
0.037460
0.037409
0.038653
0.042339
0.043240
0.036927
0.037002
0.036778
0.038116
0.113355
0.038621
0.039188
0.036998
0.036793
0.036696
0.036719
0.036701
0.036727
0.036879
0.116785
0.036851
0.036750
0.038238
0.041240
0.042142
0.042921
0.041011
0.038292
0.038310
0.139709
0.038298
0.042673
0.037426
0.037247
0.037306
0.037447
0.037252
0.037287
0.038230
0.142787
0.037746
0.039779
0.037138
0.037283
0.037051
0.037177
0.037234
0.038344
0.037219
0.144482
0.037162
0.037301
0.037345
0.037193
0.037160
0.037258
0.037224
0.037407
0.037299
0.160608
0.037347
0.037256
0.037316
0.037333
0.037290
0.037338
0.037422
0.037329
0.037284
0.165904
0.038158
0.038388
0.038327
0.038238
0.038347
0.038393
0.038469
0.038253
0.038414
0.172529
0.038297
0.038211
0.038660
0.038487
0.038463
0.038322
0.038394
0.038379
0.038286
0.177088
0.038369
0.038434
0.038578
0.038289
0.038472
0.038546
0.038224
0.037893
0.038392
0.194333
0.038280
0.038378
0.038194
0.038352
0.038322
0.038452
0.038430
0.038261
0.038276
0.198036
0.038136
0.038583
0.038222
0.038254
0.038003
0.038429
0.038150
0.038195
0.038220
0.203141
0.038224
0.038111
0.038450
0.038145
0.038433
0.038148
0.038393
0.038090
0.038157
0.217273
0.038258
0.038173
0.038177
0.038162
0.038325
0.038375
0.038051
0.038517
0.038117
0.222429
0.038347
0.038063
0.038422
0.038393
0.038249
0.038165
0.037896
0.039137
0.036684
0.225989
0.036812
0.036764
0.036883
0.036868
0.036713
0.037120
0.037182
0.037251
0.038407
0.243546
0.038342
0.038280
0.038291
0.037348
0.037269
0.037318
0.038081
0.038378
0.038311
0.249502
0.038177
0.038420
0.038341
0.038494
0.038155
0.038227
0.038050
0.038252
0.038211
0.257077
0.038451
0.038450
0.038518
0.038398
0.038531
0.038400
0.038349
0.038341
0.038206
0.257340
0.038501
0.038365
0.038333
0.038388
0.038370
0.038207
0.038118
0.038375
0.038342
0.257122
0.038385
0.038291
0.038460
0.038437
0.038452
0.038154
0.038336
0.038403
0.038144
0.257405
0.038385
0.038477
0.038429
0.038405
0.038073
0.038483
0.038292
0.038332
0.038303
0.257205
0.038782
0.038832
0.038175
0.037927
0.038305
0.038478
0.038298
0.038273
0.038580
0.257149
0.038934
0.038492
0.038383
0.038496
0.038284
0.038136
0.038455
0.038322
0.038407
0.257071
0.038260
0.038481
0.038475
0.038018
0.038558
0.038535
0.038354
0.038118
0.038370
0.257284
0.038539
0.038244
0.037022
0.036644
0.036554
0.037396
0.037426
0.037466
0.037258
0.256030
0.037533
0.037350
0.037406
0.037194
0.037199
0.037319
0.038193
0.038393
0.038840
0.257635
0.038866
0.038478
0.038327
0.038299
0.038521
0.036942
0.036761
0.036834
0.036794
0.256010
0.037673
0.037473
0.037408
0.037491
0.037158
0.037200
0.038524
0.038315
0.038432
0.257351
0.038639
0.038339
0.038557
0.038484
0.038590
0.038535
0.038369
0.038412
0.038112
0.257359
0.038879
0.038477
0.040009
0.036952
0.036744
0.036950
0.036879
0.037120
0.037028
0.255436
0.036925
0.036917
0.036961
0.037004
0.037173
0.036992
0.036861
0.036899
0.036835
0.255859
0.037052
0.036851
0.036865
0.037093
0.036832
0.036839
0.036981
0.036863
0.036963
0.255597
0.037070
0.036831
0.036915
0.036824
0.036958
0.036895
0.037031
0.036835
0.036987
0.255502
0.037539
0.037036
0.037164
0.037436
0.036770
0.037015
0.036897
0.036881
0.036854
0.255881
0.037070
0.036706
0.037059
0.036750
0.036918
0.036880
0.036777
0.036732
0.037024
0.255928
0.037590
0.037571
0.048827
0.049435
0.039376
0.037721
0.037597
0.037671
0.037717
0.256639
0.037832
0.037650
0.037055
0.044708
0.050407
0.041843
0.037104
0.037169
0.037172
0.256035
0.037188
0.037063
0.037043
0.037187
0.037092
0.037130
0.037014
0.037153
0.037233
0.255067
0.037285
0.037029
0.037234
0.037389
0.037560
0.037214
0.036947
0.037096
0.036934
0.256363
0.037858
0.037436
0.037544
0.037616
0.037418
0.037769
0.037453
0.037690
0.037628
0.256176
0.037821
0.037560
0.038509
0.037927
0.037834
0.037502
0.037428
0.037464
0.037451
0.255842
0.038571
0.038471
0.038464
0.037000
0.038531
0.038722
0.038405
0.038185
0.038730
0.257281
0.038736
0.038521
0.038518
0.038444
0.038508
0.038459
0.038168
0.038514
0.038613
0.257671
0.037160
0.038632
0.038536
0.038306
0.038241
0.038520
0.038330
0.038384
0.038648
0.257509
0.037058
0.036812
0.037041
0.036834
0.036775
0.036860
0.036821
0.036848
0.036723
0.255735
0.036899
0.036944
0.037036
0.036926
0.036941
0.037060
0.037270
0.037044
0.036987
0.255495
0.037132
0.038478
0.036994
0.037330
0.037537
0.037488
0.037577
0.037411
0.037441
0.256260
0.037567
0.037443
0.037454
0.256286
0.037466
0.037481
0.037197
0.038507
0.038442
0.257662
0.038544
0.038474
0.038635
0.038647
0.040025
0.038633
0.038914
0.038522
0.038576
0.257160
0.038609
0.038748
0.038770
0.038260
0.038725
0.038719
0.038409
0.038486
0.038516
0.257567
0.039245
0.038821
0.038973
0.038969
0.038967
0.039033
0.039290
0.038944
0.039099
0.257728
0.039118
0.039016
0.039229
0.045042
0.044448
0.038519
0.038253
0.038351
0.038515
0.257544
0.038849
0.038827
0.039116
0.039652
0.039566
0.040080
0.039540
0.039827
0.040218
0.258952
0.040272
0.040211
0.040236
0.040440
0.039252
0.039191
0.039166
0.039323
0.039062
0.257937
0.039500
0.039229
0.039272
0.039306
0.038932
0.038836
0.039111
0.039055
0.039138
0.258414
0.039548
0.039217
0.038923
0.038861
0.038791
0.038918
0.039095
0.038933
0.038970
0.257258
0.039045
0.039311
0.038844
0.038777
0.038749
0.038788
0.038931
0.038619
0.038760
0.257550
0.038974
0.038699
0.038848
0.039882
0.039688
0.039562
0.040111
0.039789
0.039464
0.258243
0.039869
0.039401
0.039505
0.039621
0.039981
0.039632
0.039534
0.039225
0.039459
0.257903
0.039661
0.039462
0.039423
0.039448
0.039327
0.039538
0.039271
0.039394
0.039275
0.258579
0.039334
0.039245
0.039201
0.039418
0.039292
0.039195
0.039398
0.039265
0.039200
0.258048
0.039439
0.039143
0.039156
0.038941
0.038939
0.038599
0.038823
0.039089
0.038748
0.257478
0.038829
0.038738
0.038877
0.040461
0.037156
0.255952
0.037060
0.037042
0.037049
0.255417
0.037219
0.037195
0.037304
0.037299
0.037385
0.037223
0.037260
0.037242
0.037224
0.256397
0.037585
0.037766
0.037672
0.037913
0.039005
0.038353
0.038632
0.038523
0.036901
0.257463
0.038439
0.038586
0.038685
0.038427
0.038543
0.038458
0.038041
0.038635
0.037110
0.257614
0.038790
0.038592
0.038709
0.038247
0.038688
0.037871
0.038633
0.038622
0.039081
0.257806
0.038858
0.038519
0.038846
0.038927
0.038711
0.038759
0.038555
0.038554
0.038712
0.257331
0.038908
0.038680
0.038792
0.038782
0.039143
0.038406
0.038672
0.038961
0.038786
0.257446
0.038883
0.038698
0.038567
0.038634
0.038620
0.038602
0.038372
0.038542
0.038649
0.258218
0.038776
0.038610
0.038602
0.038513
0.038683
0.038481
0.038850
0.038532
0.038625
0.255888
0.037189
0.036903
0.037015
0.037114
0.037017
0.036896
0.036887
0.037207
0.036897
0.255724
0.037112
0.036986
0.037125
0.037071
0.037124
0.036992
0.037101
0.037210
0.037467
0.255958
0.037395
0.037375
0.038003
0.038354
0.039326
0.040194
0.039643
0.038980
0.038625
0.257863
0.038845
0.038776
0.038633
0.038330
0.038533
0.038573
0.038634
0.039178
0.042138
0.256300
0.037732
0.037566
0.037545
0.038589
0.038434
0.038525
0.038693
0.038428
0.038376
0.257531
0.038565
0.038482
0.038328
0.038533
0.038364
0.038479
0.038412
0.038415
0.038473
0.257879
0.038999
0.038667
0.038862
0.038795
0.038845
0.038601
0.038704
0.038531
0.038653
0.257881
0.039040
0.039251
0.039670
0.039860
0.040673
0.039210
0.039297
0.037396
0.037165
0.255933
0.037367
0.037410
0.037408
0.037475
0.037570
0.037349
0.037489
0.037535
0.037527
0.258348
0.037671
0.037665
0.037427
0.037636
0.037541
0.037514
0.037347
0.037816
0.036847
0.258329
0.036913
0.036949
0.036802
0.037761
0.037716
0.036788
0.036973
0.037697
0.037664
0.258626
0.038090
0.038166
0.038186
0.038233
0.038092
0.038220
0.038202
0.039295
0.039167
0.260321
0.038660
0.039218
0.039509
0.039140
0.038462
0.039631
0.039565
0.039122
0.039219
0.260580
0.039236
0.039110
0.039349
0.039450
0.039245
0.039030
0.039096
0.039108
0.038218
0.260091
0.039400
0.039232
0.039544
0.039054
0.039101
0.039272
0.039166
0.039270
0.039277
0.259583
0.038512
0.039101
0.040036
0.038325
0.038810
0.039176
0.038921
0.038878
0.041833
0.259829
0.038900
0.038872
0.038839
0.038819
0.038704
0.038690
0.038787
0.038840
0.038980
0.259871
0.039049
0.038869
0.038784
0.038848
0.038888
0.039247
0.038957
0.039061
0.039167
0.260413
0.039243
0.039256
0.038818
0.039087
0.038785
0.038943
0.038995
0.039026
0.038775
0.260091
0.039293
0.039165
0.039029
0.039139
0.039160
0.038778
0.039235
0.039213
0.038925
0.260522
0.039166
0.038841
0.038960
0.038874
0.039125
0.039027
0.038948
0.038924
0.038919
0.260806
