   1.0000000e+00   0.0000000e+00   0.0000000e+00   0.0000000e+00
   4.3700000e+02   2.7600000e+02   2.6000000e+01   2.8000000e+01
   4.4500000e+02   2.7200000e+02   2.6000000e+01   2.8000000e+01
   4.4900000e+02   2.7200000e+02   2.6000000e+01   2.8000000e+01
   4.4900000e+02   2.7200000e+02   2.6000000e+01   2.8000000e+01
   4.4900000e+02   2.7200000e+02   2.6000000e+01   2.8000000e+01
   4.4500000e+02   2.7200000e+02   2.6000000e+01   2.8000000e+01
   4.4500000e+02   2.6800000e+02   2.6000000e+01   2.8000000e+01
   4.4100000e+02   2.6400000e+02   2.6000000e+01   2.8000000e+01
   4.4900000e+02   2.6800000e+02   2.6000000e+01   2.8000000e+01
   2.0000000e+00   0.0000000e+00   0.0000000e+00   0.0000000e+00
   0.0000000e+00   0.0000000e+00   0.0000000e+00   0.0000000e+00
   0.0000000e+00   0.0000000e+00   0.0000000e+00   0.0000000e+00
   0.0000000e+00   0.0000000e+00   0.0000000e+00   0.0000000e+00
   0.0000000e+00   0.0000000e+00   0.0000000e+00   0.0000000e+00
   1.0000000e+00   0.0000000e+00   0.0000000e+00   0.0000000e+00
   4.8900000e+02   2.7400000e+02   2.6000000e+01   2.8000000e+01
   4.8150000e+02   2.7050000e+02   2.5000000e+01   2.7000000e+01
   4.6900000e+02   2.7000000e+02   2.6000000e+01   2.8000000e+01
   4.5750000e+02   2.7050000e+02   2.5000000e+01   2.7000000e+01
   4.4950000e+02   2.7050000e+02   2.5000000e+01   2.7000000e+01
   4.3750000e+02   2.7050000e+02   2.5000000e+01   2.7000000e+01
   4.2550000e+02   2.7050000e+02   2.5000000e+01   2.7000000e+01
   4.1400000e+02   2.7500000e+02   2.4000000e+01   2.6000000e+01
   4.0600000e+02   2.7500000e+02   2.4000000e+01   2.6000000e+01
   4.0200000e+02   2.7500000e+02   2.4000000e+01   2.6000000e+01
   4.0200000e+02   2.7550000e+02   2.4000000e+01   2.5000000e+01
   3.9800000e+02   2.7100000e+02   2.4000000e+01   2.6000000e+01
   3.9800000e+02   2.6700000e+02   2.4000000e+01   2.6000000e+01
   3.9800000e+02   2.6700000e+02   2.4000000e+01   2.6000000e+01
   3.9400000e+02   2.6700000e+02   2.4000000e+01   2.6000000e+01
   3.9000000e+02   2.6350000e+02   2.4000000e+01   2.5000000e+01
   3.8600000e+02   2.6300000e+02   2.4000000e+01   2.6000000e+01
   3.8200000e+02   2.6300000e+02   2.4000000e+01   2.6000000e+01
   3.8200000e+02   2.6350000e+02   2.4000000e+01   2.5000000e+01
   3.7800000e+02   2.6300000e+02   2.4000000e+01   2.6000000e+01
   3.7050000e+02   2.6750000e+02   2.3000000e+01   2.5000000e+01
   3.6250000e+02   2.7150000e+02   2.3000000e+01   2.5000000e+01
   3.5050000e+02   2.7150000e+02   2.3000000e+01   2.5000000e+01
   3.3450000e+02   2.7150000e+02   2.3000000e+01   2.5000000e+01
   3.1850000e+02   2.7150000e+02   2.3000000e+01   2.5000000e+01
   3.0250000e+02   2.7150000e+02   2.3000000e+01   2.5000000e+01
   2.8650000e+02   2.7550000e+02   2.3000000e+01   2.5000000e+01
   2.8250000e+02   2.7550000e+02   2.3000000e+01   2.5000000e+01
   2.7450000e+02   2.6750000e+02   2.3000000e+01   2.5000000e+01
   2.7050000e+02   2.7150000e+02   2.3000000e+01   2.5000000e+01
   2.6250000e+02   2.7150000e+02   2.3000000e+01   2.5000000e+01
   2.5850000e+02   2.7150000e+02   2.3000000e+01   2.5000000e+01
   2.0000000e+00   0.0000000e+00   0.0000000e+00   0.0000000e+00
   0.0000000e+00   0.0000000e+00   0.0000000e+00   0.0000000e+00
   0.0000000e+00   0.0000000e+00   0.0000000e+00   0.0000000e+00
   0.0000000e+00   0.0000000e+00   0.0000000e+00   0.0000000e+00
   0.0000000e+00   0.0000000e+00   0.0000000e+00   0.0000000e+00
   1.0000000e+00   0.0000000e+00   0.0000000e+00   0.0000000e+00
   1.9100000e+02   2.7300000e+02   2.6000000e+01   2.8000000e+01
   1.9950000e+02   2.6950000e+02   2.5000000e+01   2.7000000e+01
   1.9950000e+02   2.7750000e+02   2.5000000e+01   2.7000000e+01
   2.0000000e+00   0.0000000e+00   0.0000000e+00   0.0000000e+00
   0.0000000e+00   0.0000000e+00   0.0000000e+00   0.0000000e+00
   0.0000000e+00   0.0000000e+00   0.0000000e+00   0.0000000e+00
   0.0000000e+00   0.0000000e+00   0.0000000e+00   0.0000000e+00
   0.0000000e+00   0.0000000e+00   0.0000000e+00   0.0000000e+00
   1.0000000e+00   0.0000000e+00   0.0000000e+00   0.0000000e+00
   2.6700000e+02   2.5900000e+02   2.6000000e+01   2.8000000e+01
   2.7550000e+02   2.5550000e+02   2.5000000e+01   2.7000000e+01
   2.8350000e+02   2.6750000e+02   2.5000000e+01   2.7000000e+01
   2.8750000e+02   2.7550000e+02   2.5000000e+01   2.7000000e+01
   2.0000000e+00   0.0000000e+00   0.0000000e+00   0.0000000e+00
   0.0000000e+00   0.0000000e+00   0.0000000e+00   0.0000000e+00
   0.0000000e+00   0.0000000e+00   0.0000000e+00   0.0000000e+00
   0.0000000e+00   0.0000000e+00   0.0000000e+00   0.0000000e+00
   0.0000000e+00   0.0000000e+00   0.0000000e+00   0.0000000e+00
   1.0000000e+00   0.0000000e+00   0.0000000e+00   0.0000000e+00
   2.9400000e+02   2.5700000e+02   2.6000000e+01   2.8000000e+01
   2.7000000e+02   2.5700000e+02   2.6000000e+01   2.8000000e+01
   2.0000000e+00   0.0000000e+00   0.0000000e+00   0.0000000e+00
   0.0000000e+00   0.0000000e+00   0.0000000e+00   0.0000000e+00
   0.0000000e+00   0.0000000e+00   0.0000000e+00   0.0000000e+00
   0.0000000e+00   0.0000000e+00   0.0000000e+00   0.0000000e+00
   0.0000000e+00   0.0000000e+00   0.0000000e+00   0.0000000e+00
   1.0000000e+00   0.0000000e+00   0.0000000e+00   0.0000000e+00
   2.6450000e+02   2.3850000e+02   2.7000000e+01   2.9000000e+01
   2.6900000e+02   2.4300000e+02   2.6000000e+01   2.8000000e+01
   2.6500000e+02   2.3900000e+02   2.6000000e+01   2.8000000e+01
   2.5300000e+02   2.4700000e+02   2.6000000e+01   2.8000000e+01
   2.4900000e+02   2.3900000e+02   2.6000000e+01   2.8000000e+01
   2.4900000e+02   2.3500000e+02   2.6000000e+01   2.8000000e+01
   2.4500000e+02   2.4300000e+02   2.6000000e+01   2.8000000e+01
   2.4900000e+02   2.4300000e+02   2.6000000e+01   2.8000000e+01
   2.4900000e+02   2.4300000e+02   2.6000000e+01   2.8000000e+01
   2.4450000e+02   2.4250000e+02   2.7000000e+01   2.9000000e+01
   2.4050000e+02   2.4250000e+02   2.7000000e+01   2.9000000e+01
   2.4400000e+02   2.4600000e+02   2.8000000e+01   3.0000000e+01
   2.3600000e+02   2.5000000e+02   2.8000000e+01   3.0000000e+01
   2.3200000e+02   2.5000000e+02   2.8000000e+01   3.0000000e+01
   2.3650000e+02   2.5450000e+02   2.7000000e+01   2.9000000e+01
   2.4050000e+02   2.5400000e+02   2.7000000e+01   3.0000000e+01
   2.4400000e+02   2.5400000e+02   2.8000000e+01   3.0000000e+01
   2.4800000e+02   2.5400000e+02   2.8000000e+01   3.0000000e+01
   2.4800000e+02   2.5800000e+02   2.8000000e+01   3.0000000e+01
   2.5200000e+02   2.5800000e+02   2.8000000e+01   3.0000000e+01
   2.5200000e+02   2.5750000e+02   2.8000000e+01   3.1000000e+01
   2.5150000e+02   2.5350000e+02   2.9000000e+01   3.1000000e+01
   2.5950000e+02   2.5750000e+02   2.9000000e+01   3.1000000e+01
   2.5150000e+02   2.6150000e+02   2.9000000e+01   3.1000000e+01
   2.5550000e+02   2.4950000e+02   2.9000000e+01   3.1000000e+01
   2.6350000e+02   2.4150000e+02   2.9000000e+01   3.1000000e+01
   2.5950000e+02   2.4550000e+02   2.9000000e+01   3.1000000e+01
   2.5550000e+02   2.3750000e+02   2.9000000e+01   3.1000000e+01
   2.5150000e+02   2.2900000e+02   2.9000000e+01   3.2000000e+01
   2.5150000e+02   2.2900000e+02   2.9000000e+01   3.2000000e+01
   2.5150000e+02   2.2900000e+02   2.9000000e+01   3.2000000e+01
   2.3950000e+02   2.2900000e+02   2.9000000e+01   3.2000000e+01
   2.1950000e+02   2.2500000e+02   2.9000000e+01   3.2000000e+01
   1.9900000e+02   2.2100000e+02   3.0000000e+01   3.2000000e+01
   1.7900000e+02   2.2500000e+02   3.0000000e+01   3.2000000e+01
   1.7100000e+02   2.2500000e+02   3.0000000e+01   3.2000000e+01
   1.7100000e+02   2.0900000e+02   3.0000000e+01   3.2000000e+01
   1.6300000e+02   1.9300000e+02   3.0000000e+01   3.2000000e+01
   1.5500000e+02   1.9300000e+02   3.0000000e+01   3.2000000e+01
   1.5100000e+02   1.8900000e+02   3.0000000e+01   3.2000000e+01
   1.4300000e+02   1.8500000e+02   3.0000000e+01   3.2000000e+01
   1.3500000e+02   1.8100000e+02   3.0000000e+01   3.2000000e+01
   1.2300000e+02   1.8500000e+02   3.0000000e+01   3.2000000e+01
   1.1900000e+02   1.8450000e+02   3.0000000e+01   3.3000000e+01
   1.1900000e+02   1.8500000e+02   3.0000000e+01   3.2000000e+01
   1.3900000e+02   1.8100000e+02   3.0000000e+01   3.2000000e+01
   1.6300000e+02   1.7300000e+02   3.0000000e+01   3.2000000e+01
   1.7100000e+02   1.6900000e+02   3.0000000e+01   3.2000000e+01
   1.7900000e+02   1.6900000e+02   3.0000000e+01   3.2000000e+01
   1.8300000e+02   1.6900000e+02   3.0000000e+01   3.2000000e+01
   2.0350000e+02   1.6900000e+02   2.9000000e+01   3.2000000e+01
   2.1550000e+02   1.8100000e+02   2.9000000e+01   3.2000000e+01
   2.2750000e+02   1.6900000e+02   2.9000000e+01   3.2000000e+01
   2.3150000e+02   1.5700000e+02   2.9000000e+01   3.2000000e+01
   2.3550000e+02   1.5300000e+02   2.9000000e+01   3.2000000e+01
   2.4350000e+02   1.5350000e+02   2.9000000e+01   3.1000000e+01
   2.4750000e+02   1.5350000e+02   2.9000000e+01   3.1000000e+01
   2.5950000e+02   1.5350000e+02   2.9000000e+01   3.1000000e+01
   2.7600000e+02   1.6150000e+02   2.8000000e+01   3.1000000e+01
   2.7550000e+02   1.6150000e+02   2.9000000e+01   3.1000000e+01
   2.7950000e+02   1.5750000e+02   2.9000000e+01   3.1000000e+01
   2.7950000e+02   1.5750000e+02   2.9000000e+01   3.1000000e+01
   2.8350000e+02   1.6100000e+02   2.9000000e+01   3.2000000e+01
   2.8700000e+02   1.6100000e+02   3.0000000e+01   3.2000000e+01
   2.7900000e+02   1.6050000e+02   3.0000000e+01   3.3000000e+01
   2.7900000e+02   1.6050000e+02   3.0000000e+01   3.3000000e+01
   2.7450000e+02   1.6450000e+02   3.1000000e+01   3.3000000e+01
   2.7050000e+02   1.6450000e+02   3.1000000e+01   3.3000000e+01
   2.6250000e+02   1.6850000e+02   3.1000000e+01   3.3000000e+01
   2.5450000e+02   1.7200000e+02   3.1000000e+01   3.4000000e+01
   2.5050000e+02   1.7200000e+02   3.1000000e+01   3.4000000e+01
   2.5050000e+02   1.7200000e+02   3.1000000e+01   3.4000000e+01
   2.5400000e+02   1.7200000e+02   3.2000000e+01   3.4000000e+01
   2.6200000e+02   1.7200000e+02   3.2000000e+01   3.4000000e+01
   2.6150000e+02   1.6750000e+02   3.3000000e+01   3.5000000e+01
   2.6150000e+02   1.7150000e+02   3.3000000e+01   3.5000000e+01
   2.6550000e+02   1.6750000e+02   3.3000000e+01   3.5000000e+01
   2.6950000e+02   1.6300000e+02   3.3000000e+01   3.6000000e+01
   2.6950000e+02   1.6300000e+02   3.3000000e+01   3.6000000e+01
   2.7750000e+02   1.6300000e+02   3.3000000e+01   3.6000000e+01
   2.8150000e+02   1.6700000e+02   3.3000000e+01   3.6000000e+01
   2.9350000e+02   1.5900000e+02   3.3000000e+01   3.6000000e+01
   3.0150000e+02   1.6300000e+02   3.3000000e+01   3.6000000e+01
   2.9750000e+02   1.7100000e+02   3.3000000e+01   3.6000000e+01
   2.9300000e+02   1.7500000e+02   3.4000000e+01   3.6000000e+01
   2.8900000e+02   1.7850000e+02   3.4000000e+01   3.7000000e+01
   2.9700000e+02   1.7850000e+02   3.4000000e+01   3.7000000e+01
   3.0450000e+02   1.7450000e+02   3.5000000e+01   3.7000000e+01
   3.1300000e+02   1.7850000e+02   3.4000000e+01   3.7000000e+01
   3.1700000e+02   1.7450000e+02   3.4000000e+01   3.7000000e+01
   3.3300000e+02   1.7450000e+02   3.4000000e+01   3.7000000e+01
   3.3300000e+02   1.7850000e+02   3.4000000e+01   3.7000000e+01
   3.3300000e+02   1.7450000e+02   3.4000000e+01   3.7000000e+01
   3.3700000e+02   1.7450000e+02   3.4000000e+01   3.7000000e+01
   3.4900000e+02   1.7450000e+02   3.4000000e+01   3.7000000e+01
   3.7300000e+02   1.7850000e+02   3.4000000e+01   3.7000000e+01
   3.8500000e+02   1.7850000e+02   3.4000000e+01   3.7000000e+01
   3.9700000e+02   1.8250000e+02   3.4000000e+01   3.7000000e+01
   4.0550000e+02   1.8700000e+02   3.3000000e+01   3.6000000e+01
   4.1300000e+02   1.8300000e+02   3.4000000e+01   3.6000000e+01
   4.1750000e+02   1.8300000e+02   3.3000000e+01   3.6000000e+01
   4.2100000e+02   1.8300000e+02   3.4000000e+01   3.6000000e+01
   4.2100000e+02   1.8300000e+02   3.4000000e+01   3.6000000e+01
   4.2900000e+02   1.8300000e+02   3.4000000e+01   3.6000000e+01
   4.3300000e+02   1.8300000e+02   3.4000000e+01   3.6000000e+01
   4.3300000e+02   1.8300000e+02   3.4000000e+01   3.6000000e+01
   4.3700000e+02   1.8300000e+02   3.4000000e+01   3.6000000e+01
   4.4150000e+02   1.8700000e+02   3.3000000e+01   3.6000000e+01
   4.5750000e+02   1.9500000e+02   3.3000000e+01   3.6000000e+01
   4.7800000e+02   2.1550000e+02   3.2000000e+01   3.5000000e+01
   4.9000000e+02   2.2750000e+02   3.2000000e+01   3.5000000e+01
   5.0200000e+02   2.2800000e+02   3.2000000e+01   3.4000000e+01
   5.0600000e+02   2.2800000e+02   3.2000000e+01   3.4000000e+01
   5.1400000e+02   2.2400000e+02   3.2000000e+01   3.4000000e+01
   5.2600000e+02   2.2350000e+02   3.2000000e+01   3.5000000e+01
   5.3400000e+02   2.2400000e+02   3.2000000e+01   3.4000000e+01
   5.4200000e+02   2.2350000e+02   3.2000000e+01   3.5000000e+01
   5.3050000e+02   2.2400000e+02   3.1000000e+01   3.4000000e+01
   5.1850000e+02   2.2050000e+02   3.1000000e+01   3.3000000e+01
   5.0700000e+02   2.1650000e+02   3.0000000e+01   3.3000000e+01
   4.9500000e+02   2.2100000e+02   3.0000000e+01   3.2000000e+01
   4.8750000e+02   2.1750000e+02   2.9000000e+01   3.1000000e+01
   4.7550000e+02   2.1350000e+02   2.9000000e+01   3.1000000e+01
   4.5200000e+02   2.1400000e+02   2.8000000e+01   3.0000000e+01
   4.4050000e+02   2.1450000e+02   2.7000000e+01   2.9000000e+01
   4.3250000e+02   2.1450000e+02   2.7000000e+01   2.9000000e+01
   4.3250000e+02   2.1850000e+02   2.7000000e+01   2.9000000e+01
   4.2900000e+02   2.1500000e+02   2.6000000e+01   2.8000000e+01
   4.2100000e+02   2.1100000e+02   2.6000000e+01   2.8000000e+01
   4.2100000e+02   2.0300000e+02   2.6000000e+01   2.8000000e+01
   4.2100000e+02   2.0300000e+02   2.6000000e+01   2.8000000e+01
   4.1700000e+02   2.0700000e+02   2.6000000e+01   2.8000000e+01
   4.1700000e+02   2.0700000e+02   2.6000000e+01   2.8000000e+01
   4.0900000e+02   2.0700000e+02   2.6000000e+01   2.8000000e+01
   4.0550000e+02   2.1150000e+02   2.5000000e+01   2.7000000e+01
   4.0100000e+02   2.1100000e+02   2.6000000e+01   2.8000000e+01
   4.0100000e+02   2.1100000e+02   2.6000000e+01   2.8000000e+01
   4.0500000e+02   2.1500000e+02   2.6000000e+01   2.8000000e+01
   4.0450000e+02   2.1450000e+02   2.7000000e+01   2.9000000e+01
   4.0000000e+02   2.1000000e+02   2.8000000e+01   3.0000000e+01
   3.9600000e+02   2.1400000e+02   2.8000000e+01   3.0000000e+01
   3.9200000e+02   2.1400000e+02   2.8000000e+01   3.0000000e+01
   3.8800000e+02   2.1400000e+02   2.8000000e+01   3.0000000e+01
   3.8800000e+02   2.1400000e+02   2.8000000e+01   3.0000000e+01
   3.8000000e+02   2.1350000e+02   2.8000000e+01   3.1000000e+01
   3.6350000e+02   2.1350000e+02   2.9000000e+01   3.1000000e+01
   3.4750000e+02   2.1350000e+02   2.9000000e+01   3.1000000e+01
   3.4350000e+02   2.1750000e+02   2.9000000e+01   3.1000000e+01
   3.3500000e+02   2.1700000e+02   3.0000000e+01   3.2000000e+01
   3.3100000e+02   2.2100000e+02   3.0000000e+01   3.2000000e+01
   3.1450000e+02   2.2450000e+02   3.1000000e+01   3.3000000e+01
   3.0250000e+02   2.2850000e+02   3.1000000e+01   3.3000000e+01
   2.8650000e+02   2.3250000e+02   3.1000000e+01   3.3000000e+01
   2.6650000e+02   2.3200000e+02   3.1000000e+01   3.4000000e+01
   2.4600000e+02   2.3200000e+02   3.2000000e+01   3.4000000e+01
   2.2600000e+02   2.2750000e+02   3.2000000e+01   3.5000000e+01
   2.0600000e+02   2.3150000e+02   3.2000000e+01   3.5000000e+01
   1.8950000e+02   2.3500000e+02   3.3000000e+01   3.6000000e+01
   1.7700000e+02   2.3850000e+02   3.4000000e+01   3.7000000e+01
   1.6850000e+02   2.3800000e+02   3.5000000e+01   3.8000000e+01
   1.6000000e+02   2.3750000e+02   3.6000000e+01   3.9000000e+01
   1.4750000e+02   2.3700000e+02   3.7000000e+01   4.0000000e+01
   1.4300000e+02   2.3650000e+02   3.8000000e+01   4.1000000e+01
   1.4300000e+02   2.3650000e+02   3.8000000e+01   4.1000000e+01
   1.3500000e+02   2.4050000e+02   3.8000000e+01   4.1000000e+01
   1.2300000e+02   2.3650000e+02   3.8000000e+01   4.1000000e+01
   1.1050000e+02   2.4000000e+02   3.9000000e+01   4.2000000e+01
   9.4000000e+01   2.3950000e+02   4.0000000e+01   4.3000000e+01
   1.1050000e+02   2.3600000e+02   3.9000000e+01   4.2000000e+01
   1.2300000e+02   2.5250000e+02   3.8000000e+01   4.1000000e+01
   1.2700000e+02   2.5300000e+02   3.8000000e+01   4.0000000e+01
   2.0000000e+00   0.0000000e+00   0.0000000e+00   0.0000000e+00
   0.0000000e+00   0.0000000e+00   0.0000000e+00   0.0000000e+00
   0.0000000e+00   0.0000000e+00   0.0000000e+00   0.0000000e+00
   0.0000000e+00   0.0000000e+00   0.0000000e+00   0.0000000e+00
   0.0000000e+00   0.0000000e+00   0.0000000e+00   0.0000000e+00
   1.0000000e+00   0.0000000e+00   0.0000000e+00   0.0000000e+00
   2.4500000e+02   2.1200000e+02   2.6000000e+01   2.8000000e+01
   2.4850000e+02   2.1150000e+02   2.7000000e+01   2.9000000e+01
   2.5650000e+02   2.0750000e+02   2.7000000e+01   2.9000000e+01
   2.6050000e+02   2.0750000e+02   2.7000000e+01   2.9000000e+01
   2.6050000e+02   2.1100000e+02   2.7000000e+01   3.0000000e+01
   2.5600000e+02   2.1500000e+02   2.8000000e+01   3.0000000e+01
   2.5600000e+02   2.1100000e+02   2.8000000e+01   3.0000000e+01
   2.6000000e+02   2.0700000e+02   2.8000000e+01   3.0000000e+01
   2.6800000e+02   1.9900000e+02   2.8000000e+01   3.0000000e+01
   2.7550000e+02   1.9050000e+02   2.9000000e+01   3.1000000e+01
   2.8750000e+02   1.8650000e+02   2.9000000e+01   3.1000000e+01
   2.9950000e+02   1.8200000e+02   2.9000000e+01   3.2000000e+01
   3.1500000e+02   1.8600000e+02   3.0000000e+01   3.2000000e+01
   3.3100000e+02   1.8950000e+02   3.0000000e+01   3.3000000e+01
   3.3100000e+02   1.9350000e+02   3.0000000e+01   3.3000000e+01
   2.0000000e+00   0.0000000e+00   0.0000000e+00   0.0000000e+00
   0.0000000e+00   0.0000000e+00   0.0000000e+00   0.0000000e+00
   0.0000000e+00   0.0000000e+00   0.0000000e+00   0.0000000e+00
   0.0000000e+00   0.0000000e+00   0.0000000e+00   0.0000000e+00
   0.0000000e+00   0.0000000e+00   0.0000000e+00   0.0000000e+00
   0.0000000e+00   0.0000000e+00   0.0000000e+00   0.0000000e+00
   1.0000000e+00   0.0000000e+00   0.0000000e+00   0.0000000e+00
   1.4600000e+02   2.3600000e+02   2.6000000e+01   2.8000000e+01
   1.4200000e+02   2.4100000e+02   2.6000000e+01   2.8000000e+01
   1.4200000e+02   2.4100000e+02   2.6000000e+01   2.8000000e+01
   1.4200000e+02   2.4100000e+02   2.6000000e+01   2.8000000e+01
   1.1900000e+02   2.4400000e+02   2.6000000e+01   2.8000000e+01
   1.0300000e+02   2.4850000e+02   2.6000000e+01   2.7000000e+01
   8.7500000e+01   2.4450000e+02   2.5000000e+01   2.7000000e+01
   8.7500000e+01   2.3650000e+02   2.5000000e+01   2.7000000e+01
   1.1250000e+02   2.2550000e+02   2.3000000e+01   2.5000000e+01
   1.2850000e+02   2.1750000e+02   2.3000000e+01   2.5000000e+01
   1.3700000e+02   2.1000000e+02   2.2000000e+01   2.4000000e+01
   2.0000000e+00   0.0000000e+00   0.0000000e+00   0.0000000e+00
   0.0000000e+00   0.0000000e+00   0.0000000e+00   0.0000000e+00
   0.0000000e+00   0.0000000e+00   0.0000000e+00   0.0000000e+00
   0.0000000e+00   0.0000000e+00   0.0000000e+00   0.0000000e+00
   0.0000000e+00   0.0000000e+00   0.0000000e+00   0.0000000e+00
   0.0000000e+00   0.0000000e+00   0.0000000e+00   0.0000000e+00
   0.0000000e+00   0.0000000e+00   0.0000000e+00   0.0000000e+00
