324	156	92	58
323	153	91	62
322	151	93	63
322	151	92	65
322	152	92	62
324	153	91	62
323	152	93	64
324	153	92	62
324	154	93	63
324	153	93	62
324	156	93	61
326	155	91	61
326	154	93	60
328	153	91	62
327	152	91	62
326	152	92	61
328	152	90	62
328	154	92	59
328	151	94	64
329	151	92	62
329	151	92	63
328	149	91	62
329	150	89	60
329	150	90	61
329	149	90	63
329	148	90	63
328	146	91	65
327	146	93	65
328	147	92	65
330	148	89	62
328	148	92	63
327	147	93	65
328	150	92	61
329	148	92	63
329	149	91	63
329	148	91	62
330	148	90	63
331	148	91	63
329	148	93	64
330	148	92	64
331	148	92	63
330	147	90	65
330	147	92	63
332	147	91	63
329	146	94	65
328	146	95	65
329	147	94	63
330	146	92	64
331	148	93	62
328	150	96	60
332	157	89	52
333	150	91	60
333	155	90	55
333	151	91	59
332	155	93	53
335	154	90	55
336	145	90	64
336	154	90	56
337	151	91	58
333	149	94	61
334	155	94	56
336	155	90	53
336	156	89	53
336	155	89	53
336	154	90	54
332	151	93	58
331	150	96	58
333	153	94	55
339	157	87	50
337	153	92	55
336	156	92	53
336	157	94	50
334	157	96	51
338	159	94	47
339	155	93	50
340	156	93	47
339	156	95	47
336	155	100	50
334	149	98	59
333	153	103	52
332	155	110	49
338	157	100	46
339	155	103	50
338	156	107	49
339	153	107	54
341	154	102	53
340	153	104	55
339	155	107	54
340	155	103	53
340	151	101	59
343	153	96	56
340	154	103	52
340	155	102	52
340	155	102	52
340	152	101	56
341	151	98	56
340	149	100	57
340	151	102	55
340	149	102	59
335	152	108	54
338	152	106	55
337	154	107	53
335	154	109	57
340	156	103	54
338	157	106	53
338	158	105	52
338	157	105	57
337	156	106	59
336	158	108	53
337	156	106	54
339	157	104	53
339	157	103	51
339	157	106	50
340	158	105	50
340	158	105	52
340	157	106	51
339	158	109	52
342	158	105	53
342	157	104	54
341	158	106	54
341	158	107	52
341	159	105	53
341	160	106	51
342	163	105	47
343	159	102	53
342	161	101	51
341	161	104	53
341	161	103	52
340	161	103	52
341	161	104	51
340	161	103	53
344	162	100	50
344	162	100	51
343	162	101	53
343	161	102	53
346	160	98	56
346	160	97	55
346	161	100	52
348	161	97	53
347	160	99	53
349	162	97	51
348	162	97	53
349	162	97	52
348	162	96	53
348	161	96	53
348	161	95	54
348	161	97	54
346	159	98	56
348	160	94	54
348	161	96	53
347	160	97	55
348	160	99	54
346	157	98	59
348	158	97	58
346	158	99	57
348	157	96	57
347	157	100	57
348	154	95	59
347	155	99	58
348	155	98	58
348	157	100	56
349	156	98	52
348	155	99	55
347	152	103	54
347	153	103	51
348	152	103	50
347	152	104	50
345	151	108	50
348	151	104	52
346	152	109	48
346	151	107	52
347	154	109	46
351	156	102	45
353	155	99	48
351	157	103	46
353	158	99	45
354	158	99	46
352	158	100	44
351	158	105	44
352	158	102	43
354	159	98	41
354	159	98	41
355	160	99	41
354	160	99	40
354	161	101	38
354	161	101	40
354	162	101	39
356	164	100	37
356	164	99	37
356	165	99	36
353	165	103	36
354	166	101	37
354	165	101	37
354	167	101	37
352	167	104	37
353	168	103	36
355	168	101	36
355	168	100	37
356	169	100	35
357	169	96	36
356	169	98	35
351	169	104	35
351	169	109	36
350	170	111	36
352	170	110	36
351	172	110	35
350	172	106	35
352	173	102	34
354	175	104	35
353	175	101	35
352	175	105	34
351	176	109	35
351	175	106	36
351	175	110	35
353	176	102	35
353	175	102	35
354	176	101	35
351	177	105	35
351	176	106	35
352	178	107	33
353	177	102	34
354	177	102	35
354	176	101	35
354	175	102	36
354	174	105	38
355	174	105	38
354	174	106	38
355	174	102	37
358	173	99	37
354	174	104	35
354	174	104	35
355	174	103	35
355	175	104	34
356	175	105	35
358	177	104	33
359	177	104	34
358	178	108	33
359	179	108	33
360	178	108	34
359	179	109	34
362	178	107	34
360	178	109	35
360	178	107	37
359	176	108	43
361	177	105	47
357	177	108	52
357	178	110	47
358	177	105	52
358	179	107	49
357	179	108	50
359	180	105	47
357	178	106	51
357	179	106	50
356	179	107	49
355	178	107	52
354	178	110	50
356	176	107	51
356	177	108	49
355	176	109	51
355	176	109	52
355	175	107	54
356	175	106	54
354	175	110	51
355	174	109	55
356	174	108	53
356	172	108	57
355	172	110	54
356	171	109	57
358	171	108	56
356	171	111	55
357	171	109	52
358	170	109	56
357	171	112	51
359	169	109	55
359	168	110	55
360	167	110	55
358	165	110	60
359	165	110	58
359	165	110	59
357	165	110	59
358	165	109	61
360	168	106	56
360	171	106	53
359	171	108	53
356	170	110	56
356	170	110	55
358	170	109	54
360	168	108	55
358	167	110	56
359	168	107	51
361	167	107	54
361	166	107	55
360	168	109	53
361	166	107	54
359	166	110	55
360	165	109	56
360	165	109	54
361	165	108	56
362	167	107	52
362	166	106	53
363	165	106	54
362	165	107	53
364	166	105	50
364	165	106	53
364	163	105	54
364	161	105	55
364	162	106	53
363	164	106	49
365	164	103	48
368	164	101	49
365	161	104	55
366	163	104	50
371	165	99	50
364	163	105	51
363	163	106	53
364	162	105	53
363	163	106	52
365	165	103	47
365	166	102	47
363	165	104	47
372	166	95	46
366	165	101	48
367	165	100	46
370	165	96	47
364	165	102	48
365	163	102	49
368	165	98	46
370	166	95	44
369	165	96	47
368	165	97	46
366	164	99	48
367	164	99	47
368	165	97	45
371	165	94	46
373	166	92	44
374	165	90	44
376	165	88	44
368	164	96	46
376	166	89	43
373	165	92	44
372	165	92	45
374	166	89	43
370	165	93	45
372	166	90	44
375	166	87	43
385	169	78	38
388	169	74	37
377	168	85	39
379	167	84	41
383	168	80	40
387	169	76	37
386	168	78	37
387	168	76	39
387	168	76	39
388	169	76	38
389	169	75	37
390	170	73	37
383	171	81	37
387	172	76	36
390	172	73	35
389	172	75	36
391	173	72	34
388	172	76	36
386	172	77	37
388	173	75	36
390	173	74	35
393	173	71	35
388	174	76	36
391	174	72	33
392	174	72	33
393	174	70	34
391	174	72	35
392	175	71	33
390	172	73	38
388	172	75	37
388	170	75	41
390	171	73	38
381	168	78	42
382	170	79	41
383	169	78	40
383	170	77	40
381	169	78	40
379	168	81	42
378	168	81	42
377	167	83	42
373	165	87	45
371	167	90	42
369	167	93	45
372	168	89	42
379	170	82	40
378	169	82	40
379	170	82	37
380	169	81	39
384	169	78	38
386	169	75	37
382	169	80	37
384	169	79	38
384	169	79	37
386	170	77	37
383	169	81	38
386	169	78	38
385	168	80	38
383	167	81	38
388	166	77	37
385	164	80	39
391	165	74	37
389	164	76	36
388	161	77	37
384	159	80	40
386	159	79	38
385	159	79	39
385	159	80	41
388	162	77	38
385	160	78	40
384	161	80	39
382	161	79	40
383	161	79	41
383	161	76	38
379	161	80	39
377	160	81	40
378	160	80	40
371	158	86	41
372	160	83	40
374	161	82	38
372	160	81	41
372	160	82	42
370	161	82	41
366	161	88	40
365	161	89	41
367	161	83	41
366	161	83	42
365	162	85	41
362	162	86	41
365	164	81	40
361	163	83	44
354	165	90	41
355	166	86	42
352	166	87	43
353	166	85	44
353	168	80	41
354	170	81	41
355	171	77	38
357	170	76	40
351	169	79	43
351	170	79	41
347	169	83	43
350	170	77	41
347	170	82	42
346	171	83	41
341	171	88	42
343	171	83	43
343	171	85	42
343	173	80	40
345	173	78	40
342	173	79	41
341	173	79	43
339	174	81	41
340	175	78	38
339	175	79	42
336	174	82	41
338	175	77	39
337	176	78	40
333	175	82	42
329	175	85	42
330	176	85	43
333	178	78	40
331	178	81	41
328	177	85	42
330	179	82	41
329	179	81	42
328	179	85	42
329	180	81	41
328	181	79	41
328	182	81	40
327	182	82	41
326	183	83	41
328	184	79	40
329	184	81	40
327	184	78	39
328	184	80	41
327	184	79	43
326	185	82	42
326	186	80	42
325	187	81	41
326	188	78	41
327	190	77	40
327	191	77	41
328	192	76	41
328	194	76	41
329	194	74	41
327	196	78	41
328	198	74	40
327	198	77	42
327	199	76	41
329	200	76	40
328	201	75	40
326	201	78	40
324	201	82	40
327	201	76	42
328	203	74	41
327	204	77	40
328	204	74	42
325	205	80	41
323	205	79	44
324	207	82	42
326	207	75	50
329	209	72	42
331	208	72	47
326	210	78	46
325	209	76	46
323	210	79	46
321	210	85	45
323	210	79	46
321	209	85	46
320	211	82	45
320	213	83	43
319	214	84	43
319	216	83	41
320	217	82	41
320	222	81	37
320	221	80	36
320	223	80	34
320	224	80	34
321	226	77	32
321	226	78	32
320	227	81	31
319	227	81	30
320	229	80	29
321	230	79	28
320	230	79	27
320	231	79	26
320	233	78	23
320	234	79	23
320	233	78	23
320	233	79	23
320	235	79	22
320	235	77	22
319	236	81	21
318	236	82	20
319	237	79	19
320	238	76	18
319	238	76	19
318	238	80	18
319	239	80	18
319	240	79	17
317	240	81	17
313	240	82	16
315	241	83	16
317	241	82	15
316	242	80	15
314	242	76	15
314	242	76	15
316	241	73	16
319	242	65	15
316	244	60	14
313	246	58	13
315	247	58	12
317	248	54	10
315	248	55	10
314	248	52	11
318	248	51	11
315	249	49	10
317	249	50	9
318	250	51	9
315	250	51	9
311	248	49	11
310	248	51	12
319	249	47	10
334	250	47	8
320	249	47	10
319	248	48	10
314	250	48	9
320	250	47	10
321	249	47	10
321	251	47	8
316	251	46	8
316	250	44	9
315	251	45	8
319	251	45	9
318	251	47	9
319	250	47	9
321	249	45	10
321	251	45	8
318	251	44	8
316	251	46	8
321	250	47	9
321	250	47	9
322	251	46	9
318	251	44	8
323	251	45	7
320	251	43	7
316	251	42	7
315	251	43	9
322	251	41	7
317	251	42	7
321	251	44	8
322	251	41	8
318	251	42	7
316	251	43	7
318	251	41	7
318	251	41	7
319	250	39	9
317	251	41	7
323	250	39	8
319	252	37	7
323	251	38	6
322	251	37	8
323	251	38	8
319	252	36	7
319	252	36	6
321	253	34	6
322	252	32	6
323	253	32	6
323	253	31	5
324	253	30	5
322	253	30	5
324	253	28	5
323	253	28	5
324	253	28	5
331	252	27	6
325	253	27	6
325	253	26	5
325	253	27	5
324	253	26	5
324	253	25	5
324	253	24	5
325	253	23	5
325	253	22	5
325	253	21	6
324	253	19	5
325	253	18	5
325	253	17	5
325	253	16	5
325	254	17	5
324	253	17	5
326	253	18	5
325	253	19	5
326	254	18	5
325	253	19	5
325	254	19	5
323	254	19	5
325	253	19	5
325	253	19	5
325	253	20	5
326	253	19	5
323	253	20	5
326	254	19	4
324	253	19	5
324	254	20	4
324	254	21	5
325	253	19	5
325	254	19	5
327	254	18	4
325	253	19	5
326	253	18	5
325	253	19	5
322	253	20	5
318	254	20	5
326	252	19	6
329	250	18	8
335	248	19	9
331	246	22	10
329	244	26	11
329	243	28	12
327	242	30	12
325	242	31	10
325	241	32	10
332	246	32	11
330	245	35	11
331	244	37	13
329	244	38	12
330	242	38	14
328	242	36	13
327	240	38	15
324	234	40	20
328	233	43	21
327	230	36	27
330	229	41	27
328	227	40	29
326	228	40	29
330	227	41	29
326	226	41	30
326	225	46	31
325	225	44	32
325	224	48	32
330	223	47	34
326	223	46	35
327	221	46	36
332	220	42	37
335	217	53	40
333	214	61	45
330	211	77	49
328	214	81	44
325	213	85	44
324	213	87	46
325	211	87	46
327	211	83	46
327	213	84	46
325	213	85	44
325	212	86	46
327	212	84	47
329	212	80	47
327	211	83	47
326	211	85	46
326	211	85	47
328	211	84	48
327	210	82	48
325	210	87	48
326	212	86	48
327	209	83	50
328	210	81	48
327	210	82	48
329	213	81	45
330	213	81	44
326	218	84	37
326	218	83	38
330	217	79	38
329	217	80	38
328	218	82	37
329	217	80	38
327	215	83	41
330	218	79	37
329	217	80	39
330	214	78	41
329	214	80	40
329	209	80	45
328	208	83	47
331	210	81	43
332	210	79	42
332	210	79	40
332	209	79	42
334	209	77	39
333	209	78	37
333	208	78	37
330	203	82	43
331	200	82	44
330	203	83	41
332	202	80	41
332	199	80	44
333	200	80	43
331	199	81	41
335	199	78	40
332	199	80	38
335	199	77	37
335	195	77	40
335	194	79	40
336	193	78	40
336	192	78	40
334	191	81	40
337	188	77	43
338	187	79	41
340	188	78	39
339	191	79	36
340	185	79	42
342	187	77	39
343	186	77	41
343	188	78	38
345	188	76	38
344	186	77	40
346	186	76	39
347	186	75	39
348	184	75	41
349	183	75	42
352	182	72	43
350	181	74	43
353	183	73	42
353	182	73	42
354	184	72	39
355	184	72	39
355	182	73	41
353	180	75	45
355	184	73	39
357	184	72	40
355	184	73	40
359	185	71	37
359	179	70	44
360	177	70	46
360	177	70	44
362	178	69	44
363	180	67	41
362	182	69	39
363	182	68	40
363	182	68	39
365	183	66	37
365	184	67	37
364	183	68	37
367	183	67	38
365	181	68	39
367	182	66	39
367	181	66	40
368	178	66	41
369	179	63	41
368	179	66	40
369	178	62	42
368	179	65	42
369	182	63	39
371	185	61	37
370	184	62	39
370	182	62	41
370	183	63	41
370	182	62	41
373	185	60	36
374	183	58	39
374	185	59	37
377	185	56	36
377	183	55	36
377	181	55	36
377	177	54	39
375	172	57	45
376	172	53	44
376	172	54	44
378	171	52	43
376	168	53	47
375	164	52	53
375	164	53	52
374	161	54	57
375	164	52	53
374	163	53	53
374	159	54	59
373	163	54	51
373	166	54	46
375	168	52	45
373	168	53	43
373	171	52	39
373	168	53	43
371	168	54	44
372	169	54	43
371	170	54	41
370	171	55	41
370	168	55	43
371	169	54	41
371	169	53	40
370	170	54	38
370	168	54	41
371	169	52	40
371	168	51	40
370	163	55	46
371	167	53	39
371	166	52	40
369	163	53	43
367	162	54	45
365	165	55	41
365	165	53	42
365	161	54	47
364	161	51	48
361	159	53	52
362	154	53	63
358	151	54	66
355	148	56	70
355	144	57	74
354	137	55	79
355	139	54	79
352	136	56	81
347	146	59	68
343	143	63	70
344	152	58	61
338	149	66	62
337	143	65	68
338	141	64	71
339	142	61	69
342	143	59	70
339	146	59	65
340	140	57	72
336	139	60	71
323	138	73	71
319	140	77	70
316	142	77	65
318	142	75	65
318	146	76	57
319	144	75	60
316	144	76	57
318	145	76	56
316	145	75	55
323	147	68	51
317	145	74	54
317	143	72	55
316	143	73	56
315	142	73	57
317	141	72	57
316	140	73	57
317	139	72	55
316	142	72	51
315	142	75	48
316	141	72	50
318	139	71	52
316	140	72	49
318	141	72	49
317	140	73	51
318	142	71	49
319	140	69	54
319	141	71	51
317	142	71	51
317	144	72	49
318	144	71	48
319	144	68	49
319	143	68	50
318	143	69	51
317	145	70	48
319	145	67	49
318	144	68	51
316	146	70	49
315	147	71	47
316	147	69	49
317	146	68	50
315	149	69	46
316	148	69	48
321	149	64	48
323	151	62	45
322	150	63	47
317	150	68	47
318	148	67	49
316	149	69	48
318	150	65	48
317	152	67	45
319	152	65	44
318	152	65	46
316	149	68	49
318	152	66	46
319	152	65	45
324	152	61	45
321	153	62	44
322	154	63	43
321	153	64	44
322	155	62	42
322	152	63	46
320	152	64	46
322	154	62	44
318	153	66	46
323	154	60	47
322	155	61	45
319	156	64	46
321	156	62	47
324	157	60	44
323	158	59	44
318	158	65	44
318	159	64	45
316	158	67	46
319	161	62	46
321	162	61	44
318	163	63	44
314	162	67	44
317	163	63	44
318	166	63	42
319	169	61	39
319	170	60	40
317	171	63	39
314	173	67	36
317	175	63	34
319	178	60	33
320	174	59	36
320	177	59	34
320	180	59	31
319	181	61	30
317	180	63	32
318	182	61	30
318	182	60	30
315	180	64	33
318	182	59	30
316	184	61	28
316	185	62	26
315	186	62	26
317	188	58	23
317	189	60	23
317	190	59	21
317	188	60	24
315	190	63	22
312	189	59	23
315	193	62	20
312	190	59	22
312	190	63	21
311	191	68	20
307	191	64	21
311	194	71	17
308	192	72	19
310	192	74	18
303	191	78	19
301	192	81	19
300	192	84	19
300	192	84	19
300	195	85	26
298	194	86	21
298	194	87	18
298	194	87	20
297	195	89	20
299	194	85	18
300	198	84	23
297	198	87	22
298	197	85	23
298	196	85	23
297	193	86	25
300	200	83	21
298	196	84	24
296	206	88	23
297	209	88	30
297	195	89	21
294	198	91	24
293	213	88	26
293	200	89	33
298	194	87	36
296	208	90	50
296	192	97	52
297	192	115	55
302	190	113	69
290	196	125	64
301	200	115	57
291	206	124	48
293	210	120	48
299	197	116	61
302	205	111	54
296	202	117	54
296	205	117	53
297	208	115	49
293	209	119	48
294	206	119	43
295	210	118	47
299	209	113	39
297	212	114	45
296	210	117	31
302	210	110	45
295	210	116	46
293	212	120	45
298	211	114	47
294	212	118	45
293	208	120	50
292	212	120	45
293	210	119	48
292	210	120	47
291	212	121	45
293	211	120	45
296	210	116	47
291	209	121	47
293	209	120	48
291	210	121	48
294	210	118	47
299	209	115	48
295	209	117	50
298	210	115	48
300	209	113	47
299	209	113	48
300	211	114	46
301	210	112	47
294	211	119	45
300	210	114	47
300	211	113	46
300	210	113	47
296	208	116	50
291	211	122	47
301	211	113	45
298	209	115	49
294	210	119	49
295	209	119	47
297	209	117	49
292	209	121	49
295	211	118	47
300	209	114	49
297	213	116	44
300	210	115	48
302	210	110	46
299	212	114	44
298	211	116	46
294	210	120	47
291	210	123	48
293	211	120	47
295	210	118	48
298	210	115	48
295	210	118	48
300	210	113	47
294	211	120	47
293	210	120	47
295	210	118	47
297	209	115	48
295	208	119	49
303	211	109	45
297	211	116	46
300	209	113	48
299	212	113	46
297	211	117	46
294	209	120	48
294	211	119	47
296	211	119	46
299	213	113	44
299	211	115	46
298	210	115	47
295	211	118	45
301	210	113	46
297	211	116	46
295	211	119	46
295	211	119	46
302	209	112	48
297	211	115	46
296	211	116	46
299	211	115	47
300	210	112	47
298	211	116	45
297	210	116	47
297	210	117	46
302	211	112	46
295	209	118	47
302	210	110	47
300	211	112	44
302	213	111	43
298	210	116	46
297	211	117	45
300	209	113	47
298	211	115	46
301	210	113	47
302	211	111	46
300	208	112	49
296	210	117	47
292	210	122	46
292	212	124	45
300	209	115	48
301	209	111	49
302	209	111	48
301	209	112	48
304	209	109	48
299	210	113	47
303	211	110	45
302	212	110	46
298	209	115	48
295	211	119	47
298	210	115	48
300	209	113	48
296	209	117	49
298	210	115	47
297	209	117	49
302	209	110	47
298	211	114	46
301	210	113	47
297	209	115	48
302	209	111	48
301	209	110	47
295	210	118	47
297	208	116	50
297	209	116	48
298	209	115	49
305	209	108	48
298	210	113	48
307	208	105	50
299	209	112	48
299	209	114	48
304	210	107	47
298	208	115	48
302	208	109	48
305	209	107	48
299	207	114	51
293	211	119	47
297	209	117	48
303	209	108	46
299	209	112	48
295	211	118	46
297	210	116	47
296	210	116	47
300	210	112	46
303	209	110	48
301	208	110	49
305	209	106	47
306	209	105	47
305	210	106	47
303	208	108	49
300	210	111	46
296	208	117	50
304	210	108	48
296	210	116	47
293	210	120	47
293	211	119	45
299	210	112	47
294	211	117	46
298	210	113	46
297	209	113	47
297	210	115	47
300	209	112	47
296	211	117	46
302	211	109	45
297	210	115	46
294	210	118	46
290	212	122	45
296	211	117	46
295	210	118	46
295	211	117	46
294	212	119	45
297	211	116	46
297	212	117	45
297	213	114	44
297	212	116	44
295	213	118	44
298	213	114	44
300	211	113	46
303	213	109	44
301	211	111	46
300	210	112	48
294	212	117	45
293	210	120	47
292	210	121	48
295	209	118	49
295	207	117	51
292	211	119	45
294	210	118	47
289	209	124	48
284	209	129	48
283	210	130	47
275	210	139	48
282	212	131	45
284	212	128	45
276	211	137	46
275	214	139	44
285	209	126	48
283	211	130	47
286	213	127	44
289	213	123	44
288	211	125	46
278	212	136	45
274	211	139	45
286	211	125	45
278	212	134	45
285	208	128	49
293	210	120	48
292	210	121	48
289	210	124	48
290	212	124	46
284	211	129	45
285	211	128	47
284	211	130	47
280	211	134	46
283	209	131	48
283	212	131	45
283	211	130	47
289	210	124	46
293	212	119	46
290	212	123	45
294	210	119	47
290	212	122	44
292	210	121	47
284	213	128	43
283	212	129	45
286	213	126	44
292	213	120	44
291	210	122	48
290	213	122	45
289	211	124	46
288	212	125	46
288	212	126	45
280	211	134	47
283	212	131	46
286	213	127	44
293	209	120	49
289	213	125	45
287	211	126	46
291	212	122	46
289	211	125	47
290	212	123	45
291	211	123	46
285	212	128	46
289	214	125	43
295	210	119	48
296	213	117	44
296	212	119	45
296	209	117	49
293	214	121	43
297	213	117	44
293	212	122	45
292	210	122	48
289	214	125	44
295	212	119	45
290	210	124	48
294	211	119	46
296	212	118	45
296	211	117	47
292	212	122	46
294	212	121	45
297	215	116	42
299	213	114	44
294	212	120	45
295	213	119	45
297	212	116	46
296	211	117	47
302	214	110	42
297	213	116	44
298	211	115	47
298	212	113	45
296	212	118	46
298	213	116	45
297	212	116	45
294	213	120	45
290	211	125	46
294	214	120	44
296	214	117	43
298	211	115	46
301	211	112	47
299	210	114	47
293	212	120	46
296	209	117	48
297	213	115	44
300	213	112	44
296	212	118	45
296	215	118	42
301	212	112	46
299	212	112	45
293	212	120	46
292	215	122	41
290	213	123	45
296	210	118	47
293	212	119	47
293	213	121	45
288	212	126	46
290	210	124	47
287	212	125	47
294	213	120	44
295	211	119	46
294	213	119	45
293	211	120	47
290	212	123	46
295	211	119	46
302	214	112	42
299	213	114	43
297	211	116	46
301	212	113	45
298	210	114	48
298	214	114	44
296	212	118	46
299	211	114	47
297	210	117	47
298	214	115	43
300	212	113	45
299	213	114	44
295	210	118	49
297	210	116	47
293	212	120	47
292	212	122	45
297	213	118	45
299	212	113	45
301	212	112	46
297	210	117	48
299	214	113	44
302	212	112	45
297	212	116	46
301	211	112	47
303	212	110	45
299	213	115	44
299	211	113	46
299	211	114	48
298	209	115	48
294	208	119	50
292	214	121	44
295	212	119	46
296	212	118	45
297	215	116	42
299	214	114	43
298	212	116	45
294	212	120	46
290	210	123	49
292	212	122	46
298	213	116	44
298	211	115	47
299	214	114	44
295	212	118	45
302	214	112	43
293	211	121	46
296	211	117	47
300	211	112	47
295	212	118	45
293	212	121	46
295	211	119	46
295	213	118	45
297	212	117	45
295	213	119	45
294	212	119	45
296	210	118	48
291	213	123	45
290	215	124	42
292	211	121	46
294	213	120	44
298	214	116	43
296	212	117	46
296	211	118	45
295	211	119	47
300	212	114	46
296	213	118	44
296	212	118	45
299	210	115	48
301	213	111	45
300	212	112	46
296	210	117	48
298	213	115	45
303	214	111	43
302	212	112	46
297	212	116	46
294	214	120	44
295	212	119	45
296	212	119	47
295	215	118	42
295	213	119	44
297	212	117	45
295	212	118	45
304	214	110	44
302	214	110	43
298	211	115	46
295	212	118	46
290	213	124	45
299	213	115	45
297	213	116	44
302	212	112	46
300	212	112	45
295	214	118	43
300	214	112	43
299	211	114	46
297	213	115	44
297	213	117	44
299	214	114	43
296	213	118	44
296	215	117	42
295	213	118	45
295	212	118	45
295	212	118	47
293	213	119	44
299	213	115	44
291	213	122	46
290	212	124	46
292	212	122	45
291	213	122	44
296	212	118	46
304	216	109	41
300	214	113	43
299	217	114	40
295	218	118	40
294	228	118	29
308	230	112	25
308	240	116	23
309	252	121	33
312	257	140	28
284	221	136	36
292	218	122	40
299	211	116	47
305	209	109	49
297	210	115	47
294	209	120	47
296	212	117	45
307	210	107	46
304	211	109	44
299	209	114	48
295	210	118	46
299	211	115	45
298	210	116	46
296	209	117	49
300	209	113	48
296	210	117	46
300	211	114	45
