100
0.85968
0.75826
0.67391
0.61347
0.56409
0.54095
0.52971
0.50922
0.50123
0.5137
0.52483
0.47534
0.44749
0.43165
0.50745
0.48945
0.42957
0.3206
0.32868
0.30678
0.28583
0.26625
0.25702
0.25931
0.25516
0.25067
0.24494
0.24326
0.23868
0.23428
0.22247
0.21865
0.21661
0.20739
0.22114
0.22824
0.22575
0.22462
0.22636
0.22396
0.22024
0.21535
0.21098
0.20926
0.2145
0.21883
0.22302
0.22571
0.22951
0.22952
0.22743
0.22579
0.22392
0.22094
0.21682
0.21459
0.2112
0.20888
0.21006
0.21484
0.21907
0.22045
0.22056
0.21766
0.24339
0.2792
0.31844
0.32407
0.32416
0.31762
0.31078
0.3016
0.29116
0.28371
0.28117
0.27535
0.26917
0.26646
0.26787
0.26916
0.2725
0.27685
0.30331
0.33126
0.33361
0.33265
0.3242
0.29739
0.28332
0.28217
0.29226
0.29565
0.2938
0.28891
0.28551
0.28149
0.27005
0.25981
0.2583
0.2635
0.25476
0.25721
0.25691
0.25659
0.26296
0.27371
0.28074
0.27927
0.27153
0.2604
0.25051
0.23926
0.25451
0.27247
0.28392
0.28897
0.28904
0.29227
0.29619
0.2933
0.29536
0.30302
0.30393
0.30157
0.29982
0.29623
0.29534
0.29435
0.29227
0.29101
0.28956
0.28645
0.28393
0.28459
0.28661
0.28908
0.28914
0.2868
0.2857
0.28766
0.29045
0.29902
0.31064
0.32409
0.33142
0.33188
0.32984
0.3274
0.32426
0.32324
0.32618
0.32773
0.31481
0.30301
0.29405
0.28057
0.26351
0.25001
0.2401
0.23411
0.23142
0.23412
0.23708
0.24326
0.25062
0.25533
0.26438
0.27164
0.28048
0.28978
0.29312
0.29678
0.30007
0.30168
0.30549
0.30774
0.31277
0.32072
0.32512
0.32652
0.32577
0.32678
0.29957
0.27964
0.2683
0.33056
0.3423
0.34384
0.3433
0.34324
0.34035
0.33834
0.33733
0.33382
0.33479
0.33206
0.33174
0.33146
0.33111
0.32993
0.32983
0.33184
0.33062
0.32662
0.32114
0.3136
0.2986
0.29142
0.28461
0.27934
0.27604
0.27087
0.2685
0.26952
0.26797
0.26991
0.2682
0.26783
0.26934
0.27151
0.273
0.27419
0.27731
0.27949
0.28043
0.28181
0.28292
0.28307
0.28276
0.28285
0.28215
0.28227
0.28143
0.27805
0.27956
0.27649
0.27738
0.28884
0.30908
0.32006
0.32456
0.33094
0.33184
0.33252
0.33503
0.33587
0.33275
0.33037
0.33066
0.33031
0.32788
0.32535
0.31808
0.3123
0.31297
0.31923
0.31434
0.31185
0.31085
0.30873
0.30817
0.30746
0.30756
0.308
0.30977
0.31024
0.31045
0.31079
0.31237
0.31398
0.31507
0.31524
0.31711
0.31806
0.31859
0.31792
0.31874
0.31954
0.31964
0.31972
0.31941
0.31783
0.31772
0.31628
0.31795
0.31766
0.31507
0.31539
0.31592
0.31385
0.31331
0.31388
0.31706
0.32023
0.32521
0.32627
0.31405
0.30379
0.30881
0.31912
0.31702
0.31457
0.31035
0.3051
0.30137
0.30038
0.2993
0.29258
0.28136
0.28237
0.29384
0.30354
0.30884
0.31215
0.3105
0.31406
0.32018
0.32191
0.32511
0.32913
0.32475
0.32995
0.33541
0.33321
0.31966
0.30768
0.2979
0.29043
0.26671
0.27161
0.27029
0.26671
0.28315
0.28522
0.28516
0.28426
0.28245
0.28121
0.28093
0.28164
0.28335
0.2866
0.28937
0.2955
0.30002
0.3049
0.31016
0.31716
0.32333
0.32621
0.32616
0.3257
0.32112
0.31806
0.3142
0.30846
0.30438
0.2988
0.29614
0.29337
0.294
0.29559
0.29581
0.29695
0.29524
0.29657
0.29734
0.29754
0.29863
0.29843
0.29744
0.29835
0.29869
0.29735
0.29341
0.28856
0.27918
0.27364
0.27661
0.27949
0.28183
0.28478
0.28744
0.29062
0.29499
0.29575
0.29509
0.29388
0.29642
0.29831
0.29876
0.29713
0.29458
0.2932
0.29089
0.28949
0.28685
0.28768
0.28785
0.28773
0.28742
0.28661
0.28471
0.28512
0.28431
0.2836
0.28168
0.28275
0.28381
0.28724
0.28454
0.28356
0.28146
0.28388
0.28563
0.29134
0.29653
0.30023
0.29633
0.29592
0.29561
0.29858
0.30334
0.3061
0.30795
0.30722
0.30623
0.30539
0.30361
0.30268
0.30106
0.30158
0.29979
0.29934
0.29853
0.29732
0.29623
0.29646
0.29794
0.30215
0.30655
0.31218
0.31732
0.32171
0.32415
0.32385
0.32314
0.32027
0.32167
0.32066
0.31961
0.31996
0.31746
0.31274
0.31024
0.30531
0.29576
0.28158
0.26745
0.25757
0.24424
0.23284
0.23307
0.24687
0.28008
0.3138
0.34346
0.36985
0.38998
0.41258
0.42347
0.42851
0.42938
0.43225
0.44177
0.45065
0.45675
0.46008
0.46215
0.46232
0.46142
0.45775
0.45266
0.44813
0.44231
0.43849
0.43315
0.42507
0.41718
0.40863
0.40826
0.40634
0.40328
0.4017
0.39701
0.39838
0.39264
0.37457
0.38404
0.39684
0.39867
0.39921
0.40216
0.41235
0.44027
0.44902
0.43846
0.42709
0.42394
0.4182
0.40567
0.34642
0.264
0.26441
0.29617
0.31205
0.30377
0.30105
0.31253
0.32726
0.33364
0.33704
0.3332
0.32402
0.31982
0.33097
0.33896
0.35409
0.36944
0.36727
0.37651
0.36642
0.36268
0.35789
0.34935
0.3374
0.32066
0.30135
0.29117
0.27074
0.24606
0.24489
0.27556
0.2826
0.28423
0.28542
0.28329
0.28174
0.28126
0.27832
0.27511
0.2707
0.26821
0.26754
0.26975
0.27314
0.27703
0.27945
0.28421
0.29251
0.30389
0.31401
0.32474
0.32889
0.33661
0.34408
0.34815
0.34892
0.34752
0.34379
0.33974
0.33262
0.32906
0.32476
0.32641
0.32297
0.31748
0.30933
0.30606
0.30588
0.30693
0.30687
0.30787
0.31503
0.31205
0.28186
0.26942
0.2821
0.29622
0.30291
0.29873
0.29525
0.29821
0.29963
0.30022
0.30386
0.3098
0.31886
0.32027
0.31709
0.31047
0.29553
0.3048
0.3034
0.30859
0.31034
0.30875
0.30857
0.3149
0.31602
0.31516
0.31453
0.31501
0.31531
0.31702
0.31735
0.31852
0.31881
0.32165
0.32107
0.32158
0.32369
0.32417
0.32618
0.32676
0.32721
0.33208
0.33762
0.34208
0.34286
0.34486
0.34319
0.3416
0.33297
0.32229
0.31456
0.30959
0.30295
0.29831
0.29146
0.29016
0.2999
0.30494
0.30951
0.31312
0.31609
0.3198
0.3192
0.30907
0.30582
0.31395
0.32139
0.29538
0.26613
0.23782
0.21161
0.21145
0.20889
0.20792
0.23359
0.29359
0.28004
0.29241
0.39002
0.43882
0.28912
0.20334
0.18729
0.26169
0.31629
0.32848
0.32863
0.32384
0.32619
0.32649
0.32338
0.31643
0.30888
0.29786
0.29242
0.29059
0.28956
0.2877
0.28527
0.2873
0.31983
0.36515
0.38907
0.32932
0.28285
0.30851
0.29423
0.32429
0.35316
0.36154
0.37594
0.38276
0.38727
0.39344
0.39827
0.40324
