503.000000,141.750000,114.000000,319.950000
499.856995,140.017944,115.477875,324.097778
498.399658,141.682663,115.862816,325.178131
494.553101,141.572983,116.334137,326.500946
494.016907,144.243683,116.235138,326.223083
492.340210,146.957809,115.011604,322.789154
487.874481,147.206604,115.767395,324.910339
486.590759,147.438339,116.053688,325.713837
485.090088,145.651093,118.433212,332.392151
482.255920,144.036804,119.610252,335.695618
482.724152,146.143311,119.268021,334.735107
481.301208,145.015808,117.634613,330.150818
485.447754,145.757904,117.333839,329.306702
483.930481,143.119781,116.504036,326.977783
485.466675,142.115372,116.036964,325.666901
484.075439,142.588379,115.401741,323.884094
485.038422,141.622162,114.839050,322.304871
477.131256,142.791473,115.123726,323.103821
477.664581,145.634445,115.339767,323.710175
471.981995,148.616898,116.722191,327.590057
466.180634,148.848480,117.827324,330.691711
466.133881,160.456360,117.539597,329.884155
449.925842,163.702667,121.566521,341.186035
446.086304,157.088104,124.481537,349.367249
442.273499,151.725571,127.453560,357.708466
434.056396,145.832611,129.515350,363.495056
432.300354,146.903107,129.938522,364.682739
430.846954,149.765259,131.617020,369.393555
427.712708,146.851852,132.508881,371.896637
428.467651,154.992447,134.992371,378.866730
422.040436,149.713318,136.296494,382.526855
422.774292,155.715500,135.511429,380.323517
420.326843,156.788315,137.836441,386.848846
421.048950,154.779831,139.524338,391.586090
421.171539,150.399323,139.194839,390.661316
426.410034,147.532272,141.495575,397.118500
422.484741,149.235764,141.667419,397.600800
424.401764,141.441986,144.058456,404.311401
428.426086,140.324570,144.958221,406.836700
431.319153,139.374817,144.808044,406.415222
428.213318,135.525223,146.118973,410.094452
424.693878,136.700485,146.316666,410.649261
423.994263,133.762665,146.915421,412.329712
424.163025,140.119843,147.362885,413.585571
422.206421,144.126068,146.287796,410.568237
419.339661,149.256332,148.756714,417.497467
409.859375,152.881424,151.957642,426.481110
404.628784,154.492142,154.026047,432.286285
400.062286,150.827759,158.012558,443.474731
394.228760,154.394318,159.999542,449.051331
392.598694,150.054779,163.287109,458.278137
384.878479,142.543549,167.508270,470.125183
380.397217,141.363632,169.526093,475.788361
380.164062,142.569931,172.306122,483.590729
384.308899,145.126801,174.083878,488.580139
381.115173,145.328156,176.346039,494.929077
387.628693,146.497803,178.404678,500.706848
388.901031,142.699493,179.840332,504.736084
389.745087,151.366776,181.072647,508.194672
393.443634,148.680862,182.139206,511.188080
395.626190,147.420044,183.140884,513.999329
403.947876,150.781128,186.125351,522.375488
406.352509,143.550171,186.384338,523.102356
412.397064,153.567535,187.778625,527.015503
419.075195,150.583221,188.215195,528.240845
426.877808,152.603821,187.728027,526.873535
426.642120,148.989838,188.815353,529.925232
434.965088,150.547882,189.825165,532.759277
465.503052,136.158661,188.066315,527.822937
469.845703,138.112030,187.829453,527.158203
466.623138,135.905701,186.914963,524.591614
488.048431,138.228058,187.740189,526.907654
503.180298,134.371704,188.223236,528.263367
515.679199,136.924530,188.203613,528.208313
480.160156,150.095917,189.968002,533.160217
478.288361,155.590317,191.998367,538.858582
498.684113,156.655014,191.998367,538.858582
517.497437,161.133499,191.998367,538.858582
537.010864,164.847733,191.998367,538.858582
559.331787,160.420578,191.998367,538.858582
571.977722,158.262955,191.998367,538.858582
577.360962,155.837204,191.998367,538.858582
577.500793,156.070755,191.998367,538.858582
600.054626,153.090118,191.760223,538.190186
604.155884,156.393127,191.007019,536.076294
609.627197,154.665100,190.320358,534.149109
615.851379,156.029510,189.861420,532.861084
624.235413,159.111450,189.047028,530.575378
629.768555,158.967224,188.544525,529.165100
628.050598,156.861786,188.666794,529.508240
626.072937,152.891052,187.291992,525.649780
619.327148,148.738129,186.368256,523.057190
623.851318,150.754608,185.541595,520.737122
623.383667,151.273315,185.404312,520.351868
623.241699,150.812744,185.008713,519.241577
626.505798,148.027588,183.039917,513.716003
627.423584,149.060944,183.071838,513.805603
623.359436,148.337753,182.362900,511.815887
616.033997,145.986389,181.409561,509.140259
622.415710,146.873795,179.788589,504.590851
613.012451,153.742249,177.729691,498.812439
607.037231,147.408524,178.214478,500.173004
620.482178,146.613388,177.227722,497.403595
604.556458,142.856552,177.058319,496.928131
614.522156,139.455124,175.949982,493.817535
607.800537,142.422089,176.047470,494.091125
617.910583,143.304352,175.607681,492.856812
631.213623,146.849945,176.233337,494.612793
626.894409,148.237961,175.907288,493.697662
628.217896,143.653336,176.033386,494.051605
632.547729,143.557465,175.872391,493.599731
640.535278,148.666519,175.993881,493.940704
640.113708,138.831207,174.432281,489.557983
648.093079,149.679581,176.033081,494.050751
652.253418,143.717880,175.604904,492.849030
666.622559,143.352753,174.827408,490.666931
666.692810,141.561935,173.918411,488.115753
668.216553,144.723541,173.593277,487.203247
664.001709,141.035889,174.479889,489.691589
665.074707,135.033386,172.335342,483.672729
664.873901,141.483597,172.656067,484.572906
672.617493,132.192490,170.839279,479.473907
672.327271,134.575134,170.576813,478.737305
673.193420,138.845673,171.519363,481.382629
667.180603,138.229675,171.518692,481.380737
672.843140,135.681244,171.002625,479.932373
667.520325,138.130447,171.538574,481.436554
674.353088,138.260132,172.624954,484.485535
671.120361,136.661407,173.683014,487.455078
668.176270,132.540558,174.571335,489.948242
658.581787,133.939316,174.444977,489.593597
654.952026,132.585388,173.247940,486.234009
656.350281,128.378586,172.062790,482.907806
657.355835,131.393600,171.130554,480.291412
657.397705,133.969116,171.115540,480.249268
653.174805,135.016586,171.340332,480.880157
652.923340,135.788528,171.692261,481.867889
647.406494,137.346588,172.491959,484.112305
649.235962,138.144073,174.073669,488.551514
645.112061,133.648895,175.246658,491.843567
643.597046,133.728500,176.616699,495.688690
641.057129,134.876709,177.075302,496.975830
633.632507,128.870911,177.353058,497.755371
631.334290,128.261795,176.677597,495.859650
631.993713,137.425430,175.745438,493.243439
624.854858,129.042618,176.258423,494.683197
621.370422,132.176117,176.127670,494.316223
618.436096,128.923584,175.912094,493.711182
617.629761,128.282974,176.430099,495.165009
619.517395,131.791016,178.087753,499.817322
619.268372,134.587097,179.080688,502.604065
608.605225,127.360184,179.856339,504.781036
602.282227,125.001266,181.380615,509.058990
598.337036,126.843994,182.486115,512.161682
590.731567,120.896637,182.101120,511.081177
594.898865,122.789566,182.139145,511.187897
587.976379,124.222672,181.475754,509.326019
590.423828,123.320236,180.564133,506.767487
596.440430,135.209305,180.372498,506.229645
590.238098,128.194382,179.007233,502.397919
598.686646,127.852768,179.144012,502.781830
596.277710,131.389999,177.929977,499.374542
611.532349,130.872650,177.978088,499.509521
606.553955,134.194275,178.325027,500.483276
612.121277,132.700134,178.059784,499.738831
614.923523,133.665756,178.197144,500.124359
618.852478,134.805939,178.050064,499.711548
624.301636,134.366196,177.914825,499.332001
630.480408,136.311890,177.257523,497.487244
628.812439,135.378967,176.787247,496.167358
633.795288,138.416779,175.923645,493.743591
636.507141,136.521606,176.463821,495.259644
640.870422,136.475388,176.633179,495.734955
644.732300,137.169586,176.163315,494.416260
638.687012,137.914124,176.058777,494.122864
638.578918,135.622253,175.934692,493.774597
642.694092,138.318802,175.324051,492.060760
644.609863,138.465668,174.756531,490.468018
645.822083,138.818863,174.877197,490.806671
643.715210,137.782303,174.410431,489.496674
641.084351,140.998703,174.082230,488.575531
642.233704,145.889038,173.930984,488.151062
641.082275,148.123840,173.424835,486.730469
639.152222,144.623810,172.691956,484.673584
643.126648,147.330582,171.820938,482.229034
638.917542,145.094116,170.663376,478.980225
635.993958,143.481155,170.029892,477.202301
637.777893,144.184860,171.115234,480.248444
639.580139,146.909119,171.023880,479.992004
639.074097,147.213318,171.168869,480.398926
638.081970,147.202927,171.490433,481.301422
634.017456,145.195160,171.706635,481.908203
635.178467,145.397095,170.761063,479.254395
639.802185,145.892807,171.956467,482.609406
633.767029,145.504333,172.215164,483.335449
638.350647,147.450974,173.061859,485.711761
633.409058,146.929962,172.369690,483.769165
636.877991,148.667969,172.860428,485.146423
631.392822,145.170395,172.052780,482.879730
631.354492,145.402893,170.891571,479.620667
634.375793,148.675659,169.950958,476.980774
635.348389,151.202820,169.457092,475.594727
637.570923,148.834305,169.323929,475.220978
637.017090,150.774033,169.844421,476.681793
637.276672,149.322342,169.725311,476.347504
636.789307,150.274643,169.669144,476.189850
637.700867,148.441116,169.859451,476.723969
640.652954,148.394394,169.691971,476.253937
640.440918,149.352890,169.431946,475.524139
638.163330,147.104706,169.539001,475.824585
635.881348,147.710632,169.031952,474.401550
633.564514,150.401962,167.395172,469.807770
631.954163,151.607605,167.973618,471.431213
634.578735,152.439728,168.556702,473.067688
634.797485,149.802597,169.100525,474.593964
634.928589,149.744370,169.167908,474.783112
636.537842,148.820862,169.391663,475.411072
638.029419,151.735611,169.193237,474.854156
635.374939,149.296631,167.711670,470.696045
636.042969,149.561874,168.959656,474.198639
633.837097,150.165314,168.794342,473.734619
629.614319,149.873398,169.001877,474.317108
632.574097,150.732941,169.469742,475.630188
633.913330,152.271790,169.455994,475.591614
634.671143,153.591751,169.296722,475.144623
636.606018,151.564117,169.841553,476.673706
638.566895,150.972626,169.038666,474.420349
638.771973,152.201309,168.342331,472.466034
637.223022,151.913101,169.710739,476.306610
638.477661,151.945221,168.685944,473.430420
637.440430,149.395966,168.865509,473.934387
638.079529,150.121262,168.990707,474.285736
639.217163,148.553528,168.960632,474.201355
638.177734,148.198090,169.111221,474.623962
637.546265,148.092316,168.438293,472.735352
640.013306,149.069214,168.714005,473.509155
637.564209,150.757416,168.349152,472.485168
638.768799,151.764481,168.638916,473.298431
634.497742,150.001038,169.982010,477.067932
638.160217,149.999252,170.376053,478.173859
633.243286,147.715195,171.451965,481.193451
632.783752,148.115204,171.636841,481.712341
631.798279,145.695160,171.797287,482.162659
632.702942,148.555542,171.936478,482.553284
633.634033,147.861221,171.994751,482.716827
637.783813,147.197586,171.731628,481.978363
637.235352,145.890686,171.770935,482.088684
638.588745,147.386108,171.736526,481.992126
638.725281,144.517944,172.324509,483.642334
644.446838,146.233063,171.817795,482.220215
640.381531,143.397812,170.555344,478.677032
639.269226,145.863800,170.169464,477.594055
640.145447,148.509674,169.452972,475.583130
638.816284,151.183640,169.980591,477.063934
640.522827,154.070084,170.506393,478.539642
636.536560,148.787521,171.770111,482.086395
637.956787,148.417160,172.270950,483.492035
639.847595,151.301025,171.673447,481.815063
634.814453,149.332581,172.304993,483.587585
634.705566,149.733398,172.457840,484.016541
633.041321,148.689362,171.651215,481.752686
628.577026,148.996994,171.917847,482.501007
625.123413,149.305679,170.474380,478.449799
622.638672,151.467850,169.822510,476.620270
621.783020,153.055145,169.020172,474.368469
616.640076,150.010269,168.167633,471.975739
615.525269,151.053177,167.772858,470.867767
608.348938,150.596817,167.809952,470.971893
605.309326,150.760925,166.786850,468.100464
602.279297,153.316177,167.565125,470.284760
599.503601,151.168808,167.147125,469.111603
596.605042,151.043045,166.789886,468.108978
569.516663,147.834717,167.879608,471.167358
580.668823,147.301239,165.449142,464.346069
551.169495,143.671875,166.804596,468.150269
553.471680,144.485153,165.930527,465.697113
555.121765,145.866547,164.983276,463.038574
578.369629,163.566299,166.534973,467.393524
552.829163,145.256882,165.711792,465.083221
549.959412,145.972870,164.915375,462.848022
545.186584,146.423721,165.396347,464.197906
533.325867,144.259445,166.234695,466.550812
528.924988,144.169037,165.948212,465.746765
518.730774,141.578110,166.308121,466.756866
521.102844,142.696518,166.089859,466.144318
520.047119,143.465027,165.926773,465.686584
520.753845,146.393951,166.216751,466.500427
510.647400,145.761978,166.570068,467.492035
512.844788,145.162048,166.982712,468.650146
523.724548,147.095581,167.250702,469.402283
513.329346,144.866913,167.777649,470.881226
514.548828,143.693649,166.838211,468.244598
516.788086,146.821320,166.044373,466.016663
509.496216,147.622574,166.147125,466.305023
513.713379,144.784576,165.996353,465.881897
510.711670,147.436462,165.786285,465.292297
507.298767,144.586975,165.285507,463.886841
513.639099,149.281479,166.735062,467.955109
510.164825,148.029083,167.300110,469.540955
508.318878,147.597733,166.500168,467.295868
516.012573,148.036545,165.618835,464.822357
519.384399,149.273697,165.266373,463.833099
521.195007,146.707962,165.503891,464.499725
525.884949,145.278976,164.791840,462.501312
527.951538,143.965607,164.940384,462.918213
532.457214,145.142807,164.726212,462.317108
534.245605,143.461349,164.493256,461.663300
537.804443,141.689301,161.296829,452.692261
540.823486,148.433289,162.694855,456.615967
546.458984,147.041412,162.443695,455.911072
552.851624,147.992783,161.859177,454.270538
556.624512,148.092255,160.636353,450.838623
561.084595,150.894516,158.566650,445.029816
567.841980,154.409958,159.135635,446.626740
577.420532,154.566864,157.500702,442.038147
583.921143,153.511536,156.628326,439.589783
595.608887,154.561523,157.410294,441.784424
600.316772,152.871796,157.847092,443.010315
605.060242,151.511200,158.232529,444.092102
611.126038,152.565094,159.722610,448.274109
617.569397,154.376724,161.517212,453.310822
622.582336,153.718063,162.916153,457.237030
624.955322,153.950119,163.871063,459.917084
626.092957,155.270111,165.331009,464.014526
630.146973,153.067749,166.826187,468.210876
630.972534,151.806061,168.195786,472.054749
634.111206,151.008270,169.158157,474.755737
631.848267,147.617737,169.606949,476.015320
633.947510,145.196304,170.258392,477.843597
630.392151,147.315033,169.979660,477.061340
632.366455,150.345444,169.796143,476.546295
632.554443,147.813858,169.276978,475.089203
627.535522,151.129974,168.812744,473.786316
625.702026,153.063858,168.354095,472.499054
628.257324,149.779266,168.166962,471.973877
625.418030,152.107315,168.342789,472.467316
623.893372,149.744186,168.409088,472.653412
622.226196,149.781036,168.226379,472.140625
617.347168,150.270248,168.657639,473.350983
616.477661,145.987762,168.893005,474.011536
613.767578,147.278015,170.008606,477.142578
609.653931,148.200943,170.764908,479.265167
612.451904,148.135300,170.652328,478.949249
604.776062,146.476257,171.144730,480.331177
606.457886,145.505234,171.333130,480.859955
600.322449,148.447937,173.020615,485.596008
592.244690,145.553177,172.798798,484.973480
592.674622,147.555908,173.289948,486.351929
583.924805,146.779816,174.319565,489.241638
584.080627,146.381378,174.269119,489.100037
576.480103,147.119797,176.262512,494.694672
578.465088,144.648972,175.792557,493.375702
571.320862,146.164581,176.914749,496.525208
571.863098,147.229797,178.116608,499.898315
574.191772,144.055725,177.716583,498.775635
572.669800,144.747589,177.069855,496.960510
570.446167,143.794846,176.878845,496.424469
573.407104,147.085266,178.225418,500.203735
573.843628,149.614624,179.880371,504.848450
575.121277,144.684708,180.244003,505.869049
578.570740,145.232040,179.496460,503.770966
582.908386,149.862610,180.368073,506.217224
583.950867,145.873993,179.864883,504.804993
581.544739,149.482239,180.276855,505.961243
579.932251,151.406036,180.295914,506.014709
591.688049,150.514069,178.445648,500.821777
590.307434,147.862274,178.309799,500.440552
593.356628,149.148209,179.000076,502.377838
591.886353,147.582077,179.456940,503.660065
588.863953,147.002350,180.349319,506.164612
584.694214,146.353531,181.373016,509.037689
593.136353,142.560135,180.682083,507.098541
594.028687,142.794724,182.165924,511.263031
589.837646,141.403122,182.317932,511.689667
587.323669,138.015442,182.854141,513.194580
587.875122,134.223267,182.449982,512.060303
587.066589,142.007416,184.042587,516.530029
588.544067,135.836395,183.513153,515.044128
585.297058,138.621277,185.936981,521.846802
582.315613,132.262177,185.629913,520.985046
584.189941,135.534271,185.920197,521.799683
588.943481,132.781128,184.623138,518.159424
593.419495,140.366272,185.841049,521.577576
590.995605,134.265656,187.585083,526.472351
590.327698,129.370850,188.657608,529.482483
595.935974,135.215820,188.201294,528.201782
595.294556,135.918549,187.103363,525.120361
591.380066,138.237762,185.809845,521.489990
589.024170,138.079498,186.546463,523.557373
591.641052,141.197418,187.406082,525.969971
588.690857,134.492188,186.166870,522.492004
588.033936,136.577759,186.070251,522.220886
587.808594,134.419861,185.969009,521.936707
588.269165,129.887299,186.926834,524.624939
587.570007,134.309143,188.877838,530.100586
583.855652,131.487366,186.708694,524.012695
586.406128,133.518890,187.919235,527.410156
580.161072,130.231262,186.355759,523.022156
583.637939,132.058807,187.995865,527.625244
584.487488,129.668335,189.089737,530.695312
582.567688,131.033112,187.573853,526.440857
584.396118,130.774963,186.198944,522.582031
584.440186,136.003082,186.422791,523.210327
585.288757,137.692017,186.326767,522.940796
584.580688,139.131104,185.817017,521.510132
580.288086,134.769806,184.947723,519.070374
581.449890,137.854279,186.522980,523.491455
576.146545,141.306305,187.645111,526.640808
573.496216,135.807678,186.222122,522.647095
571.920227,136.527405,185.501221,520.623840
566.748962,137.499237,186.358383,523.029541
563.447327,136.657990,190.058517,533.414246
554.798340,133.959137,191.733322,538.114685
555.233398,132.486008,191.998367,538.858582
551.556946,128.047256,191.998367,538.858582
533.143738,135.011215,191.998367,538.858582
524.455444,134.104919,191.767288,538.210022
518.119934,133.470490,191.972656,538.786377
514.779663,128.787430,191.998367,538.858582
510.107635,130.506851,191.998367,538.858582
506.416534,134.396378,191.998367,538.858582
509.808075,130.567734,191.998367,538.858582
509.285675,130.733200,191.998367,538.858582
506.005035,128.948410,191.998367,538.858582
501.507843,129.776657,191.998367,538.858582
498.973419,134.087296,191.998367,538.858582
499.508453,133.442642,191.998367,538.858582
495.690033,129.433517,191.998367,538.858582
494.578094,126.505539,191.998367,538.858582
494.070831,123.862656,191.998367,538.858582
491.323395,125.764053,191.998367,538.858582
490.178925,126.151718,191.998367,538.858582
491.722443,123.612930,191.998367,538.858582
485.746490,131.313095,191.998367,538.858582
485.391571,127.043655,191.998367,538.858582
485.696381,126.285446,191.998367,538.858582
485.751495,125.130539,191.998367,538.858582
488.301727,126.523514,191.998367,538.858582
488.184906,124.783707,191.998367,538.858582
488.232147,126.739548,191.998367,538.858582
488.818878,129.277023,191.998367,538.858582
489.904694,129.531052,191.998367,538.858582
485.847198,131.071732,191.998367,538.858582
487.388763,129.647720,191.998367,538.858582
486.940826,127.570999,191.998367,538.858582
485.153961,128.070160,191.924393,538.650940
484.934296,131.122055,191.998367,538.858582
489.319122,133.438797,191.998367,538.858582
491.861359,133.260605,191.998367,538.858582
491.392242,133.886520,191.998367,538.858582
492.596832,131.633163,191.998367,538.858582
491.838898,133.435593,191.998367,538.858582
489.183105,135.804504,191.846802,538.433167
490.416351,131.788986,191.998367,538.858582
490.555878,133.255966,191.998367,538.858582
491.464142,130.374039,191.998367,538.858582
490.921875,127.804352,191.362198,537.073120
489.796967,129.855576,191.998367,538.858582
489.565521,127.875076,191.998367,538.858582
486.870575,132.578537,191.998367,538.858582
487.300690,131.013504,191.998367,538.858582
487.589752,131.142380,191.998367,538.858582
485.565155,130.288132,191.998367,538.858582
486.640106,131.433365,191.998367,538.858582
488.586884,132.262711,191.998367,538.858582
487.476593,133.391006,191.998367,538.858582
490.361420,133.926132,191.998367,538.858582
490.355621,134.702133,191.998367,538.858582
489.681549,134.096405,191.630569,537.826294
488.399048,137.913757,190.264801,533.993164
488.205688,137.946625,189.414276,531.606140
488.486206,141.063110,187.784943,527.033264
489.971008,138.855927,186.085312,522.263123
489.443115,139.511261,185.576645,520.835510
488.297119,142.011932,184.091919,516.668518
489.412506,143.769379,183.330856,514.532532
489.486664,146.240265,183.562805,515.183472
490.352661,147.599747,182.174210,511.286285
491.143646,151.135605,180.376282,506.240265
494.358582,153.967163,180.036102,505.285522
494.267334,147.796753,179.099625,502.657227
495.949829,148.408630,179.748276,504.477722
497.608337,152.316620,179.759796,504.510071
499.176147,151.826096,179.140121,502.770905
497.610016,152.957733,178.611649,501.287720
496.395477,147.642578,179.357132,503.379944
499.287964,148.954575,181.150497,508.413177
498.224731,147.705780,180.535751,506.687866
496.102570,145.071106,180.838089,507.536377
497.606262,146.072449,181.241241,508.667847
494.696228,146.704468,182.555420,512.356201
491.316895,146.885162,182.814224,513.082581
493.103912,144.327820,182.548508,512.336792
490.225708,145.010193,182.753448,512.911987
490.322296,144.849976,181.648392,509.810547
490.779449,144.556168,182.042679,510.917145
492.681641,143.063904,181.916733,510.563660
492.218109,144.404877,180.971359,507.910400
494.975647,147.681854,180.648346,507.003845
494.742798,145.541306,182.064468,510.978302
493.994385,144.568619,179.609833,504.089203
498.765442,149.258881,179.277237,503.155701
501.363922,146.216537,179.956497,505.062103
502.867035,146.932892,178.470276,500.890930
504.870667,142.949814,178.959366,502.263580
507.255615,146.585098,179.024536,502.446503
508.539886,143.646179,178.782913,501.768372
512.797852,142.640518,178.731705,501.624664
512.101868,147.092026,179.334091,503.315277
513.615723,145.462326,180.482147,506.537384
513.280762,145.500549,180.716125,507.194092
514.250671,146.129074,180.950165,507.850922
515.811035,149.257812,181.043945,508.114136
518.508972,150.983551,180.762909,507.325378
517.621033,151.501663,180.664948,507.050446
518.636108,152.692520,181.417465,509.162445
519.695435,151.544800,182.209396,511.385071
517.075439,153.604462,182.605255,512.496094
521.102905,149.094604,182.567337,512.389648
520.031189,147.522491,182.767136,512.950378
522.530396,150.345337,182.994202,513.587646
530.413452,156.128052,182.836487,513.145020
527.539978,154.493073,183.306305,514.463623
534.921631,157.142181,184.240326,517.085022
529.518860,149.298950,184.303024,517.260986
530.917908,156.582367,185.188889,519.747192
534.961609,157.022980,185.576889,520.836182
530.129211,151.196014,185.954254,521.895264
531.700989,152.663269,186.612228,523.741943
534.742126,157.931183,188.835205,529.980896
525.678711,146.261505,188.250732,528.340576
529.232422,155.897339,188.850220,530.023010
522.986816,151.846619,189.470703,531.764526
517.387817,149.510315,189.298172,531.280273
518.575195,149.210510,188.222794,528.262085
512.773071,153.984283,189.526169,531.920166
507.490265,150.361847,190.590012,534.905945
506.281219,148.558289,190.459915,534.540771
504.184418,152.463974,191.998367,538.858582
500.953522,153.112411,191.998367,538.858582
498.800446,152.492172,191.998367,538.858582
497.813263,150.669357,191.998367,538.858582
496.716461,156.977707,191.998367,538.858582
494.384430,150.729324,191.998367,538.858582
492.327301,153.621506,191.998367,538.858582
489.534149,153.302200,191.998367,538.858582
489.086761,152.260178,191.998367,538.858582
489.197540,150.797165,191.998367,538.858582
491.173279,150.920837,191.750336,538.162476
488.328522,151.974930,191.998367,538.858582
489.245026,152.414719,191.998367,538.858582
489.152802,149.663956,191.998367,538.858582
490.507721,149.019547,191.998367,538.858582
490.945251,152.271301,191.745621,538.149231
489.003479,149.840698,191.792343,538.280334
490.964813,151.454437,191.672668,537.944458
490.939453,152.700623,191.327866,536.976746
492.091003,150.237122,191.095215,536.323853
492.280914,152.621704,190.978073,535.994995
495.196960,152.979523,190.240479,533.924927
500.233124,154.588348,190.186600,533.773682
502.528534,153.969238,189.771042,532.607361
506.218964,154.089905,191.118713,536.389771
508.201782,153.812683,190.013763,533.288635
513.172241,155.747894,190.658630,535.098511
517.394043,151.761993,190.398743,534.369080
526.466370,154.559418,190.021347,533.309937
533.725342,152.714661,189.886414,532.931213
541.980652,152.161011,189.816971,532.736328
548.257812,154.838989,190.632172,535.024231
552.694092,154.759369,191.326965,536.974243
559.145508,155.585297,191.840652,538.415955
565.010315,154.128067,191.998367,538.858582
566.914307,154.623276,191.998367,538.858582
570.083862,156.523117,191.998367,538.858582
569.987305,154.584579,191.998367,538.858582
570.863647,154.915817,191.998367,538.858582
571.590698,155.442917,191.998367,538.858582
571.870605,159.861221,191.998367,538.858582
573.075256,156.286301,191.998367,538.858582
571.824707,157.440720,191.998367,538.858582
573.245056,157.710205,191.498367,537.455322
571.906860,161.817383,190.101105,533.533752
572.022949,164.125336,188.908997,530.188049
567.510254,159.185028,187.065430,525.013855
568.524719,173.671478,184.352463,517.399780
565.548279,170.027130,181.972687,510.720703
566.308350,176.399857,180.510742,506.617645
559.600525,171.266617,179.423752,503.566925
560.251343,177.043045,178.688553,501.503510
553.045715,179.730484,177.865204,499.192719
547.246765,181.257187,177.305145,497.620880
540.914978,177.326096,177.165329,497.228485
535.965820,178.269012,178.000931,499.573669
533.061523,177.348221,179.342361,503.338470
526.015808,173.500519,181.323608,508.899048
518.379211,171.551666,181.647079,509.806885
511.316406,171.303558,182.058563,510.961731
509.781433,174.215210,182.313446,511.677063
500.562622,169.311783,180.775146,507.359711
496.893799,173.214355,180.997452,507.983643
490.862122,172.899902,181.451294,509.257385
482.842468,168.898117,178.469391,500.888458
480.021942,174.296204,177.073532,496.970825
473.038788,179.510483,177.703690,498.739410
471.832184,181.132278,178.254837,500.286285
475.609131,176.788818,178.343857,500.536133
488.649445,184.816803,178.219162,500.186157
454.348602,182.327423,178.397141,500.685669
458.952087,183.156494,177.826508,499.084106
505.383911,164.804993,177.841705,499.126770
510.956604,159.544846,179.200348,502.939911
498.494751,166.690811,179.060791,502.548248
492.269348,162.884766,179.439209,503.610291
487.134338,172.529449,178.818954,501.869507
484.755676,173.820633,178.906631,502.115570
453.123199,174.117691,177.626526,498.522858
443.176880,179.498276,177.568573,498.360199
437.907867,183.910553,178.717117,501.583679
503.130188,161.773056,178.769745,501.731415
497.835541,163.062317,179.251419,503.083252
496.773438,160.954651,180.106583,505.483337
495.115173,159.000397,179.467255,503.689026
484.022858,164.889771,179.943787,505.026428
483.029846,163.588409,180.940308,507.823242
493.123108,160.575424,178.474945,500.904022
485.625061,159.037308,175.476410,492.488373
491.622955,160.206223,174.856735,490.749237
476.360046,163.387466,174.907974,490.893036
479.631561,167.094910,176.170609,494.436707
487.101074,162.322311,174.937378,490.975555
495.740814,160.072388,172.785690,484.936707
473.496185,161.564819,171.693176,481.870422
489.511658,160.199829,171.256088,480.643738
493.229675,159.133987,170.425140,478.311615
491.699219,162.134293,169.535980,475.816132
498.300812,156.990265,166.754227,468.008911
497.737244,163.980133,166.354996,466.888428
501.087646,159.348389,165.480942,464.435303
499.643311,167.117905,167.086044,468.940155
498.259033,165.503342,167.196686,469.250702
501.283630,163.073807,167.196686,469.250702
501.283630,163.073807,167.196686,469.250702
502.564026,163.684036,166.328247,466.813385
507.855072,163.859772,165.592819,464.749329
511.049164,168.075989,165.592819,464.749329
511.049164,168.075989,165.592819,464.749329
510.291840,172.614716,165.592819,464.749329
510.291840,172.614716,165.592819,464.749329
513.662964,166.645660,165.592819,464.749329
513.662964,166.645660,165.592819,464.749329
511.289642,159.326416,165.592819,464.749329
511.289642,159.326416,165.592819,464.749329
512.968445,159.469238,165.592819,464.749329
512.968445,159.469238,165.592819,464.749329
386.132538,152.875610,167.091873,468.956543
496.952118,172.686386,169.036911,474.415436
505.701141,164.392319,169.036911,474.415436
505.701141,164.392319,169.036911,474.415436
505.542755,160.277710,169.021072,474.370972
506.962341,166.161957,169.311768,475.186829
508.349854,165.870987,170.221786,477.740875
501.674133,168.543259,172.225983,483.365814
510.754028,173.319504,172.225983,483.365814
510.754028,173.319504,172.225983,483.365814
510.327667,176.024918,176.086838,494.201630
533.459839,180.478149,177.155716,497.201477
540.128235,178.467438,177.155716,497.201477
540.128235,178.467438,177.155716,497.201477
489.907867,163.735352,177.155716,497.201477
489.907867,163.735352,177.155716,497.201477
483.418671,166.000549,177.155716,497.201477
483.418671,166.000549,177.155716,497.201477
490.756989,160.598755,177.155716,497.201477
490.756989,160.598755,177.155716,497.201477
484.208710,164.201981,173.851990,487.929352
472.123566,152.691360,173.851990,487.929352
472.123566,152.691360,173.851990,487.929352
483.537048,168.236893,170.364731,478.142059
483.699341,164.727798,170.364731,478.142059
483.699341,164.727798,170.364731,478.142059
491.903748,162.677475,170.364731,478.142059
491.903748,162.677475,170.364731,478.142059
494.572083,164.580368,170.364731,478.142059
494.572083,164.580368,170.364731,478.142059
500.592316,166.808762,167.963669,471.403290
498.190887,169.007446,168.757889,473.632324
500.617310,168.176270,168.057510,471.666687
502.894531,172.167755,169.135529,474.692200
497.119568,165.808945,167.803940,470.954987
499.733490,165.680984,168.071487,471.705902
502.094238,169.109177,168.114029,471.825287
502.266785,171.089203,169.227676,474.950806
499.931213,168.105591,169.227676,474.950806
499.931213,168.105591,169.227676,474.950806
495.802460,165.675674,169.773010,476.481354
500.332916,169.453232,169.773010,476.481354
500.332916,169.453232,169.773010,476.481354
497.377655,168.752518,172.351868,483.719147
498.698517,166.619980,172.351868,483.719147
498.698517,166.619980,172.351868,483.719147
494.995575,164.347183,172.351868,483.719147
494.995575,164.347183,172.351868,483.719147
498.478821,162.604889,171.148438,480.341614
497.434875,163.725952,170.562836,478.698059
497.346313,163.754211,169.325073,475.224182
503.100281,167.765656,169.325073,475.224182
503.100281,167.765656,169.325073,475.224182
500.167358,166.493530,169.325073,475.224182
500.167358,166.493530,169.325073,475.224182
495.339233,171.305542,169.325073,475.224182
495.339233,171.305542,169.325073,475.224182
499.902954,174.713013,169.325073,475.224182
499.902954,174.713013,169.325073,475.224182
496.078613,175.105804,169.325073,475.224182
496.078613,175.105804,169.325073,475.224182
495.732849,172.248383,169.325073,475.224182
495.732849,172.248383,169.325073,475.224182
496.540894,172.990448,169.325073,475.224182
496.540894,172.990448,169.325073,475.224182
493.920166,170.331635,169.325073,475.224182
493.920166,170.331635,169.325073,475.224182
493.502014,171.679260,169.325073,475.224182
493.502014,171.679260,169.325073,475.224182
495.744690,173.834595,169.325073,475.224182
495.744690,173.834595,169.325073,475.224182
499.916260,174.056702,169.325073,475.224182
499.916260,174.056702,169.325073,475.224182
494.447601,164.486633,176.976990,496.699890
494.020996,165.498474,177.410889,497.917664
490.043518,161.237762,177.410889,497.917664
490.043518,161.237762,177.410889,497.917664
491.198669,162.810822,177.167465,497.234497
493.908508,160.044434,177.167465,497.234497
493.908508,160.044434,177.167465,497.234497
495.128601,162.208038,177.167465,497.234497
495.128601,162.208038,177.167465,497.234497
492.791077,161.794617,177.167465,497.234497
492.791077,161.794617,177.167465,497.234497
494.463867,163.922119,177.167465,497.234497
494.463867,163.922119,177.167465,497.234497
495.515381,161.603821,177.167465,497.234497
495.515381,161.603821,177.167465,497.234497
495.032776,165.503021,177.167465,497.234497
495.032776,165.503021,177.167465,497.234497
492.848572,163.559723,177.167465,497.234497
492.848572,163.559723,177.167465,497.234497
495.603088,165.498718,177.167465,497.234497
495.603088,165.498718,177.167465,497.234497
491.119934,161.486023,177.167465,497.234497
491.119934,161.486023,177.167465,497.234497
491.296570,161.820251,177.167465,497.234497
491.296570,161.820251,177.167465,497.234497
493.876770,163.684235,177.167465,497.234497
493.876770,163.684235,177.167465,497.234497
491.109497,163.369293,177.167465,497.234497
491.109497,163.369293,177.167465,497.234497
492.199768,161.987274,177.167465,497.234497
492.199768,161.987274,177.167465,497.234497
492.655640,160.996033,177.167465,497.234497
492.655640,160.996033,177.167465,497.234497
491.496033,160.955109,177.167465,497.234497
491.496033,160.955109,177.167465,497.234497
495.120422,161.416870,177.167465,497.234497
495.120422,161.416870,177.167465,497.234497
490.367798,160.596161,177.167465,497.234497
490.367798,160.596161,177.167465,497.234497
492.668152,162.731354,177.167465,497.234497
492.668152,162.731354,177.167465,497.234497
494.281860,160.705658,177.167465,497.234497
494.281860,160.705658,177.167465,497.234497
490.190613,161.148224,177.167465,497.234497
490.190613,161.148224,177.167465,497.234497
492.402649,162.999359,177.167465,497.234497
492.402649,162.999359,177.167465,497.234497
498.221313,163.220947,177.167465,497.234497
498.221313,163.220947,177.167465,497.234497
494.401794,161.130035,177.167465,497.234497
494.401794,161.130035,177.167465,497.234497
490.929077,163.803375,177.167465,497.234497
490.929077,163.803375,177.167465,497.234497
495.218811,162.360321,177.167465,497.234497
495.218811,162.360321,177.167465,497.234497
492.085938,163.008362,177.167465,497.234497
492.085938,163.008362,177.167465,497.234497
493.959290,160.998169,177.167465,497.234497
493.959290,160.998169,177.167465,497.234497
490.534851,161.522705,177.167465,497.234497
490.534851,161.522705,177.167465,497.234497
490.877319,161.055389,177.167465,497.234497
490.877319,161.055389,177.167465,497.234497
493.469849,162.550537,177.167465,497.234497
493.469849,162.550537,177.167465,497.234497
494.804199,161.246857,177.167465,497.234497
494.804199,161.246857,177.167465,497.234497
492.163452,163.984985,177.167465,497.234497
492.163452,163.984985,177.167465,497.234497
492.953979,162.819977,177.167465,497.234497
492.953979,162.819977,177.167465,497.234497
493.463806,161.124695,177.167465,497.234497
493.463806,161.124695,177.167465,497.234497
491.979126,161.356171,177.167465,497.234497
491.979126,161.356171,177.167465,497.234497
492.088684,161.057770,177.167465,497.234497
492.088684,161.057770,177.167465,497.234497
492.590027,162.280823,177.167465,497.234497
492.590027,162.280823,177.167465,497.234497
491.683960,160.973328,177.167465,497.234497
491.683960,160.973328,177.167465,497.234497
493.115051,161.646606,177.167465,497.234497
493.115051,161.646606,177.167465,497.234497
491.154541,160.690277,177.167465,497.234497
491.154541,160.690277,177.167465,497.234497
495.164062,161.639160,177.167465,497.234497
495.164062,161.639160,177.167465,497.234497
491.879944,160.997711,177.167465,497.234497
491.879944,160.997711,177.167465,497.234497
493.173889,160.693756,177.167465,497.234497
493.173889,160.693756,177.167465,497.234497
490.631470,160.341980,177.167465,497.234497
490.631470,160.341980,177.167465,497.234497
492.780579,161.178741,177.167465,497.234497
492.780579,161.178741,177.167465,497.234497
500.906006,164.250549,177.167465,497.234497
500.906006,164.250549,177.167465,497.234497
502.473083,165.062317,177.167465,497.234497
502.473083,165.062317,177.167465,497.234497
498.613892,162.076736,176.700455,495.923798
502.443848,163.344528,176.700455,495.923798
502.443848,163.344528,176.700455,495.923798
501.113098,165.593430,177.524384,498.236176
498.988403,159.118546,177.524384,498.236176
498.988403,159.118546,177.524384,498.236176
504.350433,162.090118,177.811722,499.042664
508.942993,165.062531,176.682480,495.873352
511.145691,162.719681,175.689438,493.086273
507.935852,160.827438,175.689438,493.086273
507.935852,160.827438,175.689438,493.086273
505.437988,165.147781,175.689438,493.086273
505.437988,165.147781,175.689438,493.086273
502.529999,167.217148,177.020676,496.822479
499.400299,166.162003,177.020676,496.822479
499.400299,166.162003,177.020676,496.822479
502.665863,163.902359,177.020676,496.822479
502.665863,163.902359,177.020676,496.822479
505.614655,167.038589,177.020676,496.822479
505.614655,167.038589,177.020676,496.822479
503.899872,171.870621,177.020676,496.822479
503.899872,171.870621,177.020676,496.822479
506.851593,174.004440,177.020676,496.822479
506.851593,174.004440,177.020676,496.822479
501.967743,169.507431,177.020676,496.822479
501.967743,169.507431,177.020676,496.822479
511.462921,176.596573,177.020676,496.822479
511.462921,176.596573,177.020676,496.822479
501.912476,163.203522,184.368546,517.444885
495.864319,160.547333,184.368546,517.444885
495.864319,160.547333,184.368546,517.444885
496.188477,160.665619,184.368546,517.444885
496.188477,160.665619,184.368546,517.444885
495.465210,164.172668,184.368546,517.444885
495.465210,164.172668,184.368546,517.444885
493.357056,157.186401,184.368546,517.444885
493.357056,157.186401,184.368546,517.444885
495.932251,160.567993,184.368546,517.444885
495.932251,160.567993,184.368546,517.444885
493.353638,156.578125,184.368546,517.444885
493.353638,156.578125,184.368546,517.444885
497.663116,158.603806,179.655228,504.216583
501.197968,160.961304,176.804855,496.216797
503.158569,163.710175,174.604355,490.040894
501.881042,159.729492,174.604355,490.040894
501.881042,159.729492,174.604355,490.040894
500.026733,158.461639,174.604355,490.040894
500.026733,158.461639,174.604355,490.040894
503.319763,162.226868,174.604355,490.040894
503.319763,162.226868,174.604355,490.040894
504.471924,165.634186,171.630585,481.694763
500.974304,163.994263,171.183731,480.440674
500.006775,166.021088,171.164215,480.385864
497.439087,170.250824,171.164215,480.385864
497.439087,170.250824,171.164215,480.385864
495.967896,164.553894,173.617065,487.270020
495.179443,167.475616,173.617065,487.270020
495.179443,167.475616,173.617065,487.270020
496.727417,164.878906,173.617065,487.270020
496.727417,164.878906,173.617065,487.270020
494.796875,164.246490,173.617065,487.270020
494.796875,164.246490,173.617065,487.270020
494.140869,165.328613,173.617065,487.270020
494.140869,165.328613,173.617065,487.270020
501.164185,164.189240,173.617065,487.270020
501.164185,164.189240,173.617065,487.270020
500.123352,167.310852,173.617065,487.270020
500.123352,167.310852,173.617065,487.270020
497.537842,164.614807,173.617065,487.270020
497.537842,164.614807,173.617065,487.270020
498.912109,165.319885,173.617065,487.270020
498.912109,165.319885,173.617065,487.270020
497.240967,164.253113,173.617065,487.270020
497.240967,164.253113,173.617065,487.270020
493.747864,163.567322,173.617065,487.270020
493.747864,163.567322,173.617065,487.270020
493.760559,164.458496,173.617065,487.270020
493.760559,164.458496,173.617065,487.270020
498.435974,166.538849,173.617065,487.270020
498.435974,166.538849,173.617065,487.270020
494.774963,165.683441,173.617065,487.270020
494.774963,165.683441,173.617065,487.270020
494.852722,163.681030,173.617065,487.270020
494.852722,163.681030,173.617065,487.270020
496.182495,168.890656,173.617065,487.270020
496.182495,168.890656,173.617065,487.270020
497.633545,169.153534,173.617065,487.270020
497.633545,169.153534,173.617065,487.270020
497.029907,164.879669,173.617065,487.270020
497.029907,164.879669,173.617065,487.270020
496.610840,161.219833,174.433990,489.562775
497.168762,161.070999,174.433990,489.562775
497.168762,161.070999,174.433990,489.562775
499.762024,164.512985,174.433990,489.562775
499.762024,164.512985,174.433990,489.562775
494.750061,158.492264,174.433990,489.562775
494.750061,158.492264,174.433990,489.562775
491.769775,160.818497,174.433990,489.562775
491.769775,160.818497,174.433990,489.562775
490.520569,164.713882,172.666031,484.600861
496.263306,168.122498,173.953964,488.215515
494.220154,168.570618,173.953964,488.215515
494.220154,168.570618,173.953964,488.215515
499.637329,162.825378,172.285065,483.531616
503.732361,169.300293,172.285065,483.531616
503.732361,169.300293,172.285065,483.531616
498.545258,166.205719,170.070755,477.317017
490.551514,168.429932,171.943848,482.573975
490.097717,168.002335,173.727203,487.579132
500.093262,172.316956,175.640991,492.950317
500.443878,170.268585,177.838943,499.119019
511.253601,170.214035,178.873199,502.021759
513.135193,165.701797,178.898361,502.092377
510.748566,166.246674,178.917908,502.147217
504.763977,165.086609,178.240372,500.245667
526.255737,163.939117,177.648727,498.585205
513.031555,165.018692,178.070404,499.768646
518.180176,172.237076,178.748962,501.673065
522.006653,167.370483,178.927383,502.173828
525.069641,165.887039,177.905228,499.305084
538.877380,178.375259,177.799301,499.007782
538.473022,175.302795,177.953339,499.440063
556.865540,175.999451,178.673782,501.462097
559.456055,186.074860,179.148514,502.794434
499.211975,158.015945,176.867401,496.392303
491.676270,165.291855,176.867401,496.392303
491.676270,165.291855,176.867401,496.392303
498.198364,163.759079,174.358383,489.350555
491.993469,165.454926,175.615753,492.879456
487.697998,166.776703,175.831039,493.483704
484.130310,170.874634,175.831039,493.483704
484.130310,170.874634,175.831039,493.483704
486.241760,173.496918,175.831039,493.483704
486.241760,173.496918,175.831039,493.483704
482.715027,169.506332,177.142822,497.165314
485.783447,167.935318,177.142822,497.165314
485.783447,167.935318,177.142822,497.165314
484.833252,168.111923,178.370514,500.610931
484.806335,165.134079,178.605362,501.270050
481.995789,166.760513,178.605362,501.270050
481.995789,166.760513,178.605362,501.270050
490.978638,162.557297,179.275162,503.149872
487.673523,163.156601,179.275162,503.149872
487.673523,163.156601,179.275162,503.149872
485.975525,155.384018,179.275162,503.149872
485.975525,155.384018,179.275162,503.149872
485.581970,159.931137,179.275162,503.149872
485.581970,159.931137,179.275162,503.149872
488.345154,169.730484,179.275162,503.149872
488.345154,169.730484,179.275162,503.149872
487.507263,158.376541,179.275162,503.149872
487.507263,158.376541,179.275162,503.149872
486.470581,153.341263,179.275162,503.149872
486.470581,153.341263,179.275162,503.149872
491.528137,157.269608,179.275162,503.149872
491.528137,157.269608,179.275162,503.149872
491.623596,152.995346,179.275162,503.149872
491.623596,152.995346,179.275162,503.149872
486.052002,155.921646,179.275162,503.149872
486.052002,155.921646,179.275162,503.149872
488.865417,153.897934,179.275162,503.149872
488.865417,153.897934,179.275162,503.149872
514.744812,160.669815,174.468781,489.660431
511.714722,159.492096,173.209854,486.127136
504.946655,161.887604,173.209854,486.127136
504.946655,161.887604,173.209854,486.127136
509.008301,166.595291,173.039673,485.649506
505.502533,166.126816,172.423904,483.921295
501.299042,166.278244,172.423904,483.921295
501.299042,166.278244,172.423904,483.921295
521.535461,177.530319,173.883774,488.018524
517.377075,174.136246,176.283798,494.754425
512.010193,170.638123,176.060211,494.126892
512.051636,168.971664,175.761093,493.287384
514.812073,170.369308,175.107193,491.452179
514.380310,168.448975,174.469406,489.662170
509.500458,167.282959,172.084045,482.967468
510.544006,167.490891,170.437042,478.345001
508.561005,168.940765,168.995056,474.297974
497.618103,172.983871,169.667007,476.183868
496.941956,168.767715,170.217056,477.727631
497.984436,163.668228,170.217056,477.727631
497.984436,163.668228,170.217056,477.727631
497.119141,167.161850,170.217056,477.727631
497.119141,167.161850,170.217056,477.727631
488.435272,166.642563,174.182419,488.856720
488.764008,167.624527,174.182419,488.856720
488.764008,167.624527,174.182419,488.856720
484.307831,164.450760,174.182419,488.856720
484.307831,164.450760,174.182419,488.856720
490.791412,162.733566,174.182419,488.856720
490.791412,162.733566,174.182419,488.856720
486.451080,163.143509,174.182419,488.856720
486.451080,163.143509,174.182419,488.856720
494.379120,164.238388,174.182419,488.856720
494.379120,164.238388,174.182419,488.856720
497.357208,162.356033,174.182419,488.856720
497.357208,162.356033,174.182419,488.856720
495.206207,164.813248,174.182419,488.856720
495.206207,164.813248,174.182419,488.856720
490.008667,163.100723,174.731171,490.396820
486.225281,163.065933,174.731171,490.396820
486.225281,163.065933,174.731171,490.396820
481.991638,159.608353,174.731171,490.396820
481.991638,159.608353,174.731171,490.396820
487.839172,166.212250,173.314606,486.421143
487.450562,171.937225,172.803467,484.986572
489.265778,168.306259,173.225525,486.171112
567.390015,173.390335,173.225525,486.171112
567.390015,173.390335,173.225525,486.171112
562.721313,170.019623,173.954590,488.217285
553.762268,173.118164,175.641479,492.951660
551.038025,167.232635,175.721222,493.175476
545.109619,171.057220,175.895401,493.664307
540.905640,170.534653,174.726166,490.382782
541.900269,170.920334,173.968109,488.255219
534.913208,173.837051,175.087296,491.396332
537.849121,174.368378,175.417145,492.322083
535.490784,171.783951,174.916519,490.917023
529.944214,171.492142,173.410767,486.691010
531.550476,172.973160,172.871857,485.178497
535.335083,169.490082,171.819565,482.225159
531.544617,170.563339,171.782059,482.119904
530.067505,167.567993,171.206970,480.505859
530.454285,171.650711,170.782730,479.315216
531.338379,173.525696,170.304749,477.973694
530.151550,173.882538,169.839005,476.666565
526.146606,175.928177,170.088486,477.366730
515.674316,174.453552,170.438217,478.348328
517.039307,172.451431,169.826492,476.631439
526.166260,176.238678,168.223923,472.133728
516.534058,173.731750,168.250870,472.209351
512.612671,173.990219,168.648285,473.324738
502.189880,174.818115,168.759125,473.635803
500.389954,174.797729,170.086334,477.360718
501.332214,171.192032,171.346085,480.896332
510.408264,168.330368,172.368301,483.765228
512.161926,169.821442,171.843353,482.291931
505.463562,169.489655,172.661118,484.587036
505.038147,169.126328,173.222260,486.161957
505.058105,164.685715,173.990967,488.319366
510.575226,167.034134,173.098190,485.813751
500.018921,165.923111,172.873795,485.183929
498.104858,165.531769,171.690903,481.864075
494.586945,165.040604,171.851868,482.315826
491.038208,168.935349,171.263824,480.665436
496.911926,170.106186,170.850983,479.506744
501.940186,170.041016,169.775620,476.488647
500.162537,171.616241,169.063126,474.489014
494.526123,169.644730,167.319687,469.595917
501.245239,168.540390,167.932632,471.316193
498.494568,168.475571,168.962387,474.206268
500.059723,169.071899,169.511292,475.746826
497.920868,169.710938,170.501511,478.525940
498.132172,163.568604,169.992233,477.096619
502.264740,165.813568,171.077957,480.143799
498.380402,165.814697,170.326736,478.035461
498.071320,163.652863,168.806229,473.768005
501.646301,163.666946,168.812149,473.784637
500.841522,162.732849,168.629578,473.272217
498.786865,162.064819,168.510773,472.938782
502.034241,161.989349,169.286484,475.115906
499.185089,162.584091,169.161194,474.764252
500.726532,164.558167,170.422684,478.304688
497.482605,162.419250,169.251801,475.018555
495.392883,163.443329,170.379608,478.183838
493.514282,163.561264,169.267471,475.062531
496.162659,163.648270,168.841705,473.867584
492.156311,162.294830,167.074738,468.908447
492.719421,169.446167,167.952606,471.372253
494.178986,171.654877,169.426941,475.510071
499.103577,170.970169,168.439713,472.739349
504.181976,169.894333,170.006180,477.135773
503.066010,168.698227,170.946960,479.776154
512.765381,170.288727,174.288757,489.155151
503.949463,168.390274,174.166718,488.812653
505.935638,170.212234,173.227356,486.176239
503.617859,170.920654,173.368912,486.573547
503.456055,170.211853,172.733551,484.790344
502.255829,173.336624,172.058762,482.896515
505.449158,172.595001,170.796402,479.353577
504.627869,171.642807,169.879913,476.781403
506.877716,171.736237,169.699402,476.274780
504.486145,174.822922,169.178329,474.812347
500.975891,175.816803,168.426392,472.701965
499.191864,176.818207,168.407288,472.648376
501.454437,175.269989,168.562576,473.084167
504.730103,174.946152,168.491852,472.885712
511.289337,169.515015,167.475052,470.031982
510.369537,165.913696,166.392746,466.994385
503.925629,166.063873,165.716263,465.095764
506.420532,170.545456,166.450562,467.156647
500.995789,165.535675,166.225098,466.523865
502.687073,163.788803,166.817627,468.186859
507.221008,167.606491,167.053223,468.848053
509.096191,166.057449,165.504883,464.502533
506.967285,169.093079,165.851288,465.474731
504.099030,165.916336,164.614334,462.003143
504.416901,167.033615,163.534378,458.972137
505.220093,165.729736,162.584579,456.306458
499.282898,167.942841,162.365845,455.692566
501.718353,169.701599,162.951828,457.337158
503.596008,165.548782,163.264862,458.215729
499.326019,163.857925,163.672043,459.358490
500.881409,164.171906,164.483414,461.635681
490.626953,162.366928,164.579849,461.906342
499.996643,163.487030,162.998810,457.469055
502.561340,161.955170,163.018082,457.523132
499.764587,163.413177,162.448730,455.925171
505.439911,165.541000,162.423416,455.854156
501.820801,167.139297,163.137558,457.858429
501.689545,165.585739,162.980667,457.418121
498.540771,165.408569,163.670181,459.353271
503.187622,166.574860,163.978271,460.217957
505.474579,165.225296,165.710617,465.079926
508.582428,163.700928,165.702209,465.056335
506.348999,163.746582,167.146515,469.109863
508.101624,162.226669,166.902222,468.424286
506.337524,164.611160,167.504150,470.113617
505.189270,163.289352,167.157242,469.139984
508.173462,163.578781,167.619370,470.436981
508.860779,162.194931,166.535385,467.394684
508.783752,166.368301,167.640366,470.495941
507.777252,162.424652,166.414734,467.056091
509.274658,164.170853,167.120483,469.036835
510.233826,166.302643,168.509125,472.934143
512.559204,163.922028,169.781540,476.505310
514.126221,164.447464,170.329025,478.041840
515.923950,162.808243,169.468689,475.627289
517.541992,163.168655,169.963913,477.017120
518.898987,165.509979,170.168442,477.591187
515.658325,161.532486,169.175064,474.803192
515.865662,162.948853,169.752884,476.424866
521.097839,165.620316,171.676773,481.824432
516.350037,164.933868,172.865250,485.159973
519.937561,163.056824,173.080536,485.764160
520.559021,166.603989,174.573959,489.955597
519.751160,165.398270,175.262558,491.888214
523.528503,164.807800,176.093857,494.221313
522.287476,161.778137,175.456253,492.431824
529.026428,164.480667,174.760590,490.479401
524.039062,164.436188,174.674744,490.238464
524.240845,161.290222,176.287109,494.763672
522.968689,164.540771,175.548004,492.689331
522.540466,167.817764,175.052414,491.298431
522.967468,166.765472,175.446579,492.404663
526.894836,167.868744,174.701172,490.312622
524.794128,165.450729,173.329956,486.464203
521.737671,168.374069,172.904190,485.269257
521.850464,166.043030,172.833450,485.070740
520.909485,164.029877,174.110123,488.653809
520.835571,164.029419,175.797195,493.388733
517.746155,160.465851,175.325073,492.063660
515.969666,164.167938,176.045517,494.085632
511.536163,163.134079,176.182938,494.471344
509.415588,166.972824,176.196625,494.509735
508.665558,168.199814,174.866867,490.777679
506.777313,164.768875,174.405319,489.482269
505.806030,167.086014,174.049332,488.483185
509.954254,171.042282,172.252884,483.441315
507.820648,176.308853,170.975266,479.855560
501.982117,175.216125,169.841522,476.673645
500.662415,180.514923,168.143524,471.908081
502.125366,183.020004,167.961685,471.397736
498.276520,186.871246,167.707840,470.685303
498.867615,188.594849,167.045914,468.827576
493.531738,193.526291,166.956573,468.576813
506.296906,186.375351,166.952942,468.566620
498.016174,179.510391,166.193512,466.435211
496.350586,174.283752,165.168106,463.557312
497.025848,178.576828,163.857101,459.877899
499.402039,180.126038,163.788223,459.684570
492.592590,177.731628,163.279327,458.256287
495.753845,170.175491,162.875992,457.124298
490.824707,184.973923,162.770645,456.828644
493.421539,183.212601,163.413879,458.633942
492.599518,173.086578,163.455383,458.750427
495.762360,176.108948,163.739441,459.547668
495.676453,174.743729,164.499969,461.682159
492.139191,173.860519,163.933167,460.091339
494.747650,177.456253,163.739700,459.548370
495.725952,176.556335,164.720230,462.300354
485.025757,181.792709,165.440948,464.323090
494.766937,172.700226,165.602097,464.775330
494.837280,173.255203,165.425781,464.280487
494.167114,173.867996,164.989395,463.055756
493.526581,173.412277,164.356369,461.279144
494.241608,176.146271,165.619675,464.824707
494.672119,175.618423,166.532120,467.385529
494.590881,177.116196,167.714615,470.704315
493.072968,178.041122,169.902893,476.845856
499.510071,175.775406,170.873505,479.569977
500.346283,179.767273,172.273239,483.498413
507.601593,176.043381,171.962097,482.625214
499.796936,170.824219,173.381104,486.607727
502.930847,172.915924,173.939545,488.175049
509.790192,173.408493,173.369797,486.576019
510.296875,176.952774,171.631104,481.696259
510.083557,177.547882,171.150375,480.347046
514.594177,167.280319,173.198944,486.096527
515.134888,173.903091,172.959991,485.425873
507.644165,175.472931,172.074127,482.939636
506.939697,169.797806,171.501434,481.332306
513.813171,173.025375,171.073349,480.130829
513.405762,176.585739,169.899628,476.836700
512.499756,181.832474,169.224106,474.940826
510.815094,174.751572,168.675598,473.401398
511.166168,175.518936,167.947083,471.356781
511.918793,181.947556,167.419724,469.876678
512.513062,179.451019,166.346848,466.865540
512.775513,182.972687,165.401062,464.211121
514.593506,185.863037,164.678299,462.182617
511.572021,187.408234,164.490570,461.655762
515.377075,186.928970,162.800995,456.913849
517.226624,189.509857,161.842651,454.224182
513.471497,189.092407,161.668900,453.736511
513.356262,188.510239,162.274551,455.436310
515.712036,188.994507,161.433868,453.076904
513.778625,192.594894,161.930832,454.471649
510.006775,191.710724,163.152084,457.899231
511.581879,189.058624,163.036453,457.574707
514.726074,186.256882,162.514236,456.109039
515.163086,192.764389,161.309708,452.728424
516.463013,195.988434,159.412994,447.405151
513.041870,197.312454,159.211411,446.839386
512.809998,194.206009,159.425919,447.441437
513.692566,193.237411,159.304688,447.101166
516.091431,195.884705,158.765335,445.587463
517.414673,193.456772,159.612259,447.964386
515.122314,198.561829,159.246628,446.938232
512.825439,198.716278,158.647720,445.257385
513.048279,202.136993,158.007980,443.461853
509.876526,201.341385,158.274185,444.209015
509.498810,206.355804,158.997757,446.239746
506.102661,202.180130,158.780167,445.629059
506.754028,203.968750,157.761475,442.770020
507.262238,200.649445,159.187805,446.773132
506.120270,200.069687,159.387405,447.333344
508.221588,203.292343,158.496521,444.832977
509.605164,197.766296,158.654922,445.277588
509.981995,194.546143,158.865814,445.869446
508.406036,193.114655,159.500809,447.651611
507.898956,193.186035,159.732742,448.302551
505.894348,195.960831,161.003281,451.868439
504.050110,193.180344,161.885117,454.343353
501.184998,190.051498,162.309097,455.533295
504.866547,192.796783,162.264847,455.409119
502.076172,193.949158,162.036133,454.767212
497.087311,187.756790,162.773132,456.835663
497.865234,188.904984,162.971527,457.392487
494.676453,188.755539,163.017563,457.521637
492.751160,188.194992,163.419403,458.649445
490.498016,190.006500,163.718323,459.488403
491.796295,192.538574,163.015564,457.516052
488.931915,188.589371,162.967239,457.380402
486.744293,188.082642,163.222702,458.097412
487.223907,186.492691,163.022385,457.535187
489.416626,188.896561,162.872940,457.115753
484.843994,194.529709,161.961212,454.556915
484.847382,193.814987,161.483337,453.215729
486.714783,192.886948,162.985245,457.430939
481.335205,187.804932,163.779678,459.660583
482.845825,182.496292,165.605209,464.784088
483.415771,187.224304,166.801666,468.142029
480.304810,186.028748,166.063477,466.070251
480.712219,183.384735,164.727158,462.319763
480.931274,186.591034,163.006348,457.490173
482.997864,187.624466,162.199692,455.226227
487.625427,190.234283,160.446548,450.305908
485.068451,190.020767,160.006882,449.071930
489.695740,192.312210,159.666534,448.116730
490.316833,191.781235,159.431549,447.457245
492.270996,188.654175,157.752914,442.746033
495.728943,189.222183,157.670654,442.515167
499.890900,191.488480,157.509689,442.063385
502.805725,188.788467,157.083511,440.867279
507.773712,186.924316,156.797775,440.065308
511.114349,187.609436,155.602600,436.710999
514.024475,189.123428,155.782959,437.217194
514.088501,188.535950,155.678909,436.925171
513.800659,188.989655,156.290161,438.640686
511.119171,189.313492,157.274216,441.402496
511.625244,193.935196,158.435532,444.661835
509.967072,192.217712,159.826004,448.564270
509.850189,192.836868,160.439148,450.285126
507.601349,191.559677,160.122726,449.397064
513.450012,195.030594,159.824661,448.560516
519.647583,199.520233,159.914291,448.812073
525.151245,200.604294,158.853226,445.834137
530.092896,199.880661,159.159607,446.694000
530.686951,200.365372,159.246490,446.937836
531.310120,203.852707,158.997437,446.238861
533.110474,198.201492,159.778671,448.431488
531.731812,195.660522,160.488831,450.424561
531.159363,197.921951,159.871780,448.692780
531.407471,198.111465,160.314545,449.935394
527.252014,198.715256,160.866730,451.485199
523.059753,192.586929,161.984970,454.623627
517.160645,192.294861,163.972549,460.201904
520.174866,192.043472,165.173874,463.573517
521.489929,199.469101,164.607010,461.982574
508.428589,194.797638,165.458755,464.373047
509.175385,192.958801,165.470169,464.405090
506.319550,200.558533,165.616013,464.814392
504.879181,198.723450,164.897873,462.798889
499.956940,197.672073,164.919479,462.859528
496.696106,193.000473,165.156464,463.524628
493.372131,198.911102,165.511963,464.522400
488.178894,197.344284,165.502716,464.496429
483.149658,199.626358,166.201080,466.456451
480.165771,194.510651,165.693115,465.030823
483.320923,198.359009,166.075668,466.104492
490.367676,189.088516,165.208969,463.672028
488.872253,191.962341,164.492783,461.661987
450.001526,195.566559,163.451508,458.739563
458.185394,201.363113,162.514954,456.111053
464.444824,206.858643,161.960541,454.555054
509.681580,184.675766,162.352783,455.655914
487.951172,187.128632,163.469513,458.790100
458.759308,185.325897,164.373611,461.327515
453.822479,190.546585,164.176208,460.773468
443.990540,197.695526,164.134674,460.656921
445.931732,196.012527,164.652298,462.109650
443.945526,195.910553,164.465408,461.585144
451.176819,199.184311,163.422485,458.658112
450.770538,200.152771,161.010193,451.887817
454.626587,206.913620,159.753799,448.361664
480.329803,190.294968,160.051804,449.198029
478.565765,199.451096,160.399002,450.172455
469.792969,200.091461,160.463348,450.353027
469.776886,203.372238,160.771805,451.218781
511.279083,181.025513,160.252380,449.760925
503.225342,189.180054,159.888885,448.740784
506.172699,190.223434,159.147385,446.659698
503.926788,187.001266,158.599686,445.122528
503.198792,190.182129,158.473480,444.768311
503.258057,192.295929,157.715469,442.640930
509.974060,187.712570,157.738647,442.705963
504.379517,190.581558,158.121964,443.781769
505.063263,196.025070,158.409378,444.588409
485.362305,195.304520,157.600693,442.318817
486.246124,198.275543,157.908035,443.181335
500.618591,196.564880,157.827408,442.955078
502.440887,194.891281,159.425247,447.439545
508.112762,185.730957,158.551804,444.988159
510.400391,186.094604,158.302460,444.288330
503.086304,205.245911,159.398178,447.363586
501.894440,211.377197,158.965256,446.148560
510.971954,209.295166,159.275330,447.018799
514.701111,201.158859,159.490814,447.623566
526.316528,207.110397,159.961685,448.945099
513.476990,181.254410,161.211533,452.452911
514.256531,191.027222,161.953537,454.535400
512.557251,182.287537,161.276947,452.636475
520.677429,188.392502,160.733307,451.110748
514.944580,181.005707,159.499329,447.647461
518.907532,184.589523,158.508804,444.867462
515.783997,180.729889,156.748749,439.927734
521.580872,181.923569,155.352371,436.008698
530.303467,175.693069,154.946243,434.868866
537.958435,177.192184,154.856644,434.617401
534.376953,175.739151,154.846771,434.589691
549.568176,182.617966,155.259506,435.748077
590.626099,211.102310,154.477264,433.552643
596.772949,208.612045,154.320862,433.113678
599.437622,208.093597,155.284943,435.819458
597.954407,204.138474,155.581375,436.651398
599.001099,199.022125,156.311691,438.701111
598.183655,197.213562,156.263504,438.565857
600.251953,200.556824,153.825485,431.723389
607.821899,200.692520,151.753815,425.909088
519.182373,201.210632,151.956848,426.478882
512.266357,200.914841,151.992859,426.579926
516.807556,200.047546,151.444366,425.040588
514.153076,202.423065,151.481293,425.144226
512.520630,203.693680,151.363876,424.814667
515.728333,202.682739,152.553467,428.153320
518.461121,199.587753,152.983444,429.360138
520.208191,198.998886,154.223907,432.841583
523.274170,200.542862,154.828354,434.537994
518.570190,193.285751,154.828354,434.537994
518.570190,193.285751,154.828354,434.537994
516.406372,194.978317,155.388535,436.110199
517.365051,191.188309,155.388535,436.110199
517.365051,191.188309,155.388535,436.110199
591.049683,154.635773,151.668350,425.669189
522.724487,194.199295,152.532562,428.094696
585.289246,199.114395,152.196869,427.152557
521.169983,208.255173,152.837311,428.949982
488.564270,206.105621,153.101532,429.691528
509.347992,204.622604,153.524979,430.879974
516.882446,206.964539,154.001846,432.218323
506.350922,200.095657,153.887527,431.897491
509.233337,198.157242,154.370117,433.251923
513.414490,194.833435,155.463013,436.319214
505.515106,197.020416,155.096756,435.291321
501.742126,195.419403,155.523590,436.489258
573.793884,219.713959,155.672485,436.907104
502.275604,202.327591,158.265915,444.185760
507.580322,191.448090,157.692123,442.575378
504.720886,197.080185,157.166901,441.101349
509.117798,197.885193,157.290375,441.447876
516.112122,197.618561,157.065323,440.816223
514.586304,193.292297,157.240051,441.306641
514.708130,200.597687,157.807053,442.897949
513.043579,190.136047,157.244888,441.320190
512.990112,194.549225,156.425339,439.020081
503.115448,198.199539,157.246994,441.326080
511.532806,202.179977,157.445847,441.884186
497.858643,195.081512,157.476685,441.970764
501.880493,191.711975,157.452057,441.901611
501.377594,196.592331,156.557449,439.390839
505.886139,197.378220,156.557449,439.390839
505.886139,197.378220,156.557449,439.390839
512.830627,199.539261,156.721039,439.849945
516.763916,199.104477,156.425659,439.020966
511.626740,198.180283,155.487854,436.388947
516.574707,201.794693,155.487854,436.388947
516.574707,201.794693,155.487854,436.388947
514.470764,198.229355,153.494858,430.795441
518.910400,204.934708,151.794571,426.023468
515.866150,208.016739,151.794571,426.023468
515.866150,208.016739,151.794571,426.023468
513.464417,204.061478,151.794571,426.023468
513.464417,204.061478,151.794571,426.023468
506.908813,198.534927,151.794571,426.023468
506.908813,198.534927,151.794571,426.023468
499.823792,201.984772,152.701752,428.569519
507.851929,202.289490,152.708008,428.587097
505.990479,202.134888,152.708008,428.587097
505.990479,202.134888,152.708008,428.587097
508.196899,200.070114,152.397079,427.714447
506.224976,198.708786,152.397079,427.714447
506.224976,198.708786,152.397079,427.714447
508.686584,201.391510,151.722168,425.820251
516.612122,199.490295,150.103485,421.277283
512.462219,206.177734,149.538818,419.692505
516.738403,199.950546,148.490295,416.749725
520.383911,202.868286,147.044373,412.691650
516.319458,207.174103,146.831146,412.093201
509.356903,208.052536,146.944763,412.412079
517.686035,209.439407,146.944763,412.412079
517.686035,209.439407,146.944763,412.412079
515.662109,211.564590,146.944763,412.412079
515.662109,211.564590,146.944763,412.412079
522.850342,214.160706,143.304153,402.194397
517.344910,217.722473,143.215424,401.945374
504.408203,218.565491,142.407623,399.678223
510.889526,217.511246,142.547577,400.071014
512.482544,217.611038,143.374893,402.392975
516.008789,216.983490,143.598969,403.021851
515.343384,214.262726,143.401428,402.467407
519.602783,211.844070,143.829483,403.668793
520.432190,212.144485,144.137543,404.533417
517.153809,212.620880,143.923553,403.932800
516.132812,212.545410,144.303406,404.998901
515.476807,211.527176,144.840271,406.505646
511.283386,209.554398,144.278580,404.929230
513.612366,214.490219,143.645889,403.153534
515.125000,212.492584,144.393051,405.250488
511.696136,210.648788,144.012772,404.183197
513.588745,211.803741,143.527008,402.819885
513.276672,212.209091,143.262299,402.076935
515.292297,210.938751,143.052719,401.488770
513.497437,211.270920,142.967682,401.250092
516.246643,211.374039,143.066040,401.526154
515.690430,212.178848,143.249405,402.040741
514.479431,211.420212,144.344604,405.114532
516.632996,210.388153,144.776016,406.325317
518.893433,211.590042,144.896088,406.662323
516.623596,210.921768,144.625534,405.902985
518.250732,212.151627,144.839050,406.502228
518.348877,211.596817,145.064041,407.133698
516.833374,207.762787,145.461624,408.249512
516.693604,207.492691,145.700256,408.919281
517.324707,209.885391,145.838608,409.307587
517.200012,210.006454,146.081161,409.988312
517.138123,209.324448,146.037094,409.864655
516.721191,209.919067,146.156311,410.199219
515.815125,207.732834,144.579803,405.774628
517.657532,211.676300,143.429596,402.546509
518.473816,210.361237,144.189117,404.678162
518.963684,209.558838,144.084366,404.384155
517.683838,209.044815,143.931320,403.954620
517.572144,210.516373,143.764236,403.485687
519.479370,211.226532,144.637787,405.937378
517.656616,210.682724,144.969299,406.867767
517.487610,209.323059,145.320221,407.852661
516.982971,207.647736,145.419144,408.130310
516.081543,210.784149,143.767181,403.493958
517.630432,210.927765,144.282059,404.938965
517.135071,210.734940,143.835007,403.684296
518.968262,211.256622,144.445328,405.397217
518.093445,210.450607,144.483490,405.504303
518.437988,210.663681,144.444839,405.395844
518.553650,211.746414,144.774139,406.320038
518.058594,209.873917,145.058167,407.117218
517.516968,211.365860,143.094116,401.604950
517.221313,210.747833,143.558517,402.908325
519.221069,210.903458,144.496918,405.542023
518.645264,210.472458,144.740051,406.224396
518.592468,210.608139,144.830307,406.477692
518.582581,209.872391,145.295410,407.783051
516.587769,211.507172,142.996841,401.331909
517.643127,210.532333,144.486008,405.511383
518.728088,211.844742,144.566055,405.736053
