94.800000,0.000000,121.600000,328.320000
100.350159,-2.691574,122.000000,328.000000
106.913788,-7.730272,124.440002,334.559998
114.292999,-8.322113,122.000000,328.000000
120.884293,-9.805722,119.607841,321.568634
125.253998,-13.539426,119.607841,321.568634
129.697662,-17.629787,119.607841,321.568634
136.241821,-20.984966,119.607841,321.568634
142.272476,-15.498580,112.709145,303.021301
144.890182,-18.415390,114.963326,309.081726
147.557632,-15.474517,112.709145,303.021301
151.213379,-12.370023,110.499161,297.079712
154.155655,-9.604434,108.332512,291.254608
157.733597,-9.429310,106.208344,285.543732
163.996185,-12.183984,104.125824,279.944855
166.878983,-11.974796,100.082489,269.074249
175.191513,-14.551856,96.196167,258.625763
180.576279,-13.266008,91.148323,245.054504
182.897003,-15.731958,91.148323,245.054504
185.899719,-17.119026,92.971291,249.955597
188.391006,-15.174524,91.148323,245.054504
190.214310,-15.037683,91.148323,245.054504
194.435837,-12.233287,89.361099,240.249512
195.344376,-12.397563,89.361099,240.249512
198.007416,-12.387172,89.361099,240.249512
200.251328,-16.018595,89.361099,240.249512
204.567642,-14.910920,85.891098,230.920334
208.138657,-13.843759,82.555847,221.953415
210.369736,-17.515348,80.937103,217.601395
216.650635,-15.527461,77.794212,209.151657
216.419037,-17.893925,79.350098,213.334702
218.022888,-18.124439,79.350098,213.334702
221.114182,-15.748996,76.268837,205.050644
222.391907,-13.061693,74.773369,201.030045
225.200638,-10.578410,71.869827,193.223801
225.764069,-11.869247,70.460617,189.435104
227.282532,-11.777069,70.460617,189.435104
226.355621,-12.085022,70.460617,189.435104
226.527374,-13.429071,69.079041,185.720688
227.228058,-16.241266,69.079041,185.720688
229.380402,-18.304689,69.079041,185.720688
230.869507,-19.289545,69.079041,185.720688
231.029907,-20.134811,70.460617,189.435104
232.571014,-18.632509,69.079041,185.720688
234.205170,-18.173952,69.079041,185.720688
235.690582,-17.905771,69.079041,185.720688
237.782684,-16.787083,67.724548,182.079102
239.620667,-18.927158,67.724548,182.079102
242.696655,-18.305696,66.396614,178.508926
244.245636,-16.768377,65.094719,175.008759
246.576630,-19.835205,63.818352,171.577209
247.471191,-21.341385,63.818352,171.577209
248.523376,-22.709694,63.818352,171.577209
251.090607,-23.468712,63.818352,171.577209
252.363190,-22.532104,63.818352,171.577209
253.038269,-19.725822,62.567013,168.212952
254.131500,-19.180344,62.567013,168.212952
256.536194,-17.441429,61.340210,164.914658
256.800446,-19.181423,61.340210,164.914658
257.474030,-19.642601,61.340210,164.914658
257.307709,-21.279888,61.340210,164.914658
259.607483,-22.852364,60.137459,161.681030
259.520935,-23.609127,60.137459,161.681030
259.936279,-25.715401,60.137459,161.681030
260.498535,-24.454542,58.958294,158.510818
261.166748,-23.090742,58.958294,158.510818
262.498474,-21.508932,57.802250,155.402771
263.786713,-20.150558,56.668869,152.355652
264.999786,-19.037991,55.557716,149.368286
268.411865,-18.871223,54.468349,146.439499
269.032074,-20.263008,54.468349,146.439499
269.841858,-21.672661,54.468349,146.439499
270.498260,-22.756670,53.400341,143.568130
272.769714,-24.439514,52.353275,140.753067
274.057129,-23.937950,52.353275,140.753067
273.621674,-24.616165,52.353275,140.753067
274.795868,-23.978420,51.326744,137.993210
274.641632,-24.309307,51.326744,137.993210
275.461151,-21.408417,51.326744,137.993210
276.173065,-20.809334,50.320335,135.287460
276.576813,-20.915569,50.320335,135.287460
277.739441,-21.094170,50.320335,135.287460
277.647888,-20.449123,49.333664,132.634766
277.544037,-22.097961,49.333664,132.634766
278.550140,-24.152378,49.333664,132.634766
279.632599,-27.227409,50.320335,135.287460
281.352875,-27.070702,50.320335,135.287460
281.988892,-26.087860,50.320335,135.287460
282.204865,-25.079037,50.320335,135.287460
283.952850,-23.801788,49.333664,132.634766
286.852325,-22.045744,48.366337,130.034088
288.307098,-21.636103,47.417976,127.484398
289.360687,-25.338091,47.417976,127.484398
291.394958,-23.210951,46.488213,124.984703
294.008179,-23.307671,45.576679,122.534019
295.630798,-23.426231,44.683018,120.131393
297.331482,-24.390011,44.683018,120.131393
298.486359,-25.662968,44.683018,120.131393
300.623810,-25.817318,44.683018,120.131393
301.555389,-24.781311,44.683018,120.131393
303.882385,-24.595728,43.806881,117.775879
304.473572,-24.706158,44.683018,120.131393
306.002533,-22.633776,43.806881,117.775879
307.354401,-21.147373,42.947922,115.466545
311.324036,-20.257656,42.947922,115.466545
312.594055,-23.090275,42.947922,115.466545
313.187836,-25.257908,42.947922,115.466545
315.395477,-24.508640,42.947922,115.466545
317.232758,-23.967527,42.105804,113.202492
318.208832,-24.549314,42.105804,113.202492
318.559357,-23.773554,42.105804,113.202492
319.824738,-22.438032,42.105804,113.202492
322.885681,-21.963758,42.105804,113.202492
325.752808,-20.686705,42.105804,113.202492
327.016510,-17.931429,42.105804,113.202492
328.933563,-19.321012,42.105804,113.202492
332.762939,-20.535295,42.105804,113.202492
338.920380,-23.428625,42.105804,113.202492
342.646545,-24.449589,41.280201,110.982834
347.077423,-28.664042,41.280201,110.982834
347.247345,-21.105631,41.280201,110.982834
346.886017,-15.967459,41.280201,110.982834
348.989136,-15.226286,41.280201,110.982834
350.256317,-15.532301,41.280201,110.982834
349.114594,-13.578618,42.105804,113.202492
348.775543,-10.295461,42.105804,113.202492
355.335358,3.242466,42.947922,115.466545
355.696350,25.337025,42.947922,115.466545
354.746277,67.037567,44.683018,120.131393
360.062134,97.554207,44.683018,120.131393
349.094910,72.754791,45.576679,122.534019
349.814209,68.943878,45.576679,122.534019
348.837341,67.745796,46.488213,124.984703
348.664703,66.468422,47.417976,127.484398
348.858307,63.965015,48.366337,130.034088
347.334869,63.027679,49.333664,132.634766
347.857880,62.054947,49.333664,132.634766
348.759155,61.464722,49.333664,132.634766
348.476166,61.211655,49.333664,132.634766
348.362518,61.018463,49.333664,132.634766
348.066681,61.056572,49.333664,132.634766
348.746246,61.286598,49.333664,132.634766
348.697998,60.935287,49.333664,132.634766
348.530853,61.108612,49.333664,132.634766
348.283539,61.471176,49.333664,132.634766
348.994202,61.733490,49.333664,132.634766
349.009277,60.814049,50.320335,135.287460
348.469177,61.360786,50.320335,135.287460
347.874420,60.027534,51.326744,137.993210
347.999054,60.079704,51.326744,137.993210
348.041168,60.561852,51.326744,137.993210
348.123871,61.265694,51.326744,137.993210
347.993805,60.639378,52.353275,140.753067
346.727173,59.128590,53.400341,143.568130
347.654785,62.000599,52.353275,140.753067
346.849915,60.152454,53.400341,143.568130
346.480988,60.625355,53.400341,143.568130
345.812134,59.786003,54.468349,146.439499
345.460541,59.204659,54.468349,146.439499
345.741272,59.643379,54.468349,146.439499
345.503784,59.672752,54.468349,146.439499
345.079773,59.430397,54.468349,146.439499
344.864990,58.748161,54.468349,146.439499
345.225494,60.194324,53.400341,143.568130
345.833618,60.701420,53.400341,143.568130
345.583710,59.259697,54.468349,146.439499
346.085968,59.268547,54.468349,146.439499
346.035065,59.314110,54.468349,146.439499
346.386505,59.331505,54.468349,146.439499
346.981598,59.286476,54.468349,146.439499
346.708618,59.474434,54.468349,146.439499
347.488129,59.825325,54.468349,146.439499
346.300476,57.393570,55.557716,149.368286
346.933777,59.319115,54.468349,146.439499
346.591522,59.642479,54.468349,146.439499
347.325867,59.894264,54.468349,146.439499
346.224670,57.696045,55.557716,149.368286
346.448822,59.586632,54.468349,146.439499
347.307617,60.123390,54.468349,146.439499
346.699768,58.268768,55.557716,149.368286
347.640625,60.203651,54.468349,146.439499
348.147369,59.906105,54.468349,146.439499
348.298187,59.704201,54.468349,146.439499
348.393677,60.429955,54.468349,146.439499
348.408051,59.842018,54.468349,146.439499
347.800690,59.590111,54.468349,146.439499
347.068359,59.972221,54.468349,146.439499
346.990448,59.590569,54.468349,146.439499
346.956329,59.988106,54.468349,146.439499
346.682617,59.656609,54.468349,146.439499
347.282959,60.097862,54.468349,146.439499
347.088959,60.008049,54.468349,146.439499
347.212402,59.916924,54.468349,146.439499
347.385101,59.865181,54.468349,146.439499
347.398804,59.931190,54.468349,146.439499
347.739105,59.949959,54.468349,146.439499
348.174652,59.718300,54.468349,146.439499
348.018524,60.619331,54.468349,146.439499
347.962128,60.640678,54.468349,146.439499
347.743256,60.737572,54.468349,146.439499
348.498474,60.747688,54.468349,146.439499
348.362183,60.564903,54.468349,146.439499
348.512329,60.521904,54.468349,146.439499
348.324371,60.461662,54.468349,146.439499
348.358917,60.370461,54.468349,146.439499
348.325104,60.331764,54.468349,146.439499
348.176117,60.015312,54.468349,146.439499
348.003937,59.503105,54.468349,146.439499
348.098633,59.947807,54.468349,146.439499
348.138885,59.403404,54.468349,146.439499
348.023315,59.403511,54.468349,146.439499
348.104828,59.508904,54.468349,146.439499
348.164429,59.501122,54.468349,146.439499
348.238007,59.395058,54.468349,146.439499
348.369537,59.391029,54.468349,146.439499
348.523865,59.427193,54.468349,146.439499
348.768707,59.283119,54.468349,146.439499
348.212799,60.172749,53.400341,143.568130
348.515594,60.200703,53.400341,143.568130
348.081543,60.347919,53.400341,143.568130
348.663971,59.768299,53.400341,143.568130
348.255493,59.927265,53.400341,143.568130
348.465088,60.170292,53.400341,143.568130
347.939240,60.443714,53.400341,143.568130
348.204407,59.888920,53.400341,143.568130
348.309753,60.141666,53.400341,143.568130
347.802338,60.353565,53.400341,143.568130
347.858948,59.679615,53.400341,143.568130
347.632782,60.023060,53.400341,143.568130
347.387665,60.477009,53.400341,143.568130
346.984985,60.334217,53.400341,143.568130
347.312500,59.898884,53.400341,143.568130
346.872498,60.390202,53.400341,143.568130
347.195709,60.253071,53.400341,143.568130
347.705444,60.036945,53.400341,143.568130
347.638702,60.957737,53.400341,143.568130
347.037018,60.032280,54.468349,146.439499
346.728149,59.599373,54.468349,146.439499
347.022705,60.865726,53.400341,143.568130
346.815063,60.565266,53.400341,143.568130
346.614227,60.383732,53.400341,143.568130
346.233002,60.010166,53.400341,143.568130
346.718506,60.587482,53.400341,143.568130
346.503815,60.324619,53.400341,143.568130
346.183289,60.187489,53.400341,143.568130
346.700775,60.856434,53.400341,143.568130
346.598328,60.822041,53.400341,143.568130
346.460236,60.621967,53.400341,143.568130
346.418091,60.263462,53.400341,143.568130
346.141510,59.946934,53.400341,143.568130
346.728485,60.487827,53.400341,143.568130
346.773407,60.028660,53.400341,143.568130
346.794403,60.709690,53.400341,143.568130
346.764008,60.790699,53.400341,143.568130
346.884155,60.778400,53.400341,143.568130
346.708221,60.597446,53.400341,143.568130
346.626678,60.351749,53.400341,143.568130
346.520813,60.105259,53.400341,143.568130
346.564636,60.516270,53.400341,143.568130
346.675903,60.188023,53.400341,143.568130
346.726929,60.566380,53.400341,143.568130
346.935852,60.289097,53.400341,143.568130
347.163940,60.101658,53.400341,143.568130
347.379822,60.533024,53.400341,143.568130
346.996124,60.207081,53.400341,143.568130
347.506836,60.749165,53.400341,143.568130
347.188660,60.332615,53.400341,143.568130
348.088226,59.994953,53.400341,143.568130
348.232239,60.422031,53.400341,143.568130
348.408844,60.058857,53.400341,143.568130
347.884399,60.495243,53.400341,143.568130
348.325165,60.056065,53.400341,143.568130
347.967865,60.313358,53.400341,143.568130
348.853607,59.754429,53.400341,143.568130
348.994690,60.249073,53.400341,143.568130
349.312469,59.569859,53.400341,143.568130
349.199097,59.677219,53.400341,143.568130
350.114563,59.706486,53.400341,143.568130
350.699249,59.973896,53.400341,143.568130
350.272644,59.943363,53.400341,143.568130
351.142365,60.047199,53.400341,143.568130
351.409698,60.163944,53.400341,143.568130
351.010406,60.081928,53.400341,143.568130
351.675446,60.053288,53.400341,143.568130
351.634491,59.979603,53.400341,143.568130
351.971313,59.791889,53.400341,143.568130
352.326477,59.442616,53.400341,143.568130
352.179962,58.938404,53.400341,143.568130
353.148712,59.200489,53.400341,143.568130
353.881287,59.649479,53.400341,143.568130
354.038635,59.116566,53.400341,143.568130
354.492126,59.511402,53.400341,143.568130
354.494904,58.734150,53.400341,143.568130
354.992920,58.771229,53.400341,143.568130
355.653290,58.818607,53.400341,143.568130
355.730103,58.840122,53.400341,143.568130
355.937744,58.664982,53.400341,143.568130
356.638519,58.391987,53.400341,143.568130
356.852112,57.984165,53.400341,143.568130
358.384125,59.571308,52.353275,140.753067
358.993469,59.677601,52.353275,140.753067
357.658783,57.447605,53.400341,143.568130
358.096680,57.524754,53.400341,143.568130
358.680634,57.173115,53.400341,143.568130
359.984131,59.400135,52.353275,140.753067
359.235565,57.777103,53.400341,143.568130
360.013641,57.472233,53.400341,143.568130
360.452240,57.071384,53.400341,143.568130
359.837036,57.328754,53.400341,143.568130
360.373566,56.528934,53.400341,143.568130
359.806793,56.855091,53.400341,143.568130
359.517548,55.810555,54.468349,146.439499
360.467377,55.513390,54.468349,146.439499
360.328644,55.604698,54.468349,146.439499
360.560791,55.369804,54.468349,146.439499
360.996735,55.156425,54.468349,146.439499
360.154388,54.887169,54.468349,146.439499
360.450104,54.565254,54.468349,146.439499
360.283081,55.085487,54.468349,146.439499
360.624359,54.835701,54.468349,146.439499
361.028961,54.651009,54.468349,146.439499
360.411682,54.969688,54.468349,146.439499
360.822540,54.593735,54.468349,146.439499
360.437286,55.257942,54.468349,146.439499
360.974274,55.072868,54.468349,146.439499
360.479279,54.866844,54.468349,146.439499
361.029846,54.565948,54.468349,146.439499
360.560120,55.174858,54.468349,146.439499
360.997833,55.054039,54.468349,146.439499
360.704285,54.657433,54.468349,146.439499
361.260895,55.222954,54.468349,146.439499
361.052643,54.777946,54.468349,146.439499
360.717529,55.083199,54.468349,146.439499
361.458588,54.457588,54.468349,146.439499
360.952667,54.825844,54.468349,146.439499
360.655792,54.075562,54.468349,146.439499
360.991302,54.319450,54.468349,146.439499
360.570465,54.301979,54.468349,146.439499
360.913971,54.408417,54.468349,146.439499
360.212555,54.549759,54.468349,146.439499
360.216003,54.749557,54.468349,146.439499
360.409943,54.835991,54.468349,146.439499
360.329620,54.019600,54.468349,146.439499
359.960358,53.907730,54.468349,146.439499
359.532043,54.136948,54.468349,146.439499
359.655640,54.144852,54.468349,146.439499
359.598511,54.272263,54.468349,146.439499
359.443146,54.479774,54.468349,146.439499
358.993622,54.687111,54.468349,146.439499
358.223816,54.849586,54.468349,146.439499
358.092224,54.112503,54.468349,146.439499
357.699188,54.649506,54.468349,146.439499
357.326263,55.183327,54.468349,146.439499
357.371552,54.731125,54.468349,146.439499
356.889465,55.577003,54.468349,146.439499
356.409119,55.280083,54.468349,146.439499
356.592529,55.405098,54.468349,146.439499
356.374573,55.656212,54.468349,146.439499
355.979797,55.714668,54.468349,146.439499
355.142181,56.135139,54.468349,146.439499
355.155090,55.987801,54.468349,146.439499
355.042694,55.816185,54.468349,146.439499
354.516449,55.721413,54.468349,146.439499
354.767700,56.545952,54.468349,146.439499
353.915009,56.646095,54.468349,146.439499
353.679657,56.889000,54.468349,146.439499
355.142151,59.476246,52.353275,140.753067
354.485321,60.158649,52.353275,140.753067
355.630615,59.974216,52.353275,140.753067
354.904877,60.283314,52.353275,140.753067
354.208252,60.737705,52.353275,140.753067
354.375793,60.309818,52.353275,140.753067
354.514465,60.297733,52.353275,140.753067
354.709808,60.291508,52.353275,140.753067
354.940704,60.184742,52.353275,140.753067
354.221802,60.627354,52.353275,140.753067
354.507660,60.045170,52.353275,140.753067
354.743134,60.141071,52.353275,140.753067
355.029205,60.167194,52.353275,140.753067
354.174377,60.192036,52.353275,140.753067
354.408752,60.227100,52.353275,140.753067
354.591614,60.388676,52.353275,140.753067
354.695526,60.495121,52.353275,140.753067
354.390503,61.792854,51.326744,137.993210
353.498199,61.960350,51.326744,137.993210
353.684601,61.978859,51.326744,137.993210
353.783966,62.180946,51.326744,137.993210
354.225159,62.083321,51.326744,137.993210
354.568207,62.076897,51.326744,137.993210
353.541351,62.463066,51.326744,137.993210
354.123444,62.877892,51.326744,137.993210
354.990540,63.837318,51.326744,137.993210
354.661469,63.764656,51.326744,137.993210
354.642029,63.955681,51.326744,137.993210
354.586945,64.559669,51.326744,137.993210
354.676392,64.103325,51.326744,137.993210
354.530334,63.769279,51.326744,137.993210
355.102203,64.895134,51.326744,137.993210
355.447815,65.216591,51.326744,137.993210
354.646606,63.652332,52.353275,140.753067
355.303497,63.588047,52.353275,140.753067
355.747742,65.079765,51.326744,137.993210
355.681061,64.799538,51.326744,137.993210
356.927643,67.957634,50.320335,135.287460
355.921722,66.317162,51.326744,137.993210
356.455383,66.401558,51.326744,137.993210
356.105774,66.882133,51.326744,137.993210
357.194275,67.511299,51.326744,137.993210
357.922058,67.461143,51.326744,137.993210
358.370758,67.629845,51.326744,137.993210
358.319000,67.833809,51.326744,137.993210
359.673431,68.910759,51.326744,137.993210
359.959564,69.184303,51.326744,137.993210
360.225128,67.919060,52.353275,140.753067
360.914642,68.516411,52.353275,140.753067
360.706268,69.064232,52.353275,140.753067
361.706726,68.635811,52.353275,140.753067
362.285339,68.807121,52.353275,140.753067
363.031219,68.733940,52.353275,140.753067
363.124847,69.149574,52.353275,140.753067
363.210297,69.589775,52.353275,140.753067
363.766357,69.911278,52.353275,140.753067
365.224121,69.423424,52.353275,140.753067
364.920929,70.453773,51.326744,137.993210
364.527649,69.925133,51.326744,137.993210
364.458740,71.679512,50.320335,135.287460
365.942871,70.651726,50.320335,135.287460
364.626221,71.194374,50.320335,135.287460
365.014832,71.709610,49.333664,132.634766
364.918427,71.444443,49.333664,132.634766
365.547668,72.580811,48.366337,130.034088
364.458221,72.499634,48.366337,130.034088
362.269440,72.065323,48.366337,130.034088
363.592743,71.382294,48.366337,130.034088
363.220856,73.408730,47.417976,127.484398
364.804718,73.555244,47.417976,127.484398
363.524536,73.685753,47.417976,127.484398
364.865631,74.163597,47.417976,127.484398
364.488251,74.865303,47.417976,127.484398
365.345001,74.922676,47.417976,127.484398
365.638977,75.120140,47.417976,127.484398
366.551636,75.779243,47.417976,127.484398
366.881042,75.621803,47.417976,127.484398
367.304443,74.932358,48.366337,130.034088
366.420471,75.914429,48.366337,130.034088
367.195435,75.887650,48.366337,130.034088
366.866150,76.105270,48.366337,130.034088
367.401733,75.906891,48.366337,130.034088
369.355377,77.438072,47.417976,127.484398
368.088959,76.835999,48.366337,130.034088
367.801758,77.277618,48.366337,130.034088
368.045746,76.655960,48.366337,130.034088
367.810669,77.916809,48.366337,130.034088
367.266815,78.334412,48.366337,130.034088
367.849518,77.919357,48.366337,130.034088
366.926117,79.045822,48.366337,130.034088
366.596558,77.687988,49.333664,132.634766
366.678619,78.039291,49.333664,132.634766
364.601807,78.366119,49.333664,132.634766
364.731903,79.219009,49.333664,132.634766
365.201935,79.399307,49.333664,132.634766
364.528442,79.585266,49.333664,132.634766
363.664246,80.638016,48.366337,130.034088
363.081604,80.823822,48.366337,130.034088
361.233765,81.377457,48.366337,130.034088
360.985596,81.049988,48.366337,130.034088
360.073822,80.845551,48.366337,130.034088
359.415131,82.836021,47.417976,127.484398
358.145508,83.047981,47.417976,127.484398
358.433502,83.340614,47.417976,127.484398
356.962860,82.798973,47.417976,127.484398
356.675049,83.588264,47.417976,127.484398
355.722412,83.726509,47.417976,127.484398
355.082703,84.216148,47.417976,127.484398
354.185028,85.120750,47.417976,127.484398
353.182068,85.653191,47.417976,127.484398
352.237396,84.628815,48.366337,130.034088
350.597656,85.430801,48.366337,130.034088
349.640045,85.693268,48.366337,130.034088
348.783966,86.380234,48.366337,130.034088
348.194641,85.797607,49.333664,132.634766
347.755676,85.796509,49.333664,132.634766
346.611206,86.210358,49.333664,132.634766
345.454376,86.559830,49.333664,132.634766
345.536346,87.171692,49.333664,132.634766
345.725952,86.996681,50.320335,135.287460
345.211029,86.497887,51.326744,137.993210
344.883789,86.419762,52.353275,140.753067
344.648621,86.797401,52.353275,140.753067
343.411896,85.720421,53.400341,143.568130
342.311584,86.153786,53.400341,143.568130
341.748169,86.557396,53.400341,143.568130
341.632690,86.560585,53.400341,143.568130
340.834900,86.801369,53.400341,143.568130
340.223633,87.023552,53.400341,143.568130
340.787872,87.327629,53.400341,143.568130
339.686310,87.106590,53.400341,143.568130
340.011688,89.057274,52.353275,140.753067
338.672699,87.888695,53.400341,143.568130
338.535797,88.294853,53.400341,143.568130
338.148438,88.082024,53.400341,143.568130
339.034363,90.242043,52.353275,140.753067
337.573090,89.530617,53.400341,143.568130
337.095795,89.462334,53.400341,143.568130
337.159637,89.682808,53.400341,143.568130
336.790161,90.218849,53.400341,143.568130
336.494934,90.435799,53.400341,143.568130
335.849304,90.810646,53.400341,143.568130
335.888550,91.486794,53.400341,143.568130
335.453552,91.816597,53.400341,143.568130
335.004181,92.575127,53.400341,143.568130
335.044098,92.467979,53.400341,143.568130
334.536316,92.977959,53.400341,143.568130
334.611908,93.611717,53.400341,143.568130
334.206421,93.874092,53.400341,143.568130
334.848907,94.562752,53.400341,143.568130
334.346741,94.737099,53.400341,143.568130
334.105530,95.281898,53.400341,143.568130
334.172516,94.950890,54.468349,146.439499
334.450195,95.522026,54.468349,146.439499
334.449646,96.281700,54.468349,146.439499
335.075134,96.725349,54.468349,146.439499
335.295837,97.349724,54.468349,146.439499
335.219543,97.552620,54.468349,146.439499
335.432465,98.142723,54.468349,146.439499
336.392944,97.902901,54.468349,146.439499
336.432800,97.991798,54.468349,146.439499
336.905396,98.560539,54.468349,146.439499
336.850006,99.410988,54.468349,146.439499
337.267761,99.840172,54.468349,146.439499
336.468933,98.561035,55.557716,149.368286
337.123901,99.216080,55.557716,149.368286
338.829987,101.173119,54.468349,146.439499
337.664154,100.056030,55.557716,149.368286
337.752167,100.631912,55.557716,149.368286
338.273712,100.588394,55.557716,149.368286
338.231140,101.057892,55.557716,149.368286
338.275055,101.675018,55.557716,149.368286
338.404724,101.808777,55.557716,149.368286
339.083221,102.314194,55.557716,149.368286
339.599976,103.076965,55.557716,149.368286
339.611542,103.301590,55.557716,149.368286
340.348907,103.969406,55.557716,149.368286
340.371216,104.125198,55.557716,149.368286
340.245453,104.418121,55.557716,149.368286
340.173828,104.493317,55.557716,149.368286
341.034424,104.832321,55.557716,149.368286
341.329193,105.382050,55.557716,149.368286
341.313385,105.309158,55.557716,149.368286
342.232666,107.442039,54.468349,146.439499
341.685883,106.854996,55.557716,149.368286
342.177155,106.966629,55.557716,149.368286
342.554413,107.415009,55.557716,149.368286
342.259277,107.267288,55.557716,149.368286
342.819122,109.570061,54.468349,146.439499
342.246704,108.597076,55.557716,149.368286
342.356506,108.746231,55.557716,149.368286
342.568695,109.302673,55.557716,149.368286
342.669891,110.040314,55.557716,149.368286
342.665863,110.441071,55.557716,149.368286
343.041931,110.242081,55.557716,149.368286
344.046417,112.412468,54.468349,146.439499
343.515869,112.633522,54.468349,146.439499
343.884155,113.329048,54.468349,146.439499
342.507477,112.579666,55.557716,149.368286
342.371002,112.719086,55.557716,149.368286
342.082184,113.371414,55.557716,149.368286
342.486908,113.458755,55.557716,149.368286
342.084015,114.066498,55.557716,149.368286
342.165955,114.977646,55.557716,149.368286
342.222443,115.563354,55.557716,149.368286
341.316376,115.633118,55.557716,149.368286
341.174133,116.425293,55.557716,149.368286
341.571442,116.807434,55.557716,149.368286
340.979553,117.169708,55.557716,149.368286
341.132111,118.115860,55.557716,149.368286
341.269135,118.652969,55.557716,149.368286
340.189789,118.889221,55.557716,149.368286
340.982635,119.446823,55.557716,149.368286
341.114594,119.940811,55.557716,149.368286
341.095184,120.760025,55.557716,149.368286
341.147583,121.260025,55.557716,149.368286
341.309448,122.364014,55.557716,149.368286
340.165405,121.738068,56.668869,152.355652
340.228607,123.000076,56.668869,152.355652
340.333374,122.984894,57.802250,155.402771
340.419586,124.081894,57.802250,155.402771
340.320160,124.824860,57.802250,155.402771
339.781799,124.551506,58.958294,158.510818
340.035095,125.402992,58.958294,158.510818
340.589966,125.979164,58.958294,158.510818
339.672577,125.651855,60.137459,161.681030
340.135010,126.490112,60.137459,161.681030
340.093323,127.046829,60.137459,161.681030
340.266724,127.896439,60.137459,161.681030
340.941589,128.374405,60.137459,161.681030
340.244019,128.001404,61.340210,164.914658
341.082062,128.925522,61.340210,164.914658
341.266846,129.569229,61.340210,164.914658
341.705750,129.748962,61.340210,164.914658
341.771912,130.487228,61.340210,164.914658
342.093964,131.776596,61.340210,164.914658
341.475067,130.923843,62.567013,168.212952
341.676636,131.350357,62.567013,168.212952
341.917297,132.494873,62.567013,168.212952
341.615326,133.040176,62.567013,168.212952
342.532379,133.438293,62.567013,168.212952
342.800049,134.318100,62.567013,168.212952
342.200409,134.875946,62.567013,168.212952
342.365326,136.034164,62.567013,168.212952
341.994995,135.192490,63.818352,171.577209
342.910400,137.533127,62.567013,168.212952
342.820587,137.945984,62.567013,168.212952
341.770233,137.081909,63.818352,171.577209
342.934082,139.297150,62.567013,168.212952
343.023529,139.488892,62.567013,168.212952
343.124664,140.117462,62.567013,168.212952
342.881836,140.444916,62.567013,168.212952
342.576477,141.347260,62.567013,168.212952
343.111786,141.803894,62.567013,168.212952
342.973480,142.844345,62.567013,168.212952
342.703827,143.639145,62.567013,168.212952
343.117065,144.191574,62.567013,168.212952
342.647552,144.231033,62.567013,168.212952
342.761566,144.878006,62.567013,168.212952
342.704254,145.880203,62.567013,168.212952
343.081146,146.643539,62.567013,168.212952
342.868958,147.274460,62.567013,168.212952
342.743835,147.690155,62.567013,168.212952
342.374268,148.617401,62.567013,168.212952
342.825531,149.189331,62.567013,168.212952
342.469727,149.833664,62.567013,168.212952
342.652252,150.818329,62.567013,168.212952
342.646179,151.633698,62.567013,168.212952
342.551636,152.388306,62.567013,168.212952
342.220093,153.009903,62.567013,168.212952
341.933502,153.466492,62.567013,168.212952
341.350189,154.800018,62.567013,168.212952
341.320068,155.704926,62.567013,168.212952
340.799591,156.318893,62.567013,168.212952
339.785858,156.983475,62.567013,168.212952
338.966095,156.582718,63.818352,171.577209
339.327148,157.481049,63.818352,171.577209
338.121460,158.330460,63.818352,171.577209
337.691162,158.971542,63.818352,171.577209
337.344971,160.207123,63.818352,171.577209
336.690125,161.215393,63.818352,171.577209
336.096588,160.819901,65.094719,175.008759
336.041626,161.931564,65.094719,175.008759
335.578552,162.931702,65.094719,175.008759
334.458435,163.851151,65.094719,175.008759
333.629364,164.691467,65.094719,175.008759
333.246979,165.483383,65.094719,175.008759
332.977875,166.902039,65.094719,175.008759
332.040558,166.177338,66.396614,178.508926
331.135315,167.346695,66.396614,178.508926
330.917816,168.477097,66.396614,178.508926
330.186371,169.473160,66.396614,178.508926
329.960663,170.402359,66.396614,178.508926
329.209534,171.333420,66.396614,178.508926
328.970825,171.964462,66.396614,178.508926
328.412476,172.561783,66.396614,178.508926
328.145447,173.952499,66.396614,178.508926
327.527344,174.561142,66.396614,178.508926
327.593811,176.057510,66.396614,178.508926
326.338013,175.510315,67.724548,182.079102
325.481110,176.661438,67.724548,182.079102
325.044769,177.790558,67.724548,182.079102
324.925262,178.877197,67.724548,182.079102
324.920929,179.980011,67.724548,182.079102
323.955872,179.656281,69.079041,185.720688
323.177643,181.062805,69.079041,185.720688
323.432953,182.449158,69.079041,185.720688
323.805237,183.187256,69.079041,185.720688
323.285919,183.872223,69.079041,185.720688
323.465759,185.447510,69.079041,185.720688
322.954437,186.196838,69.079041,185.720688
323.412445,187.138184,69.079041,185.720688
323.805725,188.632629,69.079041,185.720688
323.402374,189.516785,69.079041,185.720688
323.703979,190.632202,69.079041,185.720688
323.274872,191.923218,69.079041,185.720688
323.601288,193.115173,69.079041,185.720688
323.459076,194.486450,69.079041,185.720688
323.566833,194.591705,70.460617,189.435104
323.885132,195.826691,70.460617,189.435104
323.588745,197.514984,70.460617,189.435104
323.013489,197.551270,71.869827,193.223801
323.626434,198.783905,71.869827,193.223801
323.017670,200.232422,71.869827,193.223801
323.250488,201.683105,71.869827,193.223801
321.987183,201.326340,73.307228,197.088287
322.325165,202.867203,73.307228,197.088287
322.434387,203.875290,73.307228,197.088287
322.081543,204.936996,73.307228,197.088287
321.832886,206.288864,73.307228,197.088287
321.763489,207.854324,73.307228,197.088287
321.741730,208.797012,73.307228,197.088287
321.825592,210.090073,73.307228,197.088287
321.612091,211.493607,73.307228,197.088287
321.413269,212.176071,73.307228,197.088287
322.386810,215.276337,71.869827,193.223801
322.173370,216.945587,71.869827,193.223801
320.826874,216.766129,73.307228,197.088287
321.179596,217.835983,73.307228,197.088287
320.934174,219.491013,73.307228,197.088287
320.679260,220.638016,73.307228,197.088287
319.980621,222.221603,73.307228,197.088287
319.719269,223.897263,73.307228,197.088287
319.758331,225.353928,73.307228,197.088287
318.959991,227.221146,73.307228,197.088287
318.652679,228.586136,73.307228,197.088287
318.048859,229.628983,73.307228,197.088287
317.539337,231.129623,73.307228,197.088287
316.823517,232.910538,73.307228,197.088287
316.310822,234.273422,73.307228,197.088287
316.293396,235.964340,73.307228,197.088287
315.263428,237.340775,73.307228,197.088287
314.784943,239.283524,73.307228,197.088287
313.470673,240.778244,73.307228,197.088287
311.846771,241.835739,73.307228,197.088287
310.701691,243.489395,73.307228,197.088287
309.503357,244.777206,73.307228,197.088287
308.546204,246.436966,73.307228,197.088287
307.132141,248.715408,73.307228,197.088287
306.562866,249.644455,73.307228,197.088287
305.179291,251.289536,73.307228,197.088287
303.934296,253.357162,73.307228,197.088287
303.110321,255.439743,73.307228,197.088287
301.817322,257.192902,73.307228,197.088287
299.774994,258.596222,73.307228,197.088287
298.733002,259.746490,73.307228,197.088287
297.057617,261.619232,73.307228,197.088287
296.075470,263.316925,73.307228,197.088287
294.289185,265.710938,73.307228,197.088287
293.204956,267.008118,73.307228,197.088287
291.514374,268.827972,73.307228,197.088287
289.248657,270.685303,73.307228,197.088287
288.713806,272.274536,73.307228,197.088287
285.884369,274.741241,73.307228,197.088287
285.697815,276.043427,73.307228,197.088287
283.224121,278.299835,73.307228,197.088287
282.667969,280.228668,73.307228,197.088287
281.295258,282.299774,73.307228,197.088287
279.818756,284.402924,73.307228,197.088287
278.532715,286.336090,73.307228,197.088287
276.515350,288.630310,73.307228,197.088287
276.923462,289.996918,73.307228,197.088287
273.413727,292.246674,73.307228,197.088287
272.538910,294.818665,73.307228,197.088287
271.671021,296.338318,73.307228,197.088287
270.101532,298.914124,73.307228,197.088287
269.966309,300.892487,73.307228,197.088287
268.124695,303.411041,73.307228,197.088287
267.898712,305.745605,73.307228,197.088287
267.357849,306.967957,73.307228,197.088287
267.132294,308.669922,73.307228,197.088287
266.684967,309.742126,73.307228,197.088287
265.411469,311.110779,73.307228,197.088287
266.672119,312.562256,73.307228,197.088287
266.338867,312.894409,73.307228,197.088287
267.539246,314.155609,73.307228,197.088287
266.931000,315.123718,73.307228,197.088287
267.286987,316.009735,73.307228,197.088287
267.810120,316.286713,73.307228,197.088287
268.848633,317.072479,73.307228,197.088287
267.968933,317.255554,73.307228,197.088287
268.346039,317.757446,73.307228,197.088287
267.951508,316.457977,74.773369,201.030045
267.702332,317.061218,74.773369,201.030045
267.275146,316.999817,74.773369,201.030045
267.914093,316.787689,74.773369,201.030045
267.761536,316.742218,74.773369,201.030045
267.606384,316.672241,74.773369,201.030045
268.614532,316.630493,74.773369,201.030045
268.433350,316.588928,74.773369,201.030045
268.390869,316.656952,74.773369,201.030045
267.739410,316.733002,74.773369,201.030045
267.697906,316.931000,74.773369,201.030045
268.311646,317.078064,74.773369,201.030045
268.484741,317.359680,74.773369,201.030045
268.671295,317.732727,74.773369,201.030045
268.130707,317.286377,74.773369,201.030045
268.482758,317.754028,74.773369,201.030045
268.729736,317.592041,74.773369,201.030045
268.559814,317.352081,74.773369,201.030045
269.377686,319.109985,73.307228,197.088287
269.029419,318.928589,73.307228,197.088287
269.845825,318.932404,73.307228,197.088287
269.959076,318.933807,73.307228,197.088287
270.242676,319.201202,73.307228,197.088287
270.962250,319.679321,73.307228,197.088287
270.900848,319.342255,73.307228,197.088287
271.040649,319.857483,73.307228,197.088287
271.452026,319.829315,73.307228,197.088287
270.120331,319.850739,73.307228,197.088287
271.399719,320.128632,73.307228,197.088287
271.113129,320.324707,73.307228,197.088287
271.540558,320.540527,73.307228,197.088287
271.463684,320.257294,73.307228,197.088287
272.833466,322.396851,71.869827,193.223801
272.516022,320.346130,73.307228,197.088287
273.419647,322.527832,71.869827,193.223801
272.761780,320.726013,73.307228,197.088287
273.000732,320.824554,73.307228,197.088287
272.731506,321.274292,73.307228,197.088287
273.723938,321.750336,73.307228,197.088287
273.985474,321.657959,73.307228,197.088287
274.420349,321.552887,73.307228,197.088287
274.636658,321.479126,73.307228,197.088287
275.001862,321.363220,73.307228,197.088287
276.352814,323.934570,71.869827,193.223801
277.739899,323.824524,71.869827,193.223801
278.372742,323.973053,71.869827,193.223801
278.745392,324.255035,71.869827,193.223801
279.635376,324.582794,71.869827,193.223801
280.133759,324.080383,71.869827,193.223801
280.657288,324.448486,71.869827,193.223801
282.083557,324.497559,71.869827,193.223801
282.331055,324.262634,71.869827,193.223801
283.476929,325.098663,71.869827,193.223801
284.602448,325.191528,71.869827,193.223801
286.405090,324.488434,71.869827,193.223801
287.060852,324.256470,71.869827,193.223801
288.783264,326.091095,70.460617,189.435104
289.125122,325.753845,70.460617,189.435104
290.834778,325.749054,70.460617,189.435104
291.879272,325.340637,70.460617,189.435104
293.453064,325.544434,70.460617,189.435104
295.463226,325.462128,70.460617,189.435104
297.607269,325.467285,70.460617,189.435104
298.599335,326.031433,70.460617,189.435104
300.396942,326.418427,70.460617,189.435104
301.760284,326.474792,70.460617,189.435104
302.859955,325.240997,71.869827,193.223801
303.005951,325.694275,71.869827,193.223801
302.850128,323.408203,73.307228,197.088287
301.354614,324.399078,73.307228,197.088287
297.397400,324.821320,73.307228,197.088287
294.570740,323.280121,74.773369,201.030045
293.487915,323.853058,74.773369,201.030045
293.296417,323.375580,74.773369,201.030045
294.018890,325.096924,73.307228,197.088287
293.735382,325.224274,73.307228,197.088287
293.186371,325.253967,73.307228,197.088287
292.539856,325.342316,73.307228,197.088287
289.506348,325.918182,73.307228,197.088287
286.830292,324.291595,74.773369,201.030045
281.986023,322.747803,76.268837,205.050644
277.833191,321.598846,77.794212,209.151657
275.751251,320.226837,79.350098,213.334702
273.563385,321.077759,79.350098,213.334702
271.583679,320.051819,80.937103,217.601395
271.128540,320.219238,80.937103,217.601395
271.409576,318.577423,82.555847,221.953415
272.507904,318.785095,82.555847,221.953415
274.364075,319.918762,82.555847,221.953415
275.796204,320.102905,82.555847,221.953415
275.846436,317.400299,84.206963,226.392487
278.060333,317.328308,84.206963,226.392487
279.728119,317.143738,84.206963,226.392487
281.935883,316.806885,84.206963,226.392487
283.093567,316.637604,84.206963,226.392487
284.703125,316.839142,84.206963,226.392487
286.993713,315.897369,84.206963,226.392487
287.801239,315.714294,84.206963,226.392487
291.219940,317.912262,82.555847,221.953415
290.893829,315.781036,84.206963,226.392487
292.291260,315.484741,84.206963,226.392487
293.350769,315.034210,84.206963,226.392487
294.832245,314.148041,84.206963,226.392487
296.588470,313.736938,84.206963,226.392487
298.612000,315.693573,82.555847,221.953415
299.517334,314.981903,82.555847,221.953415
300.229889,314.793854,82.555847,221.953415
300.102356,314.895355,82.555847,221.953415
300.211609,314.367645,82.555847,221.953415
300.454346,313.082489,82.555847,221.953415
301.192444,313.522919,80.937103,217.601395
300.555634,312.359039,80.937103,217.601395
301.573944,313.060394,79.350098,213.334702
301.956787,312.926971,79.350098,213.334702
301.007690,311.217102,80.937103,217.601395
299.715637,308.979340,82.555847,221.953415
298.357269,310.459808,82.555847,221.953415
297.886322,309.472534,82.555847,221.953415
298.379028,309.522461,82.555847,221.953415
300.509613,308.457458,82.555847,221.953415
303.298737,307.536530,82.555847,221.953415
306.373810,307.463776,82.555847,221.953415
310.936859,308.101898,82.555847,221.953415
313.591187,304.602264,84.206963,226.392487
319.249725,304.918091,84.206963,226.392487
322.412018,302.409210,85.891098,230.920334
327.734253,301.785339,85.891098,230.920334
334.317444,297.604889,85.891098,230.920334
337.956818,297.550568,85.891098,230.920334
342.871216,296.543549,85.891098,230.920334
347.090271,293.845398,87.608925,235.538742
351.372131,292.962189,87.608925,235.538742
355.627472,291.864868,87.608925,235.538742
358.517426,288.138641,89.361099,240.249512
361.375000,286.510071,89.361099,240.249512
365.361969,285.251556,89.361099,240.249512
368.261658,283.403046,89.361099,240.249512
372.836487,281.756256,89.361099,240.249512
375.606110,280.568451,89.361099,240.249512
377.757935,278.562958,89.361099,240.249512
380.262604,277.473999,89.361099,240.249512
383.124634,276.144867,89.361099,240.249512
384.402222,274.560455,89.361099,240.249512
385.904999,273.490631,89.361099,240.249512
387.923462,272.897552,89.361099,240.249512
388.842834,271.351013,89.361099,240.249512
389.884888,271.140961,89.361099,240.249512
390.176117,270.633209,89.361099,240.249512
390.655151,270.427368,89.361099,240.249512
390.118103,270.198486,89.361099,240.249512
390.215851,270.293610,89.361099,240.249512
389.913513,270.698364,89.361099,240.249512
389.476715,271.489716,89.361099,240.249512
388.238678,271.567291,89.361099,240.249512
387.962250,272.193237,89.361099,240.249512
386.994598,272.480652,89.361099,240.249512
385.691956,273.130859,89.361099,240.249512
384.333130,273.889526,89.361099,240.249512
383.108704,274.605499,89.361099,240.249512
382.711853,277.534393,87.608925,235.538742
380.741943,278.385132,87.608925,235.538742
379.054443,279.272064,87.608925,235.538742
377.459839,280.526245,87.608925,235.538742
375.619019,281.446503,87.608925,235.538742
375.079041,283.834991,85.891098,230.920334
373.142700,284.678925,85.891098,230.920334
369.176270,286.301697,84.206963,226.392487
368.420898,289.535339,82.555847,221.953415
365.988739,289.925323,82.555847,221.953415
363.298248,290.330658,82.555847,221.953415
361.471527,290.545624,82.555847,221.953415
360.277802,291.988281,80.937103,217.601395
359.029572,292.281494,80.937103,217.601395
356.832306,291.970184,80.937103,217.601395
356.160675,292.525513,80.937103,217.601395
354.912079,292.336700,80.937103,217.601395
354.143829,291.975555,80.937103,217.601395
353.678375,292.398376,80.937103,217.601395
351.844940,291.781189,80.937103,217.601395
351.048126,292.383545,80.937103,217.601395
350.201355,291.925049,80.937103,217.601395
349.841217,292.280548,80.937103,217.601395
348.566010,291.576172,80.937103,217.601395
347.567169,291.958496,80.937103,217.601395
346.620483,292.175598,80.937103,217.601395
345.896790,292.268616,80.937103,217.601395
345.288086,290.368347,82.555847,221.953415
345.078064,290.387268,82.555847,221.953415
344.580841,290.411377,82.555847,221.953415
344.969818,290.522888,82.555847,221.953415
344.454437,290.316711,82.555847,221.953415
344.746185,290.469543,82.555847,221.953415
345.299744,290.790497,82.555847,221.953415
346.839996,291.371002,82.555847,221.953415
346.950439,289.206879,84.206963,226.392487
349.306519,288.923889,85.891098,230.920334
351.799622,290.924652,85.891098,230.920334
355.631165,293.446686,85.891098,230.920334
357.802032,296.252899,85.891098,230.920334
358.951385,298.373688,85.891098,230.920334
360.525513,301.547546,85.891098,230.920334
360.885010,301.904510,87.608925,235.538742
363.132355,307.254913,85.891098,230.920334
364.338776,311.374054,85.891098,230.920334
365.502441,315.671295,85.891098,230.920334
366.589600,318.392212,87.608925,235.538742
366.800507,320.240631,89.361099,240.249512
368.370605,324.872589,89.361099,240.249512
369.970490,330.035400,89.361099,240.249512
371.351074,333.141968,91.148323,245.054504
374.409790,338.374237,91.148323,245.054504
380.570770,342.348328,91.148323,245.054504
368.770691,349.190796,91.148323,245.054504
371.540558,352.744019,92.971291,249.955597
373.021301,358.318298,92.971291,249.955597
374.152802,363.201324,92.971291,249.955597
375.802826,368.115234,92.971291,249.955597
373.858917,375.018219,92.971291,249.955597
374.656860,380.726746,92.971291,249.955597
374.324310,385.199432,92.971291,249.955597
373.074677,390.903900,92.971291,249.955597
370.088379,398.017181,92.971291,249.955597
373.867950,403.249420,92.971291,249.955597
374.189697,408.668060,92.971291,249.955597
250.057175,201.890839,180.874680,486.286011
214.476822,274.746765,196.731903,528.918579
206.348923,275.414978,208.276642,559.956909
242.881287,222.767166,188.623642,507.119293
241.649506,225.267929,191.426529,514.654907
238.556473,228.891602,193.880707,521.253052
235.607910,236.257263,197.513916,531.020996
232.678116,243.413864,200.012650,537.738953
226.996918,246.858643,202.929993,545.582275
105.216805,125.748253,205.083725,551.372620
105.344765,125.829651,208.526382,560.628296
219.445480,257.944977,212.086578,570.200012
218.101654,264.793396,215.103271,578.310425
204.630432,267.706818,219.584595,590.358582
200.607437,273.916290,224.401291,603.308411
196.476990,279.800873,228.980911,615.620789
188.411652,278.493195,237.745728,639.185242
181.146530,282.675415,244.428665,657.152466
284.960815,40.822159,91.148323,245.054504
167.469620,284.727966,259.375092,697.336304
278.618439,1.125777,91.148323,245.054504
136.099442,205.645172,126.159592,339.183167
203.689926,162.849167,133.469681,358.836517
-134.585434,18.028341,125.703651,337.957367
193.989090,181.934021,125.476913,337.347778
139.297150,-67.057762,91.148323,245.054504
-136.123322,20.210443,125.205902,336.619141
97.819046,128.305115,125.840088,338.324158
98.077919,136.043594,125.794579,338.201813
93.021622,-11.360910,91.148323,245.054504
90.441269,-12.054140,91.148323,245.054504
88.470634,147.041321,125.250992,336.740356
-33.133698,-119.605858,340.001953,914.103638
-42.765984,-173.497253,348.868591,937.941833
-51.877148,-170.232529,361.185883,971.057129
-33.669716,-145.133087,348.868591,937.941833
-47.524651,-145.378586,353.477631,950.333313
-77.352097,-166.358002,370.417480,995.876465
108.827805,143.029633,125.931206,338.569153
105.122154,139.385666,125.522194,337.469513
126.429634,97.646103,125.794579,338.201813
100.588486,143.453568,126.297020,339.552643
100.910568,138.872391,126.572777,340.294037
-265.014862,-5.938527,655.032043,1761.069702
115.084320,113.228691,138.024597,371.082550
-95.647804,30.486235,91.148323,245.054504
-96.822266,31.639982,91.148323,245.054504
-22.921852,-1.249277,91.148323,245.054504
-99.485199,29.091658,91.148323,245.054504
-98.654198,28.366499,91.148323,245.054504
-96.408180,29.782667,91.148323,245.054504
-27.508253,64.029327,91.148323,245.054504
-98.895050,30.553053,91.148323,245.054504
-99.845436,28.808668,91.148323,245.054504
-90.559425,31.759977,91.148323,245.054504
-26.348043,-7.123033,91.148323,245.054504
-24.474638,-4.029176,91.148323,245.054504
-27.007484,-6.254594,91.148323,245.054504
-98.673973,28.271269,91.148323,245.054504
-98.213005,29.900480,91.148323,245.054504
-98.892639,27.779692,91.148323,245.054504
-93.853874,26.936537,91.148323,245.054504
100.882507,135.819138,134.919312,362.733917
-96.525826,27.224363,91.148323,245.054504
89.155434,155.111923,127.641098,343.166229
123.572212,90.108948,133.777695,359.664612
-143.375900,14.278478,127.081474,341.661682
104.354843,140.617111,126.068138,338.937286
90.449081,154.668228,127.035065,341.536896
91.913139,148.462143,126.711113,340.665924
93.129982,148.725754,126.251183,339.429413
96.590576,128.011566,132.352356,355.832581
-34.483624,-22.906759,125.840088,338.324158
92.262733,147.401627,125.885628,338.446625
-136.913025,20.378418,125.931206,338.569153
88.747620,142.960526,127.035065,341.536896
90.429367,148.109619,128.347595,345.065674
90.368538,149.288025,126.159592,339.183167
89.304329,144.272217,128.394974,345.193054
93.566589,147.115265,125.840088,338.324158
129.954727,99.386841,125.931206,338.569153
124.558540,91.732018,125.885628,338.446625
95.570435,141.731583,127.035065,341.536896
122.189346,104.255432,125.931206,338.569153
122.543488,94.235260,137.207886,368.886780
-137.383881,14.264355,125.749100,338.079529
106.088654,139.294556,125.840088,338.324158
99.636887,128.337921,125.612854,337.713257
91.264076,148.066391,126.388809,339.799408
-45.108730,-55.576172,130.858536,351.816406
94.119835,141.117691,126.251183,339.429413
88.974930,149.393707,127.127922,341.786560
142.188675,245.577209,114.792740,308.623108
120.362335,95.150826,136.776245,367.726318
99.342148,134.553482,126.434753,339.922943
-140.877945,14.186427,126.068138,338.937286
96.115601,36.735779,202.104584,543.363159
-99.113571,29.419905,91.148323,245.054504
413.145935,159.284912,130.465866,350.760681
-35.933800,286.689636,91.148323,245.054504
184.379227,278.770569,159.551376,428.957794
436.557861,195.582733,142.608444,383.406311
-2405.107910,-3154.762695,2635.015137,7084.303223
-1775.404297,-695.280762,1932.344482,5195.155762
198.484116,272.291901,131.055771,352.346649
38.691593,38.548660,91.148323,245.054504
-12.128536,-2.705751,91.148323,245.054504
-14.874779,-7.168504,91.148323,245.054504
-11.827499,2.273283,91.148323,245.054504
-34.169250,63.160645,91.148323,245.054504
-96.095596,29.026136,91.148323,245.054504
-97.606903,29.729765,91.148323,245.054504
120.407364,81.121811,143.906494,386.896149
180.821152,172.323257,161.928299,435.348236
-49.592789,146.194534,262.903992,706.823914
123.314613,82.673805,142.026138,381.840759
125.200691,88.724037,137.642258,370.054596
101.912315,129.115372,132.655228,356.646820
90.127625,132.115997,137.153778,368.741333
124.210052,94.055351,135.286652,363.721497
123.920151,98.364761,131.105164,352.479462
103.337791,131.152786,129.542648,348.278595
200.169922,180.728394,136.668762,367.437317
91.769737,132.723557,135.391983,364.004669
-151.296127,12.307118,133.061203,357.738342
102.608612,129.464935,129.349945,347.760498
126.174522,93.602882,132.908676,357.328247
120.361618,98.892464,132.050873,355.022034
102.042709,135.582855,129.929779,349.319397
121.931633,85.357689,143.313553,385.302032
120.983948,92.566116,137.099731,368.595978
129.727356,95.476097,130.221634,350.104095
93.291718,142.980164,129.446228,348.019348
96.604515,130.259476,132.302017,355.697235
89.972389,134.496155,130.858536,351.816406
88.243362,141.821487,127.454010,342.663239
124.003220,93.034126,132.151215,355.291779
126.524200,98.102592,131.800690,354.349365
97.552032,125.552246,130.026917,349.580566
130.316330,91.580910,131.601212,353.813080
96.627228,126.416695,129.881256,349.188934
105.566048,131.938156,126.480728,340.046539
