0.35404
0.056319
0.036627
0.035937
0.031599
0.031899
0.031331
0.031591
0.040645
0.042933
0.030819
0.029877
0.028808
0.029415
0.031215
0.035655
0.032195
0.032282
0.039041
0.038916
0.043324
0.031989
0.031239
0.031352
0.037071
0.034953
0.031818
0.030302
0.032136
0.029526
0.030056
0.03104
0.029752
0.034763
0.029793
0.030536
0.029853
0.029588
0.030117
0.030391
0.028559
0.030354
0.031776
0.029885
0.030263
0.032396
0.030107
0.03124
0.031565
0.027836
0.029951
0.031069
0.03063
0.02845
0.028353
0.028343
0.027948
0.028642
0.029983
0.029257
0.029907
0.030228
0.02847
0.028896
0.02807
0.030625
0.030336
0.027782
0.028268
0.028324
0.03616
0.030062
0.032306
0.028176
0.027986
0.037373
0.028371
0.028175
0.028716
0.028161
0.028247
0.030229
0.028079
0.03194
0.031369
0.031024
0.028399
0.031153
0.028208
0.031684
0.030662
0.029973
0.029285
0.028645
0.031936
0.031467
0.038565
0.032807
0.032131
0.030061
0.032567
0.032889
0.032595
0.033056
0.032842
0.033292
0.033257
0.033247
0.033313
0.033252
0.033231
0.033409
0.030852
0.030642
0.030816
0.034299
0.033706
0.031469
0.031563
0.031541
0.031044
0.031413
0.031056
0.031685
0.034271
0.030956
0.028834
0.031165
0.030901
0.031377
0.031944
0.033298
0.033238
0.033068
0.030703
0.030655
0.031693
0.031347
0.031393
0.034449
0.033871
0.033895
0.032186
0.034322
0.03423
0.028828
0.030996
0.033805
0.034072
0.033381
0.033569
0.033731
0.033688
0.033515
0.034597
0.033292
0.033449
0.033752
0.034464
0.034229
0.02866
0.02911
0.033955
0.03326
0.034109
0.034196
0.033964
0.028469
0.033965
0.037984
0.032448
0.03363
0.03265
0.032386
0.038403
0.033972
0.032921
0.033834
0.028783
0.033922
0.034966
0.033998
0.034665
0.03598
0.037439
0.03473
0.036931
0.037403
0.034853
0.037595
0.036018
0.028296
0.035797
0.036287
0.034992
0.035655
0.034168
0.031623
0.03717
0.034484
0.036322
0.034554
0.036184
0.035822
0.033234
0.033261
0.034252
0.034111
0.032807
0.03532
0.033957
0.032415
0.033792
0.029624
0.032517
0.03424
0.028398
0.032979
0.034355
0.0286
0.033888
0.033887
0.032696
0.028943
0.033998
0.032365
0.036104
0.035116
0.029579
0.028626
0.029
0.031074
0.02895
0.03348
0.033128
0.032562
0.03423
0.028943
0.029384
0.036375
0.029009
0.029254
0.028611
0.029245
0.032129
0.029152
0.036817
0.034422
0.032574
0.034184
0.032395
0.02864
0.02888
0.028626
0.028794
0.033168
0.028775
0.03388
0.032499
0.032217
0.034811
0.036167
0.034626
0.03781
0.037434
0.035602
0.031859
0.032653
0.036794
0.038533
0.036673
0.038657
0.03447
0.038225
0.039478
0.035781
0.034537
0.029289
0.029809
0.029534
0.034741
0.038292
0.029682
0.032886
0.028945
0.029249
0.029516
0.033681
0.029514
0.042406
0.029395
0.033921
0.034523
0.034427
0.033676
0.035348
0.034108
0.035193
0.035735
0.034108
0.034236
0.037097
0.034851
0.034046
0.034219
0.029418
0.029084
0.038947
0.03429
0.032907
0.03458
0.034178
0.034113
0.03317
0.036071
0.029076
0.033859
0.033987
0.03508
0.034379
0.034146
0.029981
0.033345
0.034801
0.034861
0.029342
0.035265
0.036798
0.039151
0.038049
0.040825
0.041368
0.035002
0.035885
0.036331
0.03892
0.036166
0.035461
0.039474
0.037239
0.036222
0.035956
0.039343
0.029596
0.034717
0.036547
0.034341
0.036147
0.033608
0.036021
0.040466
0.041948
0.04012
0.035881
0.040726
0.034934
0.041361
0.035851
0.043316
0.040794
0.031333
0.036368
0.034459
0.036323
0.038768
0.043858
0.036589
0.035584
0.029928
0.034574
0.029621
0.029658
0.030015
0.029781
0.030093
0.035022
0.035298
0.030256
0.030148
0.030091
0.030374
0.034858
0.033731
0.04169
0.036758
0.029997
0.029608
0.030139
0.030855
0.034982
0.030647
0.035098
0.037745
0.033319
0.029841
0.034698
0.030124
0.029898
0.029977
0.034814
0.03393
0.033835
0.035144
0.029777
0.030589
0.030113
0.032813
0.030049
0.029727
0.035569
0.033667
0.033437
0.04066
0.033568
0.03399
0.034773
0.033936
0.029951
0.035569
0.034478
0.036544
0.031151
0.033617
0.035151
0.037523
0.035415
0.038722
0.029773
0.034372
0.029674
0.029792
0.029836
0.034083
0.02984
0.034916
0.029553
0.029509
0.033777
0.02991
0.029908
0.034539
0.034663
0.033462
0.029878
0.034372
0.033585
0.034779
0.033563
0.029717
0.034766
0.038318
0.035072
0.038169
0.033279
0.037605
0.037243
0.032863
0.037545
0.02953
0.028962
0.032715
0.034353
0.034162
0.029972
0.032737
0.034896
0.031249
0.03337
0.034093
0.033371
0.032812
0.033153
0.03333
0.034334
0.034373
0.033931
0.033526
0.032674
0.037877
0.037632
0.036795
0.034441
0.038113
0.032275
0.033952
0.033303
0.030676
0.034873
0.03564
0.031207
0.028686
0.032121
0.033915
0.030901
0.029553
0.028755
0.033889
0.033696
0.034003
0.031468
0.037512
0.036045
0.036935
0.03628
0.038031
0.039291
0.044725
0.032892
0.044607
0.045542
0.037809
0.034308
0.035191
0.034278
0.034126
0.037875
0.032941
0.03412
0.035891
0.034513
0.029054
0.032911
0.034728
0.03303
0.037241
0.033758
0.033593
0.037548
0.030266
0.03722
0.032579
0.035042
0.037801
0.033485
0.038569
0.035042
0.036738
0.032185
0.033326
0.029283
0.032895
0.033087
0.032228
0.032292
0.033998
0.029027
0.034583
0.032544
0.029244
0.033409
0.028729
0.033849
0.035041
0.038846
0.035682
0.029023
0.028994
0.033864
0.033243
0.037754
0.034924
0.034677
0.034186
0.033833
0.034576
0.036081
0.038617
0.034488
0.039143
0.039451
0.038302
0.041525
0.035321
0.03387
0.034809
0.038556
0.035844
0.034004
0.034543
0.032083
0.038409
0.034696
0.040016
0.033812
0.03971
0.037534
0.040587
0.034121
0.035117
0.035644
0.032475
0.034141
0.038687
0.038895
0.03502
0.036779
0.033652
0.030005
0.036163
0.029744
0.030151
0.03625
0.029874
0.033886
0.03477
0.040328
0.034611
0.029822
0.039897
0.04179
0.042514
0.042849
0.042386
0.037037
0.0355
0.036007
0.036106
0.03653
0.03667
0.036499
0.030787
0.035404
0.036382
0.036895
0.03219
0.035977
0.041356
0.035363
0.041827
0.042047
0.04446
0.045413
0.035453
0.036274
0.037124
0.037015
0.031366
0.044366
0.037129
0.035652
0.036269
0.042866
0.036601
0.037655
0.0377
0.037623
0.031465
0.037855
0.033715
0.038322
0.037059
0.037466
0.037364
0.037095
0.040975
0.035892
0.036361
0.036555
0.037566
0.043995
0.045217
0.03789
0.039693
0.039137
0.038391
0.038041
0.036782
0.03718
0.038233
0.036935
0.038143
0.038109
0.037211
0.038514
0.043168
0.038058
0.037004
0.041654
0.038073
0.038236
0.042293
0.041768
0.035894
0.036963
0.036941
0.034002
0.0436
0.037289
0.037582
0.031293
0.037728
0.036048
0.041446
0.036708
0.043612
0.036761
0.033892
0.038152
0.040596
0.036631
0.034699
0.043607
