0.0089267
0.032867
0.032907
0.032361
0.034262
0.033202
0.033006
0.033055
0.032556
0.032455
0.034703
0.035892
0.032895
0.032968
0.032876
0.032467
0.032513
0.033211
0.033366
0.032756
0.032621
0.034418
0.032122
0.032419
0.033505
0.033083
0.032853
0.032711
0.032427
0.032556
0.032024
0.032648
0.032254
0.03463
0.032784
0.032453
0.031841
0.031822
0.031568
0.031264
0.031677
0.031994
0.030752
0.032977
0.031797
0.031757
0.031858
0.031398
0.03166
0.031458
0.03155
0.03087
0.031773
0.032282
0.031105
0.034175
0.031445
0.031687
0.032072
0.031938
0.031781
0.03159
0.032178
0.032934
0.032529
0.035539
0.032858
0.033321
0.03306
0.032774
0.032409
0.032833
0.032081
0.031218
0.03159
0.032306
0.032068
0.03392
0.032768
0.033206
0.034043
0.032747
0.0331
0.032379
0.032463
0.032463
0.033799
0.033795
0.032828
0.033066
0.033002
0.033004
0.03274
0.032518
0.032905
0.03389
0.032773
0.032624
0.032205
0.03392
0.032884
0.031914
0.032538
0.032477
0.033003
0.031826
0.031031
0.031074
0.031092
0.031935
0.031444
0.030955
0.031783
0.031278
0.03159
0.031576
0.041062
0.039349
0.031174
0.03105
0.03106
0.032808
0.031804
0.031263
0.031234
0.031321
0.031725
0.035025
0.031585
0.032104
0.03153
0.032377
0.031875
0.031497
0.031096
0.031164
0.031198
0.031043
0.030891
0.032065
0.031649
0.031541
0.031992
0.032531
0.031004
0.031804
0.031904
0.031039
0.031532
0.030934
0.031221
0.031459
0.032226
0.041236
0.032158
0.031508
0.033317
0.032401
0.031287
0.031344
0.031706
0.031371
0.031276
0.032539
0.031813
0.032092
0.031667
0.031177
0.031012
0.031414
0.034185
0.032233
0.031666
0.032171
0.0324
0.031845
0.031214
0.030705
0.032938
0.031152
0.031525
0.031766
0.031432
0.031514
0.03189
0.031545
0.031785
0.034052
0.033632
0.032559
0.03136
0.030849
0.031253
0.031874
0.032665
0.032861
0.034378
0.034538
0.033035
0.032695
0.032764
0.032209
0.032678
0.033416
0.033205
0.032096
0.032603
0.032807
0.032367
0.033499
0.032307
0.034555
0.032992
0.032711
0.03221
0.033172
0.031642
0.032655
0.032372
0.03442
0.032707
0.032434
0.032958
0.032723
0.033832
0.033183
0.032807
0.032856
0.032703
0.032858
0.032258
0.034442
0.032537
0.033391
0.03418
0.032723
0.032766
0.032394
0.032299
0.03217
0.032841
0.032943
0.032434
0.031642
0.032927
0.032737
0.032571
0.032332
0.032672
0.033199
0.03365
0.032861
0.033423
0.03344
0.032732
0.032336
0.032929
0.033167
0.032659
0.032696
0.033235
0.032587
0.034423
0.033073
0.033266
0.040749
0.03264
0.032703
0.032859
0.032428
0.033782
0.032253
0.031765
0.032291
0.034254
0.031766
0.031549
0.030959
0.031019
0.031148
0.032618
0.032402
0.031834
0.032251
0.033249
0.031861
0.031465
0.031071
0.031053
0.031237
0.031012
0.031881
0.032162
0.033669
0.032486
0.031875
0.033492
0.030922
0.030511
0.031292
0.031137
0.031206
0.031124
0.031576
0.032064
0.031169
0.03164
0.031787
0.030644
0.030865
0.031825
0.030679
0.030691
0.03249
0.030799
0.030846
0.031373
0.030834
0.030556
0.031834
0.031405
0.0305
0.030586
0.030109
0.030542
0.03049
0.030885
0.030479
0.03102
0.032056
0.030539
0.03029
0.030584
0.030909
0.030632
0.031124
0.030537
0.029914
0.030929
0.030405
0.031656
0.030988
0.030453
0.030136
0.029821
0.030521
0.029714
0.030438
0.029933
0.030102
0.030729
0.030094
0.033269
0.030338
0.029991
0.029999
0.030066
0.030938
0.030839
0.032432
0.03084
0.030698
0.030182
0.030438
0.031967
0.031757
0.030011
0.031143
0.030249
0.02973
0.030298
0.030289
0.030359
0.03033
0.03037
0.032257
0.029716
0.030532
0.029991
0.029598
0.030942
0.030299
0.029599
0.029503
0.03105
0.033388
0.029631
0.029477
0.030124
0.029905
0.030612
0.029515
0.030091
0.031126
0.029268
0.030173
0.029857
0.030458
0.031638
0.0307
0.029484
0.029424
0.030172
0.030321
0.02991
0.031268
0.029051
0.029397
0.029717
0.029938
0.035106
0.029654
0.029413
0.02906
0.028826
0.028997
0.029193
0.029399
0.028972
0.028809
0.02939
0.031715
0.029431
0.029417
0.028887
0.029196
0.029003
0.029405
0.029894
0.028955
0.028889
0.028658
0.028829
0.029401
0.030408
0.029048
0.029064
0.02938
0.031019
0.029273
0.030072
0.029508
0.029287
0.029295
0.029912
0.029584
0.029414
0.028998
0.029083
0.028795
0.02872
0.02855
0.028589
0.028172
0.029916
0.028332
0.028015
0.028341
0.028554
0.028076
0.028601
0.028127
0.028696
0.028112
0.027719
0.028412
0.028274
0.028689
0.028143
0.027903
0.028018
0.027998
0.028622
0.02741
0.027572
0.027986
0.028884
0.027899
0.029567
0.027343
0.028419
0.027471
0.028984
0.027856
0.027654
0.028369
0.027699
0.02713
0.027988
0.027458
0.027144
0.027527
0.028083
0.027366
0.027143
0.026936
0.029185
0.027261
0.027182
0.03006
0.031064
0.030645
0.026634
0.027035
0.027619
0.027269
0.030417
0.027383
0.027568
0.029248
0.027054
0.027448
0.028135
0.028786
0.027363
0.027037
0.027757
0.028686
0.027003
0.026919
0.02736
0.027614
0.027147
0.027445
0.027723
0.027611
0.02875
0.028115
0.02793
0.027317
0.029433
0.027479
0.027962
0.027922
0.027861
0.02735
0.028118
0.027489
0.027369
0.02733
0.029692
0.030622
0.032465
0.036495
0.034104
0.031109
0.03369
0.028291
0.038358
0.029487
0.028697
0.028737
0.029606
0.030016
0.029255
0.034542
0.030356
0.03019
0.029723
0.029978
0.028997
0.028098
0.028449
0.028791
0.029991
0.030587
0.029064
0.032059
0.029458
0.031795
0.026927
0.027671
0.027159
0.027097
0.027355
0.02794
0.027546
0.028662
0.028105
0.026961
0.028216
0.027162
0.029474
0.027063
0.027331
0.027678
0.027552
0.027671
0.027643
0.027438
0.027391
0.028181
0.027973
0.02777
0.027529
0.02876
0.027916
0.027755
0.030446
0.027464
0.028296
0.028687
0.027639
0.027389
0.027809
0.028458
0.027734
0.02835
0.028053
0.027989
0.028137
0.028681
0.029018
0.028325
0.028133
0.028577
0.028582
0.028108
0.028283
0.02843
0.028605
0.030793
0.02864
0.028372
0.03015
0.030223
0.028925
0.028259
0.028432
0.027979
0.028393
0.030603
0.028146
0.028333
0.02842
0.028425
0.028926
0.028463
0.028664
0.027873
0.027588
0.028006
0.028681
0.028783
0.02797
0.028217
0.027317
0.028273
0.028381
0.030132
0.028383
0.028125
0.027936
0.029029
0.028209
0.031922
0.0293
0.028859
0.033556
0.028494
0.028411
0.027979
0.028282
0.029309
0.031667
0.028318
0.028165
0.02775
0.027564
0.028238
0.028193
0.028273
0.028236
0.02932
0.028709
0.0296
0.029083
0.028562
0.028914
0.02852
0.030122
0.029444
0.029362
0.0302
0.028436
0.028912
0.029374
0.029294
0.029821
0.029314
0.029551
0.03042
0.030448
0.030166
0.030368
0.031607
0.032644
0.031605
0.031456
0.03226
0.03115
0.031685
0.031766
0.031554
0.031302
0.031505
0.034653
0.031505
0.031606
0.031823
0.031328
0.032857
0.031924
0.033196
0.032416
0.03344
0.033065
0.033105
0.035436
0.033646
0.033413
0.033353
0.033084
0.033619
0.033846
0.034155
0.034632
0.034681
0.035187
0.034314
0.034801
0.035357
0.034846
0.03473
0.035347
0.034538
0.036158
0.036136
0.03539
0.035517
0.035008
0.035582
0.035236
0.034859
0.03554
0.03533
0.035121
0.035643
0.036016
0.035677
0.036726
0.034559
0.036223
0.036482
0.034938
0.034556
0.034913
0.03531
0.03463
0.03564
0.036463
0.035204
0.034812
0.035191
0.036364
0.03735
0.035421
0.035253
0.03619
0.035845
0.03534
0.034777
0.035205
0.034828
0.035442
0.035071
0.035297
0.03575
0.035812
0.035698
0.037342
0.036684
0.036051
0.035466
0.035176
0.035017
0.035909
0.034117
0.035516
0.034074
0.034855
0.03458
0.03504
0.034707
0.035702
0.035631
0.035092
0.034611
0.035043
0.034622
0.034577
0.035754
0.034625
0.034626
0.034571
0.034527
0.034941
0.034717
0.034598
0.035754
0.034623
0.034661
0.0346
0.036609
0.034784
0.034595
0.034418
0.033967
0.034296
0.033533
0.03453
0.035225
0.036254
0.034707
0.035142
0.035526
0.034656
0.034496
0.034915
0.034596
0.034605
0.035609
0.034492
0.033947
0.034678
0.0354
0.03551
0.034458
0.035381
0.035569
0.034656
0.035096
0.034587
0.035058
0.034937
0.03535
0.034691
0.036629
0.034849
0.034411
0.038733
0.035717
0.036669
0.035941
0.034931
0.040464
0.035487
0.035372
0.035138
0.034987
0.036799
0.034247
0.034951
0.035806
0.033521
0.033836
0.035665
0.040838
0.034414
0.03301
0.032486
0.033129
0.033465
0.032282
0.033137
0.031909
0.031348
0.031408
0.031708
0.031701
0.031469
0.031413
0.030664
0.031282
0.031266
0.030734
0.030762
0.031427
0.032282
0.031916
0.031896
0.032687
0.032446
0.031596
0.031794
0.031856
0.033133
0.031973
0.032091
0.032145
0.032249
0.032743
0.033261
0.032982
0.03272
0.033398
0.03382
0.032837
0.034228
0.032785
0.032562
0.032703
0.032651
0.0324
0.032529
0.033612
0.034921
0.032984
0.032969
0.033211
0.033116
0.032559
0.032809
0.033099
0.032456
0.033023
0.033029
0.032593
0.033552
0.03338
0.032124
0.032094
0.032423
0.032302
0.032513
0.032895
0.032704
0.032972
0.033936
0.033359
0.03289
0.032936
0.032333
0.032757
0.032079
0.032505
0.034322
0.032563
0.032786
0.033534
0.034165
0.033324
0.033643
0.033528
0.033504
0.033403
0.033845
0.033509
0.033761
0.033842
0.032474
0.032159
0.031833
0.031947
0.031906
0.032101
0.031647
0.031717
0.030824
0.031112
0.031467
0.031552
0.032047
0.032078
0.031407
0.031454
0.031274
0.03159
0.032773
0.03187
0.031339
0.032089
0.032523
0.031889
0.031453
0.03222
0.030711
0.033171
0.031598
0.031013
0.031828
0.030944
0.030648
0.030945
0.032058
0.031363
0.031599
0.031456
0.03096
0.031383
0.030873
0.031244
0.03121
0.03184
0.032944
0.031308
0.030681
0.031852
0.032325
0.032876
0.032646
0.033889
0.031246
0.031243
0.031691
0.030648
0.032252
0.031347
0.03103
0.03145
0.032225
0.031092
0.031139
0.031944
0.031056
0.031209
0.031735
0.031777
0.031194
0.031155
0.031316
0.031246
0.032038
0.033434
0.033198
0.03126
0.032029
0.030893
0.031158
0.031682
0.031759
0.031425
0.03129
0.031016
0.031327
0.031107
0.03184
0.03141
0.032032
0.031523
0.031143
0.030956
0.031017
0.031768
0.031762
0.031429
0.031106
0.032209
0.031295
0.031523
0.032011
0.034726
0.03195
0.031851
0.032255
0.032462
0.033542
0.041162
0.031266
0.030992
0.03186
0.031953
0.031838
0.031142
0.031395
0.033393
0.032291
0.031305
0.030847
0.033278
0.031639
0.031906
0.032229
0.032561
0.032095
0.031188
0.030996
0.030878
0.031205
0.031554
0.031524
0.030994
0.03062
0.032252
0.031202
0.031529
0.031527
0.03074
0.031258
0.030539
0.031593
0.033538
0.030781
0.031199
0.031289
0.031261
0.032424
0.031499
0.031698
0.031919
0.031741
0.031583
0.031833
0.031074
0.031237
0.033527
0.031485
0.031559
0.031823
0.034998
0.034087
0.033111
0.031167
0.03118
0.03143
0.031116
0.034738
0.031554
0.032186
0.031345
0.030817
0.031186
0.031052
0.032715
0.033408
0.031336
0.031521
0.030966
0.031564
0.030731
0.031944
0.031644
0.03186
0.032522
0.031396
0.032193
0.031483
0.031685
0.031576
0.031451
0.033474
0.031733
0.03351
0.031854
0.030762
0.031253
0.030533
0.031406
0.031102
0.031098
0.032352
0.030463
0.031577
0.030538
0.031156
0.03122
0.03103
0.037057
0.033048
0.032325
0.030435
0.031046
0.031339
0.031364
0.031165
0.030603
0.031001
0.031124
0.030372
0.030609
0.030399
0.030359
0.033353
0.031386
0.030888
0.031203
0.031172
0.030709
0.030699
0.031053
0.030891
0.030574
0.031015
0.031166
0.031204
0.032266
0.031316
0.031694
0.031761
0.0304
0.030514
0.030641
0.030486
0.030655
0.030863
0.031024
0.030372
0.030092
0.030265
0.031164
0.033685
0.038903
0.033657
0.030979
0.03109
0.030488
0.030465
0.032201
0.030597
0.030519
0.03116
0.031352
0.029973
0.030326
0.031059
0.030636
0.029727
0.030722
0.031536
0.029782
0.030545
0.030195
0.031024
0.031903
0.03102
0.029957
0.031218
0.030389
0.030623
0.030756
0.030689
0.031233
0.030393
0.030259
0.030524
0.032765
0.031231
0.030843
0.03156
0.030807
0.032172
0.030608
0.029854
0.031182
0.030511
0.031258
0.032792
0.031035
0.030693
0.030821
0.030772
0.030851
0.032109
0.030687
0.031765
0.030568
0.03259
0.031639
0.031047
0.031661
0.031112
0.031611
0.030228
0.030731
0.030764
0.030533
0.030891
0.030954
0.031022
0.03067
0.030921
0.032214
0.03131
0.031991
0.032065
0.032073
0.032174
0.031356
0.031474
0.032113
0.031956
0.032654
0.03228
0.032948
0.031896
0.032531
0.031231
0.031334
0.031145
0.031382
0.03205
0.03103
0.031653
0.031036
0.031852
0.031907
0.035259
0.032142
0.031101
0.030981
0.031843
0.031273
0.032164
0.031636
0.031814
0.031479
0.032137
0.032231
0.030834
0.030952
0.031872
0.031478
0.03129
0.031551
0.031342
0.031228
0.031279
0.030911
0.031699
0.033488
0.03116
0.030897
0.030799
0.030227
0.031307
0.031182
0.031628
0.031013
0.030801
0.030933
0.030761
0.030558
0.030862
0.031596
0.031229
0.031008
0.030765
0.030973
0.031141
0.031389
0.031345
0.031218
0.032699
0.031203
0.031584
0.032488
0.030914
0.030762
0.031045
0.031637
0.031073
0.031024
0.031637
0.030895
0.031632
0.031154
0.031133
0.031406
0.031134
0.031492
0.031514
0.032065
0.031274
0.03095
0.032645
0.031353
0.031483
0.031024
0.03181
0.031762
0.032038
0.033039
0.03146
0.031329
0.031996
0.031614
0.032363
0.031345
0.031406
0.031973
0.031503
0.030987
0.03265
0.031949
0.031383
0.031433
0.032709
0.031664
0.031466
0.031562
0.031032
0.031985
0.032561
0.031794
0.031396
0.031338
0.032613
0.031715
0.031973
0.030824
0.031632
0.031786
0.03296
0.032022
0.032572
0.032086
0.032602
0.031851
0.031697
0.033505
0.032327
0.032663
0.032117
0.031258
0.031441
0.031579
0.031052
0.031248
0.031518
0.032463
0.03168
0.031408
0.033075
0.032577
0.032734
0.03379
0.03291
0.03237
0.032571
0.032459
0.03244
0.033286
0.032492
0.032359
0.032729
0.031563
0.03229
0.032247
0.032345
0.032739
0.032581
0.034559
0.031817
0.031341
0.036727
0.033361
0.032524
0.031673
0.03234
0.031698
0.032654
0.03332
0.032478
0.032247
0.031348
0.0316
0.031919
0.032188
0.033261
0.033507
0.03308
0.032321
0.032868
0.033081
0.032029
0.033346
0.033448
0.032933
0.033344
0.032933
0.032644
0.032697
0.032952
0.032965
0.033065
0.033246
0.033265
0.033562
0.033346
0.032694
0.032772
0.032359
0.031807
0.03253
0.032901
0.032369
0.033309
0.032697
0.033078
0.034249
0.034021
0.03346
0.033424
0.032763
0.03262
0.032587
0.036767
0.032677
0.033872
0.032998
0.033138
0.03271
0.033172
0.033609
0.032809
0.033932
0.034981
0.033719
0.033729
0.033943
0.034428
0.035808
