227.333333,68.700000,109.000000,68.700000
225.693848,69.593102,109.000000,69.000000
222.887451,70.192230,109.000000,69.000000
220.899078,72.105659,109.000000,69.000000
218.129089,73.322121,109.000000,69.000000
215.051697,75.555008,109.000000,69.000000
211.100128,76.809647,109.000000,69.000000
207.046997,78.841583,109.000000,69.000000
201.638611,80.377617,111.180000,70.379997
196.412979,82.628235,111.180000,70.379997
191.701904,85.348747,111.180000,70.379997
186.852692,86.585251,111.180000,70.379997
183.463089,89.312035,109.000000,69.000000
179.864853,90.603317,109.000000,69.000000
174.161179,90.960114,109.000000,69.000000
170.377029,91.818382,109.000000,69.000000
166.200623,91.820122,109.000000,69.000000
161.476852,91.294212,109.000000,69.000000
157.430511,90.711205,109.000000,69.000000
154.653976,90.741463,106.862747,67.647057
148.564133,89.651634,109.000000,69.000000
144.746658,88.985382,109.000000,69.000000
142.976196,90.235275,106.862747,67.647057
138.466721,90.188507,106.862747,67.647057
135.750565,90.158089,106.862747,67.647057
131.274506,90.890297,106.862747,67.647057
130.016754,91.483963,106.862747,67.647057
127.652840,91.756866,106.862747,67.647057
125.740974,92.572556,106.862747,67.647057
124.601067,93.245407,106.862747,67.647057
122.034943,92.403404,109.000000,69.000000
121.577652,93.036484,109.000000,69.000000
120.770126,92.566528,109.000000,69.000000
120.827881,91.645027,109.000000,69.000000
121.131729,90.745110,109.000000,69.000000
123.865044,90.800484,106.862747,67.647057
123.270172,88.916237,109.000000,69.000000
126.439552,88.801620,106.862747,67.647057
127.775215,88.160164,106.862747,67.647057
126.968475,86.741776,109.000000,69.000000
129.605698,86.969429,106.862747,67.647057
128.899536,86.083069,109.000000,69.000000
132.006546,87.199730,106.862747,67.647057
133.208130,86.987595,106.862747,67.647057
135.037659,87.772621,106.862747,67.647057
136.637680,87.628716,106.862747,67.647057
138.300018,87.534454,106.862747,67.647057
141.449493,87.282257,104.767395,66.320648
143.932663,87.062447,104.767395,66.320648
144.953842,86.703659,104.767395,66.320648
146.835327,87.110886,104.767395,66.320648
148.591690,86.913193,104.767395,66.320648
151.945343,87.297882,102.713135,65.020241
151.061630,86.336945,104.767395,66.320648
153.790314,86.475700,102.713135,65.020241
154.491486,86.377953,102.713135,65.020241
155.502533,85.978775,102.713135,65.020241
155.974518,85.352402,102.713135,65.020241
155.343704,85.696976,102.713135,65.020241
154.992004,85.136925,102.713135,65.020241
153.996841,85.229866,102.713135,65.020241
152.954849,85.111214,102.713135,65.020241
150.159134,83.761986,104.767395,66.320648
150.976822,84.651817,102.713135,65.020241
150.806885,84.337555,102.713135,65.020241
150.291397,85.173447,102.713135,65.020241
150.366058,85.754753,102.713135,65.020241
148.718384,84.965614,104.767395,66.320648
147.291931,85.364159,104.767395,66.320648
146.778946,86.268646,104.767395,66.320648
145.427582,86.618507,104.767395,66.320648
144.956543,86.828651,104.767395,66.320648
144.011810,86.940788,104.767395,66.320648
143.725174,86.020988,104.767395,66.320648
142.655060,85.592979,104.767395,66.320648
142.095505,85.843170,104.767395,66.320648
141.825836,85.284889,104.767395,66.320648
141.358215,85.632347,104.767395,66.320648
141.545502,86.022278,104.767395,66.320648
141.921234,85.688004,104.767395,66.320648
141.756393,86.334320,104.767395,66.320648
141.794632,86.113640,104.767395,66.320648
141.986969,85.982468,104.767395,66.320648
142.380005,85.868599,104.767395,66.320648
142.999329,85.777275,104.767395,66.320648
143.057755,86.547363,104.767395,66.320648
143.288025,86.743668,104.767395,66.320648
143.801437,87.029457,104.767395,66.320648
143.944382,86.775772,104.767395,66.320648
144.361328,87.473839,104.767395,66.320648
145.006104,87.631035,104.767395,66.320648
145.143005,88.020882,104.767395,66.320648
145.524246,87.778496,104.767395,66.320648
146.253403,88.314064,104.767395,66.320648
146.590561,88.300552,104.767395,66.320648
147.297928,88.162445,104.767395,66.320648
147.439804,87.898361,104.767395,66.320648
147.884659,87.533073,104.767395,66.320648
147.665558,87.941986,104.767395,66.320648
147.776108,87.370819,104.767395,66.320648
147.933121,87.495911,104.767395,66.320648
148.063660,87.519646,104.767395,66.320648
148.244736,87.592857,104.767395,66.320648
148.451981,87.597542,104.767395,66.320648
148.733948,87.816154,104.767395,66.320648
148.165527,88.095116,104.767395,66.320648
148.500763,87.665207,104.767395,66.320648
148.600754,88.113770,104.767395,66.320648
148.994949,87.871727,104.767395,66.320648
148.627701,87.779633,104.767395,66.320648
149.754440,89.468018,102.713135,65.020241
149.944656,89.785538,102.713135,65.020241
150.279114,89.365524,102.713135,65.020241
150.632660,89.899734,102.713135,65.020241
150.978119,89.794678,102.713135,65.020241
150.595444,89.838470,102.713135,65.020241
150.814011,90.236740,102.713135,65.020241
150.186798,90.925552,102.713135,65.020241
150.409897,91.115013,102.713135,65.020241
150.877350,91.561554,102.713135,65.020241
150.846756,91.482231,102.713135,65.020241
151.003891,92.455772,102.713135,65.020241
151.274429,92.726646,102.713135,65.020241
153.105682,92.875725,100.699150,63.745335
153.332153,93.128929,100.699150,63.745335
153.917801,92.760513,100.699150,63.745335
154.227814,93.178818,100.699150,63.745335
156.208755,93.599686,98.724655,62.495426
156.831360,94.246368,98.724655,62.495426
157.145813,94.247528,98.724655,62.495426
157.830795,94.218285,98.724655,62.495426
158.103165,94.207458,98.724655,62.495426
159.473785,94.415321,96.788879,61.270027
160.206879,94.032623,96.788879,61.270027
161.630524,94.998444,94.891060,60.068653
161.617325,94.674385,94.891060,60.068653
163.064316,95.929131,93.030449,58.890835
163.993149,95.973976,93.030449,58.890835
164.376541,96.182045,93.030449,58.890835
165.013977,96.444237,93.030449,58.890835
165.266739,96.725616,93.030449,58.890835
165.974121,96.490181,93.030449,58.890835
166.348602,97.248650,93.030449,58.890835
166.909195,97.249367,93.030449,58.890835
166.761063,97.376068,93.030449,58.890835
166.793671,97.533974,93.030449,58.890835
166.933624,97.671234,93.030449,58.890835
167.213516,97.301445,93.030449,58.890835
167.350250,97.814438,93.030449,58.890835
167.450104,97.929680,93.030449,58.890835
167.577255,98.397781,93.030449,58.890835
166.720261,99.121719,93.030449,58.890835
166.851257,99.334152,93.030449,58.890835
167.042999,99.883087,93.030449,58.890835
167.819458,100.018463,93.030449,58.890835
167.873276,100.429321,93.030449,58.890835
167.562790,101.250885,93.030449,58.890835
167.475143,101.550293,93.030449,58.890835
167.858536,101.979645,93.030449,58.890835
167.529495,101.916214,93.030449,58.890835
167.142273,102.065155,93.030449,58.890835
167.378387,102.713074,93.030449,58.890835
167.661728,102.862091,93.030449,58.890835
166.945740,103.173584,93.030449,58.890835
166.525833,103.526428,93.030449,58.890835
165.721573,104.074127,93.030449,58.890835
165.552216,103.705246,93.030449,58.890835
165.396652,103.504272,93.030449,58.890835
167.643448,104.955338,91.206322,57.736115
166.483368,104.416977,93.030449,58.890835
167.162277,104.767868,93.030449,58.890835
166.917145,104.797180,93.030449,58.890835
166.627579,104.957535,93.030449,58.890835
166.202774,105.502106,93.030449,58.890835
166.661667,106.250504,93.030449,58.890835
166.030869,106.606583,93.030449,58.890835
166.032288,106.308517,93.030449,58.890835
165.871368,106.913757,93.030449,58.890835
165.763596,106.808395,93.030449,58.890835
165.659866,106.878189,93.030449,58.890835
165.573822,106.968430,93.030449,58.890835
165.423218,107.397919,93.030449,58.890835
166.042709,108.190338,93.030449,58.890835
165.860489,108.531464,93.030449,58.890835
165.818588,109.115295,93.030449,58.890835
165.892776,109.132492,93.030449,58.890835
166.308472,109.264618,93.030449,58.890835
166.578598,109.731476,93.030449,58.890835
166.240906,109.714676,93.030449,58.890835
167.997742,110.910416,91.206322,57.736115
168.213882,111.909561,91.206322,57.736115
168.405991,112.435883,91.206322,57.736115
167.802063,112.485855,91.206322,57.736115
168.281967,112.619766,91.206322,57.736115
168.842010,113.022278,91.206322,57.736115
168.655624,113.707825,91.206322,57.736115
168.614288,113.907654,91.206322,57.736115
168.288528,114.427292,91.206322,57.736115
168.908218,114.604660,91.206322,57.736115
168.929031,115.344376,91.206322,57.736115
168.887878,115.932190,91.206322,57.736115
169.008301,116.650192,91.206322,57.736115
170.132568,117.548767,89.417961,56.604034
170.423004,117.841934,89.417961,56.604034
170.220886,117.748840,89.417961,56.604034
171.646729,118.199394,87.664673,55.494148
171.775299,119.046379,87.664673,55.494148
172.648453,119.512077,87.664673,55.494148
172.899277,119.190361,87.664673,55.494148
173.915192,119.651619,87.664673,55.494148
174.729675,119.371452,87.664673,55.494148
175.601562,118.882133,87.664673,55.494148
176.102798,119.239738,87.664673,55.494148
177.746033,119.661667,85.945755,54.406029
178.381439,119.749649,85.945755,54.406029
179.216110,119.985718,85.945755,54.406029
180.014679,119.335098,85.945755,54.406029
182.249252,119.933189,84.260544,53.339245
183.160660,119.827324,84.260544,53.339245
184.415421,119.883995,84.260544,53.339245
185.852814,119.923775,84.260544,53.339245
187.337067,120.029594,84.260544,53.339245
188.493164,120.266670,84.260544,53.339245
189.787445,120.694588,84.260544,53.339245
191.765564,120.704659,84.260544,53.339245
193.101929,120.740135,84.260544,53.339245
194.321793,120.719933,84.260544,53.339245
196.215805,120.822212,84.260544,53.339245
197.696213,120.993385,84.260544,53.339245
200.102646,121.203575,84.260544,53.339245
201.096100,121.544106,84.260544,53.339245
202.671082,121.245018,84.260544,53.339245
206.981476,122.461952,82.608376,52.293377
205.696732,121.252899,85.945755,54.406029
208.874741,121.414467,84.260544,53.339245
210.978592,121.105064,84.260544,53.339245
214.717270,122.568764,82.608376,52.293377
215.131744,122.374199,84.260544,53.339245
217.299103,122.066597,84.260544,53.339245
218.959869,122.651619,84.260544,53.339245
219.872375,122.734596,84.260544,53.339245
221.045288,122.742989,84.260544,53.339245
222.350159,122.638252,84.260544,53.339245
223.812225,122.357353,84.260544,53.339245
225.628937,121.863945,84.260544,53.339245
227.207581,122.145897,84.260544,53.339245
228.405487,122.417351,84.260544,53.339245
229.783478,122.198479,84.260544,53.339245
233.003616,123.695351,82.608376,52.293377
232.448975,123.396782,84.260544,53.339245
234.376556,123.095543,84.260544,53.339245
236.030487,123.399223,84.260544,53.339245
236.514175,122.545334,85.945755,54.406029
239.486053,123.491676,84.260544,53.339245
241.121490,122.880775,84.260544,53.339245
242.765015,122.889610,84.260544,53.339245
245.945923,122.148735,84.260544,53.339245
246.388290,121.761978,85.945755,54.406029
248.670822,122.005753,85.945755,54.406029
251.387680,121.828964,85.945755,54.406029
253.723221,122.035873,85.945755,54.406029
257.827911,122.783058,84.260544,53.339245
260.533539,123.188118,84.260544,53.339245
262.429474,124.023445,84.260544,53.339245
263.916992,124.541985,84.260544,53.339245
264.272400,124.067551,85.945755,54.406029
266.479645,124.491730,85.945755,54.406029
268.920685,125.727135,84.260544,53.339245
270.712830,125.930794,84.260544,53.339245
273.764984,126.221153,84.260544,53.339245
275.294250,126.353966,84.260544,53.339245
276.397919,125.438972,84.260544,53.339245
277.869110,124.914848,84.260544,53.339245
279.560883,124.839409,84.260544,53.339245
280.422089,124.539925,84.260544,53.339245
281.205353,124.057396,84.260544,53.339245
282.184845,124.134972,84.260544,53.339245
283.411255,123.855904,84.260544,53.339245
284.071503,123.341484,84.260544,53.339245
284.790070,122.537086,84.260544,53.339245
286.150665,122.231544,84.260544,53.339245
286.652924,122.415825,84.260544,53.339245
287.612671,121.423592,84.260544,53.339245
288.024811,121.237617,84.260544,53.339245
288.724731,121.367744,84.260544,53.339245
290.651917,120.870644,84.260544,53.339245
291.378021,121.478188,84.260544,53.339245
291.587311,121.199425,84.260544,53.339245
292.633636,121.138023,84.260544,53.339245
294.035889,119.992302,84.260544,53.339245
295.212799,119.018623,84.260544,53.339245
297.293335,118.552711,84.260544,53.339245
299.984039,117.624199,84.260544,53.339245
302.085449,117.098839,84.260544,53.339245
305.686523,117.151054,84.260544,53.339245
308.560364,117.400154,84.260544,53.339245
311.159821,117.373451,84.260544,53.339245
314.612183,118.469398,82.608376,52.293377
316.626495,119.517097,82.608376,52.293377
318.454254,120.159920,82.608376,52.293377
319.599670,120.405632,82.608376,52.293377
321.923340,120.984154,80.988609,51.268017
323.468231,121.228691,80.988609,51.268017
326.565643,121.537727,80.988609,51.268017
328.430756,121.261543,80.988609,51.268017
333.580688,122.529617,79.400597,50.262760
335.376099,122.655930,79.400597,50.262760
339.283051,122.566772,77.843719,49.277218
341.727539,121.918671,77.843719,49.277218
345.654694,121.202820,77.843719,49.277218
348.668213,120.380035,77.843719,49.277218
351.337555,118.763672,79.400597,50.262760
354.150116,118.954788,77.843719,49.277218
357.169952,117.968277,79.400597,50.262760
360.221954,116.545403,80.988609,51.268017
363.196167,116.110329,80.988609,51.268017
367.956665,117.080521,79.400597,50.262760
371.455963,116.913315,79.400597,50.262760
374.490723,116.862869,79.400597,50.262760
378.099030,117.741714,79.400597,50.262760
381.843719,118.283478,79.400597,50.262760
384.991852,118.561066,79.400597,50.262760
388.289978,119.436356,79.400597,50.262760
391.969543,119.887787,79.400597,50.262760
394.236847,120.239380,79.400597,50.262760
397.210571,121.024475,79.400597,50.262760
400.188416,121.388382,79.400597,50.262760
403.168884,122.246033,79.400597,50.262760
405.943176,122.573364,79.400597,50.262760
408.240997,123.416214,79.400597,50.262760
411.248260,123.736496,79.400597,50.262760
414.097992,124.416595,79.400597,50.262760
416.936676,124.361206,79.400597,50.262760
419.310974,124.136581,79.400597,50.262760
421.373383,123.832153,79.400597,50.262760
424.831116,124.288071,77.843719,49.277218
428.188599,124.264496,77.843719,49.277218
429.794037,124.450256,77.843719,49.277218
433.044678,123.927246,77.843719,49.277218
435.516418,124.353851,77.843719,49.277218
438.002960,125.845085,76.317375,48.310997
438.919739,125.569359,76.317375,48.310997
440.375824,126.270821,76.317375,48.310997
442.290009,126.348320,76.317375,48.310997
443.433014,126.371819,76.317375,48.310997
444.235870,126.301155,76.317375,48.310997
445.009705,126.113350,76.317375,48.310997
445.316162,125.588097,76.317375,48.310997
446.056183,125.752327,76.317375,48.310997
446.418610,126.072090,76.317375,48.310997
447.218201,125.838280,76.317375,48.310997
447.878296,126.493675,74.820953,47.363724
448.318634,125.965630,74.820953,47.363724
449.465027,126.356636,74.820953,47.363724
450.279083,126.044579,74.820953,47.363724
450.757629,126.691185,74.820953,47.363724
451.224762,126.423561,74.820953,47.363724
452.185852,126.165993,74.820953,47.363724
454.400055,127.721497,73.353874,46.435020
454.998322,128.292404,73.353874,46.435020
457.036163,127.868561,73.353874,46.435020
457.829224,127.662933,73.353874,46.435020
459.304016,128.820480,71.915565,45.524532
459.741058,128.709351,71.915565,45.524532
461.184021,128.394135,71.915565,45.524532
461.482635,128.205124,71.915565,45.524532
461.789551,128.671127,71.915565,45.524532
464.205780,128.985962,71.915565,45.524532
464.370544,128.311478,71.915565,45.524532
464.788116,126.978531,71.915565,45.524532
464.824677,127.072205,70.505455,44.631893
464.167694,126.475082,70.505455,44.631893
465.593811,126.377266,69.122993,43.756760
463.458740,124.990364,69.122993,43.756760
446.376892,122.835503,67.767639,42.898781
446.608154,119.105171,66.438866,42.057629
453.643982,145.615143,67.767639,42.898781
379.797058,224.658234,43.004898,27.223286
380.233765,226.266129,43.308037,27.415178
379.004242,223.931213,43.035023,27.242353
375.277466,230.065796,43.024975,27.235994
327.563446,152.643448,74.956894,47.449776
326.897003,154.353180,74.956894,47.449776
327.977203,152.972427,74.956894,47.449776
326.506195,153.650665,76.456032,48.398773
326.787048,153.489365,76.456032,48.398773
326.858948,153.964142,76.456032,48.398773
326.640717,153.365967,76.456032,48.398773
326.963165,153.514511,76.456032,48.398773
325.124817,153.142212,77.985153,49.366749
326.090942,153.846191,76.456032,48.398773
326.320007,152.597229,76.456032,48.398773
326.556702,153.285019,76.456032,48.398773
326.908569,153.283615,76.456032,48.398773
325.236755,152.581268,77.985153,49.366749
326.454346,153.214600,76.456032,48.398773
326.782379,153.340836,76.456032,48.398773
325.380859,152.585281,77.985153,49.366749
326.480377,153.353485,76.456032,48.398773
326.617279,153.494080,76.456032,48.398773
326.854095,153.641663,76.456032,48.398773
325.339722,153.000107,77.985153,49.366749
326.419800,153.509705,76.456032,48.398773
326.814758,153.594299,76.456032,48.398773
325.217163,152.986893,77.985153,49.366749
326.159607,153.624313,76.456032,48.398773
326.293762,153.839417,76.456032,48.398773
326.747131,153.225540,74.956894,47.449776
326.453674,153.890015,74.956894,47.449776
327.039764,153.769806,74.956894,47.449776
326.569550,153.550293,76.456032,48.398773
326.656250,153.897186,76.456032,48.398773
327.177734,153.683533,74.956894,47.449776
326.700989,153.776627,76.456032,48.398773
327.005524,154.577682,76.456032,48.398773
325.304779,153.675949,77.985153,49.366749
326.543182,154.136124,76.456032,48.398773
326.898071,154.397705,76.456032,48.398773
325.278259,153.789734,77.985153,49.366749
326.447662,154.577957,76.456032,48.398773
326.768860,154.776932,76.456032,48.398773
326.918030,155.206375,76.456032,48.398773
326.425598,155.077911,76.456032,48.398773
327.037964,154.921478,74.956894,47.449776
326.754272,155.041412,74.956894,47.449776
326.541718,155.198364,74.956894,47.449776
326.234711,155.534805,74.956894,47.449776
327.457550,155.725647,73.487152,46.519390
326.190918,155.746536,74.956894,47.449776
327.270721,156.096802,73.487152,46.519390
326.004089,155.544357,74.956894,47.449776
327.111542,155.957672,73.487152,46.519390
327.241821,156.048355,73.487152,46.519390
327.623749,155.967468,73.487152,46.519390
327.130035,156.011444,73.487152,46.519390
327.316986,156.055252,73.487152,46.519390
326.704285,156.291473,73.487152,46.519390
326.774994,156.444489,73.487152,46.519390
326.951538,156.669571,73.487152,46.519390
327.061737,157.065536,73.487152,46.519390
328.196747,157.405380,72.046227,45.607243
326.527008,156.625336,73.487152,46.519390
327.403961,157.968018,72.046227,45.607243
327.653351,158.052689,72.046227,45.607243
327.958435,158.288681,72.046227,45.607243
328.888977,158.349365,70.633553,44.712982
327.697144,158.537231,72.046227,45.607243
328.586761,158.781525,70.633553,44.712982
328.832092,158.637939,70.633553,44.712982
327.612915,158.880905,72.046227,45.607243
328.256561,159.294678,70.633553,44.712982
328.449860,159.227203,70.633553,44.712982
328.424469,159.138138,70.633553,44.712982
328.444275,159.167892,70.633553,44.712982
328.528625,159.174866,70.633553,44.712982
328.595795,159.147415,70.633553,44.712982
328.577240,159.176346,70.633553,44.712982
328.590424,159.240219,70.633553,44.712982
328.618439,159.360443,70.633553,44.712982
328.602173,159.622009,70.633553,44.712982
328.544678,159.953033,70.633553,44.712982
328.535339,159.557938,70.633553,44.712982
328.601135,159.977081,70.633553,44.712982
328.621643,159.738571,70.633553,44.712982
328.742004,159.559082,70.633553,44.712982
327.483978,159.888184,72.046227,45.607243
328.397583,160.166641,70.633553,44.712982
328.770721,160.118225,70.633553,44.712982
328.402679,160.275284,70.633553,44.712982
328.929718,160.438446,70.633553,44.712982
328.654785,160.749802,70.633553,44.712982
329.625000,160.352615,69.248581,43.836258
328.842987,160.482376,70.633553,44.712982
328.720123,161.147949,70.633553,44.712982
328.763855,161.206451,70.633553,44.712982
328.920807,161.386734,70.633553,44.712982
329.110077,161.594391,70.633553,44.712982
329.491760,161.857147,70.633553,44.712982
329.790924,161.297760,70.633553,44.712982
329.216522,161.704391,70.633553,44.712982
329.564423,161.369202,70.633553,44.712982
330.153534,161.818893,69.248581,43.836258
330.044434,161.800415,69.248581,43.836258
329.950958,161.743515,69.248581,43.836258
329.914886,161.864365,69.248581,43.836258
329.885773,161.872482,69.248581,43.836258
330.102661,161.691162,69.248581,43.836258
330.398529,161.532532,69.248581,43.836258
329.801208,161.131882,70.633553,44.712982
329.967651,161.131439,70.633553,44.712982
330.196625,161.045181,70.633553,44.712982
330.560089,160.864685,70.633553,44.712982
330.945099,160.629318,70.633553,44.712982
329.963806,160.785980,72.046227,45.607243
331.162354,160.891586,70.633553,44.712982
330.149933,160.176727,72.046227,45.607243
329.922943,160.523529,72.046227,45.607243
331.045166,160.370712,70.633553,44.712982
329.870331,160.307938,72.046227,45.607243
330.744019,159.988174,70.633553,44.712982
329.353607,159.551376,72.046227,45.607243
329.460022,159.529816,72.046227,45.607243
329.582275,159.301743,72.046227,45.607243
329.618774,159.176010,72.046227,45.607243
329.612610,159.623535,72.046227,45.607243
329.646454,159.382736,72.046227,45.607243
329.785217,159.112579,72.046227,45.607243
329.929901,159.457993,72.046227,45.607243
329.988312,158.987778,72.046227,45.607243
328.258911,158.479813,73.487152,46.519390
328.096802,158.361053,73.487152,46.519390
329.717224,158.825134,72.046227,45.607243
329.817230,158.959793,72.046227,45.607243
329.821472,158.975830,72.046227,45.607243
328.772736,158.138702,73.487152,46.519390
328.393585,157.725693,73.487152,46.519390
327.984680,157.911575,73.487152,46.519390
329.278168,158.127274,72.046227,45.607243
327.898834,157.742218,73.487152,46.519390
329.149689,157.914917,72.046227,45.607243
327.831116,157.485001,73.487152,46.519390
327.878601,157.339752,73.487152,46.519390
327.862671,157.178345,73.487152,46.519390
327.780334,156.966614,73.487152,46.519390
327.790253,156.811554,73.487152,46.519390
327.648346,156.434509,73.487152,46.519390
327.482574,156.668533,73.487152,46.519390
327.316254,156.974075,73.487152,46.519390
327.291779,156.390869,73.487152,46.519390
327.227692,156.378937,73.487152,46.519390
329.100067,157.216888,72.046227,45.607243
327.417236,155.789810,73.487152,46.519390
328.494507,156.320801,72.046227,45.607243
328.830597,156.458282,72.046227,45.607243
329.122620,156.359528,72.046227,45.607243
327.555176,155.311264,73.487152,46.519390
328.665497,156.513550,72.046227,45.607243
329.062561,156.332870,72.046227,45.607243
327.564911,155.203110,73.487152,46.519390
328.645050,156.428040,72.046227,45.607243
329.019806,156.230774,72.046227,45.607243
327.283661,155.176941,73.487152,46.519390
328.383087,156.373245,72.046227,45.607243
328.502441,156.167465,72.046227,45.607243
328.733063,156.838165,72.046227,45.607243
327.679718,155.622040,73.487152,46.519390
327.401825,155.720581,73.487152,46.519390
327.082611,155.781418,73.487152,46.519390
328.726562,156.010178,72.046227,45.607243
327.720184,155.555649,73.487152,46.519390
327.349487,155.579849,73.487152,46.519390
327.090332,155.466034,73.487152,46.519390
328.841187,156.393982,72.046227,45.607243
328.925659,155.991013,72.046227,45.607243
329.164551,156.330093,72.046227,45.607243
327.374237,154.828400,73.487152,46.519390
328.272064,155.623352,72.046227,45.607243
328.501099,155.916229,72.046227,45.607243
328.802063,156.047699,72.046227,45.607243
328.984161,156.048798,72.046227,45.607243
327.193024,155.002121,73.487152,46.519390
329.737946,155.978439,70.633553,44.712982
328.314911,155.332642,72.046227,45.607243
329.024414,155.591019,70.633553,44.712982
328.925171,156.105728,70.633553,44.712982
328.809265,155.694077,70.633553,44.712982
328.979828,155.311707,69.248581,43.836258
329.855804,155.629852,67.890770,42.976723
330.665436,155.690735,66.559578,42.134045
330.727783,155.235214,66.559578,42.134045
330.157379,153.782959,66.559578,42.134045
330.913605,155.773407,65.254486,41.307884
332.423492,156.403000,63.974987,40.497929
331.563782,157.359802,65.254486,41.307884
331.521423,157.432465,65.254486,41.307884
331.372009,157.600403,65.254486,41.307884
332.253052,157.644547,65.254486,41.307884
332.149384,157.630356,65.254486,41.307884
331.991577,157.599686,65.254486,41.307884
331.949249,157.550629,65.254486,41.307884
331.894592,157.478226,65.254486,41.307884
332.032959,157.477844,65.254486,41.307884
332.233154,157.674881,65.254486,41.307884
332.613190,157.989655,65.254486,41.307884
332.294006,158.437073,65.254486,41.307884
333.493256,158.795929,63.974987,40.497929
334.041443,159.554703,62.720573,39.703850
333.875397,159.969131,62.720573,39.703850
333.687012,160.253082,62.720573,39.703850
334.064270,160.350372,61.490761,38.925343
334.797913,160.971481,61.490761,38.925343
334.979736,161.141556,60.285057,38.162102
334.508392,161.046036,60.285057,38.162102
335.631012,161.812469,59.102997,37.413826
335.431122,162.234406,59.102997,37.413826
335.965210,162.811432,59.102997,37.413826
335.814148,162.564560,59.102997,37.413826
335.782806,162.553635,59.102997,37.413826
336.516968,163.024338,57.944115,36.680222
336.844208,163.177338,57.944115,36.680222
337.148102,163.430313,57.944115,36.680222
336.147552,163.344666,59.102997,37.413826
337.061523,163.749084,57.944115,36.680222
336.667999,164.127274,57.944115,36.680222
337.499420,165.705276,56.807957,35.960999
338.497559,167.682022,55.694077,35.255882
337.462555,165.508514,56.807957,35.960999
338.710297,168.406464,55.694077,35.255882
337.843475,168.739502,56.807957,35.960999
335.082550,172.832718,56.807957,35.960999
334.110046,174.002518,56.807957,35.960999
333.255768,174.157959,56.807957,35.960999
332.187042,173.273499,56.807957,35.960999
331.958405,173.955780,56.807957,35.960999
339.876801,179.299454,56.807957,35.960999
340.676208,179.855499,55.694077,35.255882
339.997986,180.459183,55.694077,35.255882
340.977570,181.685104,54.602036,34.564590
340.522522,182.260681,54.602036,34.564590
340.884979,182.361450,54.602036,34.564590
339.624542,181.296570,55.694077,35.255882
340.173950,181.497040,55.694077,35.255882
340.038025,180.811279,55.694077,35.255882
341.604553,181.745544,55.694077,35.255882
341.613068,180.986572,55.694077,35.255882
341.575256,181.023972,55.694077,35.255882
341.671875,180.905777,55.694077,35.255882
341.561981,181.393539,55.694077,35.255882
341.083252,180.657181,55.694077,35.255882
342.440155,181.604599,54.602036,34.564590
342.309479,182.173096,54.602036,34.564590
341.110352,181.588730,55.694077,35.255882
342.049713,182.348206,54.602036,34.564590
340.950378,182.572525,54.602036,34.564590
341.016663,182.967590,54.602036,34.564590
340.572205,182.671555,54.602036,34.564590
340.865112,183.184311,53.531406,33.886852
340.460724,182.514465,53.531406,33.886852
341.342407,183.883179,52.481770,33.222404
341.653839,184.101776,52.481770,33.222404
342.351685,184.357437,52.481770,33.222404
342.620758,184.423370,52.481770,33.222404
342.787231,183.571045,52.481770,33.222404
343.045990,184.074982,51.452717,32.570988
343.862762,184.765427,51.452717,32.570988
343.141266,184.254868,51.452717,32.570988
344.071228,185.046600,51.452717,32.570988
343.519592,184.578766,51.452717,32.570988
343.908752,185.269073,51.452717,32.570988
343.445618,185.232422,51.452717,32.570988
342.885162,185.308868,50.443840,31.932339
343.734497,186.520493,49.454746,31.306215
344.097778,186.663681,49.454746,31.306215
344.414886,186.776688,49.454746,31.306215
265.185211,221.161697,76.831596,48.636517
268.035706,220.520126,76.831596,48.636517
267.150085,220.111038,75.325096,47.682858
267.714447,221.794159,76.831596,48.636517
265.833923,222.597763,75.325096,47.682858
267.178802,208.024200,75.325096,47.682858
267.894073,208.158127,75.325096,47.682858
266.911163,208.684906,76.831596,48.636517
267.439026,209.368988,76.831596,48.636517
267.301453,210.482132,76.831596,48.636517
267.712646,211.440369,76.831596,48.636517
266.075806,211.516724,78.368225,49.609245
266.291046,211.100540,78.368225,49.609245
266.158417,212.955795,78.368225,49.609245
266.088593,213.440216,78.368225,49.609245
265.709686,214.294556,78.368225,49.609245
266.217834,215.006927,76.831596,48.636517
265.694733,215.805832,76.831596,48.636517
264.841736,216.033661,76.831596,48.636517
265.083832,217.289703,75.325096,47.682858
265.951752,219.230087,73.848129,46.747902
265.797241,219.875183,73.848129,46.747902
265.214111,218.675079,73.848129,46.747902
265.047913,219.494522,73.848129,46.747902
265.866791,221.000931,72.400131,45.831276
264.656982,221.061234,73.848129,46.747902
264.684052,220.844498,72.400131,45.831276
265.312500,221.942123,70.980522,44.932621
265.524597,222.452515,70.980522,44.932621
264.171265,222.819778,72.400131,45.831276
264.329193,223.503860,70.980522,44.932621
265.471191,225.145081,69.588745,44.051590
263.937317,223.965073,70.980522,44.932621
264.724152,225.621582,69.588745,44.051590
264.318512,225.781586,69.588745,44.051590
263.734253,226.292160,69.588745,44.051590
263.732605,226.346344,69.588745,44.051590
263.175415,226.428528,69.588745,44.051590
263.095673,226.670181,69.588745,44.051590
262.576630,226.519638,69.588745,44.051590
262.067352,226.532944,69.588745,44.051590
262.328125,227.228241,69.588745,44.051590
260.688477,226.356522,70.980522,44.932621
260.554993,227.589523,70.980522,44.932621
260.308868,226.705688,70.980522,44.932621
261.477783,228.334885,69.588745,44.051590
261.123657,228.896378,69.588745,44.051590
260.959381,229.831345,69.588745,44.051590
260.992828,230.672684,69.588745,44.051590
260.637634,231.261230,69.588745,44.051590
259.522400,231.611343,70.980522,44.932621
258.959625,232.198273,70.980522,44.932621
258.676361,233.443924,70.980522,44.932621
258.623077,234.164795,70.980522,44.932621
258.401428,234.678162,70.980522,44.932621
258.961731,234.536316,70.980522,44.932621
257.942047,235.173798,70.980522,44.932621
258.104858,236.525589,69.588745,44.051590
258.059082,236.502731,69.588745,44.051590
257.777710,236.844406,69.588745,44.051590
271.685577,210.066666,69.588745,44.051590
270.600800,208.511276,70.980522,44.932621
271.764832,210.669159,69.588745,44.051590
271.210541,209.440445,70.980522,44.932621
271.508911,210.022537,70.980522,44.932621
270.471619,209.683304,70.980522,44.932621
269.917389,209.684662,70.980522,44.932621
268.841736,209.826385,70.980522,44.932621
268.183014,209.865311,70.980522,44.932621
269.662964,211.445663,69.588745,44.051590
268.378326,211.279755,70.980522,44.932621
267.844635,211.551102,70.980522,44.932621
267.486572,211.079834,70.980522,44.932621
267.703979,211.528549,70.980522,44.932621
266.855469,212.718231,70.980522,44.932621
267.269287,212.042068,70.980522,44.932621
267.423035,212.259857,70.980522,44.932621
266.713440,212.304260,72.400131,45.831276
266.939423,211.886658,72.400131,45.831276
266.199402,212.609085,72.400131,45.831276
266.324158,212.530060,72.400131,45.831276
266.590057,212.464828,72.400131,45.831276
266.799835,212.229172,72.400131,45.831276
266.924744,212.114685,72.400131,45.831276
266.313202,212.181366,72.400131,45.831276
266.403900,212.308807,72.400131,45.831276
266.104706,212.338165,72.400131,45.831276
266.122375,212.291199,72.400131,45.831276
266.077759,212.009018,72.400131,45.831276
266.132965,212.352158,72.400131,45.831276
266.555359,211.889572,72.400131,45.831276
266.792480,212.285904,72.400131,45.831276
267.003571,212.191452,72.400131,45.831276
266.653870,212.006134,72.400131,45.831276
266.989807,212.765060,72.400131,45.831276
266.805145,212.324402,72.400131,45.831276
266.569275,212.267471,72.400131,45.831276
266.676086,212.191223,73.848129,46.747902
266.862091,212.291580,73.848129,46.747902
266.786011,212.858643,73.848129,46.747902
266.494385,212.843475,73.848129,46.747902
266.225525,212.880615,73.848129,46.747902
266.110077,212.626831,73.848129,46.747902
265.948364,212.356216,73.848129,46.747902
266.584412,213.283951,73.848129,46.747902
266.498138,213.328354,73.848129,46.747902
266.503021,213.412842,73.848129,46.747902
266.534119,213.522324,73.848129,46.747902
266.576935,213.502899,73.848129,46.747902
267.187408,213.714783,73.848129,46.747902
266.521698,212.462616,73.848129,46.747902
267.248199,213.132416,73.848129,46.747902
266.928101,212.691971,73.848129,46.747902
267.453064,212.199844,73.848129,46.747902
267.583405,212.138107,72.400131,45.831276
267.637360,211.578873,72.400131,45.831276
267.452148,211.682083,72.400131,45.831276
267.118042,211.538422,72.400131,45.831276
266.627228,211.251862,72.400131,45.831276
266.543488,210.715042,72.400131,45.831276
266.119965,210.833237,72.400131,45.831276
265.283203,210.587341,72.400131,45.831276
265.261414,210.812286,70.980522,44.932621
265.839630,210.887924,69.588745,44.051590
265.398895,211.366608,68.224258,43.187832
263.706360,211.374237,68.224258,43.187832
262.327393,211.512878,68.224258,43.187832
260.106598,210.770798,68.224258,43.187832
257.871552,210.472534,68.224258,43.187832
257.383087,210.820129,66.886528,42.341015
254.523361,210.982086,65.575027,41.510796
251.801712,210.289337,65.575027,41.510796
250.054993,210.052628,64.289246,40.696861
248.251175,210.340683,63.028671,39.898884
246.915512,210.222672,63.028671,39.898884
244.219162,209.542404,63.028671,39.898884
243.748917,210.193420,61.792812,39.116550
241.838760,210.873413,61.792812,39.116550
241.011490,210.107941,61.792812,39.116550
240.291534,210.140762,60.581188,38.349560
239.348816,209.773743,60.581188,38.349560
238.777802,210.145996,60.581188,38.349560
237.803589,209.716339,60.581188,38.349560
237.022003,209.877457,60.581188,38.349560
237.118347,209.077164,60.581188,38.349560
236.629364,208.839691,60.581188,38.349560
236.798584,208.577759,60.581188,38.349560
236.821899,209.991196,59.393322,37.597607
237.258881,209.918320,59.393322,37.597607
237.548492,209.737030,59.393322,37.597607
237.569305,210.110794,58.228748,36.860401
237.684296,209.665054,58.228748,36.860401
237.802673,209.232376,58.228748,36.860401
237.972870,209.534821,58.228748,36.860401
236.917023,209.820679,58.228748,36.860401
237.137665,209.057999,58.228748,36.860401
237.259277,209.124756,58.228748,36.860401
237.463989,209.350357,58.228748,36.860401
237.433716,209.306900,58.228748,36.860401
237.750214,209.495453,58.228748,36.860401
237.818481,209.722672,58.228748,36.860401
238.065613,208.992371,58.228748,36.860401
237.199493,209.234421,58.228748,36.860401
237.283386,209.506622,58.228748,36.860401
237.250916,209.520004,58.228748,36.860401
237.026398,209.564224,58.228748,36.860401
236.662476,209.659210,58.228748,36.860401
237.485931,208.718811,58.228748,36.860401
237.314056,208.844757,58.228748,36.860401
236.962097,209.075974,58.228748,36.860401
236.520416,209.136124,58.228748,36.860401
236.963806,208.995789,58.228748,36.860401
236.599487,209.106461,58.228748,36.860401
237.151367,209.010956,58.228748,36.860401
237.363693,209.450806,57.087009,36.137646
237.902420,209.419479,57.087009,36.137646
237.521133,209.355682,57.087009,36.137646
237.301224,209.300293,57.087009,36.137646
238.014450,208.981979,57.087009,36.137646
237.892899,208.949738,57.087009,36.137646
237.845322,208.837967,57.087009,36.137646
237.497086,209.306259,57.087009,36.137646
237.569412,208.998215,57.087009,36.137646
237.494431,208.779144,57.087009,36.137646
237.406693,209.312698,57.087009,36.137646
238.596329,208.728577,57.087009,36.137646
237.739792,209.188065,57.087009,36.137646
238.107925,208.860565,57.087009,36.137646
238.125931,209.188110,57.087009,36.137646
238.402359,208.611649,57.087009,36.137646
238.335159,208.805695,57.087009,36.137646
238.398727,208.919937,57.087009,36.137646
238.574875,208.984741,57.087009,36.137646
238.072861,208.319229,57.087009,36.137646
238.186752,208.504288,57.087009,36.137646
238.565109,208.539322,57.087009,36.137646
238.008560,208.777420,57.087009,36.137646
238.198959,208.688492,57.087009,36.137646
238.758453,208.503922,55.967655,35.429066
238.899750,208.034637,55.967655,35.429066
238.774597,208.333694,55.967655,35.429066
238.906342,207.722870,55.967655,35.429066
238.926880,207.571762,55.967655,35.429066
239.066711,207.402908,55.967655,35.429066
238.437958,207.195999,55.967655,35.429066
238.523407,207.514664,55.967655,35.429066
238.713348,206.945938,55.967655,35.429066
238.752441,206.973953,55.967655,35.429066
238.624146,207.089172,55.967655,35.429066
238.522705,207.178467,55.967655,35.429066
238.652191,206.955307,55.967655,35.429066
238.564880,206.729095,55.967655,35.429066
238.885986,206.607407,54.870251,34.734379
239.150116,207.496246,53.794361,34.053310
239.301270,207.096329,53.794361,34.053310
239.756012,206.721817,53.794361,34.053310
239.624146,206.875137,53.794361,34.053310
240.399078,207.368500,52.739571,33.385601
241.002167,206.646759,52.739571,33.385601
240.420532,206.938965,52.739571,33.385601
240.592407,207.018280,52.739571,33.385601
240.884766,207.094513,52.739571,33.385601
240.221832,207.302322,52.739571,33.385601
240.586456,207.170776,52.739571,33.385601
240.982330,207.054581,52.739571,33.385601
240.535828,206.889603,52.739571,33.385601
241.069855,206.677856,52.739571,33.385601
240.944580,206.471558,52.739571,33.385601
240.717773,206.254410,52.739571,33.385601
240.380997,206.528610,51.705463,32.730980
240.261917,206.314438,51.705463,32.730980
240.101059,206.085159,51.705463,32.730980
241.588913,206.426575,50.691628,32.089195
241.645218,206.546310,50.691628,32.089195
240.737717,205.757904,51.705463,32.730980
240.267838,205.465103,51.705463,32.730980
239.494888,205.766235,51.705463,32.730980
239.885941,205.149567,51.705463,32.730980
240.759384,206.045792,50.691628,32.089195
239.697678,205.332260,51.705463,32.730980
240.510391,206.395126,50.691628,32.089195
240.120102,205.637100,51.705463,32.730980
240.076218,205.286682,51.705463,32.730980
239.683060,205.578552,51.705463,32.730980
239.097610,205.912918,51.705463,32.730980
239.364822,205.517059,51.705463,32.730980
238.213470,206.378036,52.739571,33.385601
238.083954,205.883560,53.794361,34.053310
237.953186,206.843689,53.794361,34.053310
236.799713,206.539307,54.870251,34.734379
235.123108,206.705597,55.967655,35.429066
234.522964,206.431564,57.087009,36.137646
234.298264,206.881958,57.087009,36.137646
234.140137,207.003662,58.228748,36.860401
232.686218,206.525177,59.393322,37.597607
232.216125,206.459732,59.393322,37.597607
232.534058,206.506027,59.393322,37.597607
231.701050,206.945557,59.393322,37.597607
231.604492,207.489258,59.393322,37.597607
231.336090,207.533478,59.393322,37.597607
230.625397,207.395096,59.393322,37.597607
230.795685,207.348221,59.393322,37.597607
230.507019,207.265656,59.393322,37.597607
230.093903,207.501434,59.393322,37.597607
229.141815,207.211578,60.581188,38.349560
229.133453,207.229782,60.581188,38.349560
228.789703,207.155289,60.581188,38.349560
228.318970,207.094803,60.581188,38.349560
228.476379,207.142426,60.581188,38.349560
228.775574,207.358810,60.581188,38.349560
228.118866,207.343964,60.581188,38.349560
228.263275,207.365479,60.581188,38.349560
228.328766,207.339478,60.581188,38.349560
228.217957,207.733337,60.581188,38.349560
228.049133,208.076569,60.581188,38.349560
227.090378,207.265717,61.792812,39.116550
227.549271,207.845032,61.792812,39.116550
226.908798,207.607498,61.792812,39.116550
226.343246,207.116058,63.028671,39.898884
225.733734,206.869125,64.289246,40.696861
225.622131,207.368378,64.289246,40.696861
225.607880,207.836929,64.289246,40.696861
224.634933,207.139404,65.575027,41.510796
224.570480,207.214050,65.575027,41.510796
224.357132,207.513138,65.575027,41.510796
223.898849,207.093872,65.575027,41.510796
224.132599,207.774673,66.886528,42.341015
224.033813,207.244049,66.886528,42.341015
223.987213,206.807480,66.886528,42.341015
224.015259,207.291077,66.886528,42.341015
223.875763,206.870071,66.886528,42.341015
223.806580,206.598602,66.886528,42.341015
223.682617,206.998886,66.886528,42.341015
222.500198,206.359070,68.224258,43.187832
222.815598,207.350677,68.224258,43.187832
223.005356,207.392685,68.224258,43.187832
222.164169,207.761307,68.224258,43.187832
221.978836,206.798553,68.224258,43.187832
221.723343,206.526535,68.224258,43.187832
221.825577,206.509003,68.224258,43.187832
221.267212,205.955978,69.588745,44.051590
220.505493,206.614746,69.588745,44.051590
220.435486,206.522095,69.588745,44.051590
218.842545,205.618790,70.980522,44.932621
218.713669,204.929352,70.980522,44.932621
218.582687,204.943695,70.980522,44.932621
218.723007,204.830109,70.980522,44.932621
218.571320,204.787628,70.980522,44.932621
218.385269,204.727814,70.980522,44.932621
218.841125,204.817642,70.980522,44.932621
218.624374,204.733658,70.980522,44.932621
218.366989,204.849396,70.980522,44.932621
218.697876,204.711761,70.980522,44.932621
218.568726,204.607605,70.980522,44.932621
218.394882,204.638870,70.980522,44.932621
218.199249,204.380127,72.400131,45.831276
218.758850,204.892502,70.980522,44.932621
218.758255,204.892731,70.980522,44.932621
218.998688,205.107544,70.980522,44.932621
219.232239,205.033020,70.980522,44.932621
219.697815,205.079300,70.980522,44.932621
219.403900,205.283722,70.980522,44.932621
219.859695,205.211746,70.980522,44.932621
219.960129,205.254868,70.980522,44.932621
219.817657,205.314301,70.980522,44.932621
219.348267,205.204315,70.980522,44.932621
219.625671,205.392273,70.980522,44.932621
219.213928,205.618210,70.980522,44.932621
219.607010,204.964645,70.980522,44.932621
219.999481,205.862488,69.588745,44.051590
220.351089,206.088089,69.588745,44.051590
220.034210,205.839569,69.588745,44.051590
220.672714,206.332657,69.588745,44.051590
219.154846,205.316742,70.980522,44.932621
220.426880,206.021271,69.588745,44.051590
219.016113,204.968903,70.980522,44.932621
219.093750,205.291351,70.980522,44.932621
218.686905,205.621368,70.980522,44.932621
218.470810,205.155487,70.980522,44.932621
220.030258,205.876587,69.588745,44.051590
218.870865,205.739136,70.980522,44.932621
218.292908,205.249817,70.980522,44.932621
218.261841,205.351700,70.980522,44.932621
217.888062,205.471375,70.980522,44.932621
217.771255,205.836334,70.980522,44.932621
217.268051,205.042374,70.980522,44.932621
218.724640,205.508743,69.588745,44.051590
217.402328,205.204971,70.980522,44.932621
217.520523,205.270126,70.980522,44.932621
216.885071,205.369202,70.980522,44.932621
216.882721,205.437805,70.980522,44.932621
216.841599,205.558777,70.980522,44.932621
216.700500,204.774124,70.980522,44.932621
216.615173,204.947815,70.980522,44.932621
216.482239,205.546371,70.980522,44.932621
218.347870,205.707565,69.588745,44.051590
219.381332,207.139008,66.886528,42.341015
218.263794,206.391144,69.588745,44.051590
219.025894,207.207474,66.886528,42.341015
218.499573,207.194290,68.224258,43.187832
218.487473,207.567795,68.224258,43.187832
218.320755,207.156815,68.224258,43.187832
217.839890,207.888290,68.224258,43.187832
217.255096,207.407578,69.588745,44.051590
216.082886,207.675156,69.588745,44.051590
215.071609,207.182373,70.980522,44.932621
214.408463,207.441620,70.980522,44.932621
214.336182,207.246979,70.980522,44.932621
213.867126,207.193848,70.980522,44.932621
214.073975,207.613205,69.588745,44.051590
214.214050,207.447983,69.588745,44.051590
214.185623,207.585526,68.224258,43.187832
213.993195,207.053528,68.224258,43.187832
213.408310,207.390244,68.224258,43.187832
212.798203,206.942841,69.588745,44.051590
212.509277,207.733826,69.588745,44.051590
212.592850,207.292023,69.588745,44.051590
213.171326,206.538956,69.588745,44.051590
213.895309,206.791122,69.588745,44.051590
214.056290,206.991714,69.588745,44.051590
214.502823,206.716156,69.588745,44.051590
214.399918,207.600800,69.588745,44.051590
214.470169,206.846909,69.588745,44.051590
214.682907,206.823868,69.588745,44.051590
214.816818,206.765137,69.588745,44.051590
215.180542,206.815125,69.588745,44.051590
215.602509,206.892365,69.588745,44.051590
215.369446,206.829865,69.588745,44.051590
215.127884,206.656052,69.588745,44.051590
215.845490,206.540131,69.588745,44.051590
215.832779,206.223618,69.588745,44.051590
216.122437,205.808075,69.588745,44.051590
216.359940,206.379059,69.588745,44.051590
214.849594,205.626587,70.980522,44.932621
215.980133,205.573502,69.588745,44.051590
216.432541,205.624268,69.588745,44.051590
216.090179,205.891083,69.588745,44.051590
216.517624,205.996643,69.588745,44.051590
216.257660,205.533630,69.588745,44.051590
215.858887,205.697906,69.588745,44.051590
216.185776,205.601212,69.588745,44.051590
216.346298,205.494476,69.588745,44.051590
215.542709,205.845398,69.588745,44.051590
215.583557,205.594955,69.588745,44.051590
215.408112,205.732956,69.588745,44.051590
215.150543,205.756851,69.588745,44.051590
215.498520,205.593704,69.588745,44.051590
215.117874,205.144440,69.588745,44.051590
215.296082,204.813202,69.588745,44.051590
214.532135,205.722473,69.588745,44.051590
214.467377,205.635178,69.588745,44.051590
214.254547,205.422852,69.588745,44.051590
214.012253,205.033844,69.588745,44.051590
214.216354,204.326248,69.588745,44.051590
214.414780,204.883530,68.224258,43.187832
214.484024,204.895248,68.224258,43.187832
214.567368,204.732208,68.224258,43.187832
214.517471,204.738083,68.224258,43.187832
214.348251,204.505676,68.224258,43.187832
213.982361,204.941620,68.224258,43.187832
213.770615,204.954346,68.224258,43.187832
214.212097,204.703552,68.224258,43.187832
213.757355,204.808365,68.224258,43.187832
213.960526,204.756897,68.224258,43.187832
213.441895,204.809891,68.224258,43.187832
213.797974,204.835266,68.224258,43.187832
213.998642,204.706192,68.224258,43.187832
213.385162,205.031921,68.224258,43.187832
213.606506,205.272125,68.224258,43.187832
213.764313,205.235565,68.224258,43.187832
235.619461,206.670547,68.224258,43.187832
235.770172,205.893250,70.980522,44.932621
234.892761,206.368988,70.980522,44.932621
234.599487,206.294083,70.980522,44.932621
234.150848,205.899536,70.980522,44.932621
211.845032,204.496460,70.980522,44.932621
213.002716,205.569366,68.224258,43.187832
213.786850,205.082520,66.886528,42.341015
213.647186,205.268326,66.886528,42.341015
213.489441,205.311401,66.886528,42.341015
214.195480,204.882690,66.886528,42.341015
214.121506,204.902985,66.886528,42.341015
214.027954,204.807709,66.886528,42.341015
213.809769,205.762955,66.886528,42.341015
213.840057,205.525986,66.886528,42.341015
213.851685,205.610153,66.886528,42.341015
213.836456,205.345505,66.886528,42.341015
214.065231,204.970795,66.886528,42.341015
214.132080,204.432648,66.886528,42.341015
214.509674,204.687286,65.575027,41.510796
214.257004,204.753403,65.575027,41.510796
214.152740,204.701782,65.575027,41.510796
216.406799,204.672104,63.028671,39.898884
214.834366,204.373550,65.575027,41.510796
214.760345,204.184921,65.575027,41.510796
214.677490,204.992844,65.575027,41.510796
214.811523,204.808640,65.575027,41.510796
215.071442,204.465988,65.575027,41.510796
215.411911,203.965363,65.575027,41.510796
214.550125,204.529678,66.886528,42.341015
216.515274,204.560989,64.289246,40.696861
215.511673,204.577850,65.575027,41.510796
215.490067,204.297638,65.575027,41.510796
215.578629,204.218506,65.575027,41.510796
215.640045,204.943497,65.575027,41.510796
215.695786,204.428299,65.575027,41.510796
215.952820,204.239944,65.575027,41.510796
216.032135,204.939926,65.575027,41.510796
216.335663,204.606979,65.575027,41.510796
215.608963,204.660019,66.886528,42.341015
215.604401,205.164856,66.886528,42.341015
215.522156,205.152252,66.886528,42.341015
216.729584,204.402390,65.575027,41.510796
216.045441,204.614090,66.886528,42.341015
216.003372,205.566330,66.886528,42.341015
216.210724,205.330185,66.886528,42.341015
216.694901,205.263412,66.886528,42.341015
215.741974,205.145279,68.224258,43.187832
216.692474,205.549896,66.886528,42.341015
215.773056,205.346207,68.224258,43.187832
237.628235,206.846573,66.886528,42.341015
237.509308,207.220825,66.886528,42.341015
236.735840,206.091309,69.588745,44.051590
236.373108,205.235214,70.980522,44.932621
235.279007,205.312836,72.400131,45.831276
236.537888,205.414810,72.400131,45.831276
235.635040,204.927231,73.848129,46.747902
235.548157,204.796646,73.848129,46.747902
236.498474,204.358994,73.848129,46.747902
236.881989,204.534882,73.848129,46.747902
216.884033,204.315247,73.848129,46.747902
218.491501,204.536636,70.980522,44.932621
219.198547,204.026810,70.980522,44.932621
220.823441,204.642303,69.588745,44.051590
221.531891,204.963425,69.588745,44.051590
244.181702,208.579865,69.588745,44.051590
244.333878,206.368408,72.400131,45.831276
244.478485,205.551102,73.848129,46.747902
246.326416,205.676178,73.848129,46.747902
246.331070,206.127502,75.325096,47.682858
250.629059,206.238541,73.848129,46.747902
250.737778,205.081604,75.325096,47.682858
251.923477,204.682648,75.325096,47.682858
255.120239,205.458115,73.848129,46.747902
255.412491,205.037750,75.325096,47.682858
257.693909,205.056198,75.325096,47.682858
260.131104,205.710358,75.325096,47.682858
262.131317,205.083572,75.325096,47.682858
263.991974,204.516006,75.325096,47.682858
266.547974,204.684311,75.325096,47.682858
267.741974,205.100342,76.831596,48.636517
269.097290,204.717361,78.368225,49.609245
271.057526,204.209579,78.368225,49.609245
272.844940,204.011871,78.368225,49.609245
275.304718,204.674698,78.368225,49.609245
275.987640,203.637451,79.935593,50.601429
280.535400,204.955612,78.368225,49.609245
280.278046,204.035629,79.935593,50.601429
281.288971,202.965561,79.935593,50.601429
282.480927,203.392380,79.935593,50.601429
284.422913,203.254623,79.935593,50.601429
285.856873,203.286118,79.935593,50.601429
287.484802,203.556870,79.935593,50.601429
287.714233,202.954956,81.534302,51.613461
289.001434,203.274475,81.534302,51.613461
290.235687,202.802643,81.534302,51.613461
291.422791,203.292999,79.935593,50.601429
292.170288,203.450577,79.935593,50.601429
292.825348,203.426346,79.935593,50.601429
293.759186,203.144485,79.935593,50.601429
294.186615,202.889404,79.935593,50.601429
293.864014,202.908951,79.935593,50.601429
294.169769,202.667633,79.935593,50.601429
294.358887,204.274323,78.368225,49.609245
293.211639,203.113388,79.935593,50.601429
292.310089,203.265381,79.935593,50.601429
291.929993,203.245529,79.935593,50.601429
291.854706,202.911102,79.935593,50.601429
291.328918,202.856552,79.935593,50.601429
290.535919,202.810135,79.935593,50.601429
290.106567,202.565170,79.935593,50.601429
287.969391,202.684067,81.534302,51.613461
288.482208,202.775223,79.935593,50.601429
287.676483,202.457932,79.935593,50.601429
287.264984,202.709061,79.935593,50.601429
286.430115,202.405670,79.935593,50.601429
285.897797,202.718384,79.935593,50.601429
286.952240,202.724930,78.368225,49.609245
286.017731,203.288528,78.368225,49.609245
285.412384,203.029114,78.368225,49.609245
284.613556,203.675186,78.368225,49.609245
283.956482,203.116913,78.368225,49.609245
269.603882,234.848221,80.453514,50.929287
262.121948,233.990250,80.912643,51.219929
262.727753,232.981979,81.412987,51.536659
260.901764,231.670059,81.412987,51.536659
261.442932,226.464096,81.412987,51.536659
261.353455,227.389587,79.816650,50.526138
260.718445,228.075562,79.816650,50.526138
258.500732,224.664505,79.816650,50.526138
255.656799,225.826721,79.816650,50.526138
254.788422,225.174484,79.816650,50.526138
254.905899,225.662704,78.251617,49.535431
269.578369,249.939529,78.251617,49.535431
270.149567,249.112488,76.717278,48.564148
266.839478,247.353317,75.213013,47.611908
266.736481,250.746124,73.738251,46.678341
260.932617,242.242416,72.292404,45.763081
261.716522,254.897995,72.292404,45.763081
261.273285,254.193008,72.292404,45.763081
259.716980,252.360275,72.292404,45.763081
260.530060,251.850601,70.874901,44.865765
261.633636,252.014603,70.874901,44.865765
259.049072,251.580185,70.874901,44.865765
258.825134,250.807297,70.874901,44.865765
259.346649,249.865280,69.485199,43.986042
260.365631,251.172745,69.485199,43.986042
260.301025,251.186813,69.485199,43.986042
260.686310,250.598251,69.485199,43.986042
261.458832,253.522171,69.485199,43.986042
263.150024,253.160049,69.485199,43.986042
265.161194,252.513382,68.122742,43.123573
266.104797,253.870560,68.122742,43.123573
267.106598,253.873154,68.122742,43.123573
268.673126,255.336746,68.122742,43.123573
270.809998,255.560898,68.122742,43.123573
272.291321,254.972672,69.485199,43.986042
272.541534,255.590958,70.874901,44.865765
275.663025,255.350723,70.874901,44.865765
276.530579,256.348175,70.874901,44.865765
279.286377,256.215820,70.874901,44.865765
279.889648,257.247070,70.874901,44.865765
280.252258,257.645416,70.874901,44.865765
280.906342,257.963745,70.874901,44.865765
280.768494,258.109863,70.874901,44.865765
280.499146,258.724487,70.874901,44.865765
281.828003,259.394196,69.485199,43.986042
281.845276,259.566559,69.485199,43.986042
281.402863,260.450714,69.485199,43.986042
280.613800,260.200928,70.874901,44.865765
278.619324,259.662994,72.292404,45.763081
280.085632,261.291260,70.874901,44.865765
279.917847,261.756195,70.874901,44.865765
280.085297,262.325684,70.874901,44.865765
279.224457,262.145447,72.292404,45.763081
298.409363,263.919800,72.292404,45.763081
308.299408,273.278931,70.874901,44.865765
308.887878,268.089874,70.874901,44.865765
305.766510,264.360504,70.874901,44.865765
315.572632,282.166473,72.292404,45.763081
316.143951,281.534180,73.738251,46.678341
314.085297,283.613495,73.738251,46.678341
316.751556,284.525208,73.738251,46.678341
317.087341,284.435944,73.738251,46.678341
319.878052,284.994080,73.738251,46.678341
322.376587,286.119995,73.738251,46.678341
318.716064,285.823364,73.738251,46.678341
322.019531,286.313904,73.738251,46.678341
321.907135,286.242065,73.738251,46.678341
325.034180,286.689880,73.738251,46.678341
330.562103,287.154205,73.738251,46.678341
331.044189,288.177673,73.738251,46.678341
332.433350,287.955963,73.738251,46.678341
334.536011,288.576660,73.738251,46.678341
335.064148,289.504883,73.738251,46.678341
336.153442,290.913391,73.738251,46.678341
340.645935,290.935455,73.738251,46.678341
340.172974,292.258484,73.738251,46.678341
331.535400,290.505585,73.738251,46.678341
335.741028,303.344879,73.738251,46.678341
327.176025,294.506134,73.738251,46.678341
345.130951,295.292542,73.738251,46.678341
335.782623,300.219177,73.738251,46.678341
334.194611,302.300446,75.213013,47.611908
337.000305,302.750885,75.213013,47.611908
328.243927,297.691284,75.213013,47.611908
331.405914,299.633057,76.717278,48.564148
332.367981,298.571442,76.717278,48.564148
332.900360,297.254089,76.717278,48.564148
334.476410,298.637451,78.251617,49.535431
335.171112,298.960052,78.251617,49.535431
358.266144,283.648102,78.251617,49.535431
375.165497,274.837921,78.251617,49.535431
348.696899,275.710938,78.251617,49.535431
354.257812,291.012939,78.251617,49.535431
358.116974,291.384460,79.816650,50.526138
359.793579,291.544647,79.816650,50.526138
360.950348,290.837830,79.816650,50.526138
358.541718,275.554932,79.816650,50.526138
359.319977,255.948029,79.816650,50.526138
365.605164,255.300964,79.816650,50.526138
378.164673,217.508530,81.412987,51.536659
381.727417,217.615707,81.412987,51.536659
383.263794,217.611496,81.412987,51.536659
383.723389,221.122009,83.041245,52.567394
385.397766,221.121719,83.041245,52.567394
388.373779,222.014008,83.041245,52.567394
390.088898,221.920547,84.702072,53.618740
390.340790,222.525009,84.702072,53.618740
392.436157,221.588394,86.396111,54.691116
385.741638,210.612564,88.124031,55.784939
392.134003,216.015625,88.124031,55.784939
392.970123,215.983124,88.124031,55.784939
395.493073,220.250626,88.124031,55.784939
393.552765,213.364792,88.124031,55.784939
