85.000000,228.000000,84.000000,118.000000
81.994209,227.829041,80.738174,113.417915
66.985596,225.795486,77.603012,109.013763
60.557793,224.368515,74.589600,104.780624
63.764038,223.369934,71.693192,100.711861
62.815521,221.140961,68.909256,96.801102
51.753922,221.614792,66.233429,93.042198
43.057281,219.427948,63.661503,89.429253
45.482822,219.863312,61.189449,85.956604
42.590988,219.773788,58.813389,82.618805
29.226576,219.296249,56.529591,79.410614
21.110355,218.029907,54.334480,76.327003
24.813780,217.881866,52.224606,73.363136
24.619360,219.379410,50.196659,70.514359
23.078176,218.170685,48.247463,67.776199
29.011959,218.540375,46.373955,65.144363
39.062531,217.174820,44.573196,62.614731
41.305996,218.372833,42.842365,60.183323
43.954857,216.403351,41.178745,57.846333
52.381287,216.222275,39.579723,55.600090
54.727390,216.253998,38.042793,53.441071
51.024319,216.258255,36.565548,51.365887
53.130211,216.103302,35.145660,49.371288
56.794182,215.821945,33.780914,47.454140
54.451096,215.638672,32.469158,45.611439
47.767193,215.728409,31.208342,43.840290
45.350235,215.353928,29.996485,42.137917
44.287376,216.042969,28.831684,40.501652
43.017139,215.850372,29.996485,42.137917
41.939304,217.744064,29.408318,41.311684
40.124840,217.914841,28.266357,39.707500
46.795856,217.435791,29.408318,41.311684
60.317303,217.354797,30.596415,42.980675
71.454048,219.002319,31.832508,44.717094
75.270943,217.175354,33.118542,46.523666
79.846130,220.054474,34.456532,48.403221
83.073219,217.668259,35.848576,50.358711
80.365868,219.383347,37.296856,52.393204
83.225456,219.574280,38.803650,54.509892
100.272743,216.879181,40.371319,56.712090
116.806793,220.651276,42.002319,59.003258
138.697784,219.321564,42.002319,59.003258
209.563995,235.965500,43.699215,61.386990
245.729950,223.081314,45.464661,63.867023
272.799683,221.550461,47.301434,66.447250
303.961182,219.384125,48.247463,67.776199
327.272308,218.256104,47.301434,66.447250
344.631287,216.293396,49.212410,69.131721
359.733246,215.149582,50.196659,70.514359
346.640259,220.281448,52.224606,73.363136
342.000183,220.355072,53.269096,74.830399
330.424316,219.386734,55.421169,77.853546
317.330444,221.805084,57.660183,80.998833
314.158203,222.129395,59.989655,84.271179
313.277130,221.183365,62.413239,87.675735
312.767761,221.439133,62.413239,87.675735
312.128082,221.466309,64.934731,91.217834
312.567963,221.006332,67.558098,94.903038
311.707855,221.269913,67.558098,94.903038
310.106384,221.303040,64.934731,91.217834
310.641052,221.093231,63.661503,89.429253
312.019745,221.553482,62.413239,87.675735
313.790894,220.632629,63.661503,89.429253
316.842651,220.887802,66.233429,93.042198
317.625793,220.953110,67.558098,94.903038
318.964508,221.100418,67.558098,94.903038
313.935516,221.095367,70.287445,98.737122
312.164856,221.583572,67.558098,94.903038
309.678802,210.281708,70.287445,98.737122
304.684448,211.343964,71.693192,100.711861
305.351288,217.177673,68.909256,96.801102
311.094543,218.091965,66.233429,93.042198
319.360291,218.333481,67.558098,94.903038
306.004913,217.616409,66.233429,93.042198
271.456940,220.512466,67.558098,94.903038
252.856995,223.238693,67.558098,94.903038
240.665115,225.478210,64.934731,91.217834
230.845108,216.942307,66.233429,93.042198
210.201111,222.221588,63.661503,89.429253
179.714554,216.665192,63.661503,89.429253
170.987015,222.362518,61.189449,85.956604
166.459824,219.609726,58.813389,82.618805
154.037201,220.139297,56.529591,79.410614
140.712784,215.629410,54.334480,76.327003
151.472504,217.583084,52.224606,73.363136
163.342316,216.158371,50.196659,70.514359
171.610046,214.749329,49.212410,69.131721
186.815628,215.871582,50.196659,70.514359
202.108521,215.972397,48.247463,67.776199
204.501938,225.617310,50.196659,70.514359
188.354874,238.993820,52.224606,73.363136
176.453491,243.699707,50.196659,70.514359
168.633759,247.847076,49.212410,69.131721
168.053314,248.404205,47.301434,66.447250
169.636887,249.543610,47.301434,66.447250
170.299515,249.982086,47.301434,66.447250
169.976807,250.483734,48.247463,67.776199
169.907715,250.948486,47.301434,66.447250
170.096481,251.424225,48.247463,67.776199
170.375076,251.419342,48.247463,67.776199
173.932266,248.339203,48.247463,67.776199
176.554016,245.048340,47.301434,66.447250
179.510757,246.567276,45.464661,63.867023
187.237274,246.729446,46.373955,65.144363
200.429764,246.888855,48.247463,67.776199
205.373688,249.664520,50.196659,70.514359
197.692352,246.438568,49.212410,69.131721
179.052246,247.421661,47.301434,66.447250
174.846222,249.075363,46.373955,65.144363
178.843994,250.100906,44.573196,62.614731
180.755569,250.116684,45.464661,63.867023
180.947876,250.739487,45.464661,63.867023
180.540253,249.965622,46.373955,65.144363
181.858826,250.742081,45.464661,63.867023
181.027344,250.388016,46.373955,65.144363
181.721954,250.718872,48.247463,67.776199
182.277206,250.611832,46.373955,65.144363
181.704712,250.956909,48.247463,67.776199
182.021744,250.772949,48.247463,67.776199
181.806351,250.083130,47.301434,66.447250
182.364304,250.772354,46.373955,65.144363
182.853363,251.551315,45.464661,63.867023
182.254242,250.589645,46.373955,65.144363
183.465149,251.420181,45.464661,63.867023
182.294144,250.263687,46.373955,65.144363
182.058975,250.587112,46.373955,65.144363
181.372391,250.134445,46.373955,65.144363
179.073456,249.665329,46.373955,65.144363
178.008972,249.415634,46.373955,65.144363
178.066696,249.284164,46.373955,65.144363
178.704208,248.943344,46.373955,65.144363
180.712479,248.556137,46.373955,65.144363
183.776520,248.568970,47.301434,66.447250
197.450821,250.399200,48.247463,67.776199
207.995209,247.287354,50.196659,70.514359
207.195068,227.745712,51.200592,71.924644
201.328796,219.430695,50.196659,70.514359
193.223557,217.369202,48.247463,67.776199
192.264267,219.446854,47.301434,66.447250
192.704300,217.876465,48.247463,67.776199
181.420914,220.500534,50.196659,70.514359
168.461945,220.928970,52.224606,73.363136
157.118439,221.473526,54.334480,76.327003
138.687592,227.649673,56.529591,79.410614
115.633087,225.017319,58.813389,82.618805
