362.400000,75.600000,133.600000,350.280000
365.417908,71.965820,136.607849,358.094910
365.513245,70.467529,135.823730,360.532471
369.141724,69.066833,136.718475,361.933167
368.635010,69.823181,144.078674,358.666138
372.986816,66.556396,147.238464,360.269165
372.901001,61.198425,150.832031,368.097412
378.161865,70.084717,147.021362,359.343750
384.629578,60.906250,142.938416,370.093750
390.086731,64.316162,132.001221,366.683838
396.468811,63.026428,124.622742,367.973572
395.563904,63.067200,124.822937,367.932800
398.132263,67.316223,125.314819,363.683777
400.983704,67.346008,123.099060,363.653992
404.858765,72.351318,122.278809,358.648682
405.949463,68.957703,121.543823,360.475769
405.549072,69.687134,124.440613,361.312866
406.900635,75.518677,123.400208,355.481323
404.857422,77.054810,121.562073,353.412048
405.596771,76.442810,122.442657,350.303467
407.829132,77.021118,123.744720,346.919800
409.504089,78.155334,122.211121,351.920227
414.253906,79.228943,119.584351,347.559814
417.265594,80.705139,120.265045,348.238525
421.715088,87.632141,120.149170,339.268982
424.712036,89.602142,120.871826,341.397858
433.465576,87.368439,118.464966,343.631561
440.132385,80.559052,116.650330,350.440948
443.528961,90.905640,114.529022,340.094360
453.658325,89.314362,107.045593,341.685638
459.365051,91.174622,100.049622,337.301575
463.827637,94.544464,98.397461,336.455536
466.607147,98.667053,96.602203,327.844727
470.016052,97.402832,90.310181,333.597168
474.764465,98.711792,84.566345,328.996216
477.554504,100.066406,80.075439,328.315125
480.770508,97.429077,80.603394,333.570923
481.994690,94.337677,78.005188,329.054718
483.965607,98.541138,78.981415,319.453857
483.373352,87.498047,80.753357,338.150574
482.067749,88.708435,87.202515,340.338745
482.208252,97.343994,93.334106,333.656006
482.599976,99.768066,95.355591,323.037048
480.567566,101.374969,100.349670,321.701996
479.550598,94.937775,103.799561,330.843536
480.187958,98.033661,106.633392,326.410858
481.291809,94.070038,103.294983,328.830841
481.316711,100.058441,104.268616,327.536469
479.700043,100.300415,102.452179,324.523560
478.686829,102.878235,101.692139,316.160583
476.756378,104.215363,106.934418,308.104462
476.280334,104.949432,105.088074,307.565216
473.545959,105.445984,102.809021,304.337585
470.934631,110.710999,101.057739,298.215454
468.696533,110.319031,101.154419,296.066895
468.884338,112.016724,101.695740,291.926086
469.474609,109.029144,102.487793,290.119843
468.381104,117.267487,99.769653,284.736908
462.574890,68.976540,101.073853,288.458984
464.398987,95.769135,99.431213,292.386566
468.991455,111.993744,93.599487,275.029877
469.361816,105.962708,90.057495,287.874695
471.636108,109.611908,85.272339,284.323883
472.187500,113.959137,83.287231,283.894135
474.491821,109.602448,81.003540,282.262787
474.351257,111.773712,80.518372,270.803986
473.960205,102.901642,82.035461,274.254608
473.894653,102.822937,82.693054,264.488831
473.247742,104.203491,83.190491,267.856323
471.702637,105.765839,85.676025,272.020844
471.617249,106.716003,86.640198,263.021667
472.046082,100.182709,85.563538,261.285248
473.675842,105.051392,82.276794,251.892944
474.226074,107.519501,82.180969,245.735626
474.659180,106.195526,78.121460,248.272003
477.067841,111.372192,75.876556,248.386841
477.801422,108.201630,71.843231,240.661896
480.649750,107.429047,69.360626,239.185150
479.966339,111.429138,66.984589,235.842590
480.425415,111.320526,66.682068,234.160614
481.327240,110.755157,67.552582,231.045624
482.629272,114.964600,64.957031,219.813904
484.936554,111.050110,65.070648,220.004700
485.632812,119.690765,63.164429,213.020172
486.986237,117.428864,61.425507,215.150970
488.250763,120.108276,60.364960,210.666016
491.634521,119.051727,57.302979,208.340118
491.275269,123.014160,56.840027,211.080383
493.390015,121.971893,56.798706,208.603729
495.402008,115.582855,56.362091,212.378265
494.322693,115.865631,57.682678,210.206635
493.202515,117.874359,59.076660,204.018219
493.939240,115.652191,61.418671,203.171051
494.830841,114.619202,61.109100,199.657196
494.082275,115.901184,61.415649,199.280182
494.519501,112.778351,60.002960,202.685608
495.172180,115.553650,60.091248,199.114197
497.086426,113.877563,58.673889,204.402496
498.274414,112.904572,58.096558,201.743713
500.544983,114.179382,57.091003,198.694427
503.156189,117.043732,54.413025,199.892822
503.228912,118.202423,55.493561,194.128296
502.688629,117.445465,57.041779,188.997345
502.455811,118.539612,57.897705,187.265381
502.840057,116.581360,57.741425,185.399536
503.594330,124.810364,55.923431,178.698700
506.259979,120.058502,54.135284,183.297943
507.824005,121.190887,53.796051,182.996643
507.910492,123.549286,53.708588,182.172699
506.515076,126.942627,55.210205,176.860474
507.889526,128.095764,56.976074,175.404236
509.159241,120.934586,55.783020,178.222885
511.815033,124.015045,54.556549,179.963531
514.034363,123.185944,51.017212,173.903900
516.485535,121.036285,48.250305,172.203125
518.077942,123.380249,46.498535,169.346191
519.726379,124.642670,44.990540,169.231598
519.239929,122.953751,44.014771,169.685593
519.665039,126.927917,43.386230,166.872620
514.483704,129.450653,46.582214,160.149353
515.960571,130.674149,48.186523,162.352676
517.136047,129.739304,47.823730,158.592148
516.579834,128.591461,49.530090,160.032410
517.337646,130.545715,49.644165,158.898163
518.024414,129.910324,49.425598,156.198776
518.730164,128.634415,49.827759,152.809586
518.878296,129.379456,50.260132,152.018341
519.899475,133.142929,49.980469,145.513870
520.060425,131.207214,49.595581,148.865295
520.585388,133.272934,48.896729,146.659470
523.000061,132.530838,47.264709,145.673874
524.009644,129.484390,44.074219,147.846786
525.189880,127.439545,43.286438,154.256622
526.057495,126.207657,43.211060,151.915237
526.497803,125.000763,43.657776,156.307037
525.369263,123.366394,43.793030,155.788391
527.628052,122.269760,42.366333,151.197464
527.468689,124.335281,42.574951,151.133713
527.272461,128.526443,41.774963,147.781662
527.931213,127.852844,40.914307,144.730469
528.426819,128.438461,40.874084,145.432602
527.957153,129.143753,41.108887,143.931046
529.621765,128.265030,38.660706,142.243301
527.638000,129.956482,40.400085,141.940033
528.005005,130.658325,41.511658,144.131744
529.445557,127.866821,40.915161,144.459106
530.700562,130.987396,41.239319,139.112274
530.300049,131.245148,41.532043,135.949707
530.513123,134.325287,42.193909,129.880341
530.624573,132.907593,42.689941,132.183777
532.391113,131.031494,40.662903,136.742859
534.195374,130.479401,38.472839,134.660217
534.762878,130.096405,38.474365,135.003754
533.793945,130.111145,40.240723,138.177704
534.533752,127.143417,40.698914,139.585342
534.796204,126.837433,40.706360,134.818176
536.556335,127.410706,39.736389,132.502747
537.900024,129.443726,38.154236,126.212830
538.896729,131.622910,36.342468,126.118546
540.147278,133.012878,34.620789,125.476318
540.878418,133.991714,34.722961,126.710892
540.438232,131.077850,33.682495,129.127960
541.364746,130.577530,33.185303,129.792770
542.118042,128.873901,32.598755,131.262115
541.471008,129.635345,33.643250,131.989197
540.520508,127.755829,34.948486,130.236053
541.449341,131.181442,34.721252,130.102493
542.440186,131.509888,33.290161,127.602356
543.600586,133.356735,33.307434,123.286758
544.153564,136.860977,33.786438,118.472153
544.145264,137.518234,33.425171,119.069473
543.159363,138.225479,34.656067,119.092270
544.931763,139.176315,33.942139,118.871719
544.181702,139.829391,35.666992,115.898270
544.465820,142.498108,35.232178,111.511505
545.735168,142.587540,34.537842,108.078934
547.185242,137.349899,33.477173,112.021103
544.221130,143.785873,33.677551,105.682693
546.478760,144.251251,32.041443,106.039032
545.806641,145.984253,32.835815,104.226746
547.424744,143.746429,30.777405,105.632202
547.501892,145.138870,30.559875,103.842453
547.747070,144.268097,30.654297,103.835938
548.498962,141.416473,30.131897,105.333588
548.628052,137.238602,30.029846,111.246902
548.098877,139.986221,30.542419,109.248825
547.258362,140.991226,31.954285,106.717117
547.289124,141.219254,32.213928,105.603561
547.292603,138.715347,32.232605,106.651047
547.628052,143.777634,31.543457,101.006516
547.723083,142.180969,31.634399,101.427139
548.211853,144.870346,31.507385,102.541672
549.981445,144.910461,30.411377,97.814789
549.161438,145.219894,31.157532,96.650955
551.294495,146.228806,29.620789,94.953598
550.761047,146.725769,29.707397,96.056015
551.216919,145.127853,29.516968,96.942856
551.536621,145.396866,28.808105,97.384521
552.000244,142.001099,28.866821,99.453491
552.401611,141.335022,28.755432,98.848434
552.014771,141.634064,29.052429,98.323196
552.008057,144.372253,29.090759,95.709808
551.249512,145.646149,29.076477,94.559448
552.495178,146.284317,27.668152,93.330139
552.811340,147.789154,26.900574,91.388092
552.589478,148.946747,27.789001,92.527924
553.563782,145.676620,26.660156,97.485199
553.647522,143.558533,26.391479,98.623978
552.763184,143.884476,27.888611,96.529922
553.567566,144.383530,28.348389,94.321365
554.463501,145.896744,27.502197,91.989380
553.977722,147.847198,27.233582,89.004684
554.954468,148.906921,26.897400,87.038742
554.769958,146.283508,27.161743,90.031601
554.873047,146.844345,27.516907,89.323715
555.429810,144.988892,27.351624,91.095490
554.704712,142.732651,28.672485,93.745712
554.823669,140.877441,28.968567,96.487106
555.834656,143.084473,27.162537,93.706665
555.047546,143.506119,27.048889,92.670914
556.344299,143.960281,25.903381,92.515900
557.174194,144.711365,24.335083,92.016754
557.469177,145.380188,23.535950,89.147430
556.742615,146.631531,24.123840,88.159760
556.927490,148.195541,23.606812,87.095795
557.533569,146.824005,22.897461,89.384048
557.607849,146.440048,22.836304,89.431671
556.933228,145.550797,23.580933,90.675949
557.250671,143.966629,24.597229,90.356323
556.931946,144.644562,25.150208,87.696213
556.698486,144.632034,26.442688,88.453827
557.054810,144.500534,25.739563,86.626404
558.038940,145.913437,23.862976,85.759613
557.685669,146.876999,24.473328,82.770554
557.570740,147.328369,24.960083,82.534439
557.707520,148.324280,25.487488,81.481384
557.762878,150.617279,25.727844,79.808533
558.907043,149.827194,25.224060,80.442947
559.116699,148.420441,25.227295,81.010315
558.124207,148.559937,25.285950,79.744766
558.987793,149.833679,24.888184,78.659424
559.905701,150.153412,24.609985,76.836288
559.102112,150.731354,25.177490,75.550949
559.695496,150.138550,24.105713,74.934784
559.280701,149.565018,24.521118,76.927750
559.774109,149.414062,23.704041,77.019791
560.052979,148.486969,23.450012,79.762772
560.519043,148.907898,23.693848,82.462830
560.314758,147.561661,23.487000,85.708282
560.755737,145.472946,22.920227,85.722382
560.773254,146.991394,22.971375,83.806824
560.976135,148.564056,22.625793,81.997162
561.275635,149.089233,23.546814,80.739883
561.310913,148.074768,24.339661,81.626434
561.688843,148.138290,23.675537,80.743790
560.829834,148.671127,24.208069,78.653519
561.936890,147.390457,23.423096,78.345840
562.006775,147.915619,22.863159,77.897568
561.970215,150.674713,24.130249,75.325989
562.276672,151.332062,23.469055,74.638611
561.838135,151.241150,24.320618,74.595734
561.473999,151.004333,24.440247,74.357483
562.323364,149.818619,23.789673,74.197662
560.136841,150.578033,23.665527,75.716446
561.231628,150.243546,23.505371,76.299515
561.605103,150.283478,23.373718,75.396271
559.384644,151.886017,23.378052,72.389175
560.285461,150.083130,24.111084,74.562912
560.657837,146.976669,23.996460,78.786453
560.765564,146.586731,23.961121,78.412186
561.737976,147.211517,23.953918,75.734695
561.682556,147.335144,23.550842,75.591202
561.671326,148.823639,23.039307,72.039078
562.243713,147.797195,22.203674,73.222656
562.414551,148.240814,23.210571,74.780930
561.759827,150.684509,23.614075,72.362839
562.416321,151.325378,23.513916,72.936111
563.017395,149.508179,22.059448,73.046829
563.327026,150.047211,21.729309,72.643997
563.759949,149.468689,21.913635,72.728760
563.591919,149.077209,21.677246,72.721619
562.765625,149.230652,21.967224,72.113968
560.593445,149.707718,22.420593,68.595139
561.809326,150.222839,22.480713,69.444092
562.415039,151.525452,21.857910,68.324722
560.778992,151.869965,21.881042,67.393494
561.577698,153.995605,21.481201,66.688324
562.540039,152.359955,20.579895,67.280579
563.686951,151.746140,19.645142,66.049911
563.754211,150.560516,20.360168,67.201401
563.999512,149.612289,21.298401,68.404739
564.141968,148.585785,21.630981,68.624130
564.580627,148.396606,21.208496,70.796265
565.210327,149.613800,21.607910,70.197357
562.346619,149.255234,20.879272,68.682968
563.193665,148.838989,21.265320,69.049713
563.218872,149.584976,22.070679,67.225800
563.922913,149.730743,21.974548,67.442993
564.501648,148.509155,21.167786,68.816833
565.369690,147.322403,20.372498,69.353485
566.124084,149.488708,19.938232,67.420746
562.939636,150.044708,21.665283,65.982315
564.554749,150.420380,20.192566,66.140625
564.577698,151.325012,20.748230,65.389420
564.367859,150.351959,21.095337,67.254364
564.351929,149.234406,21.655151,66.975891
565.126648,149.482666,20.494995,66.286560
565.571960,150.664520,20.112183,65.572647
564.962891,149.992126,20.285400,65.450867
565.591675,150.232880,19.791870,65.626297
565.232788,149.772644,19.554932,64.373199
565.953491,151.902069,18.572876,63.015961
566.651672,151.163574,18.069214,63.970612
567.088867,150.097626,18.874146,65.107574
567.187988,150.902420,19.055603,65.701920
567.307434,152.153000,19.852234,63.303528
567.404297,151.926300,20.083130,62.764725
568.398499,151.439514,19.782471,62.717209
568.693481,152.203186,20.081665,63.025833
568.972290,151.574722,20.365479,61.275375
565.909851,152.348068,20.093933,60.832840
567.581238,151.443146,19.626404,59.705124
568.503357,150.573441,19.143433,60.613892
566.631531,151.441986,17.971741,61.030792
568.443848,150.832581,17.807068,61.058167
569.729614,151.217712,17.227783,62.281845
570.041565,152.180756,16.975159,61.164001
567.815186,149.801849,17.240601,61.012253
568.906006,149.676727,17.010803,62.027664
568.607178,149.785156,17.016052,63.712326
569.276184,150.256470,17.154907,63.858246
568.839600,150.471130,18.184082,61.838425
569.255432,151.310974,19.360413,59.649200
569.895996,150.880096,20.393433,60.466400
569.219360,151.573898,21.999878,60.717987
569.356018,151.817184,21.999878,60.717987
566.815002,150.648376,21.501709,61.746918
568.883240,150.826294,21.538208,61.522873
569.630371,150.047241,21.278809,60.628403
569.742737,150.720901,20.742310,60.733002
567.306274,150.260468,21.040161,60.318787
568.624756,150.831085,20.211304,59.791809
569.262085,151.580322,19.763611,59.911911
570.559631,149.202789,19.106140,60.927094
568.441589,150.159927,18.317017,60.953384
569.893188,150.856567,18.167480,58.929031
570.529358,151.320892,17.583984,57.985962
570.317383,151.957520,17.958801,57.019852
570.088867,151.318100,19.505615,57.713303
567.354431,150.003342,18.956482,59.093567
568.982056,149.754425,18.639709,59.177368
569.892578,148.920456,18.639648,59.177368
569.534912,148.988525,19.465515,59.869019
567.097351,149.820374,19.221558,58.545792
568.414062,149.825394,18.786194,58.129929
569.156677,150.436523,19.857483,59.101151
569.706421,151.814957,21.525452,57.806564
567.383423,150.936035,20.947815,58.538712
569.194031,151.694885,20.828430,56.635254
567.073730,151.211334,20.828491,56.635254
569.077576,151.419861,20.755310,55.509140
570.384949,151.737518,20.341858,54.541885
568.261353,151.895615,20.436401,54.978531
570.306702,151.725250,19.463501,54.125473
570.447754,152.705170,19.246399,53.189774
570.595886,152.783722,18.726013,52.478027
569.040710,152.755127,17.282532,52.971924
569.898682,152.398438,17.265015,54.694382
569.979858,151.420593,18.026978,56.628952
568.052795,152.019821,17.733398,56.268890
569.046753,150.809021,18.017822,56.735001
570.067566,151.439178,18.316162,55.666733
570.495728,152.204071,19.028931,56.177277
570.658142,150.396179,19.552856,55.979431
567.944824,151.959946,19.249329,54.306107
569.356018,151.594223,19.468384,54.425446
570.519592,152.079361,19.468384,54.425446
568.352295,151.406616,19.468384,54.425446
569.543396,151.372559,19.468384,54.425446
570.181885,151.308029,19.978699,54.103119
570.709412,152.291504,20.214111,53.230942
570.592407,151.661209,20.245178,52.458984
570.398926,150.012878,20.149231,54.044189
569.737671,151.195618,20.306885,52.942017
569.815918,152.819122,20.160156,51.116714
569.577026,152.462326,19.946228,51.398331
569.214844,152.006104,19.389709,51.379745
568.831665,153.652649,19.657349,50.382843
569.099915,154.271072,19.277100,49.895386
568.861389,153.107208,18.956238,50.127609
568.677551,151.424438,18.454224,49.987930
568.890991,151.603989,18.866577,52.053329
568.718079,152.360413,18.910095,51.605316
568.218079,151.497375,19.359924,50.356293
568.025391,152.394577,19.380981,49.503799
567.766235,152.951508,20.345764,50.188202
568.797241,152.860123,20.406250,50.461868
566.305664,153.453064,19.603760,50.562469
567.171448,153.253510,20.625488,51.307770
564.644470,152.564224,20.090210,52.079498
568.460449,152.840637,20.704956,50.706772
567.729187,153.096802,20.704956,50.706787
566.950745,151.845428,21.309692,52.481689
566.136169,152.952362,22.338928,51.644882
565.621155,151.663177,22.272766,51.525742
561.469971,152.160645,22.272705,51.525757
558.571716,151.509949,22.272705,51.525757
560.807312,151.209946,21.051514,52.266571
562.193237,151.502731,19.185852,52.000565
562.692017,152.469574,17.921265,52.538864
560.538574,152.304901,17.921265,52.538879
561.753906,152.048431,16.843201,52.134827
559.803101,152.788940,16.339111,50.296738
560.729187,151.298645,15.954468,54.170059
559.385925,152.316162,15.771179,51.064072
558.163818,152.240936,15.771240,51.064056
558.829285,152.177155,15.649292,50.498932
558.245117,150.521851,15.758423,51.584351
557.022034,151.021423,15.887085,51.589447
556.942139,151.389832,15.701355,51.529297
555.018188,152.480286,15.835144,52.179764
553.600281,152.132385,16.290161,52.604355
553.373352,151.746216,17.183228,51.267471
551.310303,153.292084,16.586365,49.720154
551.328430,154.462433,16.154663,45.984924
548.856323,154.461090,16.037537,47.319916
552.500854,154.905457,15.853149,46.775925
556.331116,148.299042,15.853149,46.775940
581.107300,150.920151,15.853149,46.775940
581.033447,152.616669,15.730957,46.415436
581.961792,152.690857,14.957458,45.642120
582.682312,151.230072,13.922363,46.103088
582.648560,151.189148,14.427307,46.365662
582.598450,151.128601,15.026489,47.571686
582.663574,150.744293,15.438599,47.909882
582.935242,150.799469,15.705200,46.976929
583.513245,149.769623,15.629700,46.214996
583.628052,142.381714,17.305176,48.813934
581.450562,149.890854,17.358521,48.964432
581.135071,150.412781,17.358521,48.964417
580.401733,152.590149,17.358521,48.964417
581.216492,150.807831,17.358521,48.964417
582.124573,144.607651,17.358521,48.964417
579.899109,152.280807,17.358521,48.964417
583.395264,152.127930,17.358521,48.964417
580.378662,152.190262,17.358521,48.964417
580.503296,154.074341,17.358521,48.964417
583.864624,144.913223,18.851013,53.381851
581.444641,147.556747,17.697937,52.010757
582.359863,150.038910,17.509277,50.811264
582.995483,150.138062,17.216309,50.957855
583.656006,145.254745,17.216309,50.957855
581.690369,148.610916,16.725952,49.976456
583.086792,149.227020,16.255371,48.316605
583.070312,149.962601,16.616882,49.806747
583.390930,149.249512,17.263855,49.936966
581.895142,151.533722,17.434387,50.430298
581.248047,151.273468,17.608215,50.933167
582.105225,145.367325,17.608154,50.933167
579.908630,152.892975,17.608154,50.933167
580.986084,150.691299,17.608154,50.933167
580.860657,151.721436,17.675598,51.128265
578.485474,151.389755,17.675659,51.128265
580.121887,150.570862,17.675659,51.128265
581.131348,144.486847,17.675659,51.128265
579.030273,152.561600,17.675659,51.128265
579.629089,149.822830,17.675659,51.128265
580.435242,150.420303,17.675659,51.128265
579.505066,151.125015,17.675659,51.128265
580.327820,150.983932,17.675659,51.128265
579.572449,150.023941,17.675659,51.128265
580.249084,150.384750,17.675659,51.128265
579.781738,151.463608,17.675659,51.128265
578.933105,150.433487,17.675659,51.128265
579.087402,149.550613,17.675659,51.128265
579.517517,150.318512,17.675659,51.128265
580.412048,149.915802,17.675659,51.128265
579.566467,150.978745,17.675659,51.128265
580.801636,150.987595,16.735291,50.519852
580.975464,151.445221,16.781006,49.269333
579.577515,152.747925,15.709656,47.721252
580.313232,153.043518,15.709717,47.721252
581.132935,154.013367,15.131287,47.063522
580.874695,154.387512,15.084839,46.850342
580.390564,154.042603,15.794434,46.982376
580.264465,153.404800,15.734680,47.882416
580.369019,153.966461,15.207764,49.673080
580.158142,153.846725,14.875427,50.498764
579.882812,155.236053,14.983398,48.997467
579.303650,153.947189,15.186096,50.072525
579.249084,154.051147,14.837402,48.889496
578.805481,155.647095,14.985718,46.569397
578.976746,153.282257,14.847595,50.112152
578.462158,154.095886,15.100952,48.544510
578.764587,154.202774,14.912048,47.479324
578.243042,155.692810,15.074463,46.281769
576.801575,153.431427,14.178833,47.883652
577.464600,154.581085,13.899048,48.839874
577.069397,154.801193,14.531067,48.428070
576.872559,154.128479,14.761169,48.052765
575.653625,156.685104,13.374390,44.683609
576.339661,156.992645,12.798279,44.343781
576.152893,157.536774,12.656799,45.618027
575.015137,157.399902,12.313904,45.567719
574.958130,156.708466,13.266663,43.938141
573.847778,156.691025,13.221375,43.242386
574.437195,155.899750,13.810791,44.501175
573.444885,157.419617,13.383423,44.175262
573.764160,155.196808,13.117676,45.427032
573.497925,153.610321,13.570129,48.331467
573.784119,154.717331,13.165894,46.130081
573.492920,155.557724,13.632507,44.164413
571.542419,155.108871,13.885803,45.700760
569.739319,156.695007,14.485596,43.370575
570.558594,156.076080,14.534546,43.467773
568.507690,157.603485,14.933777,41.874512
567.143555,157.341812,14.933838,41.874512
567.921997,155.879303,14.762512,42.478821
568.826538,155.847321,13.942017,42.122467
569.044495,161.639496,13.942017,42.122467
566.810730,154.925339,13.942017,42.122467
567.141479,154.857635,14.233582,44.671875
565.532104,154.219589,14.233643,44.671875
566.048523,155.437714,14.274170,43.211426
564.988647,156.685913,14.014771,42.954895
565.420776,155.026093,13.890503,44.852142
563.972107,152.986465,14.071777,48.333145
562.040588,154.272217,15.519714,47.773987
563.067932,151.840820,15.130310,52.726288
560.766235,151.563095,15.130371,52.726288
561.492920,154.611298,14.807556,49.071487
561.821838,154.142395,14.798950,49.201309
560.553467,155.975098,14.840210,48.276459
560.844604,155.190094,15.004333,48.257614
560.509033,153.791473,15.348633,49.239990
558.758545,155.500931,14.980103,49.516708
559.328552,155.911270,14.521790,46.868729
558.225769,156.910706,13.777100,46.032883
558.650818,153.766174,13.387146,48.649139
558.872314,150.887009,13.058594,51.569550
557.541382,149.632416,13.065063,52.741470
557.622803,150.817795,12.872803,50.000488
556.347534,152.021606,12.581238,50.382462
556.192078,151.266464,13.712524,52.171829
556.213928,153.868332,13.322998,49.829132
555.038086,154.429276,12.558533,49.556396
555.341614,152.600677,12.457947,51.495789
554.030029,154.346909,12.511230,47.942856
553.363892,154.797089,13.363647,46.663025
551.685425,160.496674,13.071899,45.644196
551.930542,157.085159,12.632263,47.374985
550.153320,156.198059,13.009705,47.768997
548.752808,156.730728,13.293823,45.574478
529.270691,176.080933,13.293823,45.574463
530.281555,169.067612,13.293823,45.574463
530.617859,177.514511,13.293823,45.574463
531.352539,169.493637,13.293823,45.574463
531.695129,170.790009,13.293823,45.574463
529.898804,171.420868,13.293823,45.574463
530.600403,172.199158,13.293823,45.574463
529.033142,172.491760,13.293823,45.574463
529.640564,172.177200,13.293823,45.574463
530.461304,171.530823,13.659485,46.451752
531.148926,165.616882,13.659424,46.451752
529.342712,176.113190,13.544373,44.487015
529.977844,177.067001,13.115784,42.942520
529.879333,179.090210,12.963135,42.442810
529.908081,179.930908,12.713745,41.626373
530.713318,178.817795,12.713745,41.626373
529.924316,179.621704,12.684265,41.529892
530.380371,179.321838,12.968445,40.638672
529.831299,179.290924,12.968506,40.638672
530.056152,180.363388,13.345886,38.503860
529.096191,181.595551,13.345825,38.503845
529.303162,181.843796,13.345825,38.503845
529.627380,181.019745,13.345825,38.503845
530.290344,181.370178,13.716431,36.985336
528.427246,182.055908,13.716431,36.985352
529.243164,180.793060,13.716431,36.985352
529.834717,180.993576,13.716431,36.985352
529.815796,181.425919,13.716431,36.985352
529.787964,181.706299,13.576172,36.152435
529.759521,181.768448,13.576172,36.152435
530.001892,181.694382,13.576172,36.152435
530.155945,182.393097,13.746948,35.317001
530.591736,182.766144,13.746948,35.317017
528.552307,182.648865,13.746948,35.317017
529.054382,182.623367,13.746948,35.317017
529.141663,187.909088,13.746948,35.317017
529.822449,181.287933,13.746948,35.317017
529.703125,182.014175,13.746948,35.317017
529.794495,182.020508,13.746948,35.317017
529.879700,182.071930,13.632141,34.907410
529.859375,182.396942,13.632080,34.907410
529.845337,182.558533,13.544067,34.949158
530.238831,182.599304,13.544067,34.949158
529.816223,183.587112,13.809082,34.872818
527.692139,183.514496,13.809082,34.872803
528.451904,183.930420,13.809082,34.872803
529.122070,183.752655,13.809082,34.872803
528.780273,182.662506,13.809082,34.872803
529.104065,182.843353,13.809082,34.872803
528.723389,183.589981,13.809082,34.872803
528.938232,183.707947,13.584961,35.439362
529.730103,183.813950,13.584961,35.439362
529.628174,182.539383,13.584961,35.439362
529.822205,182.442215,13.584961,35.439362
529.921509,182.296738,13.584961,35.439362
530.334534,182.041458,13.584961,35.439362
528.078979,182.916580,13.584961,35.439362
530.787354,183.075516,13.584961,35.439362
528.548462,183.024551,13.584961,35.439362
529.168579,183.372726,13.584961,35.439362
529.682861,183.506577,13.584961,35.439362
529.738403,183.830673,13.671448,33.323151
529.957520,184.340042,13.671387,33.323151
529.961670,183.668930,13.671387,33.323151
529.855896,184.045532,13.671387,33.323151
529.832642,183.720444,13.671387,33.323151
529.780090,183.851562,13.671387,33.323151
529.914917,184.020142,13.671387,33.323151
529.897095,183.802872,13.671387,33.323151
529.933655,184.099106,13.671387,33.323151
529.871155,184.175308,13.671387,33.323151
529.830688,184.553482,13.671387,33.323151
530.022583,184.517944,13.671387,33.323151
530.202637,184.895996,13.671387,33.323151
530.149292,184.626297,13.671387,33.323151
530.185364,184.655228,13.671387,33.323151
530.118896,185.123520,13.671387,33.323151
530.102783,185.060852,13.671387,33.323151
528.112915,184.860123,13.671387,33.323151
528.333984,184.459000,13.671387,33.323151
529.257080,183.711349,13.671387,33.323151
529.641357,183.792343,13.671387,33.323151
529.811890,183.883987,13.671387,33.323151
529.797363,184.101242,13.671387,33.323151
529.947510,183.945480,13.671387,33.323151
529.864136,184.288528,13.671387,33.323151
529.925903,184.155563,13.671387,33.323151
529.838135,184.000198,13.671387,33.323151
529.120361,183.301559,13.671387,33.323151
529.632141,184.236343,13.671387,33.323151
529.941040,184.412598,13.671387,33.323151
529.910950,184.096985,13.671387,33.323151
529.838257,184.296158,13.671387,33.323151
529.910034,184.264542,13.671387,33.323151
529.914307,184.475998,13.671387,33.323151
527.836304,184.117233,13.671387,33.323151
528.459839,184.254761,13.671387,33.323151
529.269104,184.587906,13.671387,33.323151
527.444397,184.963547,13.671387,33.323151
528.628052,184.546890,13.671387,33.323151
529.104248,184.616348,13.671387,33.323151
527.548096,184.094269,13.671387,33.323151
530.611816,184.381851,13.671387,33.323151
528.527039,184.451630,13.671387,33.323151
529.273560,184.386795,13.671387,33.323151
529.598083,184.117111,13.671387,33.323151
529.820312,184.141998,13.671387,33.323151
529.848450,184.164078,13.671387,33.323151
529.881348,184.034348,13.671387,33.323151
529.854980,183.844955,13.671387,33.323151
529.957397,184.054626,13.671387,33.323151
529.796143,183.739273,13.671387,33.323151
530.004883,183.996674,13.671387,33.323151
529.924316,183.948624,13.671387,33.323151
529.848694,183.738876,13.671387,33.323151
529.954346,184.301468,13.671387,33.323151
527.995117,184.688004,13.671387,33.323151
530.326721,184.980209,13.671387,33.323151
528.591797,184.743073,13.671387,33.323151
529.253052,184.307846,13.671387,33.323151
529.650574,184.544785,13.671387,33.323151
530.066772,184.661636,13.671387,33.323151
530.474426,184.964706,13.671387,33.323151
529.195862,184.204819,13.671387,33.323151
529.888977,184.414246,13.671387,33.323151
527.867310,184.251266,13.671387,33.323151
528.629639,183.971085,13.671387,33.323151
529.303345,183.656219,14.047729,35.259583
528.739380,183.595398,14.047729,35.259583
529.922241,182.454819,14.047729,35.259583
530.441101,182.204620,14.047729,35.259583
528.337219,182.339188,14.047729,35.259583
528.810181,182.276398,14.047729,35.259583
530.074951,181.242920,14.047729,35.259583
530.212646,181.164780,14.126709,35.588791
530.070984,181.813934,14.549866,35.135025
528.702881,182.823853,14.549805,35.135040
529.487305,182.249435,14.549805,35.135040
530.068115,181.618347,14.549805,35.135040
529.121948,183.005905,14.549805,35.135040
529.228760,183.241135,14.549805,35.135040
529.399353,183.593430,14.549805,35.135040
552.017517,156.920532,14.298218,43.378998
553.369934,153.542999,14.023193,48.747543
553.165222,154.105881,14.242432,49.509598
555.289429,152.796799,13.457947,52.313797
556.485657,152.300812,13.548767,53.031479
557.230713,153.608948,14.114075,52.800446
558.006409,153.867477,14.386719,53.147308
559.014954,153.304398,14.051025,53.277771
559.905762,152.281174,14.506104,54.144287
559.814209,154.170959,14.675476,53.419098
560.129883,153.684540,15.282104,53.609467
560.526062,155.674133,14.725891,51.228180
562.228882,154.455856,14.660522,51.000809
562.558044,154.598328,14.731201,51.180817
565.624329,151.972275,14.462158,54.709000
565.591980,151.862122,15.434814,55.717911
565.109924,152.393417,16.965515,53.373581
564.500488,151.216583,16.594055,52.204956
564.853638,151.867447,16.326477,51.363083
571.838745,153.657837,16.242310,51.098343
568.245911,152.925903,17.978394,53.060364
571.792969,158.281799,17.978394,53.060364
568.941589,149.985031,18.540955,55.524490
569.411987,150.667191,18.778015,54.228149
572.934937,151.823944,18.424072,52.333115
572.399841,151.519989,19.169922,53.167068
573.791626,152.999451,18.064697,51.285248
575.174438,151.952362,16.716003,53.838028
575.869568,153.454407,16.075623,52.908356
574.332947,152.985870,15.352295,52.692841
575.277466,155.982620,15.263062,52.386490
576.005920,154.053406,14.698303,53.272751
576.666504,153.245819,14.347229,54.147156
577.130005,153.783737,14.347290,54.147156
575.806213,153.601288,14.001465,54.652939
576.689941,152.434769,13.930786,53.930359
576.520203,151.272247,14.513916,54.601883
576.859009,151.448303,14.885498,54.210007
577.234680,150.033997,14.137573,54.826477
575.468506,151.661163,14.328613,54.665604
576.014771,151.070282,13.957581,55.892319
576.914551,150.959274,13.622864,56.446045
577.288818,153.293976,13.596985,55.497787
577.576538,152.076767,13.711243,55.746933
577.734741,152.730652,14.169617,55.653488
577.406738,154.327194,14.569336,54.874054
578.285828,147.926788,15.485474,55.544724
576.755310,152.138779,15.440369,55.382874
576.899353,150.582520,15.822937,57.085693
577.362976,152.941162,16.234253,56.148026
577.974915,154.692657,16.148315,53.807648
578.252075,154.492493,15.897278,54.375534
578.503113,152.706421,15.648499,54.919998
579.347717,153.631607,15.338684,54.448898
577.535095,154.264023,15.970093,54.591553
578.286316,153.360275,15.127380,56.010147
578.687866,152.316528,15.265625,56.335144
579.013611,153.708466,15.751587,57.048965
579.370422,153.356781,16.363831,56.758118
579.004456,153.271027,18.085083,55.430695
576.668579,152.634537,18.085083,55.430695
578.363098,152.381592,18.020386,57.105408
578.863708,151.689255,18.244873,57.140076
579.525452,149.349548,17.362610,59.460999
578.985718,149.012268,18.680237,60.482529
580.065063,146.974548,18.831604,61.827194
579.076111,148.018311,19.649353,60.681961
579.348755,146.721848,21.149597,60.919556
580.014160,146.370087,20.376953,62.009598
580.148376,147.463898,20.376953,62.009583
577.675110,147.377426,20.376953,62.009583
579.248291,148.118515,19.186707,60.667603
578.665039,149.653488,18.946960,60.094025
580.057312,148.925720,18.480713,60.992828
579.972656,149.500092,18.976685,59.270844
580.687927,150.223007,18.528320,59.046387
581.728821,150.326385,18.724915,59.049728
579.192444,149.977570,18.916809,59.946991
579.814453,150.805298,18.910828,58.946701
581.525208,150.900757,17.976990,58.223434
581.907654,150.865509,18.680298,59.286499
582.386536,149.954376,19.085510,59.404327
582.283325,148.488647,19.807251,61.524399
550.807617,149.299683,19.807251,61.524384
583.658630,150.276306,17.341370,61.236038
581.700317,150.291107,16.832581,61.517990
582.221191,150.046204,16.832520,61.517975
582.720947,147.965256,16.684143,63.946335
580.244385,147.425140,16.750488,64.879822
580.122375,147.204605,17.778320,64.439697
580.199890,149.025299,17.755798,62.653259
581.000122,149.100449,17.755737,62.653259
581.468079,148.650848,17.755737,62.653259
552.966125,149.844849,17.755737,62.653259
553.385315,148.703506,17.755737,62.653259
554.065491,149.164322,17.755737,62.653259
580.923523,151.581848,17.755737,62.653259
581.516174,150.543625,17.658325,63.553406
578.367371,150.364944,17.955811,61.967438
579.228149,150.752411,17.658142,62.239182
580.623535,149.626923,17.696106,63.189957
581.446533,149.248901,17.696045,63.189941
581.837891,148.829773,17.870483,63.534149
581.602539,149.339172,19.017883,62.022614
579.415894,148.631546,19.017822,62.022614
549.565491,150.364029,19.017822,62.022614
554.039978,152.831940,18.265442,55.180710
552.735779,158.282959,17.014954,51.879639
553.353333,160.404755,16.190918,48.541672
553.310791,160.946106,16.109497,46.119354
553.142883,161.652740,15.915527,48.183472
553.333496,161.234833,15.506897,46.728546
553.295044,161.110565,14.499390,49.042328
552.685852,159.308075,13.428223,50.184494
552.973022,159.689453,13.038635,47.871857
553.029846,159.978149,13.000854,45.830719
551.612427,160.850464,13.729736,43.855652
551.755371,160.859344,13.633911,43.582642
551.740723,161.124969,13.815674,43.846405
550.356079,161.742249,13.643433,42.543930
550.660889,161.524231,13.951721,43.621674
551.316162,162.233002,13.747681,43.918488
550.313416,161.631882,13.261353,44.941574
550.417603,160.678787,13.364868,46.271072
550.195007,159.900558,13.335632,46.550980
550.150635,158.188736,13.155212,47.940109
549.952759,157.931183,13.534790,50.425446
548.350586,158.739960,13.730347,53.325867
547.603271,158.826981,14.847595,51.327118
547.442505,158.966644,15.462646,48.846649
547.411499,161.059662,15.378967,47.854340
547.627991,159.324112,15.095398,49.656311
546.084900,159.556076,15.071899,49.087433
545.909058,158.631897,15.593140,47.618835
546.522156,159.132370,15.053345,46.787811
546.825073,158.035217,14.305237,48.044647
546.813293,157.658020,14.331116,50.132172
546.905762,159.135895,14.488159,50.558762
545.067139,158.854660,15.211060,51.432541
546.174805,159.638290,15.189087,51.682098
546.850281,159.725739,15.120728,53.463272
547.176086,160.838959,14.886292,55.353622
547.430969,161.076492,14.633179,55.020111
547.352173,160.972260,15.086792,52.872757
548.288513,159.468475,14.130127,51.910416
548.898804,157.090897,13.570129,53.844406
549.379089,156.325287,13.217712,54.000458
547.850159,157.520935,13.901001,52.398087
548.424622,158.723633,14.931152,53.388138
547.432068,159.494980,15.026184,51.603043
548.824036,160.004013,15.033142,51.384720
549.149170,162.326447,14.923767,48.496445
549.770996,161.773895,14.438965,49.413971
549.734009,161.636414,14.911438,53.000931
548.038940,160.712936,15.548340,53.275726
549.947754,158.877533,15.002441,54.225464
550.556946,159.144257,14.501770,54.512589
550.816528,158.906464,14.469543,54.702454
549.531738,158.309143,14.885498,55.834427
549.939697,158.342072,15.782532,57.314423
550.060669,159.140289,16.104004,56.479935
550.605103,159.026917,15.560669,57.697433
550.796631,159.419250,15.588806,54.128754
551.075195,159.825348,15.926941,53.892380
551.651489,161.359375,15.778320,51.623871
551.733887,158.454620,16.130432,54.249847
550.644775,158.042801,15.085999,55.414902
551.863953,157.607697,14.486938,55.406601
551.781372,156.430786,15.010803,56.755432
551.701721,157.948441,15.509277,55.704620
551.445435,159.454315,15.203918,54.480499
551.559875,161.045837,14.971436,52.917587
551.807617,161.046234,14.703735,52.558716
550.880310,161.913483,14.287354,51.916916
551.256714,161.144135,14.459839,55.704697
551.589661,160.401123,14.146118,54.257401
551.228943,159.116089,14.889465,57.909058
551.422241,157.751526,14.343445,59.256607
549.596863,157.463226,15.022400,59.477585
549.935120,157.831329,15.904602,56.445526
550.593811,157.976501,15.275208,58.102341
549.314453,160.100662,15.765625,53.808273
548.274292,161.350708,15.839233,54.229660
549.803284,160.995056,15.282349,55.808334
550.340515,161.173401,15.289856,54.783813
550.165955,161.653687,15.655823,54.048157
548.758057,157.747009,15.428955,59.035492
549.249634,158.272247,15.692261,57.881409
548.856201,156.950592,16.477966,60.743408
548.919800,156.654358,16.164062,63.855896
548.825562,156.524323,16.499817,64.629272
547.317688,158.294922,17.027954,63.090530
547.755432,157.434509,17.032166,67.095322
548.192200,157.033691,16.203552,65.254471
546.824097,156.758820,16.203491,65.254456
547.576721,158.206451,16.461731,64.294693
546.042114,159.301697,16.452576,62.219635
546.282227,157.731491,17.134827,62.900589
545.212219,157.479431,17.206848,60.939713
546.191650,157.105957,16.860291,62.367645
544.770264,157.174164,17.213196,60.657059
544.883179,157.860382,17.985168,60.718689
545.362793,158.611221,17.550171,61.442749
543.525513,159.082916,18.639771,58.960556
544.835083,159.297531,17.680847,59.903030
545.042480,160.838669,17.346680,59.243317
544.701782,162.060104,17.150757,60.159973
543.460693,160.910919,16.920471,60.132706
544.440491,157.434418,17.089417,62.324921
544.923462,158.117508,17.152893,64.133926
543.079834,158.984833,16.322327,64.644577
543.597961,156.635193,17.301575,65.956253
543.126892,156.647232,19.054016,66.231155
543.289368,157.685333,19.621277,66.027390
543.237976,156.964417,19.202820,69.117020
543.440430,157.494217,19.080322,67.478668
541.551880,158.994354,19.157104,66.153519
541.423706,159.078339,19.380859,66.751617
542.279297,159.247162,18.474304,64.678879
542.869507,158.524933,17.821228,64.147736
540.688477,158.504318,17.610657,63.347702
541.943115,158.197159,17.401123,61.158722
542.701782,158.460052,17.520752,60.049896
540.675903,158.376236,18.028992,61.885696
541.650574,158.611969,18.621094,62.114853
539.552795,159.996368,19.248962,62.165833
540.798462,161.035416,19.305054,59.822403
541.984009,162.259399,18.443726,58.774017
542.020935,159.647430,18.534668,62.417297
541.996094,159.097885,18.571960,62.950348
541.527283,157.526978,18.870544,64.913620
541.675476,156.867096,19.024780,64.995911
541.647644,157.513245,19.536438,65.635056
541.128052,158.127075,19.736572,65.551483
541.266541,158.380859,18.906738,64.952972
540.054688,159.479950,18.931030,65.135056
540.825439,160.597778,17.589600,62.722046
541.249390,161.179688,17.080933,61.800339
541.420837,161.949127,17.024902,61.842209
540.816467,159.703094,17.536865,64.455185
541.324219,157.789810,17.177673,66.459854
539.081360,156.013885,18.192444,68.986588
539.988770,158.430710,18.397095,67.399033
539.518799,158.919525,18.745850,63.846619
538.981812,161.876328,19.004883,60.330887
539.101257,162.196045,18.814697,61.730499
538.188843,164.257675,20.295105,60.306046
535.126526,162.549454,21.932190,62.067810
536.561707,162.127991,22.231201,62.855453
533.774719,162.159424,22.231201,62.855469
535.163574,160.388428,21.545044,66.603760
536.212830,156.349121,21.442322,68.498520
535.681091,157.520752,22.427307,68.460953
537.204529,157.849823,21.512085,67.797623
534.241028,159.164337,22.499878,66.602493
533.588135,159.050293,23.570496,66.475250
533.197510,159.861679,24.266663,68.532104
535.010925,158.579865,23.429993,68.340500
532.770081,156.410660,23.386230,71.381699
533.989258,156.454254,23.386230,71.381714
534.398315,156.201950,22.972351,73.263275
535.583008,154.561707,21.794617,75.204559
535.613770,153.175323,21.573303,76.805603
533.086060,152.070679,23.473328,75.624664
534.291077,150.922409,22.757568,75.882812
534.420532,152.551483,22.785400,73.744583
534.474487,155.250336,23.207764,73.134689
534.833252,156.329620,24.144592,75.067703
533.075745,157.153580,23.212097,72.846619
533.728943,157.609924,23.635620,74.990082
531.347961,156.064728,23.411804,74.336288
532.628723,154.272217,24.270264,76.278656
533.659058,153.359314,24.695129,76.549454
530.907532,151.803253,24.125610,78.014694
532.108826,150.442200,24.125610,78.014709
532.968872,147.096069,23.849365,82.089111
532.921509,150.725677,23.898926,80.942337
533.318298,151.749542,23.898926,80.942322
558.765137,148.538361,24.737244,89.153778
556.163147,151.295578,25.992981,90.245819
556.654541,146.559875,25.628662,93.281311
555.313721,144.887863,26.052246,94.814270
556.172485,141.745819,24.956787,97.560104
535.896606,141.341675,24.956787,97.560120
542.443359,142.650360,24.956787,97.560120
532.925476,145.977448,27.026733,90.201584
538.015930,159.827332,27.026733,90.201599
533.666077,145.136963,27.026733,90.201599
534.343689,146.345673,27.026733,90.201599
536.651306,146.814819,27.026733,90.201599
533.296631,142.164062,26.874878,95.854584
538.302979,143.407867,29.301086,101.531021
542.111328,142.107544,29.301147,101.531006
534.451416,131.355545,30.631836,110.663467
530.797913,129.328827,29.563660,114.258514
531.953552,135.855515,29.037720,108.744522
531.103760,139.233826,29.239868,103.972870
529.137695,141.121353,30.100098,104.219925
525.123108,137.672623,30.889099,105.430984
525.679199,141.154617,32.594971,103.365585
523.521912,140.065948,35.122314,102.382812
522.259094,139.370789,36.901245,105.835815
518.504700,135.291077,35.694641,106.944397
513.488464,130.678268,34.455078,114.685562
519.008667,131.103363,34.455078,114.685547
526.478516,132.759064,34.455078,114.685547
534.627502,132.282455,34.455078,114.685547
536.071655,133.109436,34.455078,114.685547
530.828857,131.660034,34.455078,114.685547
534.020264,134.664444,33.946594,110.253586
535.549438,138.445374,33.946533,110.253601
537.733154,137.892242,33.946533,110.253601
534.257568,135.669327,33.946533,110.253601
537.136536,140.781982,32.020935,102.196991
540.330261,146.213043,30.493164,96.474396
543.278137,147.595734,29.509094,92.954620
544.808289,153.500626,27.970642,89.140503
544.844543,149.035538,27.677917,92.632629
545.652466,151.011917,26.835510,88.455109
545.634216,153.263321,26.269165,87.009705
546.064941,155.571762,25.969788,86.494034
546.831665,156.883545,24.875732,85.470016
547.781494,155.212250,23.838257,89.277878
548.068665,154.912964,24.172180,94.867523
547.783813,153.958588,24.935974,95.027740
548.234497,156.773956,25.491455,89.936432
549.068726,151.983337,25.088745,96.798203
548.342896,150.778229,26.385315,98.340317
547.464905,150.116013,27.589172,99.615005
546.593384,152.816254,28.509888,95.760727
547.183167,151.808212,27.266418,96.927628
546.721619,152.371765,28.417175,99.384705
545.937500,150.299316,28.332031,102.734238
547.407227,151.955078,27.444092,105.833496
547.366882,151.903778,27.031616,105.395172
547.040161,152.745316,27.425720,102.275864
545.066650,151.096817,26.137695,101.073318
546.136658,146.359573,26.990112,104.239807
545.807861,144.167755,27.965454,104.236115
545.337463,149.127213,29.161377,101.278671
542.934631,152.033417,28.971008,98.539917
542.469482,152.116776,28.871704,102.521988
542.570862,147.507217,28.257629,107.588882
542.049011,147.509491,28.192688,106.911072
538.830078,148.899551,29.914551,105.151382
538.922485,151.005035,30.271667,104.324799
538.314514,146.443512,30.881104,108.292847
534.986633,141.526947,32.098389,113.309631
535.134888,141.333313,32.353088,115.653198
534.607605,139.731766,33.483215,116.160843
530.170898,131.549835,34.106934,120.148132
531.101501,132.945663,35.854004,126.974777
532.178345,136.331009,33.644897,119.057510
528.520691,137.092453,32.832031,122.924576
530.490906,133.662460,32.266785,124.798233
530.053772,134.969315,33.245239,128.076431
530.099243,132.232803,33.423828,128.024155
529.577393,137.436798,33.764099,125.205261
526.159241,140.514557,32.552612,125.167084
526.982483,134.347870,32.418213,129.249786
523.963684,137.709137,30.612122,125.367615
525.423218,141.915405,31.900269,121.682373
524.263672,139.764145,33.187317,126.238235
522.401855,140.241440,33.432373,127.564835
522.731262,142.473907,32.331848,123.577820
521.312500,143.064163,33.910522,122.945328
520.455750,143.214142,33.685730,122.008545
519.664673,138.924652,33.280945,127.680847
519.170471,140.920792,32.982666,124.267715
516.406738,137.927872,33.877197,127.073410
516.989197,140.402802,34.820801,125.982880
516.989075,140.284592,34.005859,125.668472
515.145020,135.272400,35.717102,132.527069
513.907227,137.094803,36.068481,133.273849
512.749634,136.021561,36.353943,134.394669
512.536255,136.954865,36.556091,137.468842
507.584076,141.282883,37.554413,134.243210
508.073700,136.225281,38.585724,137.310425
507.082855,138.921066,39.696503,136.173111
507.752075,137.179214,40.037048,136.745193
502.037598,134.139587,40.949463,137.035339
504.108337,137.501282,41.382141,132.676849
502.842712,137.856613,41.754272,132.540695
500.938782,139.882919,43.557800,133.095352
500.427063,134.589066,43.724854,141.484482
499.772766,132.577377,43.239624,145.305557
500.843323,136.155182,41.866638,143.237396
499.111847,137.001343,41.269318,141.739044
498.050903,138.533173,41.731262,139.562897
497.456360,137.809082,41.181641,139.682404
497.137573,136.365219,42.541138,142.443253
495.850037,134.403046,42.817444,144.839569
495.678467,133.511734,43.535706,146.164566
495.149048,135.596680,40.723511,145.180603
495.036377,135.992172,38.533447,146.119370
493.462616,136.399414,40.758331,144.657379
493.056152,141.144592,40.263855,143.069092
492.219177,139.318649,40.262634,148.459091
493.462067,140.909256,39.708282,146.437424
491.916595,139.011093,41.032074,150.890091
492.926178,140.670441,41.962128,145.613159
490.602234,144.465500,42.802124,148.201950
490.546631,137.340103,43.217346,151.130051
489.237793,138.933884,46.216431,158.319656
488.954376,140.849197,47.568634,153.616287
490.957642,138.844040,46.332153,158.673935
490.414551,140.241074,43.985840,157.953812
490.428009,143.664566,43.816010,155.525070
492.209869,143.341354,43.329437,157.781143
492.640533,137.164612,43.999908,166.821320
493.878967,134.157181,41.260803,167.140640
494.286926,135.019989,41.974670,168.755798
493.830933,138.591461,41.999268,165.384491
493.375610,137.603378,42.971558,163.089645
493.206665,137.485977,44.177124,166.094193
494.813446,135.566254,44.369049,170.152588
494.836914,134.065689,45.581726,174.268204
496.439850,132.229584,46.356049,174.881744
498.052002,132.352661,48.259583,174.613403
499.386658,138.600494,46.912720,171.548492
499.415588,133.344635,48.746765,177.724518
507.895538,108.338699,48.746796,177.724533
501.468140,125.360443,48.367249,179.869843
504.744751,131.713562,49.077637,177.994598
507.358307,131.505646,48.992889,181.121674
510.228119,134.960480,47.756500,179.490204
512.511230,131.857483,46.872681,187.685089
515.895569,136.993896,44.252747,182.876923
518.054504,142.898163,43.854858,180.117432
519.467590,144.387451,43.049683,181.516998
522.701477,140.698547,42.583984,187.042847
524.570068,139.320587,43.670044,188.279663
526.708069,134.973358,43.502930,194.800903
529.632385,131.401459,43.667419,203.286316
529.380737,136.258881,46.947144,194.681396
529.356384,135.497284,50.357910,203.814575
532.915955,127.669708,50.535095,206.112885
533.058655,133.919098,54.676941,201.118927
535.534790,132.414246,54.044678,199.521606
535.140991,111.804993,54.289551,200.425568
541.692871,110.389359,55.682800,205.569199
542.382324,117.975502,55.939270,206.516083
544.707642,135.570312,53.566406,205.078735
544.444214,136.497559,54.485352,210.305786
547.132690,133.415497,54.927612,209.996796
548.315918,135.085144,56.729248,210.434082
547.518250,129.227692,59.318909,214.382294
549.799744,133.706177,59.357361,211.227295
551.663696,129.040833,59.968140,219.231079
554.125671,137.914825,58.089966,207.122345
553.034241,134.132111,58.975403,215.420868
555.411743,128.385559,57.908203,215.409912
555.049255,142.725677,57.390686,205.891632
555.273132,143.279022,55.890442,213.795868
555.002502,140.381531,56.345398,216.136902
554.261963,136.255371,58.581848,222.349731
552.588867,140.693512,60.827576,223.109528
552.377441,139.208405,61.608154,222.779694
550.166992,132.959503,63.054016,232.415802
548.590576,137.018372,65.332275,225.196045
548.004578,133.398743,68.161621,231.922974
545.685486,128.569702,66.690186,241.326294
546.531860,133.173340,64.390137,232.456116
547.888916,142.179779,61.638916,230.169586
544.756775,135.043762,62.696472,245.661316
542.167908,134.542694,64.894958,254.877106
538.872437,125.487610,66.132202,271.709656
536.169128,129.132660,67.226257,268.699432
532.766479,126.365875,70.446167,267.229034
529.315979,132.610474,69.937439,254.594666
527.582703,129.796417,69.416687,254.893219
519.815918,132.994141,69.276245,256.479797
516.828613,118.036591,70.734314,276.291351
510.542725,121.710724,69.305420,278.785065
510.098816,128.519928,72.332703,273.711151
494.859558,100.852737,72.455627,274.176392
499.463257,117.749054,73.190674,281.830231
487.905518,107.175491,72.550171,279.364014
477.439270,151.635986,72.550171,279.364014
468.169617,113.664505,72.550171,279.364014
479.948761,129.863403,74.707245,283.323120
474.491089,127.093811,76.803650,287.744690
467.159546,126.680420,70.643738,288.073364
462.499878,128.768311,73.686279,289.606995
455.986328,132.912262,71.923096,284.077789
454.247498,131.224121,67.425598,289.966675
445.127258,134.372772,69.830872,283.868134
435.548523,132.747742,71.493347,285.540344
428.809814,137.446747,74.991791,280.307404
416.150574,139.292419,77.166199,284.342224
406.041534,135.799316,78.790619,279.271790
394.982452,132.291656,77.821320,284.879974
392.547821,138.173065,75.509857,276.197906
380.464508,136.355652,72.874207,280.483643
374.374237,137.156586,69.470123,282.066742
366.238281,138.994385,68.815857,274.754395
351.530121,146.201233,76.066803,270.948364
338.276703,144.562469,81.493927,280.943512
326.037109,143.946899,84.750458,287.053101
321.828949,136.593246,84.929474,287.659485
305.385803,154.130127,86.177155,271.960510
297.951202,146.138412,85.219879,268.939575
287.193176,145.122116,85.102295,268.568542
270.709869,150.142639,84.257782,273.389832
259.555115,144.810699,84.700958,280.265717
249.575562,136.837524,83.361450,287.860962
247.916473,134.304688,79.427155,296.178040
235.724350,128.620819,74.459366,300.259308
227.598221,129.094925,74.336258,299.762817
216.027634,134.143402,72.605606,294.545807
203.961975,127.082458,74.793945,303.917542
202.722412,121.564728,72.333435,309.435272
189.152863,130.681702,78.397675,300.318298
173.542816,128.498779,87.191986,299.948547
160.148605,131.753937,92.936691,299.246063
147.260529,134.881897,92.723083,293.980103
127.284920,130.528534,89.427223,300.471466
116.447136,129.794189,88.543724,296.049194
107.898689,133.453461,89.567451,290.249420
105.759705,133.093842,85.915985,289.753693
96.943245,131.614777,83.952339,290.805817
89.310966,127.204254,80.396721,296.253754
85.970573,128.337402,82.694038,296.319763
71.628616,121.517609,87.405228,303.309601
69.819229,125.401154,86.231674,303.125885
57.038811,136.584747,89.640724,288.611664
44.902458,144.368988,94.230553,279.902313
44.981262,133.128815,89.416885,293.808319
33.831200,131.078705,89.975822,292.003937
27.340729,133.520416,93.451172,286.329071
25.462799,138.658051,90.898346,278.096100
16.637527,135.976227,90.999176,276.813751
15.022583,128.364563,87.802826,279.029297
7.533157,137.509399,86.395706,273.257141
7.884048,127.514404,86.459686,285.750000
5.298218,114.551422,85.993408,297.794464
5.178452,125.531311,79.853516,289.010315
4.928513,132.115387,76.638748,278.593903
4.289223,139.124420,72.722267,271.691681
0.000000,102.411224,72.722267,271.691681
0.000000,164.971039,71.206558,266.028931
0.000000,164.971069,71.206558,266.028931
0.317497,155.440918,71.206558,266.028931
0.000000,164.971069,71.206558,266.028931
2.446510,118.476471,71.206558,266.028931
4.490200,118.227646,71.206558,266.028931
20.450111,68.526794,71.206558,266.028931
20.457287,76.312790,71.206558,266.028931
20.964443,80.024124,71.206558,266.028931
38.854729,37.281708,71.206558,266.028931
24.803425,93.051743,71.206558,266.028931
24.995602,142.499207,71.206558,266.028931
14.146229,76.302948,71.206558,266.028931
14.866615,76.749786,71.206558,266.028931
16.124859,73.300583,71.206558,266.028931
32.999062,24.381805,71.206558,266.028931
21.090446,67.703445,71.206558,266.028931
22.041538,73.125153,71.206558,266.028931
21.786915,73.771820,71.206558,266.028931
22.012054,72.901245,71.206558,266.028931
22.138115,73.385162,71.206558,266.028931
22.086029,75.328522,71.206558,266.028931
21.999996,73.913101,71.206558,266.028931
21.808643,72.513855,71.206558,266.028931
21.478985,72.593063,71.206558,266.028931
22.110538,72.548004,71.206558,266.028931
22.009945,72.705505,71.206558,266.028931
21.483303,75.361435,71.206558,266.028931
21.817139,73.630356,71.206558,266.028931
21.731998,72.911224,71.206558,266.028931
21.956055,73.982300,71.206558,266.028931
21.790783,74.144913,71.206558,266.028931
21.652897,73.331970,71.206558,266.028931
21.572662,73.697342,71.206558,266.028931
22.123135,74.072418,71.206558,266.028931
22.307655,76.056335,71.206558,266.028931
21.840309,78.068573,71.206558,266.028931
22.231415,130.309814,71.206558,266.028931
21.831871,76.957245,71.206558,266.028931
22.079288,77.086273,71.206558,266.028931
21.683197,78.095291,71.206558,266.028931
22.592812,79.000717,71.206558,266.028931
23.721840,73.173050,71.206558,266.028931
24.655354,74.432953,71.206558,266.028931
14.881542,110.914764,71.206558,266.028931
30.371284,53.778946,71.206558,266.028931
16.614895,55.937912,71.206558,266.028931
472.347717,98.047791,54.652283,236.888794
473.802917,112.503601,60.447510,216.335571
474.114014,114.568481,59.772400,217.366272
472.331879,111.673401,60.826080,220.312195
469.906189,108.630096,60.157837,225.262543
469.687317,112.173981,59.115662,223.308258
462.460938,110.131531,58.784607,227.562256
463.119446,112.421082,59.016968,233.705505
456.358704,112.549438,59.243896,233.026245
455.204041,113.792572,62.380981,235.719574
454.233215,107.400024,62.245911,239.951416
447.516296,104.509918,60.041382,243.420685
450.255768,110.842987,60.363831,234.443207
443.395264,109.052460,58.069916,240.014801
445.678070,101.337646,53.283478,249.037537
437.735687,111.358673,56.016754,240.690155
438.136353,111.333527,53.990540,245.246918
431.887299,108.667419,52.395477,250.525940
431.196594,103.020752,54.069031,256.315430
426.652466,104.703217,60.809265,254.136688
421.806976,106.910156,66.302216,265.566223
410.405121,98.801575,71.558441,267.031128
408.327393,93.847321,74.130005,274.676605
405.417847,94.784515,74.067719,279.203094
404.824860,99.844971,75.612427,277.778992
404.020264,107.734528,73.038757,266.769196
396.094574,106.325836,72.291290,265.665131
395.948517,106.223938,70.584137,269.342468
385.422729,102.560303,68.037170,273.431396
385.679779,93.380310,68.378632,292.659607
374.837067,96.381927,71.224030,298.385956
373.011414,100.927338,74.565094,299.713531
370.248779,102.104004,75.815979,307.175598
366.860413,100.008118,74.751465,300.881775
365.671143,95.983368,75.568604,304.960175
356.185303,102.522339,73.918213,307.356445
346.385712,98.493713,75.695374,317.801453
347.214172,95.448486,77.830505,320.995178
342.702820,102.173767,81.559448,324.379272
332.026123,87.307983,79.711182,340.543274
320.814087,103.971375,79.335022,323.571106
317.932404,95.953918,83.447571,329.067078
312.822418,82.886597,88.107361,342.078491
298.926453,88.824097,92.753143,335.346741
293.116821,84.131409,99.145538,340.085571
275.401459,81.274872,102.668274,349.369293
271.524536,78.208069,108.372925,352.537781
257.353699,84.488342,113.496429,344.504150
258.614563,89.019348,108.177948,341.980652
245.406845,81.423889,108.936844,349.576111
243.014542,83.520386,104.637344,347.479614
230.188858,71.535431,102.342270,352.130768
217.181702,72.793518,100.242310,340.031189
203.527130,73.531586,104.606934,347.419708
196.190247,75.452759,109.854034,350.665649
180.350510,73.047424,108.450241,353.699585
163.984039,71.136658,111.250549,351.523376
160.957962,80.367126,112.226120,346.096191
154.484070,81.203003,111.287140,349.796997
134.046417,85.902283,115.479248,340.333313
115.966217,80.952362,115.935883,346.059967
97.622559,81.604187,114.443970,349.395813
89.292694,75.655884,120.915710,348.889221
66.938934,79.817566,125.939423,345.502136
44.955002,76.040588,136.823837,353.271729
42.629288,70.837097,133.930222,358.663574
25.006775,76.952332,127.543884,354.047668
20.875443,69.674805,125.197159,361.162659
0.000000,64.320862,135.144211,348.142639
0.000000,88.341415,133.015366,342.658569
0.000000,36.436844,133.015366,342.658569
0.602516,41.388855,133.015381,342.658569
1.083061,37.870148,133.015381,342.658569
1.250916,88.341431,133.015381,342.658569
40.288307,28.716980,133.015381,342.658569
65.227936,66.203522,133.015381,342.658569
40.830406,22.610748,133.015381,342.658569
9.181801,24.449402,133.015381,342.658569
7.938454,25.755371,133.015381,342.658569
2.498871,29.715973,133.015381,342.658569
3.168770,31.719131,133.015381,342.658569
3.722946,30.081604,133.015381,342.658569
3.639473,27.439240,133.015381,342.658569
3.323738,29.045105,133.015381,342.658569
3.240417,27.602188,133.015381,342.658569
3.810257,28.906021,133.015381,342.658569
4.134155,27.559738,133.015381,342.658569
3.908051,33.672394,133.015381,342.658569
2.934189,30.838516,133.015381,342.658569
2.304871,33.679550,133.015381,342.658569
1.786148,37.760010,133.015381,342.658569
2.049652,34.726303,133.015381,342.658569
2.586853,30.341599,133.015381,342.658569
2.709259,25.292618,133.015381,342.658569
2.180878,27.848434,133.015381,342.658569
2.285553,25.646149,133.015381,342.658569
2.387581,26.946747,133.015381,342.658569
2.365150,24.971741,133.015381,342.658569
2.371826,24.284760,133.015381,342.658569
39.380707,65.302948,133.015381,342.658569
26.113533,22.198914,133.015381,342.658569
0.000000,18.816193,133.015381,342.658569
24.153282,19.827576,133.015381,342.658569
0.000000,17.987885,133.015381,342.658569
0.000000,19.235931,133.015381,342.658569
0.000000,16.816116,133.015381,342.658569
0.000000,22.539612,133.015381,342.658569
0.000000,20.773575,133.015381,342.658569
0.000000,16.297455,133.015381,342.658569
0.000000,22.510223,133.015381,342.658569
0.000000,20.141815,133.015381,342.658569
0.000000,17.411530,133.015381,342.658569
0.041176,19.656067,133.015381,342.658569
0.000000,21.201691,133.015381,342.658569
0.000000,19.120529,133.015381,342.658569
24.411438,20.207428,133.015381,342.658569
0.000000,15.301926,133.015381,342.658569
0.000000,21.941681,133.015381,342.658569
0.000000,21.290512,133.015381,342.658569
0.000000,20.059769,133.015381,342.658569
0.000000,17.462723,133.015381,342.658569
0.000000,20.331940,133.015381,342.658569
0.000000,17.706116,133.015381,342.658569
23.480904,21.934357,133.015381,342.658569
54.652733,3.346130,133.015381,342.658569
88.203033,56.727234,133.015381,342.658569
118.481750,52.856110,133.015381,342.658569
89.492218,17.789703,133.015381,342.658569
114.645142,64.102600,133.015381,342.658569
127.512482,0.000000,152.136566,379.681213
123.107986,7.381012,152.136581,379.681213
121.602425,14.674622,152.136597,379.681213
119.629150,17.956390,152.136597,379.681213
111.471252,34.494385,162.002930,350.933777
102.914200,48.177063,173.831985,336.979614
105.804413,57.314148,174.369965,326.263855
101.136169,66.060394,179.458801,315.345673
100.889282,72.480972,179.458801,315.345703
119.319397,0.000000,210.778076,353.168213
60.279053,24.730042,248.924530,397.861267
18.922516,16.003937,248.924530,397.861267
27.389450,6.084595,248.924515,397.861267
33.153877,3.624847,248.924530,397.861267
43.819855,18.936462,242.890717,369.122009
52.287994,21.427856,242.890717,369.122009
13.390610,23.660156,242.890701,369.122009
24.143410,19.921600,242.890717,369.122009
30.543732,22.786499,242.890717,369.122009
40.544296,21.051666,242.890701,369.122009
46.596397,22.398468,242.890686,369.122009
56.701874,27.616455,233.286896,363.285889
61.565445,32.014496,233.286911,363.285889
23.262169,25.724487,233.286896,363.285889
35.140656,22.389160,228.292389,364.597290
