358.67,127.67,60.333,91
359.85,128.26,60.333,91
361.09,129.23,59.046,89.059
360.51,128.65,59.046,89.059
358.19,128.07,59.046,89.059
357.66,123.8,57.787,87.16
358.27,120.18,56.555,85.301
359.43,120.53,55.349,83.482
359.43,118.36,55.349,83.482
358.89,117.82,55.349,83.482
360.02,118.71,54.168,81.702
360.02,118.71,54.168,81.702
360.55,119.77,54.168,81.702
360.55,121.36,54.168,81.702
361.08,122.43,54.168,81.702
361.08,123.49,54.168,81.702
362.19,124.89,53.013,79.96
362.71,127.5,53.013,79.96
363.24,128.02,53.013,79.96
360.63,129.06,53.013,79.96
353.85,129.06,53.013,79.96
352.22,127.66,54.186,81.729
346.37,126.06,54.186,81.729
346.37,124.47,54.186,81.729
345.31,119.69,54.186,81.729
342.7,115.78,53.031,79.986
342.18,114.21,53.031,79.986
341.66,109.52,53.031,79.986
340.55,106.55,54.204,81.756
340.55,102.81,54.204,81.756
339.48,101.75,54.204,81.756
340.01,101.21,54.204,81.756
342.15,100.68,54.204,81.756
345.39,102.09,53.048,80.012
347.48,102.61,53.048,80.012
348.04,100.85,51.917,78.306
345.03,101.18,50.81,76.636
345.57,101.49,49.726,75.002
344.15,100.83,48.666,73.402
343.67,98.437,48.666,73.402
341.28,97.002,48.666,73.402
334.1,90.304,48.666,73.402
329.74,83.751,49.742,75.026
325.83,80.333,49.742,75.026
324.3,75.109,50.843,76.686
320.24,63.761,51.968,78.383
316.1,54.737,53.118,80.117
317.19,48.811,51.985,78.409
318.76,46.078,50.876,76.737
320.26,43.078,50.876,76.737
322.3,40.896,49.791,75.1
326.25,40.721,48.73,73.499
327.69,38.807,48.73,73.499
335.86,35.763,47.69,71.931
339.18,33.25,46.673,70.397
347.94,31.247,45.678,68.896
355.16,27.043,44.704,67.427
360.43,25.725,44.704,67.427
366.58,22.211,44.704,67.427
372.73,21.333,44.704,67.427
378.44,18.698,44.704,67.427
386.34,19.137,44.704,67.427
393.37,19.576,44.704,67.427
400.84,18.698,44.704,67.427
407.37,18.391,45.693,68.919
413.6,18.976,46.704,70.443
419.56,22.646,46.704,70.443
422.32,23.105,46.704,70.443
423.18,27.373,47.737,72.002
423.18,28.779,47.737,72.002
419.37,29.857,48.794,73.595
413.19,30.641,47.753,72.026
406.16,33.453,47.753,72.026
398.14,34.062,48.81,73.619
390.39,34.689,49.889,75.248
382.48,33.857,50.993,76.913
373.98,33.857,50.993,76.913
366.98,33.357,50.993,76.913
361.48,32.857,50.993,76.913
355.98,32.857,50.993,76.913
351.98,32.357,50.993,76.913
344.98,30.357,50.993,76.913
338.98,29.857,50.993,76.913
331.98,30.857,50.993,76.913
349.48,30.857,50.993,76.913
346.48,33.357,50.993,76.913
341.98,35.357,50.993,76.913
339.48,35.857,50.993,76.913
336.98,37.357,50.993,76.913
337.48,37.357,50.993,76.913
339.53,40.677,49.906,75.273
317.02,45.401,48.842,73.667
319.36,42.664,49.922,75.297
325.25,42.664,49.922,75.297
332.11,43.155,49.922,75.297
336.95,42.812,51.027,76.963
345.48,42.812,51.027,76.963
350,42.812,51.027,76.963
354.52,43.314,51.027,76.963
360.04,43.816,51.027,76.963
362.05,46.326,51.027,76.963
365.06,47.33,51.027,76.963
366.56,48.835,51.027,76.963
369.58,52.349,51.027,76.963
374.6,56.365,51.027,76.963
375.1,60.38,51.027,76.963
391.66,111.58,51.027,76.963
393.71,115.41,49.939,75.322
394.2,117.86,49.939,75.322
394.24,120.14,48.874,73.716
392.8,120.62,48.874,73.716
389.96,117.08,47.831,72.144
389.96,120.37,47.831,72.144
388.08,123.2,47.831,72.144
386.71,123.03,46.811,70.605
386.25,121.18,46.811,70.605
386.25,118.42,46.811,70.605
384.9,115.48,45.813,69.1
384.4,115.17,46.827,70.628
384.4,116.09,46.827,70.628
383.93,113.33,46.827,70.628
380.19,108.4,47.863,72.191
387.66,119.84,48.922,73.788
399.23,124.47,47.878,72.215
408.11,125.08,48.938,73.813
411.9,124.74,50.02,75.446
412.82,124.4,51.127,77.115
411.25,125.05,52.258,78.821
410.67,122.64,53.415,80.565
409.03,124.38,54.596,82.347
408.49,121.15,54.596,82.347
406.34,125.99,54.596,82.347
406.39,126.33,53.432,80.591
405.34,126.33,53.432,80.591
406.43,126.14,52.293,78.873
407.46,125.62,52.293,78.873
408.49,123.57,52.293,78.873
409.52,124.08,52.293,78.873
411.1,123.9,51.177,77.191
413.15,123.21,50.086,75.545
413.09,120.9,51.194,77.216
418.63,114.35,51.194,77.216
425.18,111.33,51.194,77.216
426.74,104.59,50.103,75.569
422.25,98.834,51.211,77.241
418.72,93.794,51.211,77.241
418.76,90.083,50.119,75.594
417.78,87.622,50.119,75.594
416.24,86.786,51.228,77.267
416.18,85.931,52.361,78.976
415.15,85.931,52.361,78.976
414.63,86.445,52.361,78.976
415.19,86.773,51.245,77.292
415.19,86.269,51.245,77.292
413.68,85.765,51.245,77.292
412.11,84.91,52.378,79.002
412.11,84.91,52.378,79.002
411.08,84.91,52.378,79.002
411.08,85.424,52.378,79.002
411.59,86.965,52.378,79.002
412.11,87.992,52.378,79.002
412.04,88.66,53.537,80.75
415.72,89.711,53.537,80.75
421.02,91.097,52.396,79.028
406.62,91.94,51.278,77.343
407.63,92.948,51.278,77.343
409.69,93.268,50.185,75.693
411.1,92.923,51.295,77.368
414.06,92.571,52.43,79.08
420.25,94.118,52.43,79.08
429.53,97.212,52.43,79.08
432.56,98.916,53.59,80.829
436.72,101.71,54.776,82.618
437.72,102.41,55.988,84.446
442.73,106.07,54.794,82.645
445.42,108.22,54.794,82.645
450.28,110.92,54.794,82.645
456.68,114.86,56.006,84.473
457.28,110.8,54.812,82.672
396.89,73.056,54.812,82.672
397.47,73.398,53.643,80.909
401.16,71.288,53.643,80.909
400.63,69.706,53.643,80.909
398.04,67.931,52.499,79.184
400.15,64.134,51.379,77.495
401.7,65.464,50.284,75.842
417.56,66.767,49.211,74.225
424.34,66.767,49.211,74.225
429.67,66.283,49.211,74.225
432.61,69.496,48.162,72.642
434.54,71.216,47.135,71.093
436.9,73.825,46.13,69.577
443.24,73.372,46.13,69.577
443.28,69.584,45.146,68.093
445.44,69.274,46.145,69.6
447.7,66.103,46.145,69.6
448.1,63.975,47.166,71.14
447.17,58.884,47.166,71.14
446.71,55.183,47.166,71.14
446.25,52.869,47.166,71.14
445.36,52.239,46.16,69.623
446.31,51.17,45.175,68.138
447.67,52.782,44.212,66.685
449.45,49.576,43.269,65.263
450.73,49.576,43.269,65.263
451.58,47.874,43.269,65.263
450.67,46.301,44.227,66.707
449.75,45.563,45.205,68.183
449.25,44.366,46.205,69.691
448.28,43.595,47.227,71.233
448.75,43.595,47.227,71.233
448.28,43.595,47.227,71.233
447.76,43.271,48.272,72.809
446.75,42.94,49.34,74.42
445.78,42.456,49.34,74.42
445.78,42.456,49.34,74.42
445.78,42.456,49.34,74.42
445.78,42.456,49.34,74.42
445.78,41.972,49.34,74.42
446.27,41.003,49.34,74.42
447.18,40.18,50.432,76.066
447.18,40.676,50.432,76.066
447.18,41.172,50.432,76.066
446.72,41.487,49.357,74.444
446.24,42.456,49.357,74.444
445.21,45.022,50.449,76.091
441.73,67.842,50.449,76.091
437.81,69.645,49.373,74.469
433.49,69.955,48.32,72.881
427.8,69.481,48.32,72.881
425.46,71.681,47.289,71.326
419.46,69.654,46.281,69.805
416.28,66.014,46.281,69.805
409.45,69.199,46.281,69.805
402.63,71.018,46.281,69.805
397.67,71.763,45.294,68.317
394.14,70.266,44.328,66.86
368.06,121.47,43.383,65.434
368.06,126.58,43.383,65.434
363.38,129.13,43.383,65.434
357.43,130.83,43.383,65.434
351.08,133.23,42.458,64.039
345.65,134.07,42.458,64.039
341.89,134.49,42.458,64.039
340.67,133.92,41.552,62.673
339.86,130.25,41.552,62.673
336.22,131.73,40.666,61.337
333.06,132.38,39.799,60.029
309.29,121.71,38.95,58.748
309.32,121.19,38.12,57.496
309.73,121.05,37.307,56.269
310.13,121.65,36.511,55.07
310.13,121.65,36.511,55.07
310.48,122.01,36.511,55.07
311.95,124.03,35.732,53.895
315.46,126.84,35.732,53.895
319.67,127.19,35.732,53.895
309.17,123.2,34.97,52.746
301.31,124.11,34.225,51.621
301.31,124.78,34.225,51.621
303.32,124.11,34.225,51.621
303.28,124.21,34.982,52.763
300.49,123.97,35.756,53.93
300.52,124.19,34.993,52.78
299.49,124.19,34.993,52.78
296.4,124.53,34.993,52.78
298.49,125.44,34.247,51.655
295.15,122.28,33.517,50.553
295.48,122.94,33.517,50.553
297.15,123.48,32.802,49.475
298.79,124.33,32.103,48.42
300.71,124.84,31.418,47.388
302.27,125.35,30.748,46.377
302.6,126.15,30.092,45.388
299.96,126.63,29.451,44.42
299.67,126.05,29.451,44.42
298.19,125.56,30.102,45.403
297.85,125.06,30.768,46.407
298.48,125.55,30.112,45.418
299.1,126.63,29.47,44.449
299.41,127.1,28.841,43.501
299.98,127.39,28.841,43.501
300.55,127.1,28.841,43.501
301.4,127.67,28.841,43.501
302.26,127.95,28.841,43.501
303.99,128.13,28.226,42.574
303.99,128.13,28.226,42.574
304.56,128.04,27.624,41.666
305.4,127.94,27.035,40.777
305.93,127.94,27.035,40.777
306.48,127.58,26.459,39.908
307.02,127.74,25.895,39.057
307.56,127.91,25.342,38.224
307.33,127.07,24.802,37.409
307.59,127.22,24.273,36.611
308.33,127.85,23.755,35.83
308.58,128,23.249,35.066
308.83,128.15,22.753,34.318
308.38,128.37,22.753,34.318
308.61,128.37,22.753,34.318
308.83,128.37,22.753,34.318
308.38,128.6,22.753,34.318
308.61,128.6,22.753,34.318
308.83,128.6,22.753,34.318
308.38,128.37,22.753,34.318
308.61,128.37,22.753,34.318
309.05,128.37,22.753,34.318
308.83,128.37,22.753,34.318
308.83,128.37,22.753,34.318
308.83,128.37,22.753,34.318
308.83,128.37,22.753,34.318
308.83,128.37,22.753,34.318
309.05,128.37,22.753,34.318
309.28,128.37,22.753,34.318
309.5,128.15,22.753,34.318
309.72,127.92,22.753,34.318
309.28,127.92,22.753,34.318
309.5,127.92,22.753,34.318
309.72,127.92,22.753,34.318
309.28,127.92,22.753,34.318
309.5,127.92,22.753,34.318
309.72,128.15,22.753,34.318
309.05,128.37,22.753,34.318
309.05,128.37,22.753,34.318
309.28,128.37,22.753,34.318
309.5,128.6,22.753,34.318
309.72,128.6,22.753,34.318
309.28,128.6,22.753,34.318
309.5,128.6,22.753,34.318
309.72,128.6,22.753,34.318
309.28,128.6,22.753,34.318
309.5,128.6,22.753,34.318
309.5,128.6,22.753,34.318
309.5,128.82,22.753,34.318
309.5,128.82,22.753,34.318
309.5,128.82,22.753,34.318
309.5,128.82,22.753,34.318
309.5,128.82,22.753,34.318
309.5,128.6,22.753,34.318
309.5,128.15,22.753,34.318
309.74,127.4,22.268,33.586
309.96,127.62,22.268,33.586
309.3,127.84,22.268,33.586
309.74,128.06,22.268,33.586
310.18,128.27,22.268,33.586
309.96,127.4,22.268,33.586
309.74,127.62,22.268,33.586
310.18,127.84,22.268,33.586
309.96,128.06,22.268,33.586
309.74,128.27,22.268,33.586
310.18,127.4,22.268,33.586
310.18,127.62,22.268,33.586
310.4,127.84,22.268,33.586
310.82,127.68,22.76,34.329
311.26,127.68,22.76,34.329
311.68,127.3,23.264,35.089
312.37,126.85,23.264,35.089
312.6,126.85,23.264,35.089
313.06,126.62,23.264,35.089
313.29,126.39,23.264,35.089
313.98,125.93,23.264,35.089
314.43,125.93,23.264,35.089
315.35,125.93,23.264,35.089
315.81,125.93,23.264,35.089
316.5,125.7,23.264,35.089
316.73,125.47,23.264,35.089
317.19,125.24,23.264,35.089
317.42,125.01,23.264,35.089
317.65,124.78,23.264,35.089
318.1,125.01,23.264,35.089
318.1,124.55,23.264,35.089
318.1,124.55,23.264,35.089
318.33,124.09,23.264,35.089
318.56,123.63,23.264,35.089
320.65,123.55,22.768,34.341
320.42,123.33,22.768,34.341
322.01,122.57,22.282,33.608
322.23,122.35,22.282,33.608
323.11,121.91,22.282,33.608
324.42,121.91,22.282,33.608
324.4,121.54,22.775,34.352
325.74,121.54,22.775,34.352
325.26,120.94,23.279,35.112
325.26,120.94,23.279,35.112
325.26,120.94,23.279,35.112
324.8,120.94,23.279,35.112
325.03,121.17,23.279,35.112
324.34,121.17,23.279,35.112
323.89,121.4,23.279,35.112
321.61,120.86,22.783,34.363
318.93,114.15,22.783,34.363
312.89,113.03,22.783,34.363
342.37,122.04,23.287,35.124
339.39,121.35,23.287,35.124
338.67,119.13,23.802,35.901
335.64,120.76,23.802,35.901
326.09,123.48,23.295,35.135
322.88,123.48,23.295,35.135
321.27,123.71,23.295,35.135
321.5,124.39,23.295,35.135
321.27,124.39,23.295,35.135
321.52,124.77,22.798,34.386
321.32,126.92,22.312,33.652
327.25,129.56,22.312,33.652
326.56,127.21,22.805,34.397
323.43,124.98,22.805,34.397
320.05,131.08,23.31,35.158
318.42,129.54,23.826,35.936
316.1,125.49,23.317,35.17
316.56,125.49,23.317,35.17
316.33,125.49,23.317,35.17
315.64,125.49,23.317,35.17
315.19,125.49,23.317,35.17
314.73,125.49,23.317,35.17
314.73,125.72,23.317,35.17
314.73,125.72,23.317,35.17
314.27,125.95,23.317,35.17
313.81,125.72,23.317,35.17
313.81,125.95,23.317,35.17
313.58,125.72,23.317,35.17
313.35,126.18,23.317,35.17
312.66,126.18,23.317,35.17
312.66,126.18,23.317,35.17
312.66,126.18,23.317,35.17
312.66,125.95,23.317,35.17
312.66,125.72,23.317,35.17
312.89,125.72,23.317,35.17
312.2,125.49,23.317,35.17
312.2,125.49,23.317,35.17
312.2,125.26,23.317,35.17
312.2,125.03,23.317,35.17
312.22,124.95,22.82,34.42
312,124.72,22.82,34.42
312.24,123.75,22.334,33.686
312.02,123.31,22.334,33.686
312.04,121.47,21.857,32.967
312.47,121.47,21.857,32.967
312.49,121.18,21.391,32.264
313.12,120.76,21.391,32.264
312.91,119.08,21.391,32.264
313.12,118.87,21.391,32.264
313.54,117.4,21.391,32.264
313.93,116.42,21.864,32.978
314.34,116.05,22.348,33.708
314.53,115.24,22.843,34.453
315.65,114.35,22.843,34.453
315.84,112.62,23.348,35.216
316.27,112,23.865,35.995
316.71,110.43,24.393,36.791
319.84,109.39,23.872,36.007
320.55,108.68,23.872,36.007
322.69,107.42,23.363,35.239
323.57,106.57,23.88,36.019
324.02,105.46,24.409,36.815
324.97,104.03,24.409,36.815
325.42,103.14,24.949,37.63
326.13,101.5,25.501,38.463
326.38,99.996,25.501,38.463
326.9,100.15,24.957,37.642
327.11,99.738,25.509,38.475
327.36,98.483,25.509,38.475
327.62,98.232,25.509,38.475
328.59,98.058,26.073,39.326
329.36,98.058,26.073,39.326
333.21,97.287,26.073,39.326
334.98,96.852,26.65,40.196
334.42,95.356,27.24,41.086
332.52,95.169,27.843,41.995
333.89,95.169,27.843,41.995
332.24,94.894,27.843,41.995
331.11,93.881,28.459,42.924
329.68,93.966,29.088,43.874
328.53,95.684,29.088,43.874
327.12,95.866,28.468,42.938
330.51,96.884,27.861,42.022
329.38,96.694,28.477,42.952
327.98,96.694,28.477,42.952
327.16,97.152,27.87,42.036
326.08,97.875,27.276,41.14
326.59,97.151,27.879,42.05
326.06,98.148,27.285,41.153
326.03,99.036,27.888,42.064
326.05,99.21,27.294,41.167
325.75,100.9,27.897,42.078
324.13,101.35,27.302,41.18
324.42,101.79,26.72,40.302
323.37,102.58,26.72,40.302
322.08,104.06,26.15,39.443
321.84,105.51,25.593,38.601
321.36,105.67,25.047,37.778
321.63,106.32,24.513,36.973
321.14,106.56,24.513,36.973
321.41,107.19,23.99,36.184
320.94,107.9,23.99,36.184
320.72,108.29,23.479,35.413
320.74,109.13,22.978,34.657
319.84,110.03,22.978,34.657
318.71,110.25,22.978,34.657
318.73,109.95,22.488,33.918
318.3,110.53,22.008,33.195
316.98,111.46,22.495,33.929
315.85,112.41,22.993,34.68
315.42,112.55,22.503,33.941
314.75,112.78,22.503,33.941
314.31,113,22.503,33.941
313.42,113.66,22.503,33.941
312.76,113.66,22.503,33.941
312.54,113.88,22.503,33.941
312.31,114.33,22.503,33.941
311.87,114.99,22.503,33.941
312.09,114.99,22.503,33.941
312.31,115.21,22.503,33.941
311.87,115.66,22.503,33.941
311.87,115.66,22.503,33.941
312.09,115.88,22.503,33.941
312.33,116.46,22.023,33.217
311.9,116.46,22.023,33.217
311.9,116.68,22.023,33.217
312.12,117.11,22.023,33.217
311.69,117.76,22.023,33.217
312.55,118.19,22.023,33.217
312.33,118.4,22.023,33.217
313.2,118.19,22.023,33.217
312.98,118.62,22.023,33.217
316.23,118.76,21.553,32.508
315.6,118.76,21.553,32.508
315.81,118.55,21.553,32.508
315.78,118.82,22.03,33.228
316.22,119.47,22.03,33.228
316.65,119.47,22.03,33.228
316.43,119.47,22.03,33.228
316.43,119.47,22.03,33.228
316.43,119.47,22.03,33.228
316.43,119.68,22.03,33.228
316.22,119.9,22.03,33.228
316.22,119.9,22.03,33.228
315.14,119.9,22.03,33.228
313.41,119.9,22.03,33.228
311.92,120.25,21.56,32.519
310.25,120.81,21.1,31.826
307.98,121.15,20.65,31.147
313.83,120.55,20.65,31.147
309.77,116.16,21.107,31.836
306.44,115.12,21.107,31.836
306.67,112.76,20.657,31.157
305.66,112.07,20.217,30.493
302.31,111.01,19.786,29.842
317.65,114.12,19.786,29.842
315.14,113.66,19.364,29.206
313.64,111.5,18.951,28.583
313.24,111.18,19.37,29.216
311.93,109.59,18.957,28.593
313.04,109.59,18.957,28.593
313.21,109.46,19.376,29.225
312.99,108.95,19.805,29.872
312.58,108.62,20.243,30.533
310.2,108.42,20.243,30.533
307.84,108.94,19.811,29.882
302.43,106.54,19.389,29.244
299.55,106.03,19.818,29.891
294.67,103.76,20.256,30.553
285.73,103.42,20.705,31.229
279.18,102.46,21.163,31.92
303.47,74.467,21.631,32.626
293.28,71.777,22.11,33.348
286.51,73.149,22.599,34.085
277.84,74.987,23.099,34.84
272.35,71.645,23.61,35.61
268.88,70.488,23.61,35.61
266.1,66.555,23.61,35.61
264.22,65.467,24.132,36.398
264.43,64.827,24.666,37.204
268.32,65.556,24.666,37.204
273.67,66.043,24.666,37.204
280.45,66.604,25.212,38.027
287.37,68.58,25.212,38.027
302.95,69.727,24.674,37.216
309,70.774,25.22,38.039
317.15,71.515,25.22,38.039
324.81,74.233,25.22,38.039
335.93,73.739,25.22,38.039
343.56,73.071,25.778,38.881
349.37,75.6,25.778,38.881
354.18,77.118,25.778,38.881
358.76,81.326,25.228,38.052
370.14,76.297,24.69,37.24
374.52,77.999,24.69,37.24
395.4,50.842,25.237,38.064
395.89,45.407,25.237,38.064
395.65,45.654,25.237,38.064
394.66,43.924,25.237,38.064
388.45,47.95,25.795,38.906
383.9,54.274,25.795,38.906
383.36,58.396,26.366,39.767
382.86,61.667,25.803,38.919
383.39,63.094,25.253,38.089
383.64,63.094,25.253,38.089
383.91,62.504,24.715,37.277
382.23,62.415,24.188,36.482
383.41,63.127,24.188,36.482
384.86,64.228,23.672,35.704
386,63.833,24.195,36.494
388.81,61.768,24.731,37.301
389.81,64.597,24.203,36.506
390.28,66.97,24.203,36.506
380.57,67.359,23.687,35.727
384.31,69.226,23.687,35.727
373.57,52.193,23.687,35.727
378.24,48.226,23.687,35.727
378.96,49.074,23.182,34.966
382.11,51.189,23.695,35.739
388.88,50.955,23.695,35.739
395.39,44.727,24.219,36.53
403.66,40.289,24.755,37.338
397.12,49.927,24.227,36.542
397.8,51.42,24.763,37.35
398.25,52.223,25.311,38.177
398.47,50.804,25.871,39.021
397.67,50.628,26.444,39.885
397.64,50.445,27.029,40.767
397.34,51.053,27.627,41.669
397.36,52.309,27.037,40.781
397.63,50.192,27.037,40.781
397.6,57.417,27.636,41.683
397.6,60.664,27.636,41.683
398.16,61.108,27.046,40.794
396.53,64.657,27.645,41.696
396.8,67.928,27.645,41.696
397.35,80.737,27.645,41.696
397.31,80.821,28.256,42.619
384.19,117.66,28.882,43.562
382.77,120.79,28.882,43.562
381.35,120.79,28.882,43.562
381.63,119.65,28.882,43.562
380.21,119.08,28.882,43.562
379.93,118.8,28.882,43.562
379.67,117.84,28.266,42.633
379.11,117.56,28.266,42.633
378.58,116.9,27.663,41.724
377.51,116.8,27.073,40.834
377,115.9,26.496,39.963
376.76,116.59,25.931,39.111
375.76,115.99,25.378,38.277
375.51,115.24,25.378,38.277
375.28,114.9,24.836,37.461
375.53,113.44,24.836,37.461
376.01,113.2,24.836,37.461
376.52,113.6,24.307,36.662
376.52,114.08,24.307,36.662
377.24,112.88,24.307,36.662
377.24,112.88,24.307,36.662
377.72,111.93,24.307,36.662
377.96,111.45,24.307,36.662
378.21,111.84,23.788,35.88
378.47,111.29,23.281,35.115
378.24,109.68,23.281,35.115
378.03,109.83,22.785,34.366
376.71,108.85,22.299,33.633
376.51,107.45,21.823,32.916
375.67,106.09,21.358,32.214
375.06,105.39,20.902,31.527
363.55,93.578,20.457,30.855
363.36,93.307,20.02,30.197
361.81,93.237,19.593,29.553
361.25,92.783,19.176,28.923
360.89,92.15,18.767,28.306
358.7,92.268,18.366,27.702
359.07,91.661,17.975,27.111
359.09,92.303,17.591,26.533
358.07,92.069,17.216,25.967
357.91,92.177,16.849,25.414
357.26,92.671,16.849,25.414
357.11,92.283,16.49,24.872
355.48,92.771,16.49,24.872
355.65,92.548,16.138,24.341
354.54,93.184,16.138,24.341
354.24,93.284,15.794,23.822
353.32,93.693,15.457,23.314
353.02,94.146,15.457,23.314
352.87,95.354,15.457,23.314
352.57,95.203,15.457,23.314
352.11,96.109,15.457,23.314
352.11,96.109,15.457,23.314
351.81,97.015,15.457,23.314
351.21,97.619,15.457,23.314
350.75,97.619,15.457,23.314
350.45,98.072,15.457,23.314
350.15,98.827,15.457,23.314
351.51,98.978,15.457,23.314
351.21,98.978,15.457,23.314
351.36,99.733,15.457,23.314
351.06,99.733,15.457,23.314
351.51,100.34,15.457,23.314
351.51,100.49,15.457,23.314
351.36,100.49,15.457,23.314
351.21,100.64,15.457,23.314
352.24,100.98,15.799,23.83
351.79,102.01,15.462,23.322
353,102.62,15.462,23.322
353,102.77,15.462,23.322
353.15,103.98,15.462,23.322
354.22,104.68,15.133,22.824
353.79,105.07,14.81,22.338
355.96,104.92,14.81,22.338
354.5,105.98,15.138,22.832
368.8,121.03,15.138,22.832
370.57,120.48,15.472,23.337
370.71,119.77,15.815,23.853
391.31,111.71,15.815,23.853
398.41,110.36,16.165,24.381
403.32,112.95,16.522,24.921
412.74,116.91,16.888,25.472
422.88,118.96,17.262,26.036
432.68,120.08,16.893,25.48
434.16,119.13,17.267,26.044
430.93,118.56,16.899,25.489
430.1,118.22,16.899,25.489
435.43,116.56,16.899,25.489
429.58,106.44,17.273,26.053
427.54,104.33,16.905,25.497
417.89,91.103,16.544,24.953
420.33,91.917,16.544,24.953
422.28,91.754,16.544,24.953
425.52,91.641,16.91,25.505
429.83,91.192,17.284,26.07
452.87,80.041,16.916,25.514
452.35,80.092,17.29,26.078
455.1,80.37,16.921,25.522
456.58,80.587,17.296,26.087
458.97,81.099,17.296,26.087
461.67,85.246,17.678,26.664
464.27,88.441,18.069,27.254
467.85,91.408,17.684,26.673
472.4,97.102,17.307,26.104
464.9,90.62,17.307,26.104
468.14,94.544,17.307,26.104
481.1,100.51,17.307,26.104
481.42,105,17.69,26.681
479,102.32,17.313,26.112
472.34,94.473,17.313,26.112
473.37,99.249,17.313,26.112
472.32,104.08,17.696,26.69
470.9,108.49,18.087,27.281
469.81,108.73,18.487,27.884
467.81,112.01,18.487,27.884
467.81,115.66,18.487,27.884
465.98,118.57,18.487,27.884
466.14,121.37,18.896,28.501
466.31,125.89,19.314,29.132
469.35,131.98,19.314,29.132
469.71,140.22,19.742,29.776
475.51,150.76,20.179,30.435
482.24,161.85,20.179,30.435
460.43,161.12,20.625,31.109
472.32,176.12,21.081,31.797
474.41,196.83,20.632,31.119
483.27,207.59,21.088,31.807
489.48,211.4,21.555,32.511
512.57,210.76,21.555,32.511
518.28,214.57,21.555,32.511
522.28,218.45,22.032,33.23
527.65,221.32,22.519,33.966
530.94,222.94,23.017,34.717
533.62,224.81,23.527,35.485
536.13,226.26,24.047,36.27
539.66,227.44,24.047,36.27
543.19,228.62,24.047,36.27
546.22,229.39,24.579,37.073
547.21,227.62,24.055,36.282
548.36,228.16,24.587,37.085
549.06,228.72,25.131,37.905
550.29,227.48,25.131,37.905
552.52,228.23,25.131,37.905
551.25,228.05,25.687,38.744
551.5,226.79,25.687,38.744
551.72,226.11,26.256,39.601
549.62,225.15,26.837,40.477
544.33,223.13,27.43,41.373
536.78,221.06,28.037,42.288
530.74,216.94,28.037,42.288
525.21,211.53,28.658,43.224
526.87,206.53,29.292,44.18
512.14,197.69,29.94,45.158
490.69,194.64,29.301,44.195
471.05,181.47,29.949,45.173
462.49,171.85,30.612,46.172
464.01,165.44,29.959,45.187
463.68,163.77,30.622,46.187
448.94,162.96,31.3,47.209
447.37,161.2,31.992,48.254
445.44,158.79,32.7,49.321
444.18,146.45,32.003,48.269
446.41,147.28,31.32,47.24
447.95,142.97,31.32,47.24
452.26,138.35,31.32,47.24
457.21,134.85,30.652,46.233
456.33,135.04,29.999,45.247
455.74,144.45,29.999,45.247
461.06,149.05,29.359,44.282
462.5,147.61,29.359,44.282
448.09,185.95,29.359,44.282
447.83,186.13,28.733,43.338
471.28,183.21,28.12,42.413
472.41,181.72,27.52,41.509
473.25,181.9,26.933,40.624
474.33,181.8,26.359,39.757
475.13,183.78,25.797,38.91
476.42,186.21,25.247,38.08
477.67,189.09,24.708,37.268
478.42,190.7,24.182,36.473
481.76,190.62,23.666,35.695
483.6,189.06,24.189,36.485
494.04,185.02,24.189,36.485
501.65,184.7,23.674,35.707
511.22,179.33,23.674,35.707
522.21,164.55,23.169,34.945
525.82,163.93,23.681,35.719
526.49,158.64,24.205,36.509
508.66,167.01,24.741,37.317
509.66,172.76,24.213,36.521
512.98,169.44,24.213,36.521
514.66,159.86,23.697,35.742
518.39,137.93,23.697,35.742
528.4,135.2,24.221,36.533
535.54,132.51,23.705,35.754
541.14,133.91,23.705,35.754
544.64,132.51,23.705,35.754
548.37,132.04,23.705,35.754
549.51,130.48,24.229,36.545
549.95,129.84,24.765,37.353
549.43,128.94,25.313,38.18
546.47,126.6,24.773,37.366
547.44,127.33,24.773,37.366
547.44,125.63,24.773,37.366
547.93,125.39,24.773,37.366
548.41,125.63,24.773,37.366
547.7,126.52,24.245,36.569
547.67,126.35,24.781,37.378
547.67,125.62,24.781,37.378
548.16,125.86,24.781,37.378
548.4,125.62,24.781,37.378
549.13,126.84,24.781,37.378
549.1,126.67,25.33,38.205
550.87,127.32,24.79,37.39
551.35,127.57,24.79,37.39
550.38,127.57,24.79,37.39
550.38,127.81,24.79,37.39
550.35,126.67,25.338,38.217
550.87,127.32,24.798,37.402
550.38,127.32,24.798,37.402
550.62,127.56,24.798,37.402
550.38,127.32,24.798,37.402
550.87,127.32,24.798,37.402
551.11,127.32,24.798,37.402
550.87,127.56,24.798,37.402
550.87,127.32,24.798,37.402
550.87,127.08,24.798,37.402
550.14,126.84,24.798,37.402
550.38,127.08,24.798,37.402
