100
2.9939
3.1934
2.5952
2.9766
2.7801
2.7538
2.7096
2.5261
2.6286
3.7776
3.5394
3.6402
3.63
3.9725
3.6247
2.887
3.7096
3.6997
4.1706
4.1401
4.3935
4.1021
4.3081
4.0143
3.8098
3.6999
3.3923
2.6733
2.3178
3.2507
3.8121
4.1986
4.7138
5.1531
4.6569
4.7748
4.591
4.7992
4.5632
4.6883
5.1853
5.0735
4.8135
4.2776
4.8328
5.0273
4.7429
4.7225
4.027
4.5696
4.4869
4.0328
3.8381
3.9055
3.8883
3.5159
4.1488
3.4334
3.3772
3.9434
4.0206
4.013
4.525
5.3503
4.8332
5.8983
5.5786
5.0575
5.0237
4.9804
4.6657
5.0775
5.0202
5.2731
4.818
5.9801
5.6119
5.2688
5.5729
5.9821
6.3507
6.6421
6.5384
6.3007
6.2959
6.1454
6.1352
6.44
6.5478
6.206
5.9497
6.0378
5.8091
5.6654
5.0943
5.6208
5.4577
5.286
5.4268
5.8999
5.9091
5.0796
4.4075
4.174
2.9143
2.8229
2.5598
1.6014
1.3851
0.82129
0.74672
0.6111
0.48752
-0.58075
1.5264
0.18287
0.38769
-0.081353
0.38336
-0.45477
0.25275
-1.5735
0.24319
1.0164
2.0939
2.0562
2.1115
1.7294
0.74787
-0.066988
1.2522
1.5913
1.5119
1.5724
1.1232
1.1206
0.78535
0.94232
1.2293
2.2321
2.4905
1.5742
1.0831
1.1729
1.8835
1.9152
2.0063
1.9475
1.8328
1.7015
1.3726
0.6117
0.70618
0.90776
0.31258
-0.048477
2.4557
2.8081
4.1088
4.5164
3.8682
3.2238
2.3653
1.28
0.1116
-1.1932
-2.2889
-2.8927
-2.9388
-2.854
-2.6487
-2.1236
-0.36377
1.383
2.427
2.3456
2.424
1.8249
1.8153
2.9326
2.6927
3.1019
3.2925
2.8818
1.9528
2.256
2.4314
2.0681
1.8622
3.0427
2.6611
2.866
2.9824
3.1349
2.8203
3.287
3.0941
3.6014
3.365
5.5075
6.0905
5.4443
6.1124
6.2608
6.1671
6.3669
6.6335
6.2753
5.8386
5.7407
5.5527
5.8496
5.1777
5.8079
5.3936
5.9269
5.9359
5.8874
5.9989
5.5195
5.226
4.6675
5.3229
4.9294
5.0225
4.7979
5.0858
5.474
5.2987
6.1197
6.428
6.2655
5.1777
4.364
3.824
3.7112
3.0851
1.9765
-0.63743
-3.0521
-4.3497
-4.182
-3.9613
-4.2485
-4.4429
-4.679
-4.6066
-4.6527
-4.4816
-3.7786
-2.411
-2.2482
-2.1447
-2.7285
-2.6146
-2.699
-3.3988
-3.1933
-3.3877
-3.8515
-2.4416
-2.0192
-3.0183
-4.0591
-3.9288
-3.9922
-3.7705
-3.9019
-2.1322
-0.95916
-0.2944
0.67204
1.4383
1.5288
1.8869
2.6172
2.7861
3.0439
1.4744
0.60166
-1.4848
-1.7466
-3.0394
-2.6958
-1.3708
-2.0826
-2.3512
-1.3842
-1.3433
-2.0824
-0.83755
-0.3759
0.39957
1.433
1.9936
2.6328
2.6806
3.2335
3.4961
7.359
7.2954
7.4535
7.9078
8.13
7.9797
8.328
8.9496
9.1264
8.4414
7.6974
7.6959
8.0803
8.1889
8.369
8.5465
8.0702
8.6869
8.4415
8.3469
8.4238
8.6208
8.0421
8.3519
8.4178
8.6991
8.4585
8.3146
8.2359
8.2638
9.5403
9.1869
9.7245
9.8146
9.9061
9.8101
9.5035
9.4826
9.7338
9.8323
8.636
8.6764
8.827
8.947
9.0554
8.5887
8.9641
9.0461
9.2386
9.6955
10.745
10.915
10.852
10.866
11.072
11.402
11.356
11.28
11.051
11.168
11.169
11.152
11.154
11.069
10.559
9.7564
9.7282
9.644
9.7219
9.4903
9.2314
8.3842
8.9469
8.8641
8.6021
8.8517
8.6547
8.4528
8.4928
8.5164
9.442
9.6226
9.4828
9.3681
6.7851
2.8587
-0.15943
-2.9758
-3.934
-0.46585
5.3607
7.9543
9.3128
9.3486
8.8719
8.757
8.8184
7.9107
8.9545
9.0265
7.9649
8.0201
7.8977
7.9382
7.9152
7.9632
7.7016
7.8146
7.8805
7.7594
8.2206
8.0231
7.9455
7.8523
8.2714
8.0309
7.7134
7.7204
7.6251
7.8158
8.3701
8.468
8.178
8.3205
8.467
8.1448
8.219
8.2693
8.2149
8.2063
7.3196
7.9194
7.5543
7.8734
7.5397
7.6598
7.5707
7.7106
7.9657
7.9165
8.1546
8.3409
8.2301
8.2991
8.3841
8.6126
8.624
8.1318
8.2503
8.0428
8.5627
7.8486
7.3644
6.1116
4.9683
3.9812
2.9661
2.075
0.97612
0.18353
0.3406
-0.54808
1.8367
1.8308
1.2399
0.40415
1.03
1.0257
0.93758
1.8822
2.1211
2.8207
3.7077
4.0538
4.3259
4.7606
5.6037
5.5672
5.6342
5.7337
8.1228
8.7953
9.2445
9.7359
10.209
10.735
11.133
11.339
11.81
11.409
9.1586
9.1222
8.8657
8.8
9.0769
8.97
9.0656
8.8263
8.6529
8.659
9.098
9.1232
8.9382
9.1978
9.2285
9.1998
9.4339
9.2953
9.1598
8.9204
7.4326
7.2089
7.3414
7.2862
7.5339
7.7334
7.6007
7.6731
7.8857
8.1236
8
8.5652
8.2865
7.3359
6.0833
4.7261
3.5212
2.4909
3.1366
3.2534
3.3504
3.4846
4.1122
4.0135
4.147
3.8688
3.8937
3.9704
4.1192
4.0523
5.1414
4.7527
5.0269
4.6626
4.8538
4.5451
5.0597
5.246
5.3993
4.9445
4.5773
4.9988
5.2095
5.1761
4.8898
5.1186
4.8537
4.5118
3.6323
4.1815
4.46
4.6641
4.2694
4.5439
4.3004
4.7147
4.5365
4.6391
4.5665
4.9081
4.8337
5.4183
5.8586
4.8919
4.6216
3.6011
2.5917
2.3437
1.4359
0.7737
0.73752
2.6075
3.8703
3.7983
3.5146
4.4591
5.1681
5.4098
5.294
5.311
4.9568
4.5572
4.8839
4.9937
5.4065
5.3502
5.1029
4.7531
4.0303
3.9119
4.6344
4.0033
3.2351
2.931
1.8044
1.4218
2.5385
3.7507
4.3574
5.0161
4.8143
3.9019
3.5609
3.7179
3.7576
1.9209
1.1435
0.95735
-0.28028
-1.7855
-4.2992
-5.8527
-5.2446
-4.7258
-4.6301
-4.7859
-4.6227
-4.746
-3.7672
-3.2875
-2.8965
-5.7395
-5.6713
-5.6988
-5.908
-5.5883
-5.3702
-4.9815
-5.8213
-5.0723
-5.4286
-5.4681
-5.5644
-5.547
-6.012
-5.4992
-6.0536
-6.1679
-5.9192
-5.4441
-6.1729
-6.0201
-5.6011
-5.3877
-6.1214
-5.9422
-5.395
-5.6777
-5.2421
-5.896
-5.3922
-6.0027
-5.6334
-5.7641
-5.6112
-5.6498
-6.1887
-5.8772
-5.9776
-5.6524
-6.1195
-6.1632
-6.2623
-6.07
-5.8474
-6.1314
-6.0251
-5.5477
-5.8386
-5.5537
-5.7632
-6.4293
-6.1362
-5.761
-5.8657
-6.5487
-6.2202
-5.9459
-5.6584
-5.8363
-5.8198
-5.9799
-5.8186
-6.2429
-6.3734
-6.1139
-5.6228
-5.9743
-6.052
-6.2139
-6.457
-6.6272
-6.7369
-6.1237
-6.3668
-6.299
-6.1847
-6.3722
-6.0272
-5.823
-6.0385
-5.9082
-5.8339
-6.3993
-5.7111
-5.9412
-6.0779
-5.6181
-5.7843
-6.2246
-5.8578
-5.8096
-6.0478
-6.3833
-6.2907
-6.819
-5.8865
-6.647
-5.8951
-5.9123
-6.0172
-6.3112
-6.163
-6.5253
-6.2329
-6.5709
-5.9745
-5.7921
-6.2113
-6.4594
-6.4372
-6.6
-6.2073
-6.7539
-6.3155
-6.4703
-6.3683
-6.0013
-6.7203
-6.3448
-5.8763
-6.2707
-6.3336
-6.4248
-6.6921
-6.2195
-6.2386
-6.3914
-6.0474
-5.6547
-6.1465
-5.7383
-5.6757
-6.4284
-6.0548
-6.0189
-6.402
-5.6775
-5.8233
-5.5257
-5.3911
-5.9634
-6.2215
-6.2399
-6.4107
-5.4637
-5.6337
-5.8008
-5.8999
-5.9872
-6.4181
-5.7727
-5.6408
-5.6202
-5.4805
-5.7469
-5.9562
-6.3675
-6.1215
-6.6774
-6.2693
-6.0989
-6.5301
-5.7131
-6.28
-6.5173
-6.088
-5.9972
-5.5053
-5.419
-5.7871
-5.6898
-5.4777
-6.4259
-5.82
-5.7853
-5.805
-5.5259
-6.6119
-6.3014
-6.2095
-5.8867
-6.094
-5.45
-5.9518
-6.1939
-5.5369
-6.3685
-6.7082
-6.1127
-5.4454
-5.5596
-5.0248
-4.6877
-3.9346
-3.9437
-2.7206
-3.1043
-1.5407
-2.7433
-2.4689
0.058486
2.9416
3.2914
3.2415
2.9855
3.0494
2.7286
2.8677
3.0227
5.1225
5.0721
4.5357
5.0022
4.7877
5.0025
4.7965
4.9746
5.273
5.4947
4.5179
4.9878
5.3126
5.1553
4.8038
5.0461
4.7797
5.4566
5.2426
