313	155	44	54
312	152	46	59
313	153	45	54
312	152	46	58
311	151	47	61
311	151	47	63
309	150	50	65
312	153	45	54
311	152	48	57
311	153	46	55
312	153	45	54
313	152	45	56
312	151	45	59
312	151	44	59
312	153	46	55
312	152	47	60
311	152	46	57
312	151	46	60
312	152	45	55
312	153	45	54
312	153	47	55
311	152	46	57
312	152	45	57
312	152	46	56
311	152	46	57
312	153	45	55
311	152	47	61
313	152	45	58
312	152	46	58
312	152	46	58
311	152	45	56
312	153	46	55
312	153	46	57
311	153	46	58
311	152	47	62
312	153	46	56
312	155	45	53
311	156	45	54
312	155	46	58
311	155	45	58
311	156	47	59
311	156	46	57
311	157	46	55
312	158	46	56
312	158	46	57
312	158	45	57
313	159	45	51
312	160	44	54
312	160	45	51
312	159	46	59
313	160	45	56
312	160	46	58
313	160	46	57
311	161	45	59
313	162	45	57
312	163	44	57
312	163	44	57
313	163	45	59
312	164	44	56
311	165	45	55
311	165	46	57
312	164	46	59
312	164	46	61
312	166	44	57
312	166	46	57
312	166	44	60
312	166	46	60
311	167	46	59
311	168	47	58
311	169	47	56
312	169	45	58
311	169	48	61
312	169	45	60
312	171	47	55
311	171	47	59
311	171	48	57
310	171	47	60
312	172	46	56
312	172	45	56
310	171	48	62
311	174	47	58
311	173	46	60
312	173	47	59
312	174	45	61
313	174	45	59
313	175	45	58
312	176	46	56
312	177	44	57
313	177	45	56
312	177	44	56
311	177	47	57
312	177	45	58
312	179	46	55
311	180	46	55
311	181	48	54
311	181	46	55
312	180	45	56
311	181	47	56
312	181	46	57
311	180	46	58
312	182	46	56
311	182	46	56
312	182	45	57
312	182	45	59
312	182	47	57
310	184	46	56
312	183	46	57
312	183	46	58
311	184	48	57
311	184	46	58
312	185	46	57
312	187	45	54
311	186	47	58
311	186	46	57
313	186	45	59
311	186	46	60
312	188	45	56
312	188	45	57
312	188	46	57
312	190	45	55
311	190	47	55
312	190	46	55
312	191	44	54
312	192	46	50
313	193	45	52
311	193	44	52
313	192	45	56
311	193	46	56
312	193	45	58
313	195	45	49
313	196	43	49
312	196	46	51
311	197	44	51
312	196	46	54
311	197	44	52
312	194	45	58
313	195	44	56
311	196	46	55
311	196	45	56
312	195	45	56
311	194	47	59
312	195	46	56
311	196	45	53
312	198	46	49
312	196	44	55
311	196	45	55
312	195	46	57
311	194	47	59
310	193	47	61
312	194	47	59
311	194	46	60
311	195	46	57
311	194	46	58
312	195	45	55
313	196	44	54
312	195	45	56
311	196	45	56
310	196	47	56
311	195	45	56
311	195	46	57
312	196	45	54
311	196	45	54
311	196	46	54
312	195	47	56
310	196	47	55
312	197	45	53
311	196	46	56
311	196	47	56
311	195	46	58
312	196	44	57
311	198	47	53
313	199	45	54
311	198	46	60
312	199	46	60
312	201	44	56
312	201	45	57
311	202	45	58
312	205	45	52
313	206	45	50
313	206	43	51
313	207	43	51
312	208	45	52
313	210	44	50
312	210	44	53
313	209	44	58
312	210	44	60
312	212	45	56
313	213	43	55
312	214	45	55
311	215	45	55
312	213	44	61
312	217	45	56
311	217	45	57
313	218	44	56
312	219	45	56
312	219	44	57
312	217	44	61
313	217	44	61
312	218	43	59
312	217	44	61
313	219	43	58
313	218	44	58
313	218	43	59
313	219	44	58
313	218	44	58
314	219	43	54
314	220	44	54
315	218	45	58
315	220	45	56
318	219	44	56
318	218	44	59
319	220	45	55
320	218	45	58
320	217	45	61
322	218	45	59
323	217	44	61
323	219	44	59
324	219	45	57
325	218	44	59
327	219	44	59
327	219	44	59
327	218	45	61
328	217	46	63
331	219	43	57
330	219	45	56
332	219	45	58
332	219	45	58
333	219	47	60
335	218	46	60
335	219	45	58
337	220	46	57
336	218	45	61
338	219	45	57
338	219	46	59
339	219	47	62
340	220	47	58
341	219	47	60
343	220	45	56
343	220	47	56
345	219	46	57
345	219	47	59
347	220	45	56
348	219	45	57
347	219	47	58
349	219	47	58
351	220	46	52
352	219	45	57
352	219	46	59
353	218	46	60
354	218	47	62
355	220	46	56
356	219	47	58
357	219	48	58
357	220	47	53
357	219	48	57
360	218	47	60
358	218	50	59
362	220	47	54
362	219	46	57
364	219	47	57
364	219	48	58
366	219	46	57
367	218	47	58
368	219	47	56
369	219	46	57
370	219	46	55
370	219	47	59
370	219	48	58
372	219	48	58
373	220	47	52
374	219	47	58
375	219	47	59
375	219	48	58
377	219	46	58
377	219	48	56
378	219	48	58
380	220	46	57
380	219	48	60
381	220	48	55
379	219	49	57
379	219	48	59
380	219	47	58
379	218	48	60
380	219	48	57
379	219	48	59
381	218	48	61
380	219	48	57
380	219	47	58
380	220	48	56
377	219	52	59
380	220	48	54
380	220	47	53
381	220	46	54
379	219	49	58
380	219	48	58
380	219	48	58
382	219	46	57
379	219	48	55
380	221	46	50
381	219	45	55
379	219	49	57
379	219	49	55
380	220	47	52
380	219	47	55
380	219	47	56
381	218	46	58
380	219	48	55
381	219	46	54
381	219	47	55
381	220	46	51
380	219	47	54
379	218	50	57
381	219	47	57
380	218	48	58
380	217	47	59
380	219	48	54
380	218	48	57
380	217	47	59
380	218	47	57
380	217	48	59
380	217	48	58
380	217	48	59
380	218	49	56
380	217	48	59
379	217	49	60
380	218	47	56
381	217	46	59
380	218	48	56
381	218	45	54
380	218	47	51
381	220	46	46
381	218	46	52
380	218	48	53
380	217	47	55
381	218	46	51
380	217	47	55
381	218	46	53
380	217	46	54
381	218	47	54
380	217	47	55
381	218	45	52
381	218	47	53
380	217	48	56
381	217	46	55
380	218	47	53
380	217	47	57
380	217	47	56
381	217	46	56
381	217	46	55
380	219	46	50
380	217	46	56
377	217	50	56
378	217	48	58
377	217	48	56
376	217	48	57
375	217	46	55
374	217	48	57
375	217	46	58
373	217	46	58
371	217	47	56
371	218	48	54
370	217	45	55
369	217	46	55
368	217	46	55
369	217	46	55
368	218	46	53
366	216	45	57
364	216	47	58
364	218	45	52
363	217	45	55
363	218	45	51
362	217	45	54
361	216	44	56
360	217	44	54
359	217	46	56
357	217	46	57
356	217	46	57
355	216	47	57
355	218	45	54
354	217	46	55
352	217	47	55
352	218	46	52
352	217	46	56
350	217	46	57
351	217	45	57
349	218	46	56
349	218	46	56
348	219	45	55
348	219	46	57
346	220	47	55
345	220	47	59
346	221	45	57
345	223	45	51
345	223	46	52
344	224	45	52
343	224	46	52
343	225	44	53
342	225	46	55
340	224	48	60
341	225	45	58
340	226	45	57
339	227	46	57
338	227	47	58
337	228	46	56
337	228	47	58
336	228	46	61
337	230	44	56
334	229	48	62
334	230	47	61
333	233	47	56
333	233	45	56
332	232	47	58
332	234	45	53
331	235	45	53
331	235	45	57
330	236	45	56
329	235	46	58
328	237	46	57
328	239	46	53
327	239	45	51
326	239	47	57
326	239	44	57
324	239	46	57
325	240	45	57
324	241	44	57
323	242	46	55
322	242	46	56
321	242	47	59
322	244	45	52
321	243	45	59
319	244	45	61
319	244	46	61
319	245	45	56
318	245	45	54
317	246	46	53
316	246	45	51
316	246	46	51
316	245	46	54
316	245	46	55
316	245	45	56
316	244	45	58
316	245	45	58
316	245	45	57
315	244	47	58
314	246	46	55
316	245	47	58
315	245	45	57
316	244	47	59
315	245	45	57
315	244	46	60
315	244	46	60
315	243	47	63
316	243	45	63
316	244	46	58
315	245	45	57
316	245	46	56
315	246	45	54
316	245	46	58
315	244	46	60
314	244	46	60
314	245	46	54
314	245	47	57
315	243	45	61
314	244	46	57
315	245	44	54
314	244	47	58
314	243	46	61
312	244	48	60
313	243	46	62
313	244	46	60
313	244	46	59
313	245	45	57
313	245	45	56
313	245	46	56
313	244	46	58
312	245	46	57
311	246	48	56
313	246	46	55
312	244	46	59
312	245	46	58
312	245	46	57
312	246	45	54
312	246	45	53
311	246	46	55
311	245	47	55
312	247	45	51
311	247	46	54
311	246	45	53
311	245	46	56
311	245	46	59
312	244	45	59
311	245	47	59
312	244	45	61
311	243	48	61
313	244	45	60
313	243	47	61
315	243	46	62
316	244	46	58
317	244	46	58
318	246	45	52
317	244	47	58
319	244	47	58
320	244	46	57
321	244	46	58
322	244	46	57
323	243	47	56
324	244	46	55
325	243	47	59
325	244	47	58
326	244	46	56
327	243	48	59
328	243	46	60
329	243	47	58
330	245	48	53
331	243	47	58
331	244	47	56
332	243	47	58
334	243	46	58
334	243	47	57
335	244	46	53
336	244	45	53
336	243	47	54
338	244	46	52
338	243	48	58
338	244	47	55
339	242	48	59
341	245	46	53
341	244	47	55
342	244	47	53
342	244	48	56
343	244	48	54
345	242	48	59
345	243	48	60
346	243	48	57
346	242	48	58
346	241	50	60
348	243	49	57
350	243	47	56
350	243	48	53
351	243	48	53
352	242	47	54
352	242	46	55
352	242	47	57
352	242	47	56
352	242	46	56
352	241	48	59
352	242	46	57
352	242	47	56
352	241	47	59
352	244	45	52
353	243	45	54
352	243	47	55
353	242	46	58
352	241	47	59
353	243	47	56
353	242	47	56
352	243	46	55
352	242	47	56
353	241	47	60
352	241	47	61
353	241	47	62
353	242	46	57
353	242	46	57
353	242	46	60
353	242	46	58
353	242	47	60
354	244	46	53
354	243	46	56
354	244	46	56
355	243	46	57
355	244	46	55
356	243	46	57
356	245	46	53
356	244	46	55
356	245	46	51
357	244	45	57
356	244	46	56
357	246	47	53
358	246	45	53
358	247	45	49
358	247	44	51
358	247	45	50
359	246	46	55
359	248	45	50
359	247	44	51
361	247	45	53
360	247	45	54
360	247	45	54
362	247	43	54
361	247	44	54
362	246	45	56
361	248	44	52
362	247	45	57
362	248	45	53
363	249	44	48
363	248	45	52
363	248	44	54
363	249	46	52
363	248	46	55
365	249	45	50
365	249	44	53
364	249	45	50
365	250	44	47
366	249	44	53
366	250	44	51
365	249	44	54
366	249	44	55
366	250	44	53
367	249	44	55
367	250	44	53
368	249	44	54
368	250	43	52
368	249	44	55
367	250	45	53
367	250	44	52
367	250	45	52
367	251	45	51
367	250	44	53
367	250	44	52
368	250	43	52
368	250	44	54
367	249	45	55
367	251	45	52
367	250	45	53
367	250	44	54
367	250	45	52
367	251	45	52
368	250	44	53
367	251	44	49
367	250	44	51
367	249	44	53
368	250	44	53
367	250	45	53
367	250	44	55
368	250	44	52
368	250	44	52
368	251	44	52
368	251	44	51
368	251	43	53
368	250	45	53
368	250	45	54
368	251	43	52
368	250	46	54
369	250	45	54
369	250	45	53
369	251	44	52
369	250	46	55
369	251	46	52
369	250	44	56
369	250	47	55
369	250	45	55
370	250	45	54
370	250	44	53
369	250	47	54
369	250	44	53
370	250	44	55
371	250	44	53
370	250	44	54
370	250	46	53
371	250	45	51
371	251	44	49
370	249	46	56
372	250	45	54
370	249	44	56
372	250	44	54
370	250	45	55
370	249	46	56
372	250	45	54
372	250	43	54
372	250	44	54
371	250	45	55
370	249	47	55
372	249	45	56
373	249	44	56
371	248	47	57
372	249	44	57
373	248	45	57
372	250	46	53
372	249	47	56
373	250	43	53
374	249	44	55
374	250	43	52
373	249	45	55
373	250	45	53
373	249	45	56
373	249	44	56
373	249	46	56
373	250	44	53
373	249	44	55
373	250	45	54
373	250	44	54
373	249	45	54
372	251	45	49
374	251	45	50
373	251	44	52
373	249	44	56
372	251	44	54
373	250	46	55
373	251	44	54
372	251	46	56
373	252	45	55
373	253	44	54
373	253	44	57
373	255	45	52
373	255	46	55
373	256	43	56
374	256	45	58
374	257	43	55
373	259	44	56
374	259	45	58
373	261	44	53
374	263	45	51
374	262	44	55
374	263	44	54
374	263	45	58
374	264	44	58
373	264	46	57
374	266	45	54
373	268	45	54
373	268	46	56
372	268	48	57
374	271	44	52
373	271	47	51
373	269	45	55
374	270	44	55
374	269	45	54
374	270	44	52
374	271	45	52
374	270	45	53
374	271	45	51
374	271	45	48
375	272	44	47
373	271	45	51
375	270	45	54
374	270	45	53
374	270	46	54
374	271	45	50
374	271	44	50
374	270	43	53
374	270	45	54
373	270	46	53
374	271	45	48
374	270	45	53
374	270	45	52
374	270	45	54
374	270	44	53
374	271	44	51
374	269	45	55
373	270	45	53
374	270	45	52
374	270	45	53
374	270	45	55
374	270	45	53
374	270	44	54
374	269	44	56
373	270	46	54
373	269	45	55
373	270	45	52
373	270	46	51
373	271	44	51
374	271	44	50
374	270	44	53
374	270	43	51
373	271	44	50
374	270	43	52
373	270	44	53
374	270	43	56
373	268	44	59
373	269	44	54
373	270	44	54
373	271	44	51
373	270	45	55
373	271	43	50
372	270	44	51
372	270	45	52
372	270	45	50
370	271	47	51
372	271	45	50
371	271	45	49
371	270	45	51
370	271	46	51
370	271	46	51
371	272	46	48
370	270	46	50
370	270	46	51
371	271	45	51
371	271	45	50
370	271	45	50
370	271	46	49
370	271	46	48
370	271	45	50
371	270	45	52
371	271	44	49
370	271	46	49
370	272	45	45
371	270	44	48
370	270	46	52
370	271	45	51
370	269	45	54
370	272	47	48
370	272	46	46
370	269	44	52
370	270	46	50
371	269	44	48
370	269	44	46
369	267	46	50
369	266	45	52
368	266	47	52
368	265	47	50
369	264	45	49
368	262	45	52
369	261	44	53
368	260	44	54
368	259	46	56
367	258	45	56
367	258	45	51
368	257	43	49
367	257	44	51
367	255	44	55
367	254	44	54
366	254	44	53
366	253	44	51
366	253	45	51
366	252	43	50
366	250	44	55
366	250	43	50
366	250	42	45
365	248	43	50
365	247	44	51
365	247	44	52
365	247	42	50
364	246	43	51
364	244	44	53
364	244	45	54
364	242	43	55
363	241	44	54
362	241	46	54
362	240	46	54
363	240	43	51
364	239	42	52
363	237	43	57
361	237	47	55
361	237	44	49
362	236	43	50
361	236	43	48
361	235	44	50
359	234	47	53
359	233	48	53
360	231	44	54
359	231	45	51
360	230	43	53
358	230	47	52
359	228	45	53
359	227	44	55
358	227	47	55
358	226	44	54
357	224	46	55
358	225	44	52
357	224	46	52
356	222	46	55
356	223	46	52
356	221	45	52
357	220	44	54
355	220	46	52
356	220	45	50
357	219	43	48
356	218	44	50
355	217	45	50
355	216	45	49
354	215	46	52
354	214	45	53
354	214	45	52
353	213	47	52
353	212	46	50
354	212	45	49
354	211	44	49
354	209	44	50
353	211	45	47
354	211	43	44
354	210	43	45
354	211	43	45
354	211	43	47
354	210	43	46
354	211	43	47
354	209	44	51
354	211	43	46
354	210	43	49
355	209	42	49
353	209	44	52
354	210	44	48
354	210	44	48
353	211	45	46
353	209	44	51
354	210	43	50
354	210	44	49
354	210	44	47
354	210	44	48
354	210	43	49
354	211	43	46
354	210	43	48
354	209	44	52
354	210	44	49
354	210	44	49
353	210	44	48
354	211	44	47
354	210	44	49
353	211	44	47
353	211	45	48
354	210	43	48
353	209	45	53
353	208	44	54
353	210	45	51
353	210	44	50
353	210	45	51
353	212	45	46
353	211	44	47
354	211	42	48
353	211	43	47
353	211	43	48
353	211	44	51
353	211	44	51
353	212	45	48
352	211	45	51
354	211	43	47
353	210	43	49
353	211	42	48
353	211	43	50
352	211	45	50
353	211	43	49
353	211	43	50
353	211	43	49
353	211	42	50
353	210	43	50
353	211	43	50
352	211	44	49
352	210	44	53
352	211	44	52
353	211	44	51
352	212	45	48
352	212	44	49
353	212	43	48
352	211	43	50
352	212	44	49
352	212	43	48
353	211	42	50
353	212	42	49
353	212	42	48
353	213	44	48
352	213	44	48
352	212	45	51
352	213	44	48
352	213	44	49
352	212	44	51
352	213	44	50
352	214	45	48
352	213	45	51
353	214	43	47
352	215	44	48
352	214	43	49
352	215	44	47
351	213	44	49
352	215	44	46
351	213	44	49
352	212	43	50
352	213	43	48
351	213	45	50
351	213	45	49
352	212	43	50
351	213	44	48
352	213	44	49
352	213	43	48
353	212	42	50
352	211	42	52
352	213	43	48
352	212	43	51
351	212	44	51
352	212	44	49
351	214	44	48
352	213	44	49
353	213	43	49
352	213	42	50
352	214	42	47
352	213	43	49
352	214	44	47
352	214	44	47
352	214	44	47
352	212	43	50
352	214	44	47
352	213	44	49
352	215	44	46
353	213	42	50
352	213	43	48
352	212	43	49
352	213	43	49
352	214	43	48
352	213	43	48
352	214	43	47
352	212	42	48
352	212	43	50
352	213	44	48
352	213	43	50
351	213	44	48
352	214	43	47
352	213	44	49
352	214	44	49
352	213	43	49
352	213	44	50
352	212	43	51
353	212	42	50
352	212	44	50
353	213	44	49
352	212	45	51
353	213	45	50
354	212	44	50
354	212	45	50
356	213	44	50
357	210	44	55
360	210	43	55
362	212	43	51
363	213	43	49
366	214	43	47
368	211	44	53
372	214	43	49
374	213	43	49
376	212	45	49
380	212	44	52
383	213	45	50
386	213	45	51
388	212	47	54
391	212	48	53
393	213	52	53
397	213	49	51
399	213	49	54
403	214	48	52
406	213	48	54
409	215	47	51
410	215	50	48
413	215	46	47
415	215	43	48
415	214	46	48
414	215	48	48
415	215	45	48
414	214	47	51
415	215	45	48
414	214	46	48
415	215	45	46
415	215	44	46
416	215	43	45
415	215	45	46
415	214	45	47
415	215	44	46
415	215	45	47
414	215	47	48
415	215	44	46
416	215	43	47
415	215	44	47
414	215	47	48
415	215	45	48
415	215	44	47
415	215	46	46
414	215	46	47
414	215	47	46
415	215	47	48
415	215	46	49
415	215	46	49
414	214	47	49
415	215	45	46
415	215	46	47
414	214	48	50
414	214	47	50
415	215	45	46
416	216	44	44
416	215	44	44
416	215	45	46
417	215	45	45
417	215	47	47
418	215	47	50
418	214	49	51
420	215	48	47
422	214	47	50
424	215	44	44
425	214	44	46
428	215	43	45
431	215	43	46
433	215	44	45
436	214	45	46
438	215	46	45
442	214	45	47
444	214	46	47
446	215	47	48
448	214	47	50
451	214	45	50
452	214	45	48
454	214	44	44
454	215	45	45
455	214	44	46
455	215	45	44
454	214	45	47
455	215	44	46
455	215	44	46
454	214	45	47
453	214	46	48
454	214	45	46
454	214	44	48
452	213	46	51
452	214	45	49
451	214	45	49
450	213	45	51
449	214	46	48
448	214	45	48
447	214	45	47
445	215	46	46
443	214	44	50
441	215	46	48
438	214	45	50
435	214	46	49
433	215	46	47
430	215	46	46
426	214	48	50
425	215	44	46
421	215	46	48
418	214	48	50
416	214	45	52
412	214	50	52
408	214	50	53
404	214	54	52
400	213	54	51
399	214	52	52
397	213	50	52
393	214	52	51
390	213	51	55
387	212	47	56
386	213	46	53
382	212	47	54
379	213	49	55
377	214	49	53
374	215	49	51
371	214	46	54
368	215	48	51
364	214	48	55
362	215	45	48
358	214	45	50
354	214	46	50
353	214	44	50
349	213	43	49
346	214	43	49
343	215	42	47
340	214	43	48
337	215	43	46
335	215	41	45
332	216	41	44
328	214	42	47
325	215	42	45
320	215	43	44
318	215	43	45
315	215	44	48
312	211	44	53
310	211	43	53
308	213	45	51
307	213	45	50
305	213	46	52
305	214	44	49
306	214	45	49
306	213	46	50
306	214	46	49
306	215	45	48
306	215	44	47
306	212	45	52
306	214	46	50
307	214	43	49
306	213	46	51
305	215	49	48
305	215	46	48
306	213	46	50
305	213	46	50
306	212	45	53
305	212	45	51
305	212	44	49
305	212	44	46
305	210	44	49
306	210	42	50
305	209	44	49
306	208	42	51
306	208	42	48
306	206	42	50
305	205	43	52
305	204	45	53
305	204	45	50
305	204	46	49
305	202	43	50
304	202	45	51
304	201	45	50
304	202	48	49
305	201	47	49
304	200	48	49
304	199	48	49
304	200	50	47
304	200	47	47
304	199	48	50
305	200	47	47
304	200	47	46
304	199	44	47
304	199	43	46
304	199	45	48
304	199	48	50
304	199	50	51
304	200	47	48
304	199	47	48
304	200	44	47
304	200	45	49
304	200	45	48
304	200	44	50
304	201	47	49
305	202	44	49
304	202	45	51
305	203	46	49
305	204	44	48
305	204	48	54
305	207	51	49
306	207	47	49
305	206	46	53
305	208	44	49
305	209	43	47
306	209	42	49
305	210	44	49
305	209	44	53
305	211	46	51
306	212	43	49
306	213	43	48
306	213	45	48
306	213	43	51
307	215	42	48
306	216	44	50
306	218	48	50
306	219	46	49
307	220	43	48
306	219	44	50
306	220	44	50
306	221	45	49
307	221	44	49
307	221	44	50
306	222	45	49
307	221	43	50
307	222	43	48
307	222	42	49
307	221	43	50
306	222	44	48
307	221	44	49
306	222	43	48
306	220	46	51
306	221	46	51
307	221	45	50
308	220	43	51
307	221	44	50
308	221	44	49
308	219	44	51
308	220	44	51
309	219	43	50
309	220	44	49
309	220	44	50
309	220	45	50
309	220	44	49
310	220	44	50
310	219	44	51
310	220	44	53
310	219	46	55
312	220	43	54
312	218	43	57
312	219	42	54
313	219	42	55
313	219	41	55
313	219	42	54
315	219	41	55
314	219	41	57
315	217	40	60
315	219	41	57
315	219	41	56
315	218	41	58
315	219	41	57
316	219	41	56
316	219	41	56
317	218	40	58
316	219	41	57
317	220	41	56
317	219	42	57
317	219	41	57
318	220	41	55
318	220	41	56
319	221	41	54
319	221	41	52
319	220	40	54
318	220	42	54
318	221	43	55
319	220	42	56
319	222	42	52
319	221	41	53
321	222	42	50
320	222	41	50
320	222	42	51
321	221	42	53
319	223	42	48
320	222	41	50
319	221	41	54
320	221	42	55
319	222	42	51
320	221	42	52
319	221	42	53
320	221	42	52
319	221	42	52
320	222	43	51
320	221	42	52
320	221	40	52
321	221	41	52
320	223	41	48
320	222	41	49
321	222	41	50
320	222	41	50
320	222	42	51
320	223	42	48
321	221	41	56
320	221	41	52
321	221	42	52
319	221	42	52
320	221	41	52
321	221	43	52
319	221	42	52
321	222	42	51
319	221	41	53
320	222	42	51
319	221	42	49
320	220	41	53
320	220	41	52
318	220	42	50
319	219	41	51
318	218	40	51
318	217	41	49
317	216	41	50
317	215	42	53
316	214	41	54
315	213	42	52
314	214	42	51
314	212	43	54
313	210	42	56
313	209	42	55
313	209	42	55
312	209	44	54
312	208	43	52
312	207	44	53
311	207	43	51
311	207	44	50
311	205	43	54
311	205	45	57
311	205	45	57
311	206	44	53
311	205	44	56
311	206	44	52
311	206	44	50
311	206	44	52
311	207	44	51
311	207	43	48
311	206	45	54
310	207	43	48
311	206	44	50
312	207	43	49
311	206	43	52
312	206	43	52
310	207	44	50
312	206	44	51
311	206	43	52
311	206	44	52
311	206	44	51
311	207	44	50
311	205	44	53
311	207	44	49
311	205	44	55
312	205	43	55
311	206	44	50
311	206	43	54
311	206	44	53
311	206	43	51
311	206	46	53
311	204	44	56
311	206	44	53
311	205	44	53
311	205	43	55
311	206	44	51
311	208	42	49
311	207	44	53
311	209	44	53
310	208	44	55
311	210	43	51
309	210	45	52
310	210	44	56
309	211	44	54
310	212	44	54
309	212	43	52
309	213	43	50
309	215	44	47
309	216	43	49
310	217	42	48
309	218	44	50
308	219	44	48
309	220	43	48
309	221	43	48
308	222	44	50
308	223	44	50
308	225	44	47
307	225	44	50
308	226	45	49
307	228	45	49
308	229	45	47
308	230	44	47
308	230	44	46
308	230	44	47
308	230	44	47
308	229	43	48
308	230	45	47
308	230	44	47
307	230	46	45
308	229	45	48
308	229	44	47
308	229	44	47
308	229	44	49
308	230	46	46
308	230	44	46
308	230	44	46
308	230	44	46
308	230	45	46
308	231	45	44
308	230	44	45
308	230	46	47
308	229	45	48
308	229	44	47
307	227	45	51
306	229	45	49
306	229	45	48
306	230	44	47
305	230	44	45
304	231	45	45
302	230	45	45
301	230	44	47
299	229	44	50
298	230	42	48
295	230	46	47
292	230	44	47
289	230	43	46
287	230	41	45
284	231	42	44
280	230	42	47
277	230	42	46
274	231	41	45
270	230	42	45
267	230	41	46
264	231	41	46
261	230	41	47
257	232	43	43
254	231	41	44
252	232	39	43
248	231	40	44
244	231	41	46
241	231	41	44
238	232	40	44
234	230	41	46
231	231	41	45
229	230	41	45
228	231	40	44
227	231	39	43
225	230	41	45
224	231	40	45
225	231	41	44
225	230	40	46
225	229	41	48
225	231	41	45
225	230	39	45
224	230	42	44
225	230	40	46
224	230	41	47
225	230	39	45
225	230	40	46
225	230	41	44
224	231	43	45
224	231	42	44
224	229	41	48
225	230	40	45
225	230	40	45
224	230	41	45
225	230	40	46
224	231	41	43
225	230	41	46
224	229	42	48
224	230	41	46
224	230	42	44
225	230	40	46
224	230	41	47
224	231	41	43
225	231	40	43
225	231	40	43
225	231	40	45
224	230	41	45
224	230	41	45
224	230	41	46
225	230	41	45
224	230	40	45
225	231	41	43
225	230	39	46
225	230	40	45
225	230	39	46
224	230	41	46
225	231	41	45
224	230	41	46
225	231	41	43
225	231	41	45
225	230	40	46
225	230	40	45
225	231	40	44
225	230	40	45
225	230	40	45
225	230	40	47
224	230	41	44
225	229	40	47
224	229	41	47
224	230	40	46
224	230	41	44
225	230	39	46
224	229	41	46
224	231	41	45
224	231	41	45
224	230	40	47
222	231	41	46
222	232	39	45
221	232	41	46
220	232	40	45
220	232	41	47
219	233	41	44
218	234	41	43
218	235	41	43
217	234	41	47
215	234	41	46
215	236	41	44
214	236	40	45
213	236	42	43
214	236	41	44
214	235	41	45
215	235	39	47
214	235	41	46
214	235	41	45
214	236	42	46
215	234	41	47
214	235	43	44
215	234	42	46
216	234	42	45
217	233	42	45
218	234	41	45
219	233	41	45
219	232	42	45
220	232	41	45
221	232	41	47
222	232	41	43
223	232	40	42
224	231	41	44
224	229	41	47
225	230	41	46
225	229	42	45
226	229	43	44
227	229	41	45
228	229	41	44
228	228	42	44
229	228	42	44
231	227	41	45
231	227	41	45
231	227	42	45
232	225	41	47
233	225	43	46
234	226	41	45
235	225	41	46
236	224	41	48
236	225	40	45
237	224	40	46
238	225	40	44
239	225	41	44
240	223	40	47
240	223	42	45
240	222	42	46
241	222	42	46
242	222	41	44
243	221	42	47
243	220	43	46
244	220	42	46
245	220	42	47
246	219	41	47
247	219	42	47
247	219	42	45
248	218	41	48
250	218	40	45
251	218	40	45
251	217	42	46
251	217	41	44
253	216	41	45
253	216	40	45
254	215	41	45
255	214	42	48
255	214	42	46
256	213	42	46
257	214	41	45
258	213	40	45
259	212	40	44
260	212	40	45
259	213	42	43
261	211	41	45
261	210	42	49
261	210	42	47
263	210	41	45
263	209	41	49
264	209	42	45
265	210	41	44
266	209	41	45
267	209	42	45
267	207	42	48
268	207	43	46
270	208	41	44
271	208	41	43
271	207	42	45
272	206	41	43
273	206	41	46
273	206	41	43
274	205	41	45
276	205	40	45
276	204	40	47
276	204	42	46
276	204	40	48
276	204	41	46
276	204	41	46
276	204	41	47
276	204	42	47
276	204	41	47
276	204	41	46
276	204	42	48
276	204	42	48
276	203	42	48
276	204	42	47
275	204	43	48
276	204	41	48
276	204	40	46
276	203	42	49
276	204	42	47
276	204	42	45
277	204	41	46
276	204	41	46
276	204	42	46
276	204	43	46
276	203	41	47
277	204	42	45
277	204	41	45
277	203	41	49
276	203	41	48
276	203	42	46
276	203	42	47
277	204	42	46
276	203	43	48
276	203	43	48
277	202	42	48
277	203	42	48
277	203	41	47
277	203	42	48
277	203	42	46
277	202	42	48
277	203	43	46
277	203	42	45
277	202	42	48
277	202	44	48
277	202	42	47
277	203	43	47
277	203	43	46
278	203	41	46
278	202	41	48
277	202	43	48
277	202	43	47
277	202	43	47
277	203	43	47
277	202	43	48
278	202	42	48
278	202	42	48
277	203	43	45
278	203	42	46
277	203	42	46
277	203	43	47
277	203	43	46
277	202	43	49
278	203	42	46
277	202	44	47
276	203	45	46
277	203	44	44
277	202	42	47
278	202	41	49
277	202	43	48
277	203	43	48
278	202	43	48
278	202	42	47
278	203	42	47
278	202	42	48
277	203	43	46
278	202	43	47
278	202	42	48
278	202	43	48
278	202	42	47
277	202	44	49
278	202	42	46
278	202	44	47
278	202	44	49
277	202	44	47
278	202	43	47
277	201	45	47
278	201	43	48
278	201	43	48
278	201	42	48
278	199	43	51
278	200	49	53
278	200	45	50
278	200	43	50
278	200	46	51
279	200	44	51
278	199	47	54
278	199	46	52
279	200	44	50
279	199	45	52
279	199	46	53
278	198	47	55
279	199	45	53
279	200	46	52
279	199	44	51
279	198	45	52
279	199	44	51
279	199	44	50
279	198	45	52
279	198	46	52
279	198	46	53
280	197	44	55
280	197	45	57
280	196	45	55
280	197	45	54
279	196	48	55
280	197	47	57
280	197	45	53
280	198	46	52
280	196	46	55
280	197	46	56
281	195	46	60
280	195	47	59
280	196	46	57
281	195	45	57
281	195	45	58
281	195	47	59
281	195	45	59
281	195	46	58
282	196	45	55
281	196	45	55
281	196	46	56
281	196	46	56
282	196	45	56
280	196	46	56
281	196	46	57
281	195	47	60
281	196	46	57
281	194	48	60
281	195	47	57
281	194	47	59
281	196	47	54
282	196	45	55
282	195	45	56
282	195	46	57
281	195	47	58
283	196	45	56
282	195	46	56
282	196	45	54
282	196	46	55
281	195	46	57
282	195	46	57
281	195	46	57
282	196	45	56
282	195	46	57
281	197	46	53
282	195	46	56
281	195	46	57
282	195	46	58
282	195	46	57
282	194	47	58
282	195	45	56
282	194	46	59
281	195	46	56
282	195	46	55
281	195	46	56
281	196	47	56
281	195	47	58
282	196	46	54
283	195	45	57
283	197	45	53
283	196	45	52
284	195	46	55
284	197	46	52
284	196	47	54
286	196	46	55
287	195	45	56
288	196	46	55
290	195	44	54
289	195	46	56
291	194	46	57
292	194	45	58
293	195	45	56
293	194	45	58
295	195	45	57
296	194	45	58
296	194	46	59
298	194	46	57
297	196	46	54
299	195	45	56
301	194	45	57
301	194	46	58
302	193	46	59
303	195	44	54
304	195	45	55
305	195	45	54
306	196	45	52
307	195	45	54
308	195	45	55
308	194	45	56
310	194	45	57
311	194	45	52
311	195	47	54
312	194	45	54
314	194	46	57
314	193	46	58
315	194	46	55
316	194	46	57
317	193	46	57
318	193	46	56
319	194	44	56
319	193	46	58
321	193	45	58
322	194	45	54
323	196	45	50
323	193	46	56
325	194	45	54
325	193	46	57
326	192	46	60
328	193	45	56
328	193	45	56
330	193	45	56
330	193	46	58
332	193	45	56
332	193	46	56
333	194	46	56
334	193	45	55
334	194	47	54
336	193	45	52
337	195	46	49
337	194	46	54
339	192	46	59
340	194	46	54
340	192	46	59
342	193	45	56
343	194	45	53
343	192	47	60
344	193	46	57
346	192	45	58
346	193	46	60
347	193	48	60
348	193	46	58
349	193	46	58
350	192	46	61
352	193	46	59
352	193	45	59
353	193	47	58
354	192	47	58
355	192	46	60
356	192	45	59
357	193	46	59
358	194	46	55
359	193	45	59
360	193	46	59
361	193	47	60
362	193	46	59
362	192	46	62
364	194	46	56
364	193	46	58
366	193	46	57
366	192	47	61
368	192	46	59
368	192	47	59
368	192	48	61
371	192	47	58
371	192	47	60
372	192	46	60
374	194	45	53
374	193	46	57
375	192	46	60
375	192	47	59
376	192	48	59
378	192	47	57
379	193	46	55
379	191	48	59
380	192	47	60
379	192	47	60
379	192	47	60
380	193	46	54
380	193	47	58
380	193	46	53
380	193	47	54
380	193	47	55
380	193	47	54
379	193	47	56
380	193	47	58
380	192	47	58
379	193	47	56
379	192	48	59
379	193	47	57
379	191	47	60
379	192	47	57
379	193	47	58
378	192	46	59
379	192	45	59
379	192	48	59
378	192	48	59
377	192	47	61
378	193	47	53
377	192	48	57
377	192	47	56
378	192	47	57
377	193	47	53
377	192	47	57
377	193	46	59
377	192	47	59
377	192	47	60
376	191	49	62
377	193	46	56
376	193	47	57
376	193	48	57
375	192	49	59
375	192	49	61
375	193	47	55
376	193	48	57
375	192	49	60
375	192	48	61
375	192	48	60
374	192	48	60
374	192	50	62
374	191	49	62
375	192	48	58
374	193	48	57
375	193	48	54
373	193	50	58
374	191	48	62
373	191	48	64
374	192	47	59
373	192	50	61
373	191	48	62
373	191	49	62
372	191	50	63
372	193	50	57
373	191	49	61
372	192	49	60
372	192	49	62
371	191	51	63
371	193	50	59
372	191	51	61
371	192	49	61
371	192	49	62
372	192	48	60
371	191	49	62
370	192	49	60
371	191	50	63
370	191	50	60
370	192	51	60
370	191	50	62
370	191	51	63
369	192	51	60
370	191	51	61
371	191	50	61
370	190	50	65
370	191	50	65
370	191	50	64
370	191	50	62
369	191	50	64
370	190	51	66
369	192	51	61
369	191	50	64
370	191	50	62
370	191	51	63
369	191	51	62
369	191	50	62
369	191	51	63
370	192	50	59
370	191	50	62
369	192	50	60
370	190	51	64
370	190	51	64
370	189	50	63
370	189	48	58
369	187	51	65
370	186	51	68
369	185	51	63
369	184	50	65
370	183	52	64
370	183	49	61
370	183	49	57
370	181	49	57
369	180	52	63
369	179	51	63
369	177	52	68
370	177	50	60
370	175	49	64
369	174	50	65
369	174	49	64
370	173	50	63
369	172	50	59
370	171	49	59
370	170	50	60
370	170	48	58
369	167	50	67
370	167	49	61
370	166	50	59
370	165	49	59
370	164	49	63
369	164	50	60
370	164	48	56
368	161	51	62
369	160	49	63
370	160	49	61
369	159	49	61
369	158	49	61
370	157	49	60
369	155	50	63
369	153	49	65
369	153	51	62
368	153	50	61
367	151	52	63
369	150	50	62
368	150	50	62
368	148	52	65
366	148	54	63
369	146	50	60
369	146	50	60
369	145	49	59
368	144	49	62
368	144	49	61
368	143	50	57
367	142	51	57
368	141	49	56
368	139	50	60
368	138	51	62
368	137	51	60
368	136	51	60
368	135	50	62
368	134	49	61
368	133	50	63
368	133	51	61
368	132	50	59
368	130	50	61
369	130	49	58
