0.999422
0.055160
0.057333
0.059735
0.056029
0.054065
0.053851
0.053986
0.054159
0.054355
0.104606
0.053676
0.053839
0.053791
0.054137
0.053546
0.053771
0.053794
0.053812
0.053803
0.123616
0.060352
0.057369
0.056730
0.055590
0.053985
0.053892
0.053931
0.053689
0.053779
0.127341
0.054040
0.053876
0.054005
0.054032
0.053896
0.053860
0.053877
0.053935
0.053595
0.143512
0.053951
0.053812
0.053813
0.054414
0.056622
0.062017
0.057431
0.058872
0.057249
0.150211
0.053459
0.053670
0.053366
0.053655
0.053495
0.053673
0.054372
0.053762
0.054475
0.166604
0.055170
0.054495
0.054708
0.056374
0.054844
0.054802
0.054023
0.053959
0.055068
0.175464
0.055666
0.055854
0.054348
0.055041
0.054377
0.055017
0.054325
0.053877
0.055033
0.188433
0.054093
0.053846
0.053931
0.053658
0.054006
0.053514
0.053533
0.054018
0.053633
0.232033
0.054915
0.053644
0.059052
0.054292
0.054268
0.053649
0.054149
0.053871
0.053849
0.240565
0.059061
0.054858
0.055341
0.055378
0.055835
0.055439
0.056904
0.055880
0.054348
0.259090
0.055256
0.054535
0.053650
0.054468
0.058874
0.056027
0.055401
0.055853
0.055541
0.277236
0.055779
0.060317
0.055906
0.056220
0.055905
0.056221
0.055552
0.055998
0.055825
0.288061
0.056194
0.056174
0.055873
0.055568
0.054840
0.054028
0.054453
0.055025
0.055369
0.308122
0.055866
0.056233
0.056122
0.055943
0.054123
0.054193
0.054358
0.055035
0.053969
0.312332
0.054153
0.054354
0.053828
0.053233
0.052957
0.052576
0.053264
0.053902
0.053678
0.274606
0.054533
0.051604
0.054346
0.281551
0.283375
0.053254
0.053510
0.053326
0.053120
0.288020
0.288669
0.289641
0.053850
0.053084
0.054674
0.054529
0.054816
0.054684
0.054842
0.296192
0.054711
0.054982
0.053883
0.053755
0.053683
0.053923
0.053801
0.054878
0.054734
0.312396
0.055586
0.052651
0.053228
0.053127
0.052831
0.055480
0.053099
0.053289
0.053264
0.318993
0.053964
0.053477
0.053503
0.053443
0.053506
0.054052
0.053666
0.053130
0.053378
0.333868
0.054735
0.055274
0.053664
0.053537
0.053571
0.053602
0.053420
0.053299
0.053574
0.342167
0.054200
0.054102
0.053686
0.053677
0.053525
0.054155
0.054121
0.053698
0.059916
0.344700
0.054504
0.053641
0.054425
0.055109
0.053992
0.054555
0.056615
0.053560
0.055288
0.345101
0.055537
0.053449
0.053238
0.053315
0.054233
0.053704
0.053933
0.053595
0.053716
0.345003
0.057107
0.053519
0.053256
0.053529
0.054021
0.054036
0.053849
0.053069
0.055232
0.344366
0.059639
0.053662
0.054407
0.054449
0.053773
0.054820
0.054420
0.053347
0.054467
0.342435
0.053496
0.053217
0.053525
0.053416
0.053028
0.053067
0.054887
0.342016
0.055023
0.342131
0.053419
0.057739
0.057491
0.054178
0.053344
0.053554
0.053319
0.053775
0.054110
0.342620
0.053705
0.053447
0.053245
0.054794
0.054797
0.053594
0.054670
0.054815
0.057579
0.344909
0.055312
0.054790
0.055249
0.057965
0.053376
0.052489
0.052966
0.053298
0.053630
0.342413
0.054660
0.053853
0.053040
0.053644
0.341893
0.053519
0.053419
0.053853
0.052992
0.343094
0.054014
0.054115
0.054642
0.055565
0.053311
0.053325
0.053583
0.053929
0.053554
0.341764
0.053470
0.056133
0.053858
0.053861
0.054348
0.054607
0.054264
0.054709
0.054280
0.342698
0.053374
0.054832
0.055363
0.054028
0.054038
0.054683
0.054659
0.053798
0.053586
0.343594
0.054055
0.053632
0.053681
0.053360
0.053452
0.053553
0.054442
0.053794
0.052975
0.342056
0.054105
0.054826
0.053411
0.053473
0.053913
0.053583
0.054173
0.053582
0.054318
0.342636
0.053621
0.053223
0.054391
0.054894
0.053969
0.053542
0.053815
0.054146
0.054171
0.342354
0.054040
0.053335
0.054152
0.054630
0.054381
0.053865
0.053578
0.055153
0.053921
0.342865
0.054266
0.053183
0.053590
0.053447
0.053888
0.053449
0.053397
0.053290
0.053624
0.342828
0.053601
0.052620
0.052894
0.053791
0.053579
0.053364
0.053457
0.053332
0.053176
0.342429
0.053923
0.053640
0.053209
0.053678
0.054171
0.053883
0.054557
0.053309
0.053312
0.341579
0.053540
0.053252
0.053568
0.053219
0.053830
0.053591
0.054325
0.053591
0.053500
0.342821
0.054135
0.053706
0.052881
0.053275
0.052917
0.054244
0.053056
0.053216
0.053112
0.342309
0.053728
0.052974
0.053479
0.053809
0.053309
0.053153
0.053840
0.053663
0.053349
0.342034
0.053745
0.053587
0.055673
0.053849
0.053775
0.054749
0.054049
0.054137
0.053950
0.342028
0.054276
0.054324
0.053884
0.053629
0.053454
0.053612
0.054522
0.343975
0.054667
0.342391
0.054698
0.345500
0.342641
0.053550
0.054336
0.053327
0.054802
0.054775
0.054073
0.342939
0.054212
0.053573
0.053669
0.054196
0.053633
0.053434
0.053202
0.053218
0.053190
0.343172
0.053571
0.053323
0.053289
0.053555
0.053829
0.053733
0.055075
0.054860
0.053320
0.341993
0.053665
0.053560
0.055403
0.055048
0.054074
0.053838
0.055598
0.055082
0.054829
0.346280
0.055710
0.053569
0.054744
0.054039
0.054546
0.056085
0.053488
0.053450
0.053758
0.341618
0.054304
0.054617
0.053465
0.053677
0.053643
0.053771
0.053694
0.055717
0.054669
0.342075
0.054557
0.054185
0.054333
0.054241
0.055428
0.054002
0.055152
0.053438
0.053669
0.343007
0.054659
0.053948
0.054304
0.054379
0.055361
0.058350
0.056628
0.055129
0.055276
0.347815
0.054981
0.055901
0.054624
0.055179
0.055608
0.053189
0.055352
0.053582
0.053539
0.343829
0.056314
0.055091
0.054600
0.054930
0.056175
0.059793
0.055451
0.055097
0.055288
0.344286
0.053312
0.054233
0.053811
0.055553
0.054589
0.054591
0.053643
0.053759
0.054256
0.345608
0.055853
0.056786
0.058187
0.053657
0.053952
0.053791
0.058477
0.058060
0.053881
0.342953
0.054253
0.054539
0.053761
0.053473
0.053923
0.053683
0.054036
0.054090
0.053447
0.344787
0.058730
0.055507
0.054058
0.055772
0.055560
0.055506
0.054053
0.054831
0.057007
0.347512
0.057197
0.057862
0.056253
0.054514
0.057263
0.056507
0.057420
0.055085
0.054290
0.344488
0.055305
0.055493
0.054306
0.054872
0.056627
0.057802
0.056406
0.054460
0.057378
0.344826
0.055938
0.059410
0.057405
0.056308
0.055924
0.056363
0.056068
0.057896
0.056806
0.343016
0.054289
0.056174
0.056383
0.054146
0.053863
0.054308
0.054926
0.053402
0.054183
0.343445
0.058548
0.058518
0.055819
0.058224
0.057191
0.060096
0.058022
0.057889
0.057926
0.346607
0.057835
0.058652
0.057199
0.057979
0.060802
0.058066
0.060600
0.058590
0.057557
0.347671
0.060083
0.058816
0.058326
0.057850
0.060997
0.058698
0.060343
0.058186
0.059364
0.347262
0.057971
0.057326
0.058936
0.057697
0.058965
0.059499
0.058792
0.060523
0.061025
0.348884
0.057791
0.057913
0.058314
0.058178
0.057870
0.057742
0.058567
0.058498
0.058151
0.346706
0.059275
0.057312
0.055798
0.057356
0.054869
0.054494
0.055206
0.058460
0.054273
0.345350
0.055624
0.054094
0.054206
0.054209
0.054011
0.054580
0.053771
0.054532
0.054842
0.343518
0.054878
0.054237
0.054775
0.057334
0.055298
0.056950
0.054888
0.055870
0.056968
0.345062
0.054165
0.056243
0.053843
0.054470
0.055128
0.054156
0.053632
0.054295
0.054775
0.343041
0.054118
0.053695
0.054393
0.053912
0.054202
0.054065
0.054335
0.053199
0.053346
0.342869
0.055396
0.054212
0.053995
0.053432
0.053386
0.053969
0.053330
0.053696
0.054027
0.343314
0.056283
0.055358
0.055017
0.053535
0.053045
0.052983
0.053157
0.051207
0.342156
0.342652
0.342347
0.052903
0.052511
0.345416
0.343012
0.053916
0.344448
0.343354
0.346737
0.342162
0.056134
0.350433
0.056492
0.056352
0.342155
0.054243
0.055963
0.344413
0.344957
0.346808
0.054896
0.055904
0.055385
0.345139
0.055609
0.053944
0.053689
0.053995
0.054106
0.342034
0.055903
0.054408
0.054313
0.054276
0.055006
0.058001
0.054022
0.054359
0.054247
0.343559
0.057306
0.055066
0.055748
0.054668
0.056217
0.057361
0.053984
0.059524
0.055545
0.345541
0.054511
0.055114
0.054803
0.055480
0.054964
0.054407
0.055071
0.344285
0.055263
0.344634
0.345676
0.056340
0.055106
0.052881
0.055840
0.055210
0.054936
0.055378
0.054987
0.344780
0.055185
0.055881
0.056577
0.054350
0.053311
0.053907
0.053483
0.054118
0.053808
0.343294
0.054905
