96.000000,128.000000,248.000000,131.000000
96.448000,117.940000,248.000000,131.000000
97.194000,108.470000,248.000000,131.000000
98.702000,102.130000,248.000000,131.000000
99.890000,94.892000,248.000000,131.000000
101.360000,89.958000,248.000000,131.000000
105.520000,88.066000,243.140000,128.430000
106.200000,85.922000,243.140000,128.430000
109.100000,85.002000,238.370000,125.910000
114.190000,86.724000,229.110000,121.020000
115.890000,88.260000,224.620000,118.650000
114.840000,89.624000,220.220000,116.320000
114.080000,89.762000,220.220000,116.320000
110.990000,90.879000,220.220000,116.320000
113.920000,93.931000,211.670000,111.810000
110.780000,96.433000,211.670000,111.810000
106.390000,98.178000,211.670000,111.810000
102.510000,99.583000,211.670000,111.810000
93.390000,100.240000,215.900000,114.040000
91.856000,104.110000,211.670000,111.810000
83.125000,103.700000,220.220000,116.320000
76.417000,106.340000,224.620000,118.650000
67.419000,105.970000,233.700000,123.440000
58.604000,105.980000,243.140000,128.430000
53.265000,105.970000,248.000000,131.000000
49.504000,106.020000,252.960000,133.620000
48.907000,106.670000,252.960000,133.620000
45.256000,105.880000,258.020000,136.290000
42.791000,103.700000,263.180000,139.020000
43.987000,103.580000,263.180000,139.020000
46.652000,102.350000,263.180000,139.020000
48.492000,102.670000,263.180000,139.020000
54.188000,102.830000,258.020000,136.290000
60.104000,104.540000,252.960000,133.620000
64.906000,103.930000,252.960000,133.620000
68.128000,103.580000,252.960000,133.620000
72.426000,102.350000,252.960000,133.620000
74.716000,103.150000,252.960000,133.620000
77.017000,104.490000,252.960000,133.620000
79.191000,104.720000,252.960000,133.620000
84.581000,106.260000,248.000000,131.000000
90.251000,107.660000,243.140000,128.430000
99.098000,110.830000,233.700000,123.440000
107.840000,113.650000,224.620000,118.650000
118.020000,116.970000,215.900000,114.040000
135.380000,119.160000,207.520000,109.610000
152.440000,122.370000,199.460000,105.360000
180.600000,114.820000,145.260000,76.730000
163.100000,112.130000,145.260000,76.730000
177.710000,115.900000,145.260000,76.730000
182.710000,118.340000,145.260000,76.730000
190.280000,122.540000,142.410000,75.226000
206.460000,125.640000,139.620000,73.751000
213.840000,132.870000,139.620000,73.751000
209.730000,134.880000,142.410000,75.226000
181.860000,160.660000,142.410000,75.226000
172.580000,155.430000,139.620000,73.751000
156.330000,154.820000,139.620000,73.751000
155.180000,156.480000,139.620000,73.751000
153.810000,155.440000,139.620000,73.751000
151.340000,156.070000,139.620000,73.751000
144.660000,156.050000,145.260000,76.730000
145.530000,155.330000,151.130000,79.830000
152.730000,157.640000,148.170000,78.265000
152.100000,159.900000,148.170000,78.265000
148.320000,160.970000,151.130000,79.830000
153.160000,163.280000,151.130000,79.830000
152.730000,162.350000,154.150000,81.427000
155.440000,162.990000,154.150000,81.427000
159.130000,163.230000,157.230000,83.056000
160.310000,163.810000,157.230000,83.056000
161.040000,164.750000,157.230000,83.056000
165.790000,164.640000,157.230000,83.056000
169.190000,166.860000,154.150000,81.427000
171.690000,168.830000,154.150000,81.427000
172.300000,169.470000,154.150000,81.427000
174.570000,170.490000,154.150000,81.427000
174.490000,170.740000,154.150000,81.427000
174.880000,171.590000,154.150000,81.427000
175.760000,171.730000,154.150000,81.427000
172.300000,171.660000,157.230000,83.056000
170.950000,172.160000,157.230000,83.056000
168.140000,172.880000,157.230000,83.056000
167.380000,173.760000,154.150000,81.427000
165.490000,173.340000,154.150000,81.427000
163.630000,173.210000,154.150000,81.427000
162.520000,174.690000,154.150000,81.427000
157.620000,174.840000,154.150000,81.427000
154.250000,175.430000,154.150000,81.427000
149.520000,174.870000,154.150000,81.427000
151.290000,178.190000,154.150000,81.427000
159.000000,180.300000,151.130000,79.830000
157.790000,190.780000,148.170000,78.265000
147.290000,199.110000,151.130000,79.830000
161.340000,196.760000,151.130000,79.830000
167.480000,196.960000,151.130000,79.830000
165.240000,199.430000,148.170000,78.265000
167.750000,198.290000,145.260000,76.730000
154.860000,194.090000,154.150000,81.427000
152.960000,198.210000,77.076000,40.713000
153.520000,200.290000,78.617000,41.528000
116.740000,181.590000,154.150000,81.427000
120.610000,181.220000,154.150000,81.427000
124.320000,180.970000,154.150000,81.427000
125.470000,181.480000,154.150000,81.427000
129.080000,183.190000,151.130000,79.830000
131.920000,183.120000,151.130000,79.830000
131.320000,182.060000,157.230000,83.056000
129.950000,181.190000,163.590000,86.411000
128.660000,180.540000,170.200000,89.902000
127.430000,180.580000,177.070000,93.534000
128.040000,180.990000,180.610000,95.405000
128.880000,181.960000,184.230000,97.313000
128.840000,183.110000,187.910000,99.259000
128.310000,182.350000,191.670000,101.240000
129.050000,183.330000,191.670000,101.240000
133.320000,184.060000,191.670000,101.240000
135.240000,184.440000,191.670000,101.240000
133.700000,183.850000,195.500000,103.270000
137.860000,185.450000,195.500000,103.270000
140.030000,187.540000,195.500000,103.270000
141.150000,189.650000,199.410000,105.330000
144.100000,191.590000,199.410000,105.330000
147.390000,194.180000,199.410000,105.330000
149.910000,197.050000,199.410000,105.330000
155.040000,200.390000,199.410000,105.330000
159.810000,202.380000,195.500000,103.270000
165.180000,204.890000,191.670000,101.240000
168.910000,206.530000,191.670000,101.240000
174.610000,208.080000,187.910000,99.259000
177.590000,208.220000,187.910000,99.259000
176.710000,209.800000,187.910000,99.259000
174.730000,211.290000,187.910000,99.259000
170.200000,212.830000,187.910000,99.259000
176.470000,211.410000,187.910000,99.259000
159.880000,187.240000,131.540000,69.481000
164.750000,187.050000,128.960000,68.119000
170.380000,184.790000,128.960000,68.119000
175.790000,183.510000,128.960000,68.119000
181.150000,181.710000,128.960000,68.119000
188.960000,180.670000,126.430000,66.783000
192.280000,177.190000,126.430000,66.783000
192.680000,175.870000,126.430000,66.783000
197.190000,174.390000,126.430000,66.783000
201.280000,136.790000,126.430000,66.783000
201.370000,138.240000,126.430000,66.783000
152.910000,231.040000,126.430000,66.783000
153.090000,234.450000,123.950000,65.474000
154.120000,234.020000,123.950000,65.474000
154.440000,234.460000,123.950000,65.474000
156.270000,234.350000,123.950000,65.474000
155.910000,234.810000,123.950000,65.474000
157.840000,234.660000,123.950000,65.474000
156.500000,235.030000,123.950000,65.474000
155.170000,234.690000,123.950000,65.474000
154.060000,234.750000,123.950000,65.474000
153.380000,234.760000,123.950000,65.474000
151.190000,234.220000,126.430000,66.783000
152.330000,235.400000,126.430000,66.783000
150.530000,235.340000,128.960000,68.119000
148.850000,235.230000,131.540000,69.481000
148.800000,236.030000,131.540000,69.481000
149.280000,236.610000,128.960000,68.119000
151.770000,237.670000,126.430000,66.783000
153.540000,239.590000,123.950000,65.474000
153.300000,240.920000,123.950000,65.474000
153.980000,242.740000,121.520000,64.190000
153.660000,243.670000,123.950000,65.474000
154.060000,244.100000,123.950000,65.474000
153.490000,244.780000,123.950000,65.474000
153.550000,245.210000,123.950000,65.474000
154.160000,245.450000,123.950000,65.474000
154.860000,244.870000,123.950000,65.474000
157.010000,244.680000,123.950000,65.474000
157.840000,243.220000,123.950000,65.474000
158.950000,242.140000,123.950000,65.474000
160.220000,240.890000,123.950000,65.474000
161.130000,238.690000,123.950000,65.474000
161.420000,234.740000,126.430000,66.783000
162.620000,231.140000,128.960000,68.119000
163.870000,226.760000,131.540000,69.481000
165.930000,221.910000,134.170000,70.871000
167.450000,216.520000,134.170000,70.871000
167.830000,211.760000,136.850000,72.288000
169.090000,205.500000,136.850000,72.288000
170.100000,199.680000,136.850000,72.288000
170.340000,193.570000,136.850000,72.288000
170.390000,187.080000,136.850000,72.288000
169.640000,179.040000,136.850000,72.288000
168.440000,172.550000,136.850000,72.288000
166.780000,168.050000,134.170000,70.871000
164.550000,162.890000,134.170000,70.871000
172.740000,160.920000,134.170000,70.871000
163.160000,154.830000,134.170000,70.871000
169.940000,153.690000,134.170000,70.871000
159.880000,146.700000,136.850000,72.288000
166.130000,146.050000,136.850000,72.288000
158.060000,139.340000,136.850000,72.288000
165.140000,138.510000,136.850000,72.288000
168.500000,136.320000,136.850000,72.288000
169.760000,134.860000,136.850000,72.288000
168.260000,133.330000,136.850000,72.288000
168.620000,132.880000,136.850000,72.288000
166.590000,132.880000,136.850000,72.288000
166.280000,132.600000,136.850000,72.288000
165.520000,133.610000,136.850000,72.288000
165.590000,133.860000,136.850000,72.288000
167.630000,133.820000,136.850000,72.288000
165.850000,135.150000,136.850000,72.288000
190.190000,115.320000,136.850000,72.288000
217.600000,192.220000,95.796000,50.602000
216.900000,192.470000,95.796000,50.602000
217.500000,193.020000,95.796000,50.602000
183.660000,179.340000,136.850000,72.288000
195.140000,111.410000,136.850000,72.288000
191.960000,184.990000,136.850000,72.288000
190.480000,185.060000,136.850000,72.288000
191.060000,105.800000,164.220000,86.746000
189.550000,196.570000,68.426000,36.144000
190.330000,196.250000,68.426000,36.144000
191.080000,194.990000,68.426000,36.144000
192.380000,193.050000,68.426000,36.144000
192.990000,193.180000,68.426000,36.144000
193.610000,191.500000,69.794000,36.867000
194.440000,188.050000,69.794000,36.867000
189.650000,171.140000,136.850000,72.288000
185.340000,163.920000,136.850000,72.288000
190.930000,158.270000,136.850000,72.288000
237.320000,171.030000,95.796000,50.602000
209.390000,148.760000,164.220000,86.746000
183.860000,140.350000,164.220000,86.746000
225.420000,151.040000,136.850000,72.288000
233.790000,147.510000,136.850000,72.288000
207.690000,139.540000,136.850000,72.288000
203.230000,131.760000,136.850000,72.288000
204.710000,125.410000,136.850000,72.288000
260.160000,142.740000,68.426000,36.144000
247.360000,135.290000,68.426000,36.144000
246.100000,127.980000,68.426000,36.144000
247.250000,120.260000,68.426000,36.144000
255.120000,114.820000,69.794000,36.867000
238.830000,106.880000,69.794000,36.867000
230.890000,102.860000,69.794000,36.867000
209.960000,97.286000,71.190000,37.604000
202.900000,92.914000,71.190000,37.604000
211.780000,141.640000,104.690000,55.301000
201.140000,139.210000,106.790000,56.407000
202.040000,136.460000,106.790000,56.407000
198.470000,135.580000,108.920000,57.535000
195.720000,133.560000,108.920000,57.535000
194.920000,133.250000,108.920000,57.535000
193.070000,133.440000,108.920000,57.535000
192.410000,133.870000,108.920000,57.535000
191.340000,135.290000,108.920000,57.535000
188.610000,135.700000,108.920000,57.535000
186.300000,137.040000,108.920000,57.535000
185.530000,137.680000,108.920000,57.535000
184.760000,138.080000,108.920000,57.535000
182.840000,138.550000,108.920000,57.535000
181.850000,138.160000,108.920000,57.535000
180.950000,139.000000,108.920000,57.535000
180.410000,139.630000,108.920000,57.535000
180.630000,139.780000,108.920000,57.535000
179.920000,139.780000,108.920000,57.535000
179.580000,138.330000,108.920000,57.535000
178.640000,136.980000,108.920000,57.535000
177.810000,136.910000,108.920000,57.535000
176.820000,136.660000,108.920000,57.535000
176.160000,136.180000,108.920000,57.535000
175.860000,136.530000,108.920000,57.535000
174.770000,136.400000,108.920000,57.535000
173.390000,137.300000,108.920000,57.535000
172.970000,138.930000,108.920000,57.535000
168.860000,143.020000,108.920000,57.535000
170.650000,145.330000,106.790000,56.407000
170.540000,148.000000,106.790000,56.407000
169.110000,151.150000,106.790000,56.407000
169.240000,155.250000,106.790000,56.407000
169.180000,159.570000,106.790000,56.407000
169.910000,161.140000,106.790000,56.407000
169.050000,162.540000,106.790000,56.407000
168.650000,163.870000,106.790000,56.407000
167.660000,163.480000,106.790000,56.407000
166.990000,164.050000,106.790000,56.407000
166.260000,163.010000,106.790000,56.407000
164.910000,162.730000,106.790000,56.407000
163.240000,162.550000,106.790000,56.407000
161.740000,162.490000,106.790000,56.407000
159.780000,162.020000,106.790000,56.407000
158.880000,162.600000,106.790000,56.407000
159.360000,163.990000,106.790000,56.407000
158.420000,164.070000,106.790000,56.407000
159.120000,165.460000,106.790000,56.407000
152.870000,170.080000,106.790000,56.407000
153.520000,170.130000,104.690000,55.301000
155.690000,171.810000,102.640000,54.216000
154.260000,171.180000,102.640000,54.216000
154.670000,171.390000,102.640000,54.216000
155.750000,171.470000,102.640000,54.216000
155.990000,171.460000,102.640000,54.216000
157.000000,172.160000,102.640000,54.216000
157.650000,172.490000,102.640000,54.216000
160.790000,171.090000,102.640000,54.216000
162.140000,172.350000,102.640000,54.216000
162.740000,172.490000,102.640000,54.216000
163.200000,171.410000,102.640000,54.216000
243.340000,158.470000,104.690000,55.301000
253.230000,146.040000,104.690000,55.301000
253.690000,141.490000,104.690000,55.301000
250.950000,135.200000,104.690000,55.301000
246.190000,135.280000,106.790000,56.407000
247.090000,130.440000,106.790000,56.407000
242.730000,130.530000,106.790000,56.407000
241.870000,128.610000,106.790000,56.407000
244.730000,128.910000,106.790000,56.407000
258.080000,123.590000,106.790000,56.407000
259.800000,124.570000,108.920000,57.535000
259.670000,124.310000,108.920000,57.535000
259.040000,123.470000,111.100000,58.685000
259.640000,122.310000,113.320000,59.859000
261.000000,120.650000,115.590000,61.056000
262.810000,119.960000,115.590000,61.056000
264.530000,119.040000,117.900000,62.277000
261.600000,116.660000,120.260000,63.523000
262.500000,116.270000,120.260000,63.523000
257.020000,116.250000,120.260000,63.523000
253.300000,116.350000,120.260000,63.523000
248.900000,114.340000,122.660000,64.793000
249.030000,113.690000,122.660000,64.793000
242.770000,112.350000,122.660000,64.793000
239.160000,109.630000,122.660000,64.793000
236.080000,108.100000,122.660000,64.793000
232.720000,107.790000,122.660000,64.793000
230.170000,106.660000,122.660000,64.793000
228.450000,105.930000,122.660000,64.793000
226.620000,105.340000,122.660000,64.793000
225.260000,104.960000,122.660000,64.793000
213.800000,177.930000,122.660000,64.793000
212.000000,179.090000,122.660000,64.793000
210.330000,179.330000,122.660000,64.793000
209.060000,178.760000,122.660000,64.793000
205.980000,177.060000,125.120000,66.089000
201.340000,175.280000,127.620000,67.411000
197.260000,174.150000,130.170000,68.759000
190.740000,172.390000,132.770000,70.135000
187.250000,170.040000,132.770000,70.135000
182.720000,168.200000,132.770000,70.135000
180.070000,166.790000,132.770000,70.135000
175.520000,166.260000,132.770000,70.135000
170.550000,165.560000,132.770000,70.135000
166.040000,166.740000,130.170000,68.759000
160.170000,166.950000,130.170000,68.759000
157.970000,168.570000,127.620000,67.411000
155.770000,169.210000,125.120000,66.089000
152.110000,169.370000,122.660000,64.793000
150.970000,169.640000,120.260000,63.523000
150.140000,170.290000,117.900000,62.277000
149.950000,170.890000,115.590000,61.056000
149.820000,170.580000,113.320000,59.859000
149.770000,171.580000,113.320000,59.859000
150.570000,173.370000,111.100000,58.685000
151.630000,175.340000,108.920000,57.535000
153.320000,176.660000,106.790000,56.407000
155.490000,179.010000,104.690000,55.301000
156.140000,179.520000,104.690000,55.301000
157.030000,179.970000,104.690000,55.301000
159.070000,182.460000,102.640000,54.216000
161.270000,184.090000,100.630000,53.153000
163.420000,185.000000,100.630000,53.153000
165.450000,185.540000,100.630000,53.153000
167.200000,186.260000,100.630000,53.153000
169.870000,188.510000,98.653000,52.111000
172.460000,189.810000,96.718000,51.089000
176.760000,190.840000,94.822000,50.087000
177.390000,191.880000,94.822000,50.087000
179.410000,191.980000,94.822000,50.087000
179.650000,190.840000,94.822000,50.087000
180.700000,191.270000,92.963000,49.105000
182.030000,192.010000,91.140000,48.143000
182.250000,191.380000,89.353000,47.199000
182.480000,191.980000,87.601000,46.273000
181.680000,192.210000,85.883000,45.366000
181.670000,192.980000,84.199000,44.476000
182.690000,193.800000,82.548000,43.604000
184.030000,196.000000,80.930000,42.749000
183.510000,196.400000,80.930000,42.749000
185.060000,197.220000,79.343000,41.911000
186.190000,197.180000,79.343000,41.911000
189.190000,198.250000,77.787000,41.089000
189.750000,199.280000,77.787000,41.089000
192.170000,198.820000,77.787000,41.089000
194.190000,199.760000,77.787000,41.089000
196.080000,199.760000,77.787000,41.089000
201.010000,196.810000,77.787000,41.089000
205.020000,193.070000,77.787000,41.089000
205.990000,193.060000,76.262000,40.283000
216.590000,196.620000,54.451000,28.762000
219.870000,194.340000,54.451000,28.762000
219.490000,193.990000,54.451000,28.762000
239.590000,164.370000,116.680000,61.634000
244.300000,163.750000,116.680000,61.634000
245.350000,169.700000,116.680000,61.634000
243.250000,174.980000,116.680000,61.634000
242.480000,181.230000,116.680000,61.634000
239.810000,186.800000,116.680000,61.634000
234.400000,192.120000,116.680000,61.634000
232.430000,194.560000,116.680000,61.634000
226.290000,196.610000,116.680000,61.634000
221.090000,197.320000,116.680000,61.634000
214.350000,196.390000,116.680000,61.634000
208.270000,195.060000,116.680000,61.634000
202.220000,192.570000,116.680000,61.634000
196.980000,189.790000,116.680000,61.634000
193.330000,187.250000,116.680000,61.634000
191.920000,183.260000,116.680000,61.634000
187.600000,181.220000,116.680000,61.634000
185.050000,177.320000,116.680000,61.634000
182.900000,174.420000,116.680000,61.634000
180.650000,173.390000,116.680000,61.634000
181.330000,172.840000,116.680000,61.634000
183.800000,173.440000,114.390000,60.425000
185.580000,173.610000,114.390000,60.425000
187.260000,173.910000,114.390000,60.425000
188.010000,174.090000,114.390000,60.425000
188.120000,173.850000,114.390000,60.425000
188.540000,172.130000,116.680000,61.634000
189.460000,170.410000,116.680000,61.634000
189.790000,167.140000,116.680000,61.634000
189.680000,167.410000,116.680000,61.634000
188.830000,165.910000,116.680000,61.634000
188.430000,166.870000,116.680000,61.634000
188.270000,166.970000,116.680000,61.634000
189.610000,166.140000,116.680000,61.634000
192.480000,166.680000,116.680000,61.634000
196.490000,167.500000,116.680000,61.634000
201.160000,168.240000,116.680000,61.634000
207.860000,170.060000,116.680000,61.634000
213.710000,173.570000,116.680000,61.634000
221.180000,177.490000,116.680000,61.634000
228.920000,183.780000,116.680000,61.634000
233.960000,190.210000,116.680000,61.634000
238.300000,197.700000,114.390000,60.425000
243.050000,203.280000,114.390000,60.425000
244.540000,207.540000,114.390000,60.425000
149.200000,183.770000,137.270000,72.510000
154.080000,182.760000,134.580000,71.089000
140.620000,174.530000,134.580000,71.089000
143.650000,171.900000,134.580000,71.089000
147.820000,172.720000,134.580000,71.089000
153.100000,172.580000,134.580000,71.089000
156.140000,170.000000,134.580000,71.089000
153.930000,169.560000,134.580000,71.089000
154.390000,168.240000,134.580000,71.089000
155.060000,167.040000,134.580000,71.089000
154.650000,165.540000,134.580000,71.089000
154.660000,162.970000,134.580000,71.089000
153.430000,161.340000,134.580000,71.089000
152.960000,159.760000,134.580000,71.089000
151.950000,157.110000,134.580000,71.089000
150.940000,155.210000,134.580000,71.089000
150.910000,153.220000,134.580000,71.089000
150.310000,151.110000,134.580000,71.089000
150.840000,148.600000,134.580000,71.089000
151.380000,145.930000,134.580000,71.089000
151.530000,144.360000,134.580000,71.089000
151.940000,143.350000,134.580000,71.089000
152.330000,141.720000,134.580000,71.089000
152.050000,139.470000,134.580000,71.089000
148.540000,137.500000,134.580000,71.089000
143.460000,172.900000,134.580000,71.089000
142.430000,170.980000,134.580000,71.089000
143.200000,168.050000,134.580000,71.089000
142.220000,165.130000,134.580000,71.089000
140.960000,163.590000,134.580000,71.089000
141.290000,161.480000,131.940000,69.695000
141.480000,159.530000,131.940000,69.695000
139.860000,156.970000,131.940000,69.695000
138.620000,154.970000,131.940000,69.695000
139.600000,149.640000,131.940000,69.695000
138.470000,145.970000,131.940000,69.695000
137.550000,143.990000,131.940000,69.695000
140.010000,140.750000,129.350000,68.328000
139.110000,138.130000,129.350000,68.328000
139.890000,136.620000,126.820000,66.988000
139.550000,137.300000,126.820000,66.988000
140.990000,140.230000,124.330000,65.675000
140.500000,141.010000,124.330000,65.675000
139.000000,139.560000,124.330000,65.675000
139.100000,135.100000,124.330000,65.675000
138.740000,133.440000,124.330000,65.675000
138.630000,131.060000,124.330000,65.675000
140.050000,128.590000,124.330000,65.675000
138.490000,125.760000,124.330000,65.675000
137.840000,125.430000,124.330000,65.675000
136.740000,124.450000,124.330000,65.675000
135.740000,124.920000,121.890000,64.387000
150.470000,134.060000,87.032000,45.972000
146.420000,135.610000,87.032000,45.972000
141.930000,135.120000,87.032000,45.972000
142.610000,133.890000,85.325000,45.071000
147.590000,130.470000,85.325000,45.071000
150.760000,129.640000,85.325000,45.071000
154.770000,129.290000,85.325000,45.071000
160.020000,129.050000,85.325000,45.071000
164.910000,127.130000,87.032000,45.972000
174.030000,122.000000,88.772000,46.892000
180.100000,122.090000,88.772000,46.892000
186.890000,120.610000,88.772000,46.892000
212.940000,95.728000,88.772000,46.892000
213.000000,94.518000,88.772000,46.892000
213.260000,94.660000,88.772000,46.892000
213.000000,94.257000,88.772000,46.892000
213.030000,94.426000,88.772000,46.892000
212.700000,93.813000,88.772000,46.892000
212.300000,93.741000,88.772000,46.892000
213.040000,94.025000,88.772000,46.892000
212.650000,93.785000,88.772000,46.892000
212.530000,93.339000,88.772000,46.892000
213.040000,93.985000,88.772000,46.892000
212.590000,93.761000,88.772000,46.892000
212.860000,93.790000,88.772000,46.892000
212.510000,93.591000,88.772000,46.892000
213.160000,93.461000,88.772000,46.892000
213.110000,94.051000,88.772000,46.892000
213.060000,93.756000,88.772000,46.892000
213.340000,93.449000,88.772000,46.892000
213.810000,93.809000,88.772000,46.892000
213.520000,93.788000,88.772000,46.892000
214.330000,93.804000,88.772000,46.892000
214.680000,93.793000,88.772000,46.892000
214.530000,93.873000,88.772000,46.892000
216.890000,95.118000,87.032000,45.972000
217.790000,95.506000,85.325000,45.071000
216.890000,95.326000,87.032000,45.972000
215.790000,94.845000,88.772000,46.892000
215.740000,94.787000,88.772000,46.892000
215.800000,94.918000,88.772000,46.892000
215.810000,94.979000,88.772000,46.892000
215.950000,95.250000,88.772000,46.892000
216.200000,95.328000,88.772000,46.892000
216.300000,95.446000,88.772000,46.892000
216.180000,95.722000,88.772000,46.892000
216.130000,95.280000,88.772000,46.892000
216.020000,95.222000,88.772000,46.892000
215.800000,95.158000,88.772000,46.892000
215.240000,95.076000,88.772000,46.892000
215.100000,94.780000,88.772000,46.892000
214.530000,94.438000,88.772000,46.892000
214.370000,94.754000,88.772000,46.892000
213.060000,94.168000,90.548000,47.830000
210.840000,92.700000,92.359000,48.786000
210.060000,92.521000,92.359000,48.786000
211.490000,93.869000,90.548000,47.830000
211.520000,93.652000,90.548000,47.830000
211.260000,93.003000,90.548000,47.830000
210.970000,92.768000,90.548000,47.830000
210.430000,92.261000,90.548000,47.830000
210.600000,91.740000,90.548000,47.830000
210.540000,91.761000,90.548000,47.830000
210.560000,91.807000,90.548000,47.830000
210.450000,91.771000,90.548000,47.830000
210.240000,91.921000,90.548000,47.830000
210.130000,91.946000,90.548000,47.830000
210.010000,91.920000,90.548000,47.830000
209.960000,91.912000,90.548000,47.830000
210.030000,92.022000,90.548000,47.830000
210.220000,92.045000,90.548000,47.830000
210.430000,92.292000,90.548000,47.830000
210.580000,91.814000,90.548000,47.830000
211.320000,92.231000,90.548000,47.830000
211.350000,92.026000,90.548000,47.830000
211.950000,92.995000,90.548000,47.830000
211.920000,93.375000,90.548000,47.830000
212.730000,92.938000,88.772000,46.892000
213.150000,92.942000,88.772000,46.892000
214.020000,93.197000,88.772000,46.892000
214.430000,93.724000,88.772000,46.892000
215.150000,93.607000,88.772000,46.892000
215.040000,93.585000,90.548000,47.830000
215.270000,94.148000,90.548000,47.830000
215.790000,93.850000,90.548000,47.830000
216.320000,94.057000,88.772000,46.892000
216.390000,94.046000,90.548000,47.830000
217.260000,94.361000,88.772000,46.892000
217.140000,94.268000,88.772000,46.892000
217.110000,94.039000,88.772000,46.892000
216.940000,93.803000,88.772000,46.892000
216.810000,93.451000,88.772000,46.892000
216.860000,93.883000,88.772000,46.892000
216.580000,93.506000,88.772000,46.892000
216.560000,93.767000,90.548000,47.830000
216.510000,93.416000,88.772000,46.892000
216.030000,93.025000,88.772000,46.892000
215.200000,92.410000,88.772000,46.892000
214.140000,92.386000,90.548000,47.830000
213.140000,91.470000,90.548000,47.830000
212.950000,91.026000,88.772000,46.892000
212.420000,90.672000,88.772000,46.892000
212.280000,89.933000,88.772000,46.892000
211.720000,89.647000,88.772000,46.892000
210.450000,88.714000,88.772000,46.892000
210.610000,88.757000,88.772000,46.892000
210.440000,88.557000,88.772000,46.892000
209.830000,88.397000,88.772000,46.892000
209.170000,89.257000,90.548000,47.830000
209.150000,89.002000,90.548000,47.830000
209.670000,89.978000,90.548000,47.830000
210.460000,90.475000,90.548000,47.830000
210.860000,90.388000,90.548000,47.830000
211.390000,90.462000,88.772000,46.892000
212.330000,91.673000,90.548000,47.830000
213.280000,91.340000,88.772000,46.892000
214.220000,91.919000,88.772000,46.892000
216.630000,92.883000,87.032000,45.972000
215.660000,92.540000,88.772000,46.892000
216.620000,93.142000,88.772000,46.892000
219.030000,94.109000,87.032000,45.972000
220.750000,94.148000,87.032000,45.972000
220.450000,93.520000,88.772000,46.892000
222.440000,94.855000,88.772000,46.892000
224.880000,95.838000,87.032000,45.972000
224.580000,95.684000,88.772000,46.892000
226.340000,95.914000,88.772000,46.892000
229.460000,97.627000,87.032000,45.972000
229.770000,97.698000,88.772000,46.892000
230.740000,98.027000,88.772000,46.892000
232.620000,99.004000,88.772000,46.892000
233.990000,99.579000,88.772000,46.892000
236.110000,100.210000,88.772000,46.892000
238.230000,99.419000,90.548000,47.830000
238.320000,99.816000,92.359000,48.786000
239.200000,100.560000,92.359000,48.786000
240.010000,101.420000,92.359000,48.786000
240.020000,101.430000,92.359000,48.786000
240.380000,101.710000,92.359000,48.786000
240.750000,101.390000,92.359000,48.786000
241.810000,102.050000,92.359000,48.786000
241.700000,101.830000,92.359000,48.786000
241.810000,101.520000,92.359000,48.786000
242.430000,102.040000,92.359000,48.786000
242.130000,101.640000,92.359000,48.786000
241.920000,101.030000,92.359000,48.786000
242.090000,101.450000,92.359000,48.786000
242.410000,101.890000,92.359000,48.786000
242.520000,101.720000,92.359000,48.786000
242.720000,101.530000,92.359000,48.786000
243.080000,102.160000,92.359000,48.786000
242.190000,101.500000,92.359000,48.786000
242.160000,101.710000,92.359000,48.786000
241.420000,101.070000,92.359000,48.786000
240.070000,100.610000,94.206000,49.762000
238.950000,100.180000,94.206000,49.762000
237.340000,99.239000,94.206000,49.762000
236.170000,98.734000,94.206000,49.762000
234.140000,98.247000,94.206000,49.762000
231.190000,98.353000,94.206000,49.762000
227.950000,97.846000,94.206000,49.762000
224.270000,97.345000,94.206000,49.762000
223.580000,94.213000,94.206000,49.762000
218.760000,94.143000,94.206000,49.762000
215.060000,93.597000,94.206000,49.762000
211.130000,92.922000,94.206000,49.762000
205.990000,92.976000,94.206000,49.762000
201.270000,26.956000,92.359000,48.786000
209.920000,25.453000,92.359000,48.786000
210.230000,22.808000,92.359000,48.786000
195.070000,22.027000,92.359000,48.786000
189.610000,25.320000,92.359000,48.786000
262.160000,72.411000,94.206000,49.762000
254.290000,92.965000,94.206000,49.762000
248.050000,118.350000,94.206000,49.762000
261.820000,173.040000,94.206000,49.762000
262.410000,186.250000,94.206000,49.762000
258.770000,188.830000,92.359000,48.786000
196.720000,87.618000,94.206000,49.762000
195.780000,90.610000,94.206000,49.762000
198.490000,92.044000,92.359000,48.786000
199.980000,92.372000,92.359000,48.786000
201.150000,92.835000,92.359000,48.786000
202.180000,93.183000,92.359000,48.786000
203.530000,94.019000,92.359000,48.786000
204.880000,94.593000,92.359000,48.786000
205.700000,95.169000,92.359000,48.786000
207.300000,95.666000,92.359000,48.786000
207.560000,95.262000,92.359000,48.786000
208.620000,95.916000,92.359000,48.786000
208.810000,95.731000,92.359000,48.786000
209.270000,95.626000,92.359000,48.786000
208.680000,95.309000,92.359000,48.786000
208.840000,95.952000,92.359000,48.786000
207.540000,95.243000,92.359000,48.786000
206.790000,94.945000,94.206000,49.762000
206.330000,94.902000,94.206000,49.762000
205.320000,94.570000,94.206000,49.762000
204.870000,94.163000,94.206000,49.762000
204.630000,93.576000,94.206000,49.762000
204.580000,93.668000,94.206000,49.762000
204.480000,93.554000,94.206000,49.762000
204.780000,93.510000,94.206000,49.762000
205.780000,93.594000,94.206000,49.762000
207.080000,93.708000,94.206000,49.762000
208.120000,93.576000,94.206000,49.762000
210.340000,93.851000,94.206000,49.762000
213.090000,94.607000,94.206000,49.762000
216.110000,95.292000,92.359000,48.786000
219.800000,95.187000,92.359000,48.786000
223.940000,94.983000,92.359000,48.786000
226.130000,95.981000,92.359000,48.786000
231.310000,96.576000,90.548000,47.830000
235.190000,96.966000,90.548000,47.830000
237.070000,96.477000,92.359000,48.786000
239.690000,97.924000,92.359000,48.786000
243.080000,97.111000,92.359000,48.786000
246.220000,99.057000,90.548000,47.830000
248.580000,99.896000,90.548000,47.830000
250.900000,100.230000,90.548000,47.830000
251.830000,100.080000,90.548000,47.830000
252.710000,100.760000,90.548000,47.830000
254.800000,100.840000,88.772000,46.892000
253.940000,100.470000,90.548000,47.830000
253.790000,100.730000,90.548000,47.830000
253.520000,101.160000,90.548000,47.830000
252.850000,101.210000,90.548000,47.830000
251.690000,101.010000,90.548000,47.830000
251.460000,101.550000,90.548000,47.830000
250.490000,101.140000,90.548000,47.830000
249.610000,100.880000,90.548000,47.830000
249.070000,101.640000,90.548000,47.830000
246.490000,100.580000,92.359000,48.786000
247.630000,101.660000,90.548000,47.830000
247.480000,101.210000,90.548000,47.830000
245.420000,99.751000,92.359000,48.786000
244.930000,99.502000,92.359000,48.786000
243.910000,99.803000,92.359000,48.786000
243.090000,99.218000,92.359000,48.786000
244.370000,100.230000,90.548000,47.830000
244.060000,99.863000,90.548000,47.830000
243.400000,100.070000,90.548000,47.830000
241.550000,99.028000,92.359000,48.786000
240.930000,98.255000,92.359000,48.786000
239.980000,98.093000,92.359000,48.786000
239.300000,97.618000,92.359000,48.786000
240.120000,97.849000,90.548000,47.830000
238.100000,96.905000,92.359000,48.786000
238.600000,97.017000,90.548000,47.830000
238.390000,96.920000,90.548000,47.830000
237.300000,96.095000,90.548000,47.830000
236.270000,94.651000,90.548000,47.830000
235.440000,94.103000,90.548000,47.830000
234.260000,93.184000,88.772000,46.892000
234.940000,93.739000,87.032000,45.972000
234.050000,93.242000,87.032000,45.972000
233.220000,92.740000,87.032000,45.972000
232.760000,92.711000,87.032000,45.972000
231.460000,92.172000,87.032000,45.972000
232.080000,91.905000,85.325000,45.071000
232.530000,91.862000,83.652000,44.187000
232.090000,91.567000,82.012000,43.321000
230.950000,90.908000,83.652000,44.187000
230.940000,90.923000,83.652000,44.187000
230.940000,91.731000,83.652000,44.187000
231.000000,92.892000,83.652000,44.187000
230.420000,91.826000,83.652000,44.187000
229.170000,90.270000,83.652000,44.187000
251.510000,99.118000,41.826000,22.094000
201.060000,87.809000,125.480000,66.281000
201.310000,89.757000,125.480000,66.281000
202.970000,90.704000,123.020000,64.981000
204.640000,89.451000,123.020000,64.981000
205.410000,89.044000,123.020000,64.981000
209.180000,89.002000,120.610000,63.707000
211.240000,89.374000,118.240000,62.458000
212.160000,86.609000,118.240000,62.458000
211.060000,85.092000,115.920000,61.233000
207.940000,85.123000,115.920000,61.233000
209.620000,87.505000,113.650000,60.033000
210.830000,87.269000,111.420000,58.855000
212.680000,87.852000,109.240000,57.701000
212.320000,85.346000,109.240000,57.701000
227.880000,91.563000,76.465000,40.391000
227.040000,91.067000,77.995000,41.199000
227.360000,91.127000,77.995000,41.199000
227.870000,91.382000,77.995000,41.199000
228.690000,92.005000,77.995000,41.199000
228.270000,91.464000,77.995000,41.199000
227.970000,90.829000,77.995000,41.199000
228.910000,91.671000,77.995000,41.199000
228.330000,91.149000,77.995000,41.199000
228.170000,91.309000,77.995000,41.199000
227.870000,91.581000,77.995000,41.199000
228.130000,91.636000,77.995000,41.199000
227.600000,91.326000,77.995000,41.199000
228.390000,92.381000,77.995000,41.199000
228.060000,92.367000,77.995000,41.199000
227.830000,92.228000,77.995000,41.199000
228.520000,92.700000,77.995000,41.199000
228.280000,92.226000,77.995000,41.199000
228.560000,92.415000,77.995000,41.199000
228.740000,91.882000,77.995000,41.199000
229.380000,92.412000,77.995000,41.199000
229.520000,92.048000,77.995000,41.199000
230.210000,92.562000,77.995000,41.199000
230.500000,92.414000,77.995000,41.199000
231.340000,92.501000,77.995000,41.199000
231.790000,92.556000,77.995000,41.199000
232.940000,92.691000,77.995000,41.199000
233.560000,92.729000,77.995000,41.199000
233.900000,92.880000,77.995000,41.199000
234.750000,93.211000,77.995000,41.199000
235.410000,93.433000,77.995000,41.199000
235.710000,93.137000,77.995000,41.199000
236.990000,93.958000,77.995000,41.199000
238.090000,94.199000,77.995000,41.199000
238.210000,94.376000,77.995000,41.199000
239.520000,95.091000,77.995000,41.199000
240.890000,95.297000,77.995000,41.199000
242.570000,96.192000,77.995000,41.199000
243.530000,96.624000,77.995000,41.199000
244.890000,97.133000,77.995000,41.199000
246.900000,98.156000,77.995000,41.199000
248.580000,97.735000,79.555000,42.023000
249.480000,99.516000,81.146000,42.863000
251.090000,100.640000,81.146000,42.863000
251.350000,100.190000,82.769000,43.721000
253.160000,101.010000,82.769000,43.721000
254.490000,102.110000,82.769000,43.721000
256.040000,102.980000,82.769000,43.721000
257.070000,103.780000,82.769000,43.721000
258.040000,104.110000,82.769000,43.721000
259.760000,105.210000,82.769000,43.721000
260.170000,104.860000,82.769000,43.721000
262.540000,105.910000,82.769000,43.721000
262.420000,105.870000,82.769000,43.721000
274.700000,112.460000,57.938000,30.604000
275.330000,113.300000,57.938000,30.604000
275.360000,113.630000,57.938000,30.604000
275.620000,114.050000,57.938000,30.604000
275.940000,113.840000,57.938000,30.604000
276.720000,113.710000,57.938000,30.604000
276.480000,113.550000,57.938000,30.604000
276.600000,114.190000,57.938000,30.604000
276.940000,114.300000,57.938000,30.604000
277.580000,114.530000,57.938000,30.604000
277.690000,114.940000,57.938000,30.604000
278.040000,114.650000,57.938000,30.604000
278.020000,115.160000,57.938000,30.604000
279.020000,115.070000,57.938000,30.604000
279.660000,114.890000,57.938000,30.604000
279.810000,114.840000,57.938000,30.604000
280.320000,114.910000,57.938000,30.604000
280.030000,114.870000,57.938000,30.604000
280.750000,114.970000,57.938000,30.604000
280.900000,115.070000,57.938000,30.604000
280.820000,115.100000,57.938000,30.604000
280.780000,115.200000,57.938000,30.604000
280.560000,115.100000,57.938000,30.604000
280.280000,115.010000,57.938000,30.604000
279.940000,114.810000,57.938000,30.604000
280.400000,114.640000,57.938000,30.604000
280.040000,115.180000,57.938000,30.604000
279.480000,114.720000,57.938000,30.604000
279.750000,114.350000,57.938000,30.604000
279.850000,114.650000,57.938000,30.604000
279.890000,114.960000,57.938000,30.604000
279.910000,114.450000,57.938000,30.604000
279.910000,114.710000,57.938000,30.604000
279.930000,114.240000,57.938000,30.604000
279.930000,114.550000,57.938000,30.604000
279.810000,114.860000,57.938000,30.604000
279.520000,114.240000,57.938000,30.604000
279.020000,114.330000,57.938000,30.604000
278.160000,113.610000,59.097000,31.216000
277.070000,112.830000,60.279000,31.841000
276.070000,113.170000,61.484000,32.478000
276.360000,112.900000,61.484000,32.478000
275.030000,112.140000,62.714000,33.127000
274.310000,112.090000,63.968000,33.790000
272.820000,111.440000,65.248000,34.465000
271.700000,110.560000,66.553000,35.155000
271.510000,109.890000,66.553000,35.155000
270.000000,109.480000,67.884000,35.858000
268.860000,109.030000,69.241000,36.575000
267.220000,108.460000,70.626000,37.307000
266.980000,108.360000,70.626000,37.307000
265.750000,107.800000,72.039000,38.053000
266.530000,108.470000,72.039000,38.053000
266.210000,108.400000,72.039000,38.053000
266.040000,108.530000,72.039000,38.053000
266.180000,108.820000,72.039000,38.053000
266.520000,109.250000,72.039000,38.053000
267.000000,109.130000,72.039000,38.053000
266.620000,109.000000,72.039000,38.053000
267.180000,108.970000,72.039000,38.053000
267.090000,109.660000,72.039000,38.053000
266.580000,109.510000,72.039000,38.053000
266.960000,109.480000,72.039000,38.053000
267.270000,109.320000,72.039000,38.053000
266.460000,109.050000,72.039000,38.053000
266.470000,108.820000,72.039000,38.053000
266.500000,109.360000,72.039000,38.053000
266.230000,109.010000,72.039000,38.053000
266.180000,108.690000,72.039000,38.053000
266.060000,109.020000,72.039000,38.053000
265.660000,108.570000,72.039000,38.053000
266.190000,108.850000,72.039000,38.053000
265.720000,109.070000,72.039000,38.053000
265.960000,108.630000,72.039000,38.053000
266.480000,108.920000,73.479000,38.814000
267.110000,108.090000,73.479000,38.814000
267.730000,107.070000,73.479000,38.814000
266.040000,105.380000,73.479000,38.814000
266.090000,105.180000,72.039000,38.053000
268.070000,103.940000,72.039000,38.053000
258.420000,100.700000,72.039000,38.053000
268.340000,99.915000,72.039000,38.053000
269.540000,97.818000,72.039000,38.053000
235.010000,81.825000,146.960000,77.627000
243.100000,80.944000,146.960000,77.627000
246.190000,77.697000,146.960000,77.627000
249.360000,75.007000,149.900000,79.180000
250.310000,70.208000,152.900000,80.764000
249.720000,67.569000,152.900000,80.764000
251.830000,64.720000,152.900000,80.764000
250.290000,63.683000,149.900000,79.180000
265.500000,62.034000,152.900000,80.764000
305.720000,63.287000,152.900000,80.764000
311.810000,62.170000,155.950000,82.379000
310.670000,60.262000,155.950000,82.379000
304.480000,57.972000,155.950000,82.379000
269.230000,119.650000,152.900000,80.764000
265.970000,134.010000,107.030000,56.535000
267.660000,119.000000,152.900000,80.764000
288.140000,59.009000,149.900000,79.180000
263.580000,120.720000,152.900000,80.764000
267.170000,121.540000,152.900000,80.764000
262.350000,120.930000,152.900000,80.764000
262.980000,136.930000,107.030000,56.535000
260.090000,121.330000,152.900000,80.764000
273.000000,61.114000,152.900000,80.764000
253.840000,120.820000,152.900000,80.764000
253.610000,121.690000,152.900000,80.764000
249.170000,130.610000,152.900000,80.764000
248.890000,133.570000,149.900000,79.180000
215.910000,131.800000,152.900000,80.764000
211.090000,133.290000,152.900000,80.764000
207.810000,135.590000,152.900000,80.764000
201.060000,136.460000,155.950000,82.379000
198.270000,137.740000,155.950000,82.379000
223.390000,137.700000,152.900000,80.764000
224.410000,145.280000,152.900000,80.764000
221.170000,147.250000,152.900000,80.764000
219.350000,148.050000,152.900000,80.764000
214.830000,149.400000,149.900000,79.180000
211.250000,152.820000,149.900000,79.180000
178.340000,144.580000,149.900000,79.180000
174.620000,145.770000,149.900000,79.180000
195.540000,146.230000,152.900000,80.764000
223.190000,85.375000,149.900000,79.180000
222.130000,85.005000,146.960000,77.627000
220.870000,84.147000,144.080000,76.105000
218.560000,82.605000,144.080000,76.105000
214.860000,82.046000,144.080000,76.105000
212.720000,80.603000,144.080000,76.105000
209.560000,80.029000,144.080000,76.105000
206.400000,78.693000,144.080000,76.105000
203.390000,78.708000,144.080000,76.105000
199.950000,78.234000,144.080000,76.105000
196.480000,77.204000,146.960000,77.627000
192.910000,76.618000,146.960000,77.627000
188.460000,76.212000,146.960000,77.627000
186.910000,74.215000,146.960000,77.627000
184.120000,71.740000,146.960000,77.627000
180.430000,72.693000,146.960000,77.627000
216.840000,124.300000,146.960000,77.627000
262.730000,178.090000,146.960000,77.627000
265.520000,178.970000,146.960000,77.627000
262.470000,177.500000,149.900000,79.180000
262.530000,176.250000,149.900000,79.180000
261.680000,175.440000,149.900000,79.180000
260.110000,175.010000,149.900000,79.180000
256.190000,174.720000,149.900000,79.180000
251.610000,109.050000,73.479000,38.814000
252.140000,108.770000,73.479000,38.814000
253.060000,108.360000,73.479000,38.814000
105.230000,98.238000,146.960000,77.627000
115.860000,101.730000,102.870000,54.339000
87.531000,99.109000,176.350000,93.153000
130.060000,112.470000,73.479000,38.814000
108.290000,115.570000,146.960000,77.627000
97.211000,115.440000,146.960000,77.627000
102.870000,125.160000,146.960000,77.627000
169.960000,156.160000,102.870000,54.339000
117.360000,140.100000,176.350000,93.153000
145.450000,74.378000,172.890000,91.326000
101.670000,142.560000,146.960000,77.627000
135.110000,152.020000,146.960000,77.627000
172.020000,80.425000,144.080000,76.105000
176.450000,77.965000,144.080000,76.105000
182.130000,76.738000,144.080000,76.105000
187.300000,76.543000,144.080000,76.105000
191.160000,75.172000,146.960000,77.627000
196.330000,74.814000,146.960000,77.627000
200.530000,74.784000,146.960000,77.627000
203.660000,74.612000,146.960000,77.627000
208.370000,73.815000,146.960000,77.627000
213.270000,74.075000,146.960000,77.627000
216.460000,74.283000,146.960000,77.627000
220.170000,73.319000,146.960000,77.627000
223.160000,72.697000,146.960000,77.627000
226.480000,72.390000,146.960000,77.627000
229.190000,71.213000,146.960000,77.627000
231.510000,70.719000,146.960000,77.627000
233.910000,70.617000,146.960000,77.627000
235.470000,70.907000,146.960000,77.627000
237.230000,71.724000,146.960000,77.627000
238.190000,71.592000,146.960000,77.627000
239.900000,71.748000,144.080000,76.105000
240.660000,71.162000,144.080000,76.105000
239.190000,68.664000,141.250000,74.613000
236.670000,63.125000,141.250000,74.613000
242.020000,64.498000,138.480000,73.150000
238.940000,65.599000,141.250000,74.613000
239.280000,66.937000,141.250000,74.613000
238.600000,67.476000,141.250000,74.613000
234.990000,68.760000,144.080000,76.105000
233.320000,70.069000,144.080000,76.105000
231.560000,70.625000,144.080000,76.105000
230.120000,72.178000,144.080000,76.105000
227.650000,72.945000,144.080000,76.105000
225.920000,74.752000,144.080000,76.105000
223.230000,74.789000,144.080000,76.105000
219.170000,74.707000,146.960000,77.627000
216.990000,74.707000,146.960000,77.627000
214.260000,74.456000,146.960000,77.627000
212.180000,74.023000,146.960000,77.627000
210.170000,74.248000,146.960000,77.627000
208.320000,73.445000,146.960000,77.627000
207.500000,73.625000,146.960000,77.627000
206.710000,74.081000,146.960000,77.627000
205.460000,75.135000,146.960000,77.627000
205.760000,75.583000,146.960000,77.627000
205.250000,75.246000,146.960000,77.627000
205.400000,75.187000,146.960000,77.627000
205.990000,75.096000,146.960000,77.627000
206.120000,76.491000,146.960000,77.627000
207.500000,76.777000,144.080000,76.105000
207.620000,77.322000,144.080000,76.105000
207.660000,77.419000,144.080000,76.105000
207.190000,77.779000,144.080000,76.105000
207.020000,78.474000,144.080000,76.105000
209.010000,79.516000,144.080000,76.105000
214.480000,82.735000,138.480000,73.150000
220.100000,85.953000,138.480000,73.150000
228.400000,93.993000,135.770000,71.716000
251.650000,93.656000,135.770000,71.716000
223.290000,52.194000,135.770000,71.716000
218.410000,51.725000,135.770000,71.716000
121.950000,108.400000,138.480000,73.150000
119.300000,113.810000,138.480000,73.150000
104.440000,131.930000,138.480000,73.150000
103.310000,130.870000,138.480000,73.150000
105.960000,132.700000,135.770000,71.716000
105.890000,132.490000,135.770000,71.716000
107.480000,133.110000,135.770000,71.716000
98.816000,139.340000,133.110000,70.310000
135.880000,135.500000,96.938000,51.205000
112.170000,151.610000,96.938000,51.205000
113.440000,152.240000,96.938000,51.205000
81.459000,136.680000,138.480000,73.150000
76.241000,145.980000,138.480000,73.150000
72.199000,147.660000,138.480000,73.150000
75.554000,147.050000,141.250000,74.613000
75.860000,148.840000,141.250000,74.613000
76.378000,148.370000,141.250000,74.613000
74.038000,149.680000,141.250000,74.613000
78.618000,150.700000,138.480000,73.150000
98.378000,144.850000,138.480000,73.150000
127.000000,156.850000,96.938000,51.205000
89.620000,139.270000,166.180000,87.780000
126.050000,167.290000,69.241000,36.575000
107.420000,144.820000,138.480000,73.150000
110.440000,143.980000,138.480000,73.150000
108.260000,138.520000,138.480000,73.150000
115.570000,140.210000,135.770000,71.716000
113.520000,139.340000,135.770000,71.716000
87.324000,140.960000,135.770000,71.716000
81.295000,140.050000,135.770000,71.716000
75.685000,137.640000,135.770000,71.716000
107.060000,129.820000,135.770000,71.716000
106.370000,126.240000,135.770000,71.716000
97.277000,119.580000,135.770000,71.716000
121.640000,125.310000,95.037000,50.201000
76.494000,101.170000,162.920000,86.059000
128.450000,120.230000,67.884000,35.858000
123.510000,112.790000,67.884000,35.858000
117.370000,108.710000,67.884000,35.858000
113.000000,104.100000,67.884000,35.858000
174.220000,119.180000,95.037000,50.201000
140.270000,107.040000,162.920000,86.059000
192.710000,60.619000,162.920000,86.059000
192.530000,60.098000,162.920000,86.059000
194.100000,59.661000,159.730000,84.371000
195.480000,60.793000,156.590000,82.717000
194.030000,59.415000,156.590000,82.717000
192.930000,58.735000,156.590000,82.717000
191.710000,57.554000,156.590000,82.717000
191.540000,57.786000,156.590000,82.717000
192.780000,57.269000,153.520000,81.095000
193.150000,57.525000,153.520000,81.095000
193.360000,56.800000,153.520000,81.095000
193.810000,57.081000,153.520000,81.095000
195.090000,57.041000,153.520000,81.095000
196.800000,57.722000,153.520000,81.095000
198.300000,57.503000,153.520000,81.095000
200.370000,58.081000,153.520000,81.095000
203.090000,59.327000,153.520000,81.095000
206.500000,60.362000,153.520000,81.095000
209.580000,61.130000,153.520000,81.095000
213.840000,61.754000,153.520000,81.095000
218.770000,61.044000,153.520000,81.095000
222.740000,61.903000,156.590000,82.717000
225.450000,64.292000,156.590000,82.717000
230.580000,65.146000,156.590000,82.717000
234.060000,67.037000,156.590000,82.717000
237.020000,68.778000,156.590000,82.717000
240.370000,69.839000,156.590000,82.717000
244.060000,71.489000,156.590000,82.717000
246.390000,73.956000,156.590000,82.717000
248.050000,74.846000,156.590000,82.717000
250.070000,76.258000,153.520000,81.095000
253.850000,79.587000,150.510000,79.505000
255.200000,81.022000,147.560000,77.946000
256.250000,81.977000,147.560000,77.946000
255.590000,83.231000,144.670000,76.418000
254.850000,82.825000,147.560000,77.946000
253.800000,83.526000,147.560000,77.946000
252.710000,83.383000,147.560000,77.946000
250.540000,83.441000,147.560000,77.946000
247.500000,83.412000,147.560000,77.946000
244.880000,83.921000,144.670000,76.418000
240.010000,84.540000,144.670000,76.418000
237.000000,84.178000,144.670000,76.418000
233.080000,83.971000,144.670000,76.418000
230.860000,85.018000,141.830000,74.919000
231.100000,85.069000,141.830000,74.919000
238.240000,92.749000,141.830000,74.919000
236.470000,91.491000,141.830000,74.919000
235.940000,90.163000,141.830000,74.919000
187.310000,72.502000,141.830000,74.919000
196.580000,72.786000,141.830000,74.919000
204.580000,72.335000,141.830000,74.919000
225.270000,27.686000,141.830000,74.919000
222.220000,31.591000,141.830000,74.919000
225.730000,33.106000,141.830000,74.919000
226.160000,35.043000,141.830000,74.919000
224.940000,37.353000,141.830000,74.919000
227.150000,39.165000,141.830000,74.919000
140.760000,166.830000,141.830000,74.919000
171.820000,139.460000,99.283000,52.444000
130.390000,160.050000,170.200000,89.903000
145.940000,165.400000,166.860000,88.141000
131.230000,168.690000,166.860000,88.141000
121.980000,167.610000,163.590000,86.412000
124.980000,168.720000,163.590000,86.412000
131.880000,168.120000,163.590000,86.412000
144.700000,166.660000,163.590000,86.412000
153.370000,167.130000,163.590000,86.412000
149.810000,166.290000,166.860000,88.141000
161.840000,169.970000,166.860000,88.141000
152.190000,172.520000,166.860000,88.141000
188.750000,99.516000,166.860000,88.141000
195.340000,97.959000,166.860000,88.141000
196.390000,99.628000,166.860000,88.141000
196.590000,100.290000,166.860000,88.141000
195.320000,100.060000,166.860000,88.141000
193.210000,98.641000,170.200000,89.903000
194.570000,98.060000,170.200000,89.903000
195.800000,96.508000,170.200000,89.903000
198.580000,96.299000,166.860000,88.141000
200.900000,96.118000,163.590000,86.412000
205.050000,95.455000,163.590000,86.412000
208.400000,96.033000,163.590000,86.412000
211.980000,96.662000,160.380000,84.718000
219.810000,96.760000,157.240000,83.057000
229.790000,95.947000,157.240000,83.057000
234.220000,95.612000,157.240000,83.057000
234.940000,93.929000,160.380000,84.718000
236.810000,93.198000,160.380000,84.718000
239.790000,92.759000,160.380000,84.718000
240.140000,91.547000,160.380000,84.718000
240.590000,91.417000,160.380000,84.718000
241.160000,90.571000,160.380000,84.718000
240.510000,89.422000,160.380000,84.718000
240.320000,88.035000,160.380000,84.718000
240.230000,86.761000,160.380000,84.718000
239.080000,85.841000,160.380000,84.718000
235.400000,84.993000,163.590000,86.412000
233.490000,84.870000,166.860000,88.141000
236.240000,86.720000,166.860000,88.141000
237.730000,88.885000,166.860000,88.141000
240.570000,90.846000,163.590000,86.412000
240.870000,91.336000,163.590000,86.412000
241.330000,92.356000,163.590000,86.412000
241.740000,93.211000,163.590000,86.412000
242.630000,93.961000,163.590000,86.412000
242.780000,94.328000,163.590000,86.412000
243.030000,94.869000,163.590000,86.412000
243.560000,94.518000,163.590000,86.412000
243.160000,94.710000,163.590000,86.412000
244.310000,94.528000,163.590000,86.412000
243.960000,94.003000,163.590000,86.412000
244.800000,93.012000,163.590000,86.412000
245.110000,92.545000,163.590000,86.412000
245.160000,92.969000,163.590000,86.412000
244.940000,92.827000,163.590000,86.412000
244.890000,93.158000,163.590000,86.412000
245.080000,94.509000,163.590000,86.412000
245.680000,95.909000,163.590000,86.412000
245.810000,96.670000,163.590000,86.412000
245.580000,98.195000,163.590000,86.412000
246.130000,98.236000,163.590000,86.412000
245.230000,98.677000,163.590000,86.412000
244.900000,99.838000,160.380000,84.718000
242.980000,97.891000,163.590000,86.412000
242.100000,97.677000,163.590000,86.412000
241.920000,97.882000,163.590000,86.412000
241.450000,96.270000,163.590000,86.412000
241.020000,96.123000,163.590000,86.412000
239.960000,94.807000,166.860000,88.141000
240.010000,94.510000,166.860000,88.141000
240.440000,93.383000,166.860000,88.141000
240.660000,92.735000,166.860000,88.141000
241.700000,92.757000,163.590000,86.412000
242.040000,92.070000,163.590000,86.412000
242.220000,90.846000,163.590000,86.412000
242.220000,90.326000,163.590000,86.412000
242.570000,90.332000,163.590000,86.412000
243.350000,89.701000,163.590000,86.412000
243.920000,89.510000,163.590000,86.412000
244.910000,88.814000,163.590000,86.412000
245.450000,88.545000,163.590000,86.412000
245.270000,89.162000,163.590000,86.412000
245.380000,88.659000,163.590000,86.412000
245.340000,88.419000,163.590000,86.412000
245.160000,88.252000,163.590000,86.412000
247.810000,88.801000,160.380000,84.718000
248.220000,88.083000,160.380000,84.718000
248.250000,87.871000,160.380000,84.718000
248.500000,87.437000,160.380000,84.718000
248.810000,87.482000,160.380000,84.718000
250.550000,88.736000,157.240000,83.057000
251.260000,88.799000,157.240000,83.057000
251.930000,88.945000,157.240000,83.057000
251.600000,89.276000,157.240000,83.057000
251.000000,89.578000,157.240000,83.057000
251.210000,88.984000,157.240000,83.057000
250.610000,89.114000,157.240000,83.057000
249.700000,89.323000,157.240000,83.057000
249.150000,89.051000,157.240000,83.057000
249.070000,88.638000,157.240000,83.057000
249.000000,87.794000,157.240000,83.057000
246.750000,86.668000,160.380000,84.718000
246.450000,86.687000,160.380000,84.718000
245.930000,86.589000,160.380000,84.718000
243.520000,86.073000,163.590000,86.412000
243.410000,85.854000,163.590000,86.412000
243.530000,85.783000,163.590000,86.412000
241.950000,86.207000,166.860000,88.141000
242.260000,86.593000,166.860000,88.141000
242.720000,87.090000,166.860000,88.141000
242.400000,87.126000,166.860000,88.141000
242.820000,87.381000,166.860000,88.141000
242.640000,87.695000,166.860000,88.141000
242.530000,88.138000,166.860000,88.141000
243.080000,87.925000,166.860000,88.141000
242.880000,88.396000,166.860000,88.141000
242.740000,88.225000,166.860000,88.141000
242.810000,87.949000,166.860000,88.141000
243.000000,88.017000,166.860000,88.141000
243.190000,87.986000,166.860000,88.141000
243.580000,88.119000,166.860000,88.141000
243.140000,88.345000,166.860000,88.141000
243.590000,88.759000,166.860000,88.141000
243.470000,89.555000,166.860000,88.141000
244.290000,89.908000,166.860000,88.141000
245.940000,90.906000,163.590000,86.412000
246.070000,90.514000,163.590000,86.412000
245.870000,91.242000,163.590000,86.412000
245.780000,91.468000,163.590000,86.412000
245.520000,91.727000,163.590000,86.412000
245.290000,92.155000,163.590000,86.412000
244.960000,92.230000,163.590000,86.412000
245.360000,92.595000,163.590000,86.412000
244.860000,92.909000,163.590000,86.412000
245.060000,92.769000,163.590000,86.412000
245.260000,93.444000,163.590000,86.412000
244.580000,93.561000,163.590000,86.412000
244.550000,93.725000,163.590000,86.412000
244.910000,94.112000,163.590000,86.412000
245.200000,93.747000,163.590000,86.412000
245.160000,94.494000,163.590000,86.412000
245.500000,94.753000,163.590000,86.412000
244.880000,95.458000,163.590000,86.412000
244.990000,95.672000,163.590000,86.412000
244.990000,96.371000,163.590000,86.412000
244.990000,96.580000,163.590000,86.412000
244.800000,97.159000,163.590000,86.412000
244.850000,97.334000,163.590000,86.412000
244.990000,97.966000,163.590000,86.412000
245.180000,98.006000,163.590000,86.412000
245.550000,98.087000,163.590000,86.412000
245.380000,98.222000,163.590000,86.412000
244.730000,98.221000,163.590000,86.412000
244.630000,96.829000,163.590000,86.412000
243.720000,95.492000,163.590000,86.412000
242.800000,94.799000,163.590000,86.412000
242.000000,92.950000,163.590000,86.412000
245.240000,93.351000,157.240000,83.057000
246.320000,92.848000,154.150000,81.428000
248.080000,92.264000,151.130000,79.832000
248.610000,90.479000,151.130000,79.832000
250.120000,90.159000,148.170000,78.266000
249.990000,92.147000,148.170000,78.266000
250.980000,96.972000,148.170000,78.266000
252.180000,96.926000,145.260000,76.732000
251.640000,94.775000,148.170000,78.266000
251.880000,95.044000,148.170000,78.266000
253.750000,94.729000,145.260000,76.732000
252.810000,94.685000,145.260000,76.732000
251.270000,93.246000,148.170000,78.266000
251.390000,93.667000,148.170000,78.266000
253.060000,95.312000,145.260000,76.732000
253.010000,94.712000,145.260000,76.732000
252.600000,94.818000,145.260000,76.732000
241.830000,145.500000,148.170000,78.266000
249.170000,97.426000,148.170000,78.266000
249.680000,96.783000,148.170000,78.266000
249.200000,96.638000,148.170000,78.266000
247.320000,96.466000,151.130000,79.832000
247.910000,97.183000,151.130000,79.832000
247.580000,97.988000,151.130000,79.832000
248.230000,99.519000,151.130000,79.832000
248.840000,99.501000,151.130000,79.832000
249.170000,100.120000,151.130000,79.832000
249.010000,99.903000,151.130000,79.832000
250.240000,100.910000,148.170000,78.266000
250.100000,100.540000,148.170000,78.266000
249.440000,100.700000,148.170000,78.266000
249.800000,100.430000,148.170000,78.266000
249.780000,99.983000,148.170000,78.266000
249.420000,99.116000,148.170000,78.266000
248.840000,99.532000,148.170000,78.266000
247.890000,99.272000,151.130000,79.832000
247.570000,99.778000,151.130000,79.832000
247.500000,100.470000,151.130000,79.832000
247.280000,100.700000,151.130000,79.832000
247.820000,100.210000,151.130000,79.832000
247.750000,100.540000,151.130000,79.832000
247.590000,100.700000,151.130000,79.832000
246.950000,100.700000,151.130000,79.832000
246.820000,100.770000,151.130000,79.832000
246.300000,100.960000,151.130000,79.832000
244.740000,100.170000,154.150000,81.428000
244.500000,100.320000,154.150000,81.428000
244.100000,99.971000,154.150000,81.428000
242.620000,99.608000,157.240000,83.057000
242.230000,99.526000,157.240000,83.057000
242.930000,98.603000,157.240000,83.057000
242.700000,98.530000,157.240000,83.057000
242.310000,98.092000,157.240000,83.057000
240.710000,96.337000,160.380000,84.718000
240.760000,95.809000,160.380000,84.718000
240.860000,95.029000,160.380000,84.718000
241.610000,95.824000,157.240000,83.057000
242.030000,95.526000,157.240000,83.057000
240.510000,94.333000,160.380000,84.718000
240.420000,94.751000,160.380000,84.718000
241.180000,94.763000,160.380000,84.718000
243.310000,96.228000,157.240000,83.057000
243.830000,97.109000,157.240000,83.057000
243.740000,96.895000,157.240000,83.057000
245.080000,97.780000,154.150000,81.428000
244.660000,98.482000,154.150000,81.428000
243.500000,99.374000,157.240000,83.057000
244.930000,102.520000,154.150000,81.428000
245.250000,102.800000,154.150000,81.428000
244.930000,104.880000,154.150000,81.428000
245.260000,103.070000,154.150000,81.428000
245.440000,100.970000,154.150000,81.428000
244.580000,100.820000,154.150000,81.428000
244.750000,100.080000,154.150000,81.428000
245.050000,99.182000,154.150000,81.428000
244.680000,98.761000,154.150000,81.428000
245.320000,97.713000,154.150000,81.428000
244.830000,97.865000,154.150000,81.428000
244.930000,97.822000,154.150000,81.428000
244.550000,98.179000,154.150000,81.428000
244.790000,98.416000,154.150000,81.428000
245.050000,97.826000,154.150000,81.428000
244.790000,98.190000,154.150000,81.428000
245.180000,98.066000,154.150000,81.428000
244.620000,98.674000,154.150000,81.428000
244.750000,98.786000,154.150000,81.428000
245.160000,99.231000,154.150000,81.428000
245.040000,99.588000,154.150000,81.428000
244.930000,99.409000,154.150000,81.428000
244.700000,100.480000,154.150000,81.428000
245.360000,100.820000,154.150000,81.428000
245.400000,102.090000,154.150000,81.428000
247.420000,104.150000,151.130000,79.832000
247.990000,104.700000,151.130000,79.832000
249.410000,105.690000,148.170000,78.266000
249.670000,105.410000,148.170000,78.266000
250.450000,103.870000,148.170000,78.266000
251.660000,103.950000,145.260000,76.732000
251.920000,102.880000,145.260000,76.732000
252.220000,101.380000,145.260000,76.732000
252.740000,100.910000,145.260000,76.732000
253.970000,101.360000,142.410000,75.227000
253.900000,101.490000,142.410000,75.227000
254.150000,100.690000,142.410000,75.227000
254.230000,100.520000,142.410000,75.227000
254.450000,100.180000,142.410000,75.227000
254.470000,100.300000,142.410000,75.227000
254.430000,100.220000,142.410000,75.227000
254.190000,100.230000,142.410000,75.227000
253.740000,99.975000,142.410000,75.227000
252.350000,98.634000,145.260000,76.732000
252.230000,97.847000,145.260000,76.732000
251.960000,97.738000,145.260000,76.732000
251.550000,97.507000,145.260000,76.732000
250.720000,98.182000,145.260000,76.732000
249.220000,97.432000,148.170000,78.266000
248.890000,97.611000,148.170000,78.266000
248.140000,96.828000,151.130000,79.832000
248.200000,97.063000,151.130000,79.832000
247.980000,96.864000,151.130000,79.832000
247.920000,96.648000,151.130000,79.832000
247.930000,96.319000,151.130000,79.832000
248.040000,95.770000,151.130000,79.832000
248.270000,95.896000,151.130000,79.832000
248.710000,95.769000,151.130000,79.832000
249.330000,95.793000,148.170000,78.266000
247.810000,95.369000,151.130000,79.832000
248.160000,95.075000,151.130000,79.832000
248.310000,96.074000,151.130000,79.832000
248.150000,96.459000,151.130000,79.832000
247.880000,96.620000,151.130000,79.832000
247.310000,97.009000,151.130000,79.832000
246.950000,97.694000,151.130000,79.832000
246.730000,97.879000,151.130000,79.832000
246.430000,98.291000,151.130000,79.832000
245.230000,96.966000,154.150000,81.428000
244.860000,97.408000,154.150000,81.428000
244.360000,96.533000,157.240000,83.057000
246.270000,96.742000,154.150000,81.428000
247.760000,98.041000,151.130000,79.832000
248.010000,98.243000,151.130000,79.832000
248.620000,97.769000,151.130000,79.832000
249.650000,98.660000,148.170000,78.266000
248.740000,98.555000,151.130000,79.832000
249.900000,98.901000,148.170000,78.266000
250.340000,98.724000,148.170000,78.266000
249.850000,99.655000,148.170000,78.266000
250.480000,99.666000,148.170000,78.266000
250.190000,99.877000,148.170000,78.266000
250.090000,99.389000,148.170000,78.266000
250.160000,99.780000,148.170000,78.266000
250.380000,100.320000,148.170000,78.266000
250.900000,100.320000,148.170000,78.266000
251.550000,99.895000,148.170000,78.266000
253.130000,100.220000,145.260000,76.732000
253.180000,100.430000,145.260000,76.732000
253.370000,100.880000,145.260000,76.732000
253.570000,100.590000,145.260000,76.732000
254.440000,102.200000,142.410000,75.227000
254.620000,102.230000,142.410000,75.227000
254.800000,102.320000,142.410000,75.227000
254.260000,102.430000,142.410000,75.227000
254.670000,101.640000,142.410000,75.227000
254.940000,101.170000,142.410000,75.227000
254.450000,101.420000,142.410000,75.227000
254.800000,100.600000,142.410000,75.227000
254.320000,100.530000,142.410000,75.227000
254.210000,100.630000,142.410000,75.227000
254.080000,100.740000,142.410000,75.227000
254.010000,100.590000,142.410000,75.227000
253.800000,100.620000,142.410000,75.227000
253.480000,100.470000,142.410000,75.227000
252.120000,99.007000,145.260000,76.732000
252.080000,98.781000,145.260000,76.732000
251.870000,98.235000,145.260000,76.732000
251.370000,98.383000,145.260000,76.732000
250.290000,97.538000,148.170000,78.266000
251.200000,97.716000,145.260000,76.732000
249.960000,96.247000,148.170000,78.266000
250.590000,96.734000,145.260000,76.732000
249.360000,95.222000,148.170000,78.266000
249.410000,94.981000,148.170000,78.266000
249.520000,94.683000,148.170000,78.266000
249.520000,95.041000,148.170000,78.266000
249.660000,94.585000,148.170000,78.266000
249.500000,94.761000,148.170000,78.266000
249.330000,95.086000,148.170000,78.266000
249.220000,94.725000,148.170000,78.266000
248.860000,95.088000,148.170000,78.266000
248.150000,94.142000,151.130000,79.832000
247.690000,94.322000,151.130000,79.832000
247.060000,94.754000,151.130000,79.832000
246.820000,95.746000,151.130000,79.832000
246.340000,96.276000,151.130000,79.832000
244.870000,95.141000,154.150000,81.428000
245.020000,95.975000,154.150000,81.428000
244.190000,96.347000,154.150000,81.428000
244.220000,95.939000,154.150000,81.428000
244.310000,96.218000,154.150000,81.428000
244.190000,96.404000,154.150000,81.428000
244.070000,95.894000,154.150000,81.428000
244.080000,96.293000,154.150000,81.428000
244.070000,95.716000,154.150000,81.428000
244.200000,96.032000,154.150000,81.428000
244.420000,96.370000,154.150000,81.428000
244.500000,96.016000,154.150000,81.428000
244.610000,96.433000,154.150000,81.428000
244.930000,96.023000,154.150000,81.428000
246.200000,97.874000,151.130000,79.832000
245.200000,96.953000,154.150000,81.428000
246.730000,97.931000,151.130000,79.832000
246.960000,98.121000,151.130000,79.832000
247.280000,97.479000,151.130000,79.832000
247.470000,97.814000,151.130000,79.832000
247.060000,98.397000,151.130000,79.832000
247.670000,98.095000,151.130000,79.832000
247.570000,97.856000,151.130000,79.832000
247.540000,98.483000,151.130000,79.832000
247.780000,98.328000,151.130000,79.832000
248.110000,98.125000,151.130000,79.832000
248.460000,98.041000,151.130000,79.832000
248.950000,99.032000,148.170000,78.266000
248.840000,98.724000,148.170000,78.266000
249.530000,98.892000,148.170000,78.266000
249.580000,98.319000,148.170000,78.266000
249.590000,98.491000,148.170000,78.266000
249.540000,98.881000,148.170000,78.266000
249.530000,98.503000,148.170000,78.266000
249.390000,98.643000,148.170000,78.266000
249.100000,98.723000,148.170000,78.266000
248.680000,98.741000,148.170000,78.266000
248.780000,98.573000,148.170000,78.266000
248.830000,98.520000,148.170000,78.266000
248.620000,98.245000,148.170000,78.266000
248.360000,97.918000,148.170000,78.266000
247.050000,97.319000,151.130000,79.832000
247.010000,97.253000,151.130000,79.832000
247.160000,96.988000,151.130000,79.832000
247.270000,97.329000,151.130000,79.832000
247.270000,96.696000,151.130000,79.832000
247.560000,96.666000,151.130000,79.832000
247.020000,96.490000,151.130000,79.832000
247.460000,96.095000,151.130000,79.832000
247.060000,95.840000,151.130000,79.832000
247.270000,95.797000,151.130000,79.832000
247.190000,95.615000,151.130000,79.832000
247.070000,95.726000,151.130000,79.832000
246.820000,95.645000,151.130000,79.832000
246.360000,95.501000,151.130000,79.832000
244.910000,94.072000,154.150000,81.428000
244.860000,94.011000,154.150000,81.428000
244.700000,94.068000,154.150000,81.428000
244.380000,93.930000,154.150000,81.428000
243.970000,93.814000,154.150000,81.428000
243.470000,93.883000,154.150000,81.428000
242.470000,93.855000,157.240000,83.057000
243.140000,94.459000,154.150000,81.428000
242.990000,94.447000,154.150000,81.428000
242.590000,94.908000,154.150000,81.428000
241.630000,95.092000,157.240000,83.057000
241.370000,95.656000,157.240000,83.057000
240.070000,94.342000,160.380000,84.718000
241.410000,96.177000,157.240000,83.057000
241.460000,96.625000,157.240000,83.057000
241.600000,96.638000,157.240000,83.057000
242.200000,96.736000,157.240000,83.057000
243.000000,97.065000,157.240000,83.057000
244.370000,97.601000,154.150000,81.428000
244.380000,97.074000,154.150000,81.428000
244.650000,97.548000,154.150000,81.428000
245.310000,97.384000,154.150000,81.428000
247.400000,98.312000,151.130000,79.832000
248.290000,98.695000,151.130000,79.832000
249.820000,99.963000,148.170000,78.266000
249.760000,99.752000,148.170000,78.266000
249.770000,100.060000,148.170000,78.266000
250.200000,99.430000,148.170000,78.266000
251.000000,99.981000,145.260000,76.732000
250.070000,98.748000,148.170000,78.266000
251.150000,99.322000,145.260000,76.732000
251.810000,98.829000,145.260000,76.732000
252.280000,98.068000,145.260000,76.732000
252.990000,98.362000,145.260000,76.732000
254.590000,99.734000,142.410000,75.227000
255.640000,99.031000,142.410000,75.227000
257.750000,98.290000,139.620000,73.752000
257.880000,95.796000,139.620000,73.752000
257.870000,93.235000,139.620000,73.752000
304.490000,100.550000,97.736000,51.626000
255.080000,84.951000,167.550000,88.502000
313.120000,98.597000,69.811000,36.876000
313.200000,94.931000,69.811000,36.876000
313.440000,93.854000,71.207000,37.614000
314.080000,92.817000,71.207000,37.614000
314.040000,92.027000,72.631000,38.366000
314.190000,91.923000,72.631000,38.366000
313.080000,90.000000,74.084000,39.133000
312.390000,89.295000,75.566000,39.916000
313.330000,86.813000,77.077000,40.714000
311.680000,83.657000,78.619000,41.528000
313.630000,83.184000,81.795000,43.206000
310.880000,82.943000,81.795000,43.206000
310.190000,82.851000,83.431000,44.070000
311.460000,83.484000,85.099000,44.952000
308.220000,84.078000,86.801000,45.851000
308.530000,83.055000,88.537000,46.768000
314.720000,82.213000,90.308000,47.703000
310.380000,83.258000,88.537000,46.768000
326.030000,87.523000,88.537000,46.768000
213.830000,107.380000,139.620000,73.752000
218.820000,165.190000,139.620000,73.752000
222.890000,168.220000,139.620000,73.752000
256.200000,152.660000,142.410000,75.227000
256.150000,152.780000,142.410000,75.227000
255.410000,151.690000,142.410000,75.227000
254.330000,151.480000,142.410000,75.227000
254.340000,150.330000,142.410000,75.227000
254.770000,148.070000,142.410000,75.227000
254.740000,145.060000,142.410000,75.227000
257.390000,129.300000,142.410000,75.227000
257.290000,126.510000,142.410000,75.227000
257.660000,123.090000,139.620000,73.752000
257.860000,103.360000,139.620000,73.752000
259.960000,101.450000,136.880000,72.306000
260.770000,101.940000,134.200000,70.888000
260.570000,102.590000,134.200000,70.888000
260.910000,102.370000,134.200000,70.888000
259.910000,103.430000,134.200000,70.888000
259.940000,102.520000,134.200000,70.888000
259.640000,102.440000,134.200000,70.888000
258.340000,100.900000,136.880000,72.306000
256.770000,99.971000,139.620000,73.752000
255.680000,101.520000,139.620000,73.752000
254.360000,101.670000,142.410000,75.227000
254.860000,102.820000,142.410000,75.227000
256.720000,103.960000,139.620000,73.752000
257.030000,104.080000,139.620000,73.752000
257.400000,104.150000,139.620000,73.752000
257.370000,105.340000,136.880000,72.306000
256.090000,105.820000,139.620000,73.752000
253.230000,105.890000,142.410000,75.227000
249.880000,105.090000,145.260000,76.732000
246.860000,103.670000,151.130000,79.832000
246.800000,104.000000,151.130000,79.832000
246.620000,102.160000,151.130000,79.832000
246.610000,102.070000,151.130000,79.832000
236.790000,148.730000,139.620000,73.752000
254.900000,106.310000,139.620000,73.752000
251.900000,103.530000,145.260000,76.732000
251.190000,102.940000,145.260000,76.732000
249.640000,102.740000,148.170000,78.266000
249.830000,104.610000,148.170000,78.266000
250.670000,103.220000,148.170000,78.266000
252.190000,102.770000,145.260000,76.732000
252.470000,100.710000,145.260000,76.732000
253.160000,101.790000,142.410000,75.227000
251.350000,102.480000,145.260000,76.732000
249.990000,100.090000,148.170000,78.266000
251.400000,101.120000,145.260000,76.732000
199.420000,176.260000,139.620000,73.752000
228.550000,189.560000,97.736000,51.626000
209.970000,177.940000,167.550000,88.502000
252.960000,109.060000,167.550000,88.502000
259.780000,108.270000,164.260000,86.767000
258.900000,107.100000,164.260000,86.767000
211.510000,225.920000,139.620000,73.752000
258.480000,186.670000,136.880000,72.306000
266.030000,110.490000,134.200000,70.888000
263.130000,106.860000,136.880000,72.306000
259.970000,103.070000,139.620000,73.752000
260.660000,103.370000,134.200000,70.888000
259.010000,102.020000,134.200000,70.888000
255.950000,100.350000,136.880000,72.306000
255.120000,100.230000,136.880000,72.306000
253.180000,99.624000,139.620000,73.752000
252.720000,100.670000,139.620000,73.752000
250.620000,100.690000,142.410000,75.227000
250.350000,100.760000,142.410000,75.227000
247.830000,99.946000,145.260000,76.732000
244.910000,99.190000,148.170000,78.266000
245.600000,99.557000,145.260000,76.732000
245.010000,100.840000,142.410000,75.227000
241.230000,99.492000,145.260000,76.732000
239.220000,98.903000,148.170000,78.266000
234.020000,97.749000,151.130000,79.832000
229.500000,94.696000,148.170000,78.266000
225.700000,93.553000,145.260000,76.732000
222.760000,93.535000,148.170000,78.266000
223.320000,93.548000,177.800000,93.920000
224.320000,97.041000,174.320000,92.078000
229.820000,97.738000,170.900000,90.273000
229.010000,100.690000,170.900000,90.273000
230.240000,99.040000,170.900000,90.273000
230.300000,98.190000,170.900000,90.273000
231.080000,97.270000,170.900000,90.273000
231.960000,96.560000,170.900000,90.273000
234.500000,96.871000,167.550000,88.502000
237.160000,95.757000,164.260000,86.767000
240.220000,95.052000,161.040000,85.066000
243.700000,96.410000,157.880000,83.398000
247.380000,95.654000,151.750000,80.159000
249.510000,91.065000,148.780000,78.588000
251.070000,90.226000,145.860000,77.047000
271.490000,59.857000,104.140000,55.011000
275.990000,54.006000,104.140000,55.011000
294.860000,106.080000,74.388000,39.294000
297.670000,104.820000,72.930000,38.523000
290.900000,100.220000,74.388000,39.294000
293.580000,103.250000,72.930000,38.523000
310.700000,111.280000,71.500000,37.768000
302.200000,107.180000,71.500000,37.768000
301.370000,106.930000,72.930000,38.523000
331.510000,85.292000,72.930000,38.523000
357.800000,73.319000,72.930000,38.523000
234.950000,115.000000,148.780000,78.588000
254.420000,63.295000,104.140000,55.011000
303.440000,101.550000,106.230000,56.112000
306.370000,103.310000,104.140000,55.011000
308.390000,104.500000,102.100000,53.933000
308.940000,103.590000,104.140000,55.011000
308.630000,102.810000,106.230000,56.112000
310.240000,102.660000,106.230000,56.112000
310.650000,102.710000,106.230000,56.112000
311.920000,102.100000,106.230000,56.112000
310.630000,101.840000,108.350000,57.234000
309.930000,101.140000,110.520000,58.379000
308.420000,100.900000,112.730000,59.546000
308.230000,100.790000,112.730000,59.546000
307.290000,100.920000,114.980000,60.737000
307.090000,101.200000,114.980000,60.737000
304.910000,101.030000,117.280000,61.952000
302.640000,100.160000,119.630000,63.191000
298.830000,100.310000,122.020000,64.455000
296.690000,99.843000,124.460000,65.744000
272.670000,91.180000,178.530000,94.305000
270.530000,90.917000,178.530000,94.305000
267.540000,89.701000,178.530000,94.305000
262.910000,88.607000,182.100000,96.191000
260.030000,88.479000,182.100000,96.191000
255.780000,88.717000,182.100000,96.191000
252.850000,88.076000,182.100000,96.191000
249.580000,86.861000,182.100000,96.191000
244.770000,87.131000,182.100000,96.191000
242.770000,85.867000,178.530000,94.305000
239.070000,84.160000,178.530000,94.305000
237.460000,83.148000,178.530000,94.305000
235.980000,82.569000,178.530000,94.305000
233.890000,82.504000,178.530000,94.305000
232.080000,82.962000,178.530000,94.305000
231.160000,82.861000,178.530000,94.305000
228.740000,81.574000,182.100000,96.191000
228.460000,82.207000,182.100000,96.191000
226.900000,81.893000,185.740000,98.115000
226.850000,83.177000,185.740000,98.115000
224.510000,82.303000,189.460000,100.080000
224.010000,83.094000,189.460000,100.080000
224.040000,83.681000,189.460000,100.080000
221.980000,83.847000,193.250000,102.080000
221.880000,84.372000,193.250000,102.080000
221.790000,84.597000,193.250000,102.080000
221.710000,84.629000,193.250000,102.080000
221.520000,84.652000,193.250000,102.080000
221.660000,84.748000,193.250000,102.080000
222.350000,84.785000,193.250000,102.080000
223.250000,84.899000,193.250000,102.080000
225.450000,86.065000,189.460000,100.080000
225.980000,85.520000,189.460000,100.080000
228.880000,87.024000,185.740000,98.115000
229.980000,87.283000,185.740000,98.115000
231.800000,88.667000,182.100000,96.191000
232.520000,88.735000,182.100000,96.191000
233.260000,87.703000,182.100000,96.191000
233.600000,86.585000,182.100000,96.191000
234.530000,84.718000,182.100000,96.191000
233.050000,82.082000,185.740000,98.115000
231.120000,78.105000,189.460000,100.080000
228.180000,75.641000,193.250000,102.080000
224.840000,73.372000,193.250000,102.080000
257.820000,82.622000,135.270000,71.455000
251.150000,79.409000,140.740000,74.342000
272.070000,88.666000,96.624000,51.039000
304.290000,100.200000,96.624000,51.039000
303.970000,96.139000,96.624000,51.039000
306.490000,93.568000,96.624000,51.039000
302.340000,92.503000,96.624000,51.039000
298.660000,97.060000,94.730000,50.039000
287.600000,101.750000,94.730000,50.039000
279.160000,105.130000,92.872000,49.058000
274.200000,108.430000,92.872000,49.058000
269.260000,113.960000,92.872000,49.058000
255.070000,114.650000,92.872000,49.058000
250.010000,121.870000,91.051000,48.096000
242.600000,127.690000,91.051000,48.096000
237.180000,130.770000,91.051000,48.096000
234.800000,134.750000,89.266000,47.153000
228.610000,138.140000,91.051000,48.096000
221.210000,143.610000,91.051000,48.096000
218.740000,147.840000,89.266000,47.153000
214.220000,153.080000,87.516000,46.228000
219.150000,163.260000,87.516000,46.228000
219.540000,172.070000,87.516000,46.228000
225.220000,181.910000,87.516000,46.228000
220.740000,171.730000,87.516000,46.228000
98.536000,115.570000,193.250000,102.080000
159.030000,113.230000,193.250000,102.080000
169.720000,118.630000,189.460000,100.080000
173.180000,105.440000,189.460000,100.080000
172.030000,96.183000,189.460000,100.080000
170.660000,82.770000,193.250000,102.080000
171.660000,74.536000,193.250000,102.080000
179.300000,77.649000,193.250000,102.080000
175.560000,66.343000,197.110000,104.120000
223.530000,130.490000,193.250000,102.080000
218.590000,131.970000,197.110000,104.120000
216.400000,139.720000,197.110000,104.120000
204.890000,150.430000,201.060000,106.200000
190.400000,164.150000,205.080000,108.330000
188.780000,176.380000,209.180000,110.490000
225.280000,186.050000,209.180000,110.490000
278.490000,195.360000,209.180000,110.490000
277.430000,196.710000,209.180000,110.490000
275.890000,197.750000,205.080000,108.330000
279.850000,196.770000,205.080000,108.330000
279.170000,197.910000,205.080000,108.330000
279.120000,196.150000,205.080000,108.330000
280.530000,196.370000,205.080000,108.330000
278.930000,196.160000,205.080000,108.330000
279.140000,195.760000,205.080000,108.330000
277.860000,196.660000,205.080000,108.330000
278.960000,196.760000,205.080000,108.330000
191.790000,221.940000,193.250000,102.080000
193.950000,221.600000,193.250000,102.080000
230.590000,187.760000,193.250000,102.080000
282.650000,199.180000,189.460000,100.080000
285.410000,198.140000,189.460000,100.080000
190.960000,220.860000,193.250000,102.080000
231.430000,187.950000,189.460000,100.080000
279.360000,197.170000,189.460000,100.080000
284.590000,196.250000,189.460000,100.080000
282.120000,198.200000,189.460000,100.080000
282.070000,197.600000,189.460000,100.080000
283.250000,198.530000,189.460000,100.080000
283.920000,198.380000,189.460000,100.080000
283.520000,198.510000,189.460000,100.080000
281.000000,198.000000,189.460000,100.080000
283.150000,196.220000,189.460000,100.080000
283.150000,197.880000,189.460000,100.080000
286.840000,197.140000,189.460000,100.080000
283.710000,198.950000,185.740000,98.115000
286.290000,198.450000,185.740000,98.115000
