1.0
0.99
0.99
0.99
0.99
0.99
0.99
0.99
0.99
0.99
0.99
0.99
0.99
0.99
0.99
0.99
0.99
0.99
0.99
0.99
0.99
0.99
0.99
0.99
0.99
0.99
0.99
0.99
0.99
0.99
0.99
0.99
0.99
0.99
0.99
0.99
0.99
0.99
0.99
0.99
0.99
0.99
0.99
0.99
0.99
0.99
0.492632597685
nan
0.387268662453
0.333191543818
0.37198549509
0.494196027517
0.99
0.99
0.99
0.99
0.99
0.99
0.99
0.99
0.99
0.99
0.99
0.99
0.99
0.99
0.99
0.99
0.99
0.99
0.99
0.99
0.99
0.99
0.99
0.99
0.99
0.99
0.99
0.99
0.99
0.99
0.99
0.99
0.99
0.99
0.99
0.99
0.99
0.99
0.99
0.99
0.237577095628
0.322212606668
0.278784096241
0.99
0.99
0.99
0.99
0.99
0.99
0.99
0.99
0.99
0.99
0.99
0.99
0.99
0.99
0.99
0.99
0.99
0.99
0.99
0.99
0.99
0.99
0.99
0.99
0.99
0.99
0.99
0.99
0.99
0.99
0.99
0.99
0.99
0.99
0.99
0.99
0.99
0.99
0.282409369946
0.306138813496
nan
nan
nan
0.326782315969
0.310881912708
0.335921913385
0.208532944322
nan
nan
nan
0.99
0.99
0.99
0.99
0.99
0.99
0.99
0.99
0.99
0.99
0.99
0.99
0.99
0.99
0.99
0.99
0.99
0.99
0.99
0.99
0.99
0.99
0.99
0.99
0.99
0.99
0.99
0.99
0.99
0.99
0.99
0.99
0.99
0.99
0.99
0.99
0.99
0.99
0.99
0.99
0.99
0.99
0.99
nan
0.278186321259
0.99
0.99
0.99
0.99
0.99
0.99
0.99
0.99
0.99
0.99
0.99
0.99
0.99
0.99
0.99
0.99
0.99
0.99
0.369883656502
0.385072946548
0.99
0.409870505333
0.99
0.99
0.99
0.413084417582
0.484274893999
0.404767453671
0.417396813631
0.392283588648
0.339668989182
0.375801503658
0.3964163661
0.99
0.99
0.411981284618
0.99
0.99
0.99
0.99
0.99
0.99
0.99
0.99
0.99
0.99
0.99
0.99
0.99
0.99
0.99
0.99
0.99
0.99
0.99
0.99
0.99
0.99
0.99
0.99
0.99
0.99
0.99
0.99
0.99
0.99
0.99
0.99
0.99
0.99
0.99
0.99
0.99
0.99
0.99
0.99
0.99
0.99
0.99
0.99
0.99
0.99
0.99
0.99
0.99
0.99
0.99
0.99
0.99
0.99
0.99
0.99
0.99
0.99
0.99
0.99
0.99
0.99
0.99
0.99
0.99
0.99
0.99
0.99
0.99
0.99
0.99
0.99
0.99
0.472109019756
0.436708450317
0.99
0.327215671539
0.99
0.309589922428
0.427728503942
0.387907028198
0.99
0.99
0.99
0.99
0.99
0.406822293997
nan
0.313136726618
nan
nan
0.191005527973
0.99
0.99
0.454361438751
0.99
0.99
0.360409528017
0.99
0.99
0.99
0.99
0.99
0.99
0.99
0.99
0.99
0.99
0.99
0.99
0.99
0.99
0.99
0.99
0.99
0.99
0.99
0.99
0.99
0.99
0.99
0.99
0.99
0.99
0.99
0.99
0.99
0.99
0.99
0.99
0.99
0.99
0.99
0.99
0.99
0.99
0.99
0.99
0.99
0.99
0.99
0.99
0.99
0.99
0.99
0.99
0.99
0.99
0.99
0.99
0.99
0.99
0.99
0.99
0.99
0.99
0.99
0.99
0.99
0.99
0.99
0.99
0.99
0.99
0.99
0.465477079153
0.99
0.99
0.99
0.99
0.413296788931
0.448377072811
0.429663687944
0.382536232471
0.461259931326
0.99
0.415055215359
0.319560229778
nan
nan
nan
nan
nan
0.186119049788
0.271926611662
0.317246854305
nan
0.315428167582
0.282858610153
nan
nan
nan
0.211797893047
0.228039935231
0.216917484999
0.312523066998
nan
0.331983476877
nan
0.246899962425
0.99
0.99
0.99
0.99
0.99
0.99
0.99
0.99
0.99
0.99
0.99
0.99
0.99
0.99
0.99
0.99
0.99
0.99
0.99
0.99
0.99
0.99
0.99
0.99
0.99
0.99
0.99
0.99
0.99
0.99
0.99
0.99
0.99
0.99
0.99
0.99
0.99
0.99
0.99
0.99
0.41421636939
0.475392788649
0.476585656404
0.351460814476
0.381857037544
0.461960911751
0.423983126879
0.363005101681
0.99
0.449146866798
0.452492684126
0.99
0.465892553329
0.485241144896
0.99
0.99
0.99
0.99
0.99
0.460141122341
0.99
0.99
nan
nan
0.99
0.99
0.99
0.99
0.99
0.99
0.99
0.99
0.99
0.99
0.99
0.99
0.99
0.99
0.99
0.99
0.99
0.99
0.99
0.99
0.99
0.99
0.99
0.99
0.99
0.99
0.99
0.99
0.99
0.99
0.99
0.99
0.99
0.99
0.99
0.99
0.99
0.99
0.99
0.99
0.99
0.99
0.99
0.99
0.99
0.99
0.99
0.433572769165
0.378645151854
0.469230800867
0.456306248903
0.396753519773
0.369285434484
0.461407005787
0.460571497679
0.577089369297
0.604840874672
0.562386214733
0.574669778347
0.586697518826
0.574827671051
0.497581213713
0.615422070026
nan
0.25527536869
nan
nan
0.259970784187
0.270823895931
nan
nan
nan
nan
nan
nan
nan
0.99
0.99
0.411125183105
0.99
0.456641882658
0.411026000977
0.99
0.454283922911
0.99
0.99
0.99
0.99
0.485244095325
0.99
0.99
0.99
0.99
0.99
0.99
0.99
0.99
0.99
0.99
0.99
0.99
0.99
0.99
0.99
0.99
0.99
0.99
0.99
0.99
0.99
0.99
0.99
0.368561804295
0.307772636414
0.30668720603
nan
nan
nan
nan
0.333355635405
0.314381569624
0.339475721121
0.343462705612
nan
0.324002414942
0.37016454339
0.513885140419
0.499647021294
0.453641593456
0.346817612648
nan
0.99
0.314318716526
0.324070572853
nan
0.340432167053
0.358680903912
0.412647455931
0.378611564636
0.99
0.99
0.99
0.99
0.99
0.99
0.99
0.99
0.99
0.99
0.99
0.99
0.99
0.99
0.99
0.99
0.99
0.99
0.99
0.99
0.99
0.99
0.99
0.99
0.99
0.99
0.99
0.99
0.99
0.99
0.99
0.437122941017
0.99
0.99
0.99
0.99
0.99
0.99
0.99
0.99
0.99
0.99
0.99
0.99
0.99
0.99
0.99
nan
nan
0.382403463125
0.523253917694
0.448722213507
0.58394920826
0.488194316626
0.588155865669
0.542569339275
0.601322352886
0.441859275103
0.537574291229
0.520934283733
0.523654341698
0.600807249546
0.565185189247
0.642001867294
0.607153892517
0.473125189543
0.592901945114
0.99
0.99
0.99
0.99
0.99
0.99
0.99
0.99
0.99
0.99
0.99
0.99
0.99
0.99
0.99
0.99
0.99
0.99
0.99
0.99
0.99
0.99
0.99
0.99
0.99
0.99
0.99
0.99
0.99
0.99
0.99
0.99
0.99
0.99
0.99
0.99
0.99
0.99
0.99
0.99
0.628974914551
0.781963646412
0.747404515743
0.628508627415
0.482584506273
0.441284388304
0.382610827684
0.377835541964
nan
0.343691051006
0.381885617971
0.372465997934
0.44751444459
0.41828763485
0.468727558851
0.350286871195
0.213941842318
0.302293330431
0.344545394182
0.479731172323
0.367893844843
0.303440570831
0.374595999718
0.355427503586
0.27735593915
0.99
0.99
0.99
0.99
0.99
0.99
0.99
0.99
0.99
0.99
0.99
0.99
0.99
0.99
0.99
0.99
0.99
0.99
0.99
0.99
0.99
0.99
0.99
0.99
0.99
0.99
0.99
0.99
0.99
0.99
0.99
0.99
0.99
0.99
0.99
0.99
0.99
0.99
0.99
0.99
0.99
0.99
0.99
0.99
0.99
0.99
0.99
0.99
0.99
0.99
0.99
0.99
0.99
0.99
0.99
0.99
0.99
0.99
0.99
0.99
0.99
0.99
0.99
0.99
0.99
nan
0.404568254948
0.423732459545
0.352457463741
0.564205467701
0.594687461853
0.99
0.385784298182
0.99
0.99
0.99
0.99
0.99
0.99
0.99
0.99
0.99
0.99
0.99
0.99
0.99
0.99
0.99
0.99
0.99
0.469521105289
0.99
0.99
0.99
0.99
0.99
0.99
0.99
0.99
0.99
0.99
0.99
0.99
0.99
0.99
0.99
0.99
0.99
0.99
0.99
0.99
0.46958693862
0.550902724266
0.461381673813
0.522502839565
0.575430095196
0.571573197842
0.531431138515
0.522033810616
0.400262534618
0.450822472572
0.376151800156
0.4421864748
0.386931449175
nan
0.308091521263
0.311191529036
0.315127968788
0.320916563272
0.331174612045
0.351806342602
0.354667812586
nan
nan
0.402638137341
0.33793631196
0.304051309824
0.99
0.37011346221
0.393118292093
0.381624609232
0.360009968281
0.363494664431
0.373046398163
0.372548311949
0.306724697351
0.363049954176
0.99
0.99
0.99
0.391822457314
0.387191236019
0.489032953978
0.99
0.99
0.99
0.99
0.99
0.99
0.99
0.99
0.99
0.99
0.99
0.99
0.99
0.99
0.99
0.99
0.99
0.99
0.99
0.99
0.99
0.99
0.99
0.99
0.99
0.99
0.99
0.99
0.99
0.99
0.99
0.99
0.99
0.99
0.99
0.99
0.99
0.99
0.99
0.99
0.99
0.99
0.99
0.259500414133
0.99
0.322306543589
0.336963921785
0.307927697897
0.468774557114
0.522866547108
0.45038485527
0.340415418148
0.495929270983
0.462912499905
0.414696395397
0.401342988014
0.314015060663
0.281058579683
0.254903674126
0.318099021912
0.243145182729
0.243853658438
0.26360437274
0.44552308321
0.238295316696
0.300338983536
0.331743091345
0.410019993782
0.382531642914
0.329957157373
0.409835249186
0.376516401768
0.381784558296
0.99
0.99
0.99
0.99
0.99
0.99
0.99
0.99
0.99
0.99
0.99
0.99
0.99
0.99
0.99
0.99
0.99
0.99
0.99
0.99
0.99
0.99
0.99
0.99
0.99
0.99
0.99
0.99
0.99
0.99
0.99
0.99
0.99
0.99
0.99
0.99
0.99
0.99
0.99
0.99
0.99
0.99
0.99
0.99
0.99
0.99
0.99
0.99
0.99
0.412793070078
0.99
0.99
0.25419947505
0.99
0.192517265677
0.337778538465
0.173258498311
0.252153903246
0.313343137503
0.354947626591
0.366693228483
0.488051474094
0.434764057398
0.414010107517
0.99
0.99
0.99
0.99
0.387330532074
0.408182829618
0.99
0.99
0.99
0.99
0.99
0.99
0.99
0.99
0.99
0.99
0.99
0.99
0.99
0.99
0.99
0.99
0.99
0.99
0.99
0.99
0.99
0.99
0.99
0.99
0.99
0.99
0.99
0.99
0.99
0.99
0.99
0.99
0.99
0.99
0.99
0.99
0.99
0.99
0.99
0.496848076582
0.99
0.99
0.99
0.99
0.99
0.99
nan
nan
0.99
0.99
0.99
0.99
0.99
0.99
0.99
0.341560095549
0.400791704655
nan
0.327861905098
nan
nan
0.308694839478
0.333593189716
0.356990635395
0.369150608778
0.457463562489
0.424017578363
0.376662880182
0.47360599041
0.41619604826
0.45010226965
0.347218573093
0.392688483
0.425693124533
0.376691997051
0.411165654659
0.99
0.99
0.99
0.99
0.99
0.99
0.99
0.99
0.99
0.99
0.99
0.99
0.99
0.99
0.99
0.99
0.99
0.99
0.99
0.99
0.99
0.99
0.99
0.99
0.99
0.99
0.99
0.99
0.99
0.99
0.99
0.99
0.99
0.99
0.99
0.99
0.99
0.99
0.99
0.99
0.99
0.99
0.99
0.99
0.99
0.99
0.99
0.99
0.99
0.99
0.99
0.99
0.99
0.99
0.99
0.99
0.99
0.99
0.99
0.99
0.99
0.99
0.99
0.99
0.99
0.99
0.99
0.99
0.99
0.99
0.99
0.99
0.99
0.99
0.99
0.99
0.99
0.99
0.99
0.99
0.99
0.99
0.99
0.99
0.99
0.99
0.99
0.99
0.99
0.99
0.99
0.99
nan
nan
nan
nan
nan
0.281485527754
nan
nan
nan
0.291937917471
nan
0.285065412521
nan
0.291794836521
0.271794378757
0.280968636274
0.300641715527
0.277156502008
0.453796386719
0.99
0.99
0.99
0.99
0.99
0.99
0.99
0.99
0.99
0.99
0.99
0.255523234606
0.99
0.99
0.99
0.99
0.99
0.99
0.99
0.99
0.99
0.99
0.99
0.99
0.99
0.99
0.99
0.99
0.99
0.99
0.99
0.99
0.99
0.99
0.99
0.99
0.99
0.457713961601
0.189114451408
0.281491219997
0.403833866119
0.341558128595
0.326114267111
0.374555468559
0.34278857708
0.346134215593
0.459730356932
0.557213306427
0.459433794022
0.369173288345
0.387893497944
0.327311426401
nan
0.302396148443
nan
nan
0.99
0.99
0.99
0.99
0.99
0.289139926434
0.290316343307
0.99
0.99
0.99
0.254311740398
0.99
0.99
0.99
0.99
0.99
0.99
0.99
0.99
0.99
0.99
0.99
0.99
0.99
0.99
0.99
0.99
0.99
0.99
0.99
0.99
0.99
0.99
0.99
0.99
0.30122962594
0.99
0.468925267458
0.31151971221
0.99
0.99
0.99
0.471358865499
0.343484818935
0.319729208946
nan
nan
nan
0.306876242161
nan
0.407388538122
0.402732074261
nan
0.99
0.42695248127
0.442117154598
nan
0.430483043194
0.437155216932
0.467816472054
0.439478725195
0.462151706219
0.434816390276
0.99
0.394052773714
0.362920224667
0.305720150471
0.332808375359
nan
nan
nan
nan
nan
nan
nan
nan
nan
nan
nan
0.25822687149
0.260201871395
0.250892192125
0.272782444954
0.99
0.442268252373
0.99
0.99
0.413078486919
0.99
0.99
0.434243410826
0.99
0.99
0.99
0.99
0.99
0.99
0.99
0.99
0.99
0.99
0.99
0.99
0.99
0.99
0.99
0.99
0.474909961224
0.99
0.99
0.99
0.430683106184
0.457636147738
0.343297898769
0.99
0.99
0.99
0.99
0.99
0.99
0.99
0.99
0.99
0.99
0.99
0.99
0.99
0.373896002769
0.99
0.99
0.99
0.99
0.99
0.99
0.99
0.99
0.99
0.99
0.293252140284
0.216845497489
0.194332331419
0.311177432537
0.280306726694
0.217090666294
nan
0.99
0.99
0.99
0.99
0.99
0.99
0.99
0.99
0.99
0.462240725756
0.99
0.99
0.99
0.99
0.99
0.99
0.99
0.99
0.99
0.99
0.99
0.99
0.99
0.396241933107
0.478800237179
0.410562545061
0.407214581966
0.99
0.99
0.356155335903
0.99
0.99
0.99
0.99
0.99
0.99
0.99
0.99
0.99
0.99
0.99
0.99
0.99
0.99
0.99
0.99
0.99
0.99
0.99
0.99
0.99
0.99
0.99
0.99
0.99
0.99
0.99
0.99
0.99
0.99
0.99
0.99
0.99
0.99
0.99
0.99
0.426383048296
0.375740855932
0.330390930176
0.50161087513
0.524248242378
0.651698350906
0.99
0.272132217884
0.352985471487
0.99
0.388935089111
0.379438251257
0.403197675943
0.419919937849
0.331202954054
0.350946962833
0.386447697878
0.34621655941
0.301178753376
0.301630973816
0.360108077526
0.331157952547
0.99
0.99
0.336044460535
0.99
0.99
0.99
0.99
0.99
0.422288775444
0.405964940786
0.99
0.99
0.99
0.46911367774
0.442835122347
0.99
0.99
0.99
0.447984516621
0.99
0.99
0.99
0.99
0.99
0.99
0.99
0.99
0.99
0.99
0.99
0.99
0.99
0.99
0.99
0.99
0.99
0.99
0.99
0.99
0.99
0.99
0.481002122164
0.99
nan
0.39841157198
0.99
0.444445341825
0.397420525551
0.445906400681
0.45765581727
0.485407918692
0.379052519798
0.415785998106
0.353326171637
0.499574005604
0.40192463994
0.450087666512
0.482021808624
0.416395783424
0.416645169258
0.331740826368
0.421450704336
0.479394823313
0.378017663956
0.446247845888
0.99
0.99
0.365964978933
0.99
0.99
0.99
0.99
0.99
0.99
nan
nan
0.402028173208
0.32497176528
nan
nan
nan
0.99
0.39356982708
nan
0.611563920975
0.613756716251
0.748141407967
0.850792109966
0.600009381771
0.842011451721
0.758164346218
0.583989143372
0.653253436089
0.652447640896
0.480522602797
0.508486270905
0.555227518082
0.571362376213
0.381922483444
0.500011861324
0.394602626562
0.357028126717
0.332810282707
0.328455746174
0.378913462162
nan
0.318287223577
nan
nan
nan
nan
nan
nan
0.532036364079
0.38558742404
0.486376255751
0.449914693832
0.435250550508
0.37179005146
0.411738842726
0.436634510756
0.376575410366
0.99
0.484607279301
nan
0.270724534988
0.335718840361
0.249685272574
0.237847566605
0.310448467731
0.385686397552
0.307961404324
nan
0.385528922081
0.24204556644
0.252675741911
0.316035866737
0.99
0.273744821548
0.36262768507
0.264375925064
0.261481821537
0.231619268656
0.263615310192
0.387772321701
nan
0.99
0.99
0.99
0.99
0.99
0.99
0.99
0.99
0.99
0.99
0.487283438444
0.464149445295
0.490041524172
0.437284111977
0.28206512332
0.491534650326
0.353029340506
0.99
0.99
0.99
0.99
0.99
0.307374060154
0.99
0.345596760511
0.99
0.99
0.99
0.99
0.413306206465
0.99
0.384211629629
0.99
0.99
0.99
0.99
0.99
0.99
0.99
0.43120932579
nan
nan
nan
nan
nan
0.362341970205
nan
nan
0.482297718525
0.99
nan
nan
nan
nan
nan
nan
0.175560802221
0.409664183855
nan
0.372728347778
0.99
0.329062670469
0.347515672445
0.333866536617
nan
nan
0.393145650625
0.339047521353
0.366031646729
0.304162323475
nan
nan
nan
nan
nan
nan
nan
nan
nan
nan
0.35641631484
0.424728542566
0.99
0.99
0.99
0.99
0.99
0.99
0.99
0.99
0.99
0.43610009551
0.471199691296
0.486359894276
0.314873099327
0.378616422415
0.319283396006
0.593677401543
0.463858991861
0.46959644556
0.41979470849
0.325516968966
0.99
0.99
0.99
0.99
0.99
0.99
0.99
0.99
0.99
0.99
0.99
0.99
0.99
0.99
0.99
0.99
0.99
0.99
0.99
0.99
0.99
0.99
0.99
0.99
0.99
0.99
0.99
0.253509491682
nan
nan
0.324023663998
nan
0.313308060169
0.300724953413
0.389358460903
0.355540245771
0.348402678967
0.311128079891
0.344863653183
0.301130622625
0.432554632425
0.475096493959
nan
nan
nan
nan
nan
nan
0.308359324932
0.394538968801
0.453631103039
0.361397922039
0.46394765377
0.529467999935
0.334957629442
nan
0.332897931337
nan
nan
nan
nan
0.303005963564
nan
nan
nan
nan
nan
nan
nan
nan
nan
nan
nan
nan
nan
nan
nan
nan
nan
nan
nan
nan
nan
0.313812583685
nan
0.335276037455
