35,265,92,437
42,261,95,437
46,257,98,443
48,259,104,443
53,261,105,437
59,265,112,434
64,265,115,440
71,262,123,442
74,262,126,447
80,264,131,440
83,264,134,439
88,264,138,438
94,263,141,439
100,263,146,438
105,263,147,441
106,262,154,441
107,263,158,441
112,264,162,445
117,265,165,446
124,265,171,439
126,268,176,437
133,266,181,440
136,265,184,439
143,266,188,436
143,265,191,437
148,265,195,433
153,264,197,426
159,262,202,438
161,262,206,438
167,265,210,433
166,267,215,433
173,266,219,426
176,262,222,421
181,269,225,430
188,264,232,431
191,263,235,431
197,263,239,434
200,258,242,430
200,257,245,433
209,257,247,433
211,256,250,436
215,255,254,438
217,256,255,434
218,257,259,433
219,260,261,429
222,268,270,428
228,269,271,427
234,267,276,433
235,269,280,432
246,267,282,434
245,267,285,434
249,265,294,436
252,266,287,429
NaN,NaN,NaN,NaN
NaN,NaN,NaN,NaN
NaN,NaN,NaN,NaN
NaN,NaN,NaN,NaN
NaN,NaN,NaN,NaN
271,264,312,421
277,267,316,423
279,267,319,430
282,264,324,432
286,266,326,430
291,268,329,427
292,268,332,428
294,266,337,428
297,266,339,425
304,264,341,426
306,264,343,429
309,265,346,426
311,265,348,423
312,267,350,417
314,266,350,418
317,267,359,424
320,269,359,418
325,270,366,422
326,267,369,422
330,267,374,422
333,267,376,421
339,267,380,423
340,266,382,424
347,264,384,422
348,265,387,423
355,266,391,425
355,267,394,423
358,268,399,422
359,267,402,424
363,268,406,417
364,269,408,416
371,268,412,421
373,262,413,424
378,266,418,424
380,266,420,422
383,267,423,421
385,267,426,422
390,269,433,420
393,265,434,424
396,267,437,425
397,268,440,425
399,270,442,419
401,269,442,423
406,264,441,427
408,267,439,432
NaN,NaN,NaN,NaN
NaN,NaN,NaN,NaN
NaN,NaN,NaN,NaN
NaN,NaN,NaN,NaN
NaN,NaN,NaN,NaN
NaN,NaN,NaN,NaN
435,268,478,421
437,269,480,422
444,267,482,425
445,273,483,420
450,267,489,423
449,267,492,423
455,269,494,423
456,270,497,421
459,272,501,419
461,272,501,420
465,274,504,416
466,269,508,417
471,270,512,415
473,266,514,414
476,265,517,419
477,265,520,419
479,267,523,419
480,264,524,422
483,267,528,419
484,264,530,425
487,262,537,429
490,264,541,431
495,267,547,422
498,264,548,429
502,268,554,420
505,269,555,416
512,274,559,415
513,272,561,414
514,270,566,416
516,268,567,418
518,270,571,417
519,269,571,418
524,273,573,418
525,274,574,419
522,278,579,416
530,278,577,418
533,273,578,418
535,274,578,415
537,271,580,411
537,271,583,409
540,274,585,401
540,275,586,389
543,277,587,400
542,274,588,384
544,275,591,395
545,280,593,399
546,279,598,399
550,279,600,403
554,277,606,407
557,280,609,408
562,277,619,413
563,282,618,410
567,277,610,404
570,276,606,403
435,272,470,395
NaN,NaN,NaN,NaN
NaN,NaN,NaN,NaN
374,282,410,416
NaN,NaN,NaN,NaN
NaN,NaN,NaN,NaN
NaN,NaN,NaN,NaN
