1.00
1.09
1.10
0.96
0.91
0.94
0.97
0.91
0.90
0.84
0.88
0.88
0.81
0.85
0.84
0.84
0.84
0.72
0.72
0.73
0.67
0.77
0.71
0.75
0.80
0.83
0.83
0.83
0.82
0.83
0.81
0.76
0.82
0.76
0.79
0.75
0.74
0.72
0.70
0.64
0.62
0.70
0.72
0.74
0.73
0.72
0.78
0.77
0.82
0.81
0.84
0.85
0.83
0.90
0.84
0.84
0.86
0.87
0.85
0.88
0.91
0.91
0.92
0.87
0.89
0.85
0.82
0.83
0.75
0.71
0.75
0.65
0.61
0.55
0.57
0.65
0.67
0.62
0.65
0.64
0.59
0.68
0.66
0.75
0.63
0.72
0.71
0.79
0.82
0.77
0.75
0.77
0.82
0.84
0.86
0.80
0.86
0.87
0.91
0.91
0.92
0.95
0.97
0.97
0.94
0.87
0.89
0.89
0.83
0.91
0.88
0.87
0.88
0.86
0.85
0.84
0.86
0.80
0.74
0.80
0.69
0.73
0.71
0.71
0.72
0.71
0.73
0.73
0.72
0.68
0.69
0.70
0.66
0.67
0.63
0.63
0.60
0.61
0.60
0.60
0.56
0.70
0.64
0.66
0.59
0.67
0.70
0.59
0.61
0.54
0.59
0.59
0.48
0.48
0.41
0.49
0.45
0.45
0.38
0.44
0.44
0.51
0.55
0.49
0.43
0.44
0.39
0.38
0.47
0.42
0.50
0.56
0.53
0.46
0.43
0.39
0.38
0.40
0.43
0.35
0.37
0.44
0.44
0.40
0.36
0.38
0.36
0.35
0.32
0.32
0.34
0.35
0.28
0.31
0.25
0.25
0.24
0.21
0.21
0.32
0.31
0.38
0.42
0.39
0.41
0.52
0.50
0.52
0.53
0.48
0.53
0.54
0.55
0.55
0.53
0.49
0.49
0.48
0.46
0.51
0.47
0.81
0.82
0.81
0.83
0.82
0.82
0.84
0.86
0.80
0.83
0.85
0.88
0.90
0.90
0.88
0.84
0.89
0.92
0.87
0.86
0.85
0.83
0.87
0.89
0.80
0.77
0.80
0.83
0.83
0.81
0.73
0.80
0.88
0.84
0.80
0.79
0.82
0.82
0.84
0.83
0.92
0.91
0.95
0.95
1.02
0.96
0.97
0.95
0.97
0.99
0.98
0.98
0.98
1.00
0.96
0.96
0.99
1.01
0.99
0.97
0.95
0.93
0.90
0.88
0.90
0.88
0.87
0.83
0.89
0.82
0.94
0.92
0.94
0.97
0.97
1.00
1.00
0.98
1.00
0.95
0.93
0.95
1.04
1.00
1.00
1.03
1.04
1.07
1.05
1.10
1.04
1.03
1.06
1.00
1.06
1.04
0.96
1.03
1.05
1.03
0.98
1.04
1.10
1.08
1.05
1.00
1.08
1.12
1.16
1.14
1.10
1.12
1.09
1.10
1.05
1.10
1.11
1.03
0.96
0.98
1.00
1.01
0.97
1.01
0.95
1.01
1.02
0.98
1.00
1.05
1.07
1.08
1.04
1.04
0.99
0.95
0.94
0.95
0.96
0.92
0.85
0.85
0.80
0.82
0.82
0.77
0.76
0.71
0.64
0.63
0.61
0.59
0.54
0.53
0.49
0.42
0.34
0.34
0.33
0.32
0.49
0.54
0.47
0.53
0.54
0.48
0.54
0.54
0.52
0.46
0.49
0.44
0.39
0.40
0.37
0.35
0.34
0.33
0.31
0.25
0.52
0.42
0.45
0.39
0.30
0.35
0.24
0.23
0.24
0.18
0.12
0.14
0.13
0.12
0.17
0.20
0.13
0.17
0.12
0.18
0.15
0.20
0.19
0.17
0.18
0.15
0.19
0.21
0.20
0.19
0.22
0.24
0.23
0.23
0.26
0.21
0.24
0.24
0.27
0.24
0.38
0.37
0.41
0.34
0.34
0.37
0.33
0.32
0.40
0.34
0.40
0.34
0.34
0.41
0.42
0.34
0.35
0.41
0.37
0.39
0.56
0.53
0.58
0.49
0.59
0.62
0.60
0.58
0.60
0.58
0.56
0.59
0.56
0.61
0.57
0.58
0.59
0.56
0.60
0.56
0.69
0.65
0.72
0.66
0.71
0.66
0.70
0.70
0.62
0.69
0.67
0.76
0.69
0.68
0.65
0.68
0.61
0.74
0.67
0.69
0.76
0.70
0.63
0.72
0.65
0.76
0.65
0.79
0.63
0.75
0.60
0.76
0.62
0.62
0.69
0.76
0.64
0.73
0.67
0.66
0.70
0.67
0.62
0.81
0.65
0.71
0.67
0.66
0.66
0.65
0.62
0.64
0.66
0.67
0.67
0.64
0.82
0.74
0.67
0.61
0.75
0.74
0.73
0.73
0.75
0.79
0.80
0.77
0.79
0.77
0.79
0.75
0.79
0.75
0.77
0.85
0.81
0.82
0.82
0.84
0.92
0.90
0.91
0.91
0.86
0.83
0.88
0.85
0.88
0.86
0.88
0.84
0.87
0.91
0.91
0.82
0.84
0.90
0.86
0.85
0.93
0.81
0.91
0.88
0.81
0.92
0.85
0.76
0.86
0.87
0.80
0.86
0.89
0.81
0.88
0.82
0.96
0.88
0.82
0.89
0.91
0.79
0.83
0.91
0.83
0.88
0.76
0.91
0.82
0.78
0.81
0.86
0.90
0.83
0.90
0.86
0.92
0.82
0.83
0.83
0.95
0.96
0.92
0.92
0.85
0.76
0.84
0.86
0.80
0.78
0.82
0.83
0.82
0.77
0.79
0.86
0.83
0.94
0.93
0.90
0.78
0.81
0.87
0.81
0.86
0.81
0.89
0.82
0.88
0.88
0.93
0.85
0.87
0.82
0.80
0.83
0.82
0.79
0.88
0.79
0.83
0.79
0.84
0.88
0.83
0.87
0.88
0.80
0.88
0.88
0.86
0.83
0.83
0.72
0.80
0.71
0.76
0.77
0.87
0.84
0.94
0.91
0.85
0.79
0.86
0.86
0.86
0.84
0.79
0.87
0.88
0.80
0.79
0.79
0.94
0.76
0.84
0.77
0.76
0.83
0.87
0.77
0.73
0.83
0.91
0.81
0.87
0.82
0.89
0.82
0.84
0.86
0.86
0.87
0.87
0.88
0.83
0.87
0.88
0.85
0.85
0.75
0.75
0.74
0.74
0.77
0.81
0.75
0.73
0.64
0.58
0.54
0.57
0.53
0.46
0.41
0.38
0.32
0.32
0.32
0.39
0.33
0.37
0.33
0.27
0.34
0.41
0.37
0.35
0.40
0.36
0.50
0.45
0.39
0.42
0.44
0.44
0.42
0.35
0.46
0.56
0.59
0.61
0.62
0.60
0.53
0.53
0.49
0.49
0.54
0.49
0.54
0.52
0.41
0.41
0.34
0.40
0.39
0.39
0.39
0.71
0.70
0.66
0.65
0.70
0.68
0.70
0.64
0.68
0.74
0.76
0.76
0.74
0.68
0.67
0.71
0.69
0.68
0.72
0.77
0.89
0.92
0.88
0.77
0.89
0.83
0.73
0.72
0.64
0.65
0.67
0.49
0.53
0.59
0.54
0.48
0.54
0.50
0.48
0.55
0.73
0.68
0.67
0.68
0.54
0.49
0.48
0.62
0.56
0.56
0.51
0.47
0.56
0.56
0.59
0.56
0.60
0.48
0.55
0.54
0.75
0.80
0.75
0.69
0.75
0.73
0.78
0.72
0.74
0.78
0.76
0.65
0.68
0.58
0.55
0.61
0.66
0.67
0.68
0.75
0.87
0.88
0.85
0.88
0.87
0.86
0.84
0.83
0.82
0.81
0.75
0.75
0.67
0.63
0.63
0.48
0.50
0.44
0.48
0.53
0.64
0.51
0.48
0.54
0.42
0.51
0.55
0.57
0.63
0.60
0.63
0.55
0.56
0.61
0.53
0.50
0.43
0.47
0.53
0.43
0.49
0.55
0.46
0.49
0.47
0.44
0.49
0.44
0.36
0.46
0.41
0.59
0.53
0.51
0.62
0.63
0.68
0.60
0.62
0.63
0.79
0.92
0.88
0.95
0.95
0.88
0.93
0.99
1.08
1.08
1.10
1.09
1.09
1.07
1.08
1.07
1.01
1.05
1.07
1.12
1.04
1.07
1.05
1.11
1.08
1.11
1.09
1.10
1.06
1.09
1.09
1.12
1.06
0.99
1.08
1.08
1.24
1.26
1.22
1.22
1.10
1.15
1.12
1.09
1.11
1.12
1.16
1.11
1.17
1.12
1.21
1.12
1.07
1.12
1.18
1.08
1.10
1.13
1.11
1.09
1.04
1.06
1.02
1.07
0.99
1.01
1.02
0.99
1.00
1.02
0.97
1.02
1.01
0.97
0.99
1.02
1.02
0.99
