0.296868
0.036541
0.036886
0.037349
0.036934
0.037511
0.037548
0.037828
0.038105
0.039788
0.047334
0.049754
0.046283
0.045233
0.047188
0.044080
0.036345
0.036312
0.036549
0.036205
0.049525
0.036209
0.036294
0.036202
0.036017
0.044363
0.036290
0.036118
0.035921
0.036055
0.035968
0.036114
0.042665
0.046643
0.048275
0.047940
0.041148
0.041339
0.041750
0.042198
0.064684
0.041711
0.041416
0.041839
0.041592
0.041570
0.041496
0.041487
0.041279
0.041579
0.041197
0.041659
0.041227
0.041477
0.041068
0.040913
0.040752
0.041184
0.041032
0.041259
0.062989
0.040999
0.040677
0.040513
0.040038
0.040224
0.040065
0.040369
0.040046
0.040468
0.040456
0.040584
0.040030
0.040272
0.039882
0.040370
0.040026
0.039855
0.039513
0.039825
0.061506
0.040056
0.039217
0.039833
0.039518
0.039802
0.039505
0.039659
0.039342
0.039477
0.039344
0.039510
0.039382
0.039387
0.038910
0.039008
0.039363
0.039386
0.039636
0.039519
0.060635
0.039397
0.039159
0.039613
0.039164
0.039308
0.039215
0.039140
0.039096
0.039292
0.038912
0.038783
0.038972
0.038861
0.039145
0.038935
0.038968
0.039175
0.039013
0.038757
0.060463
0.038876
0.038651
0.038724
0.038882
0.040609
0.057539
0.041994
0.038794
0.038693
0.038822
0.038765
0.038787
0.038672
0.038753
0.038654
0.038780
0.038623
0.038701
0.038701
0.060462
0.038611
0.038800
0.039269
0.038725
0.038632
0.038588
0.038711
0.038688
0.038716
0.038637
0.038661
0.038560
0.038633
0.038690
0.038940
0.038893
0.038731
0.038681
0.038895
0.060505
0.038527
0.038779
0.038593
0.038857
0.038680
0.038628
0.038809
0.038592
0.038588
0.038493
0.038718
0.038621
0.038756
0.038761
0.038515
0.038583
0.038479
0.038577
0.038799
0.069217
0.048965
0.048527
0.047554
0.047285
0.046800
0.046501
0.046657
0.040913
0.038006
0.037809
0.037895
0.047721
0.038069
0.038424
0.046124
0.047339
0.045519
0.038049
0.039771
0.068439
0.041509
0.041255
0.041201
0.041223
0.041337
0.041770
0.041683
0.043905
0.040977
0.041083
0.041017
0.041111
0.041136
0.041257
0.040869
0.041040
0.041173
0.041173
0.040728
0.064059
0.045227
0.041741
0.041720
0.048221
0.046127
0.045937
0.038328
0.037777
0.041006
0.040998
0.041532
0.041100
0.047553
0.040408
0.042281
0.043638
0.045575
0.043138
0.045902
0.068086
0.038031
0.037978
0.042907
0.049316
0.041399
0.041276
0.041316
0.041442
0.041651
0.041736
0.041483
0.041384
0.041407
0.041471
0.042113
0.041551
0.041375
0.041631
0.041384
0.062605
0.041293
0.041068
0.041258
0.040875
0.041230
0.040900
0.038584
0.041091
0.041498
0.041256
0.041481
0.041280
0.041394
0.040920
0.041306
0.041278
0.041638
0.042064
0.041746
0.063291
0.041909
0.041062
0.041566
0.041515
0.041393
0.041446
0.041437
0.041387
0.041177
0.041341
0.041095
0.041189
0.041350
0.041371
0.053841
0.041657
0.041040
0.041211
0.041207
0.064162
0.041207
0.041497
0.041118
0.041143
0.053187
0.041322
0.040979
0.041271
0.041006
0.041097
0.040967
0.040892
0.040768
0.041056
0.048900
0.046206
0.045641
0.039197
0.037479
0.061547
0.045379
0.046248
0.038105
0.037603
0.039963
0.046555
0.041289
0.037852
0.037878
0.037895
0.037892
0.038164
0.038052
0.038236
0.037862
0.038248
0.038089
0.038054
0.038077
0.060005
0.037776
0.037894
0.037620
0.037639
0.037361
0.037498
0.037221
0.037582
0.037332
0.037561
0.037415
0.037530
0.037356
0.037591
0.037349
0.037518
0.037661
0.037706
0.037521
0.058455
0.039874
0.038794
0.038940
0.045655
0.047439
0.044174
0.037753
0.045060
0.044132
0.037298
0.042757
0.044656
0.047093
0.041459
0.044335
0.038152
0.037982
0.038126
0.038104
0.059765
0.038126
0.038360
0.038183
0.038300
0.039472
0.048717
0.045120
0.045857
0.045430
0.043028
0.045595
0.039943
0.038659
0.042639
0.046001
0.037639
0.037760
0.045478
0.045529
0.067415
0.046485
0.045930
0.047959
0.045632
0.046124
0.043044
0.049813
0.047187
0.045627
0.040487
0.045729
0.047783
0.046099
0.045501
0.043904
0.037288
0.038117
0.037905
0.038295
0.067163
0.047710
0.048010
0.046239
0.050047
0.048790
0.045772
0.046685
0.054007
0.046605
0.046892
0.040087
0.039626
0.039622
0.037940
0.038575
0.044659
0.040854
0.037198
0.037149
0.058127
0.037092
0.039823
0.039770
0.038860
0.038323
0.049839
0.040108
0.037927
0.038033
0.038236
0.037889
0.038107
0.037953
0.037715
0.043393
0.037637
0.044460
0.047773
0.050988
0.067174
0.047419
0.046691
0.037767
0.038243
0.037826
0.039631
0.040396
0.037894
0.038173
0.038153
0.038003
0.038313
0.038048
0.038074
0.038389
0.038168
0.038141
0.038145
0.038445
0.059186
0.046153
0.045765
0.052169
0.046603
0.047064
0.048528
0.050294
0.046534
0.050148
0.046470
0.054798
0.046447
0.046240
0.045006
0.053042
0.046291
0.046739
0.047896
0.047681
0.065403
0.039844
0.039973
0.039909
0.039809
0.048885
0.046614
0.047334
0.045942
0.047694
0.047661
0.047641
0.046948
0.046991
0.049473
0.047018
0.044109
0.049770
0.046696
0.046549
0.068985
0.048131
0.049966
0.047256
0.045759
0.049919
0.047563
0.047677
0.046783
0.049858
0.046787
0.048211
0.048186
0.047275
0.043538
0.047942
0.038912
0.039296
0.039069
0.038924
0.060270
0.039145
0.038981
0.039316
0.039593
0.039253
0.047141
0.044025
0.038836
0.039068
0.040235
0.046929
0.050233
0.042899
0.038677
0.045777
0.038948
0.042534
0.038391
0.038101
0.058881
0.037858
0.037846
0.037759
0.038943
0.038149
0.038231
0.038194
0.038841
0.038258
0.038500
0.038483
0.038433
0.038335
0.038315
0.038113
0.038742
0.038410
0.038923
0.038636
0.059382
0.038562
0.038883
0.038669
0.038949
0.039781
0.041895
0.037967
0.042730
0.042404
0.038538
0.038338
0.038176
0.038239
0.038527
0.038357
0.038497
0.038211
0.038119
0.038414
0.059413
0.038510
0.038160
0.038192
0.038240
0.038049
0.038246
0.038481
0.038435
0.038195
0.038396
0.038088
0.038241
0.037967
0.038376
0.038090
0.038646
0.038634
0.038377
0.038868
0.059479
0.038766
0.038555
0.038443
0.038375
0.038612
0.038320
0.038732
0.038381
0.038694
0.038466
0.038550
0.038384
0.038817
0.038456
0.038571
0.038594
0.038866
0.038450
0.038783
0.059598
0.038729
0.038383
0.038654
0.038469
0.038435
0.038414
0.038568
0.038415
0.038514
0.038392
0.038721
0.038628
0.039007
0.039273
0.039019
0.039473
0.039312
0.039664
0.039516
0.060465
0.039403
0.039957
0.039692
0.040280
0.039918
0.039964
0.039994
0.040436
0.039934
0.040135
0.040319
0.040264
0.039924
0.040474
0.040135
0.040316
0.039912
0.040219
0.039936
0.061122
0.040261
0.040513
0.039980
0.040402
0.039998
0.040276
0.039449
0.038618
0.038173
0.037998
0.037828
0.038226
0.038367
0.038252
0.037870
0.039694
0.041551
0.039327
0.038592
0.059578
0.039325
0.037838
0.045797
0.045975
0.049357
0.043255
0.042435
0.046526
0.045910
0.045548
0.039472
0.039452
0.049465
0.046552
0.050637
0.045106
0.040529
0.038574
0.038511
0.060980
0.039084
0.039141
0.039194
0.039175
0.048509
0.050450
0.048984
0.040624
0.040614
0.048232
0.041641
0.048176
0.047216
0.047180
0.039793
0.040054
0.039618
0.046564
0.050881
0.063365
0.039605
0.039659
0.039376
0.039464
0.047319
0.047406
0.050598
0.046707
0.044252
0.038727
0.038767
0.038812
0.038620
0.046993
0.047178
0.047193
0.047643
0.049923
0.050332
0.067913
0.041744
0.043161
0.041013
0.042231
0.043827
0.041536
0.043612
0.046988
0.046048
0.044615
0.041403
0.039842
0.039397
0.040050
0.039404
0.040010
0.044141
0.042239
0.042666
0.069819
0.051741
0.048018
0.047124
0.041028
0.046854
0.047272
0.047330
0.047158
0.047447
0.047494
0.039817
0.040782
0.047083
0.047402
0.040305
0.040575
0.039572
0.039199
0.040926
0.064484
0.039110
0.041800
0.038985
0.038766
0.039050
0.040362
0.038991
0.038864
0.040331
0.046925
0.047238
0.047152
0.048894
0.051488
0.051543
0.042400
0.048185
0.051324
0.049489
0.065641
0.042426
0.039261
0.038965
0.039031
0.039294
0.038889
0.039379
0.039201
0.038766
0.046759
0.049510
0.041310
0.046257
0.043544
0.041482
0.044934
0.046209
0.047548
0.047321
0.061006
0.048673
0.048114
0.047948
0.050806
0.050562
0.049480
0.050007
0.040977
0.048805
0.046441
0.040003
0.048720
0.048971
0.048138
0.043563
0.039983
0.039343
0.039570
0.046757
0.071941
0.051124
0.050202
0.049227
0.050162
0.043597
0.050193
0.052428
0.053847
0.053750
0.050025
0.041028
0.040719
0.040053
0.044920
0.049301
0.058298
0.040794
0.041137
0.040882
0.063250
0.040784
0.042555
0.043489
0.043380
0.044155
0.052150
0.051855
0.051812
0.053245
0.052970
0.051756
0.052474
0.049396
0.042001
0.046242
0.042696
0.042686
0.042582
0.054989
0.074205
0.042925
