0.00069859
0.0035891
0.0032186
0.0030585
0.0030134
0.0029338
0.0029801
0.0031078
0.0029425
0.0029644
0.003035
0.0030062
0.0029749
0.002981
0.0030579
0.0028896
0.0030194
0.0030104
0.002984
0.0029722
0.0031096
0.0029993
0.0029497
0.0030026
0.0096352
0.0052805
0.0036931
0.0075502
0.0048571
0.0049701
0.0045464
0.0029239
0.0030666
0.003017
0.0030269
0.0029458
0.0029957
0.0075241
0.0061365
0.0043069
0.0035564
0.0029798
0.0030056
0.0029254
0.0031862
0.0029128
0.0029206
0.0029602
0.0028782
0.002904
0.0031363
0.0029067
0.0029509
0.0029855
0.0029467
0.0029771
0.0029623
0.0029082
0.0029984
0.0031005
0.0029861
0.0030603
0.0029377
0.0030179
0.0031051
0.0029644
0.0029137
0.002978
0.0029332
0.0031381
0.0031029
0.0029311
0.0029374
0.0029479
0.002959
0.0029176
0.0029176
0.0028626
0.0030263
0.0031351
0.0031588
0.0029461
0.0029683
0.0030447
0.0030573
0.0030209
0.002996
0.0028956
0.0029572
0.003026
0.0029963
0.0032643
0.0029557
0.0029786
0.0030068
0.0030167
0.0030735
0.0030257
0.0030251
0.0031856
0.0029671
0.0029963
0.0030618
0.0029473
0.0030642
0.0030648
0.0030092
0.0029197
0.0030278
0.00295
0.0029365
0.003035
0.0029882
0.0029296
0.0029834
0.0029332
0.0031324
0.003145
0.0030005
0.0030032
0.0029434
0.0030146
0.0029179
0.0028875
0.0029227
0.0030299
0.0030591
0.0029191
0.0029521
0.0028656
0.0030131
0.0029467
0.0029966
0.0029242
0.0029536
0.0028683
0.0030101
0.0029263
0.0029377
0.0029152
0.0030347
0.002868
0.0029329
0.0030173
0.0029954
0.0029695
0.0029449
0.0029224
0.0029713
0.0029494
0.0028962
0.0029665
0.0029467
0.0029016
0.0029188
0.0029488
0.002953
0.0029731
0.0029638
0.0029584
0.0030059
0.00292
0.0029254
0.0031366
0.0029927
0.0029266
0.0029164
0.0029251
0.0029389
0.002984
0.0029689
0.0028842
0.0029085
0.0029419
0.002917
0.0028965
0.0030921
0.0030374
0.0029506
0.002874
0.0029125
0.0030813
0.0029575
0.0029308
0.0029707
0.0031234
0.0029563
0.0029593
0.0029813
0.0029052
0.0029813
0.0029314
0.0029152
0.0029951
0.0030227
0.0028896
0.0029341
0.0029653
0.0029768
0.0029329
0.0031679
0.0029335
0.0031462
0.0029329
0.0029515
0.0029079
0.0029028
0.0029431
0.0029314
0.0029031
0.0029518
0.003106
0.0029662
0.0029176
0.0029969
0.0029993
0.0029587
0.0029049
0.0029137
0.0028794
0.0029822
0.0029161
0.0029323
0.0031396
0.003102
0.0031324
0.0029897
0.0029608
0.0029629
0.0029713
0.0029109
0.0031285
0.002968
0.0030576
0.003063
0.0030456
0.0029749
0.0030386
0.0029554
0.0029813
0.0030242
0.0033277
0.0029945
0.0029248
0.0029485
0.002944
0.0030254
0.0029076
0.0029551
0.0029248
0.0029116
0.0028977
0.0030747
0.0029275
0.0029915
0.0029671
0.0031564
0.002941
0.0029783
0.0029746
0.0029515
0.0029218
0.0029638
0.0031002
0.0029464
0.0029158
0.0031261
0.0031537
0.0030885
0.0029873
0.0029509
0.0031961
0.0031159
0.0031414
0.0032989
0.003148
0.003032
0.0028647
0.0029966
0.0030191
0.0030191
0.0028902
0.0029927
0.0030576
0.0029966
0.0030474
0.0032712
0.0030936
0.002932
0.0029479
0.0029638
0.0029416
0.0029945
0.002981
0.0029152
0.0029759
0.0031075
0.0028992
0.0029635
0.0029527
0.0030486
0.0029455
0.0029834
0.0029644
0.0030323
0.0030119
0.0029614
0.0029149
0.0029188
0.0031039
0.0029695
0.0028827
0.0029611
0.0029329
0.0029497
0.0028845
0.0029347
0.0029656
0.0029326
0.0029638
0.0032276
0.002932
0.0029524
0.0029446
0.0029506
0.0029353
0.0029326
0.0029563
0.0031177
0.0029109
0.003042
0.0029218
0.0029614
0.0029912
0.0030939
0.002898
0.0030981
0.0029013
0.0029647
0.0031099
0.002868
0.0033118
0.0030591
0.0029194
0.0030759
0.0029984
0.0029897
0.0029314
0.0030131
0.0029762
0.0030371
0.0030308
0.0029338
0.0029704
0.0029209
0.0031486
0.0029906
0.0029254
0.0030209
0.0029816
0.0029846
0.0029037
0.0030053
0.0029921
0.0029867
0.0030417
0.0029927
0.0029191
0.0029557
0.0029344
0.0029777
0.0029611
0.0029798
0.002889
0.0029756
0.0029224
0.0029837
0.0029254
0.0029266
0.0032977
0.0029665
0.0030095
0.0030182
0.0028878
0.0029497
0.0029509
0.0029626
0.0029569
0.0029795
0.0031014
0.0029704
0.003032
0.0030371
0.0029269
0.0029527
0.0029632
0.0029894
0.0029326
0.0030197
0.0029659
0.0035702
0.0029918
0.002941
0.0029347
0.0029608
0.0030278
0.0030206
0.0031084
0.0029807
0.0031742
0.0030678
0.0029052
0.0032096
0.003127
0.0032655
0.0028956
0.0031126
0.0030813
0.0031249
0.0034572
0.0029689
0.0030708
0.00306
0.0029128
0.0030047
0.0030747
0.0029425
0.0029386
0.0030179
0.0029638
0.0030272
0.0030738
0.0030786
0.0032331
0.0030242
0.0030383
0.0030029
0.0030804
0.003093
0.0030341
0.0029536
0.003051
0.0030906
0.003045
0.0030074
0.0030206
0.0030789
0.0030299
0.0030074
0.003038
0.0030984
0.0029704
0.0031014
0.002874
0.0030167
0.0029338
0.0029305
0.0029173
0.0029536
0.002944
0.0035269
0.0030471
0.0028983
0.0029765
0.0029215
0.0029043
0.0029236
0.0030642
0.0029921
0.0029218
0.0029608
0.002974
0.0031654
0.0030849
0.0032835
0.0031023
0.0030438
0.0030558
0.002929
0.0029191
0.0029816
0.0029158
0.0029774
0.0029734
0.0029326
0.0029392
0.0029662
0.0029209
0.0030026
0.0029365
0.0029951
0.0029209
0.0029728
0.0029188
0.0030456
0.0029197
0.0029638
0.0031026
0.0030966
0.0031573
0.0029536
0.0029221
0.0028995
0.0031008
0.0029076
0.0030603
0.0029419
0.0029431
0.0029807
0.0029662
0.0030023
0.0031023
0.0029939
0.0029512
0.0029752
0.0029479
0.0029164
0.0029861
0.0031748
0.0029882
0.0029734
0.0029218
0.0031114
0.0029224
0.0029476
0.0029491
0.0030065
0.0029419
0.002965
0.0029749
0.0029206
0.0029996
0.0029338
0.0028896
0.0029013
0.0031228
0.0028797
0.0029449
0.0029347
0.0029981
0.0030107
0.0030386
0.0029825
0.0029194
0.0029332
0.0029695
0.0029332
0.0029512
0.0029227
0.0030029
0.0031132
0.0028848
0.0029443
0.0028698
0.0029302
0.0030999
0.0029762
0.0029088
0.00295
0.0029091
0.0032114
0.002901
0.0029557
0.0029335
0.0030041
0.0029143
0.0029464
0.0029203
0.002996
0.0029701
0.002926
0.002962
0.0029653
0.0029076
0.0029596
0.0029536
0.0030146
0.0029587
0.0029942
0.0030107
0.0030386
0.0030414
0.0030317
0.0029777
0.0029653
0.0030002
0.0031369
0.0029515
0.0029906
0.0032051
0.0030194
0.0030666
0.0033388
0.0029398
0.003246
0.0029353
0.0029822
0.0030077
0.003014
0.0029855
0.0029912
0.0030071
0.0030519
0.0028965
0.0029332
0.002901
0.0029626
0.0029164
0.0029194
0.0028968
0.0031405
0.002877
0.0029518
0.0029704
0.0029999
0.0028674
0.0029164
0.0028596
0.0029533
0.0029392
0.002962
0.0031402
0.0029269
0.0029191
0.0029091
0.0033421
0.0036621
0.0032249
0.0030023
0.0031811
0.0034208
0.002947
0.003718
0.0030657
0.0029539
0.0029828
0.0030645
0.0031459
0.0030474
0.0030492
0.0030323
0.0035801
0.0036705
0.0090489
0.0029542
0.0029443
0.0033271
0.0030092
0.0029786
0.0088648
0.0030822
0.0080346
0.0029792
0.0031976
0.0035675
0.003069
0.0032297
0.0029768
0.0032379
0.0030678
0.0029915
0.0030002
0.0030402
0.0029587
0.0030209
0.0030474
0.0033487
0.0030666
0.0030405
0.0031489
0.0031814
0.0031303
0.0030396
0.0035302
0.0029816
0.0029404
0.003002
0.0029386
0.00302
0.0029299
0.0029897
0.0031078
0.0031267
0.0030609
0.0030729
0.0029584
0.0030185
0.0029801
0.0030921
0.002981
0.0030777
0.0030909
0.0030855
0.0030834
0.0031105
0.0030648
0.0030251
0.0029987
0.0030615
0.0029966
0.0030891
0.0032054
0.0030954
0.0030341
0.0030326
0.0032361
0.0034527
0.00302
0.0030672
0.002984
0.002987
0.0031742
0.003182
0.0029915
0.0029632
0.0030059
0.0030765
0.0029554
0.0029978
0.0029795
0.0029287
0.0029527
0.0029482
0.0029671
0.0031029
0.0029584
0.0030149
0.0030615
0.0030399
0.0028767
0.0029635
0.0029458
0.0030804
0.0030338
0.0031114
0.0029452
0.0030666
0.0031901
0.003087
0.0029584
0.0030792
0.0030501
0.0029476
0.0031279
0.0029984
0.0029746
0.0029843
0.0032571
0.0029876
0.0029536
0.0029635
0.0033376
0.0033523
0.0029302
0.0029542
0.0029581
0.0030074
0.0031408
0.0029734
0.0029386
0.0030417
0.0030468
0.0030245
0.0030017
0.0029659
0.0029542
0.0029771
0.0029927
0.0030086
0.0029731
0.0030663
0.0029777
0.0030182
0.0029602
0.0030344
0.0029401
0.003029
0.0030606
0.0029954
0.0032625
0.0029909
0.0029554
0.002971
0.0029019
0.0029674
0.0029599
0.0029638
0.0029813
0.0029296
0.002971
0.0030014
0.0029677
0.0029831
0.0030834
0.0030203
0.0029545
0.0030092
0.0029527
0.0030389
0.0029903
0.0031183
0.0028992
0.0029903
0.002959
0.0029966
0.0029623
0.0030615
0.0029819
0.0030068
0.0029873
0.0030035
0.0029641
0.003005
0.00288
0.0030747
0.0029125
0.0033073
0.0029975
0.0029383
0.0029846
0.0029996
0.0029783
0.0029746
0.003185
0.003234
0.0029188
0.0031081
0.0030029
0.0032433
0.002981
0.0030011
0.0029801
0.0030185
0.0029834
0.0029467
0.002959
0.0029828
0.0029719
0.0030176
0.0029849
0.0029888
0.0030191
0.0029662
0.0029332
0.0029783
0.0030456
0.0030645
0.0029545
0.003258
0.0038706
0.0034004
0.0037457
0.0041696
0.0033611
0.0044614
0.0035062
0.0038716
0.0037135
0.0041943
0.0046374
0.0046888
0.0037075
0.0033109
0.0034954
0.0037315
0.0036564
0.0030771
0.0031874
0.0030083
0.0030777
0.0032526
0.0030894
0.0030855
0.0029308
0.0029798
0.0034701
0.0032992
0.0038069
0.0036231
0.0032959
0.0040714
0.004294
0.003453
0.0042411
0.0034028
0.003102
0.0030663
0.0030113
0.0030666
0.0030765
0.0034548
0.0030564
0.003142
0.0035564
0.0030411
0.0033511
0.0031306
0.0029897
0.0031426
0.0030585
0.0029987
0.003627
0.0030326
0.0030032
0.0032841
0.0030257
0.0030383
0.0031036
0.0031123
0.0030402
0.0030945
0.003038
0.0031002
0.0030008
0.0030468
0.0030423
0.0030777
0.0030296
0.0038217
0.0030161
0.0030492
0.0030152
0.0030281
0.0030131
0.003096
0.0029515
0.0030735
0.0030591
0.0029879
0.003273
0.0030756
0.0029752
0.0030341
0.0030654
0.0029858
0.0029906
0.00302
0.0029963
0.0029774
0.0034055
0.0030011
0.0030068
0.0031865
0.0030278
0.0030405
0.0030029
0.003124
0.0031844
0.0030765
0.0031871
0.0035452
0.0035092
0.0031928
0.0037544
0.0041366
0.0033175
0.0030137
0.0031036
0.0030188
0.0030308
0.0031285
0.0029954
0.0030311
0.0030257
0.0030573
0.0030786
0.0030558
0.002978
0.0029801
0.0030344
0.0029951
0.0029993
0.0031775
0.0029596
0.0029716
0.0036711
0.0030687
0.0036213
0.0029389
0.0030302
0.0029762
0.0029677
0.0029389
0.0032352
0.0030119
0.003355
0.0032331
0.0032601
0.0030423
0.0029362
0.0030068
0.0029966
0.0030765
0.0030777
0.0030131
0.0030795
0.0033574
0.0029734
0.0030618
0.0034257
0.0031666
0.003892
0.0030417
0.0030131
0.0030627
0.0032937
0.0029783
0.0030173
0.0030077
0.0030272
0.0029807
0.0030188
0.003191
0.003179
0.0029647
0.003017
0.0030483
0.0029422
0.0030122
0.0031516
0.0029722
0.0030032
0.0029855
0.0032793
0.003352
0.0031937
0.0031901
0.0030248
0.0029831
0.0030561
0.0032183
0.0030167
0.0030008
0.0030152
0.0030083
0.0033926
0.0029825
0.0029795
0.0030323
0.0029831
0.0029677
0.0029864
0.0031042
0.0029756
0.0030233
0.0030543
0.0030753
0.0031279
0.0030377
0.0029638
0.0031507
0.0029692
0.002987
0.0030873
0.0030558
0.003776
0.0030149
0.002984
0.0030239
0.0030537
0.0030504
0.0031183
0.0030215
0.003081
0.0032745
0.0030795
0.0032126
0.0029608
0.0030441
0.0029906
0.0030314
0.0029969
0.0030023
0.0030293
0.0030269
0.0029924
0.0031859
0.0030894
0.0030513
0.0030849
0.0030146
0.0030314
0.003002
0.0029617
0.0030426
0.002984
0.00302
0.0030185
0.0030251
0.0032628
0.00302
0.0030567
0.0029993
0.0029497
0.0030095
0.0030912
0.0030657
0.0029768
0.0029828
0.0029635
0.003005
0.0029774
0.0030263
0.0030227
0.002993
0.0033103
0.0030002
0.0029383
0.0030242
0.0029344
0.0029849
0.0031847
0.003008
0.0032288
0.0030068
0.0029593
0.002984
0.0029707
0.0029542
0.0030432
0.0029617
0.0030399
0.0029704
0.0029728
0.0029762
0.0031141
0.0030362
0.0030149
0.0030711
0.0030047
0.0030606
0.0030167
0.0031048
0.0029816
0.003188
0.0029774
0.0029984
0.0030453
0.0030576
0.0030444
0.0029939
0.0029846
0.0030642
0.0029749
0.0029945
0.0030092
0.0029749
0.0029575
0.0030299
0.0030062
0.0030768
0.0033112
0.0030408
0.0030654
0.0030125
0.0031639
0.0030645
0.0029377
0.0029831
0.0030332
0.0030143
0.0029795
0.0031922
0.0030077
0.0030414
0.0030492
0.0030017
0.0030323
0.0030822
0.0030281
0.0030254
0.0031309
0.0031023
0.0030263
0.0029975
0.0029698
0.0030486
0.0030341
0.0030254
0.0029689
0.0032189
0.0030275
0.0029987
0.00317
0.0029605
0.0029455
0.0031534
0.0030648
0.0030119
0.0030305
0.0030074
0.0031691
0.0032418
0.003014
0.0032069
0.0030567
0.003042
0.0029332
0.0030495
0.0031069
0.0030594
0.0030504
0.0030251
0.0029954
0.0030594
0.0030606
0.0031471
0.0030281
0.0030023
0.0030083
0.0030546
0.0030429
0.0029999
0.002956
0.0030426
0.0031979
0.0030654
0.0031525
0.0030257
0.0030344
0.0030834
0.0031378
0.0030155
0.0030519
0.0029963
0.0029888
0.0030335
0.0030212
0.0031591
0.0030068
0.0031898
0.0029647
0.0029996
0.0029137
0.0029876
0.0029996
0.0031414
0.003011
0.0029909
0.0030528
0.0029813
0.0029768
0.002962
0.0029725
0.0030041
0.0029921
0.0030032
0.0030131
0.0029981
0.0029356
0.0030251
0.0030116
0.003042
0.0029876
0.0029843
0.0029662
0.0030417
0.0030396
0.00306
0.0032715
0.0029927
0.00302
0.0030338
0.0030179
0.0030086
0.0030317
0.003075
0.0030822
0.0030516
0.0030882
0.0031775
0.0029825
0.0030861
0.0029939
0.0030741
0.0029933
0.003109
0.003191
0.0032571
0.0029602
0.0030116
0.003081
0.0030447
0.002968
0.0030281
0.0029632
0.003066
0.0030062
0.0030299
0.0030978
0.0030648
0.0030053
0.0030684
0.003035
0.0030236
0.003157
0.0031618
0.0037018
0.003035
0.0030182
0.0030119
0.0031345
0.0030699
0.003057
0.0030113
0.0030188
0.0030498
0.0030209
0.0030371
0.0032039
0.0037171
0.0041321
0.0044788
0.0038271
0.0035128
0.0029094
0.0029302
0.0028734
0.002901
0.0029536
0.0029341
0.0029224
0.002968
0.0028767
0.0028941
0.0029076
0.0029464
0.0035906
0.0029936
0.0029305
0.0029431
0.0029686
0.0029804
0.002941
0.0032264
0.0029182
0.0030137
0.0030371
0.0028968
0.0028986
0.0028596
0.0029849
0.0029067
0.002898
0.0029987
0.0030912
0.0030726
0.0033827
0.0029521
0.0029596
0.0029296
0.0028977
0.0029972
0.0029155
0.0029034
0.0029635
0.0029467
0.0029545
0.0030444
0.0032153
0.0032309
0.0029987
0.0030107
0.0028953
0.0030402
0.0029834
0.0029638
0.0029987
0.0030287
0.0030113
0.0032228
0.0029227
0.0030236
0.0029119
0.0028989
0.0029752
0.0028809
0.0029161
0.0029774
0.0029122
0.0029106
0.0032024
0.0029206
0.0029088
0.0029299
0.0029494
0.0030999
0.0031099
0.0030203
0.0030519
0.0029073
0.0029518
0.0031014
0.0029305
0.0029879
0.0031147
0.0030618
0.0029698
0.0030636
0.0029317
0.003035
0.0030843
0.0029362
0.0030936
0.0030867
0.0029182
0.0030326
0.0029359
0.0029251
0.0029617
0.0029671
0.0029125
0.0029194
0.0029287
0.0030783
0.002868
0.0029082
0.0028611
0.0028506
0.0029545
0.0029004
0.0029203
0.0029864
0.002926
0.0029593
0.0030335
0.0029888
0.0029097
0.0030011
0.0028932
0.0028863
0.0028139
0.0029251
0.0029945
0.0031008
0.0029353
0.0029431
0.003106
0.0031252
0.0030483
0.0030648
0.0029076
0.0029329
0.0028983
0.0028866
0.0031315
0.0029353
0.0029091
0.0029049
0.002914
0.0030386
0.0029557
0.0029194
0.0029545
0.0030396
0.0029374
0.0029927
0.0028737
0.0029665
0.0033364
0.0029713
0.003066
0.00295
0.0028932
0.0028953
0.002883
0.0029834
0.002929
0.0029524
0.0029813
0.0031468
0.0029028
0.0029209
0.0029049
0.0029449
0.003151
0.0030131
0.0029701
0.0029221
0.0029308
0.0029275
0.0029494
0.0029554
0.0029692
0.0029416
0.003112
0.0029329
0.0029783
0.0029614
0.0029293
0.0029272
0.0028749
0.0029122
0.0029119
0.002956
0.0031014
0.0030807
0.002923
0.0030173
0.0029167
0.0029503
0.002944
0.0028938
0.0028869
0.0029984
0.0028914
0.00299
0.0028908
0.0029795
0.0030621
0.003075
0.0030906
0.0029861
0.0030897
0.0029197
0.002862
0.0029993
0.0028971
0.0033037
0.002956
0.0030579
0.0059679
0.0062113
0.0062302
0.0062984
0.0063279
0.0038568
0.0037526
0.0038331
0.0036534
0.0030281
0.0029088
0.0028887
0.002886
0.0029491
0.0028626
0.0029539
0.0028953
0.0028956
0.0029491
0.0029317
0.0029749
0.0029242
0.0030537
0.002965
0.0028986
0.0029293
0.0032355
0.0029064
0.00295
0.0029344
0.0029656
0.0029236
0.0028797
0.00291
0.0029227
0.0029446
0.0032523
0.0030311
0.0031029
0.0029497
0.0029155
0.0029347
0.003081
0.0029308
0.0029287
0.0030495
0.0030945
0.0030726
0.0035338
0.0029569
0.0028482
0.0031165
0.0028935
0.0029296
0.0028932
0.0031117
0.0029128
0.0033977
0.0028944
0.0030353
0.002856
0.0029076
0.0029043
0.0031588
0.0030462
0.0031384
0.0030137
0.0031168
0.0029731
0.0029572
0.0029302
0.0029602
0.0029374
0.0028875
0.0028641
0.0036402
0.0028824
0.0029686
0.0028992
0.0029671
0.0029401
0.0029837
0.0029443
0.0029488
0.0029037
0.002941
0.0029122
0.0029864
0.0029722
0.0029392
0.0029061
0.0029662
0.0029828
0.0029395
0.0029461
0.0030344
0.0030173
0.0028848
0.0029109
0.0029073
0.0031315
0.0029314
0.0029293
0.002898
0.0030774
0.0032255
0.0029482
0.0029359
0.0030287
0.0029197
0.0029584
0.0029602
0.002886
0.0029725
0.0031039
0.0031928
0.0034229
0.0029707
0.0029242
0.003017
0.0029626
0.0030501
0.0030161
0.0029137
0.0030585
0.0028869
0.0028971
0.0029915
0.002947
0.0035609
0.011901
0.0034752
0.0034338
0.0034506
0.0033845
0.0032862
0.012447
0.0033265
0.0029572
0.0029816
0.0029395
0.0030987
0.0030501
0.0029482
0.0029632
0.0029173
0.0029067
0.0029275
0.0031898
0.0029611
0.0029798
0.0030329
0.002874
0.0030909
0.0029143
0.003215
0.0031066
0.0029368
0.0029485
0.0029164
0.0029737
0.0029359
0.0030573
0.0029452
0.0029671
0.002984
0.0030546
0.0028875
0.0030143
0.0029395
0.0029951
0.002978
0.0032682
0.0034632
0.0029807
0.0030119
0.0030119
0.0030606
0.0029425
0.0032577
0.0029542
0.0030221
0.0029031
0.002917
0.0029599
0.0030287
0.0030008
0.0029239
0.0029359
0.0030927
0.0030014
0.0029756
0.0029064
0.0029404
0.0029257
0.0030137
0.0029879
0.0029689
0.0029635
0.0029557
0.0029759
0.0029957
0.0030432
0.0031057
0.0030191
0.0030453
0.0029963
0.003032
0.0029497
0.0029909
0.002904
0.0029203
0.0032694
0.0029353
0.0029987
0.0030561
0.0031657
0.0029359
0.0029695
0.0029227
0.0031051
0.0029464
0.0030047
0.0031273
0.0029004
0.0029798
0.002886
0.011196
0.0029677
0.003035
0.0029554
0.0030257
0.0029804
0.0029308
0.0029882
0.0029106
0.0028731
0.0029545
0.0028605
0.0029128
0.0029792
0.0029082
0.0029452
0.0029665
0.0029257
0.0029626
0.0033235
0.002953
0.0030002
0.0029365
0.002941
0.0029503
0.0030089
0.0029434
0.0029888
0.0029431
0.0032129
0.0029749
0.0029521
0.0029221
0.0030236
0.0030239
0.0029635
0.0029004
0.0029176
0.0030666
0.0030984
0.003465
0.0028479
0.0028734
0.0029816
0.0029476
0.0028992
0.0029299
0.0029254
0.0029653
0.0028971
0.0028968
0.0031784
0.002959
0.0030113
0.0029284
0.002944
0.0029377
0.0029993
0.002987
0.0029494
0.0030047
0.0029191
0.003005
0.0029969
0.0029566
0.0030173
0.0030323
0.0029464
0.0030456
0.0030423
0.0029695
0.0029566
0.0030374
0.0028911
0.0031826
0.0029353
0.0029521
0.0029347
0.0029512
0.0029897
0.0029182
0.0029224
0.002965
0.002914
0.0030386
0.0029473
0.0029398
0.0030056
0.0030059
0.002917
0.0030396
0.0029073
0.002944
0.0029428
0.0029897
0.0029419
0.0031823
0.0029212
0.0028755
0.002898
0.0029644
0.0029605
0.0029356
0.0029272
0.003109
0.0028668
0.0028854
0.0029743
0.0029569
0.0029272
0.0033217
0.0029425
0.0031231
0.0032391
0.0029287
0.0029212
0.0029939
0.002941
0.0030501
0.0031321
0.0029674
0.0030134
0.0029942
0.0029921
0.0029786
0.0028824
0.0029939
0.0028821
0.0029001
0.002898
0.0029476
0.0028968
0.0030648
0.0030155
0.0028983
0.0029221
0.0029431
0.0029539
0.002953
0.0028899
0.0029269
0.0029028
0.0029344
0.0029091
0.0029674
0.0029368
0.0030975
0.0030684
0.0029789
0.0029091
0.0029001
0.002935
0.002984
0.0028962
0.0030396
0.0028725
0.0029626
0.0028908
0.0029296
0.0031084
0.0029608
0.0028476
0.0031039
0.0029347
0.0029085
0.0031733
0.0030311
0.002935
0.0029599
0.0028836
0.002962
0.0029629
0.0029146
0.0030341
0.0031282
0.0030876
0.0029551
0.0028887
0.0029762
0.0029251
0.0030353
0.0028875
0.0029593
0.0030023
0.002941
0.002944
0.0031096
0.0031682
0.0029707
0.0029569
0.0031255
0.0029482
0.0028998
0.0028893
0.0029786
0.0028896
0.0029404
0.002926
0.0029861
0.002886
0.0029828
0.0029221
0.0029951
0.0028629
0.0029416
0.0030654
0.0029816
0.0029347
0.0029203
0.0029449
0.003106
0.0029055
0.0030266
0.0029049
0.002938
0.0029242
0.0028992
0.0029188
0.0029852
0.0029518
0.0029686
0.0029281
0.0030861
0.0030831
0.0030275
0.0029918
0.00316
0.0029347
0.0029464
0.0029028
0.0029659
0.0029614
0.0030528
0.0029311
0.003252
0.0031754
0.0032679
0.0029746
0.0029125
0.0029416
0.0029317
0.0029611
0.0030041
0.0030164
0.0030116
0.0030624
0.0030723
0.003026
0.0029894
0.002968
0.0030305
0.0030414
0.003042
0.0029999
0.0030441
0.0029894
0.0030296
0.0031162
0.0030405
0.0030465
0.0030149
0.0030035
0.0030708
0.0031189
0.0057233
0.002914
0.0031669
0.0031048
0.0030134
0.0029942
0.0029987
0.0030194
0.0030089
0.0029695
0.0030477
0.0029945
0.0029834
0.0030071
0.0032349
0.0031742
0.00299
0.0030269
0.0029752
0.0029476
0.0029752
0.0030215
0.0030624
0.0030248
0.0030618
0.0030275
0.0029801
0.0029749
0.0029317
0.0030495
0.0029867
0.0029365
0.0030089
0.0031048
0.00302
0.0030326
0.0029446
0.0029605
0.0030299
0.0031393
0.0029653
0.0030483
0.0030699
0.0030663
0.0031084
0.0032733
