1
1
1
1
1
1
1
1
1
1
1
0.707336
0.707336
0.324603
0.314194
0.355566
0.395334
0.557239
0.594641
0.63467
0.647616
0.62393
0.57726
0.58806
0.579298
0.635109
0.607256
0.579811
0.594123
0.581933
0.574241
0.595598
0.584104
0.591103
0.613182
0.618193
0.643875
0.567845
0.52033
0.506701
0.517547
0.722819
0.806321
0.809197
0.753165
0.672147
0.635452
0.599951
0.608091
0.635067
0.688365
0.711463
0.722028
0.760818
0.744999
0.709036
0.702338
0.789255
0.836029
0.815471
0.668784
0.626682
0.635484
0.608326
0.624419
0.607562
0.640974
0.605627
0.6209
0.597589
0.536186
0.500526
0.383762
0.325503
0.274115
0.211955
0.185815
0.181189
0.182017
0.214625
0.201695
0.186525
0.167
0.198617
0.192482
0.202646
0.19568
0.188787
0.186936
0.184602
0.193776
0.158677
0.131507
0.0933624
0.0853203
0.0853203
0.0853203
0.0853203
0.0853203
0.0853203
0.0853203
0.0853203
0.0853203
0.0853203
0.0853203
0.0853203
0.0853203
0.0853203
0.0853203
0.0853203
0.0853203
0.0853203
0.0853203
0.0853203
0.0853203
0.0853203
0.0853203
0.0853203
0.0853203
0.0853203
0.0853203
0.0853203
0.0853203
0.0853203
0.0853203
0.0853203
0.0853203
0.0853203
0.0853203
0.0853203
0.0853203
0.0853203
0.0853203
0.0853203
0.0853203
0.0853203
0.0853203
0.0853203
0.0853203
0.0853203
0.0853203
0.0853203
0.0853203
0.0853203
0.0853203
0.0853203
0.0853203
0.0853203
0.0853203
0.0853203
0.0853203
0.0853203
0.0853203
0.0853203
0.0853203
0.0853203
0.0853203
0.0853203
0.0853203
0.0853203
0.0853203
0.0853203
0.0853203
0.0853203
0.0853203
0.0853203
0.0853203
0.0853203
0.0853203
0.0853203
0.0853203
0.0853203
0.0853203
0.0853203
0.0853203
0.0853203
0.0853203
0.0853203
0.0853203
0.0853203
0.0853203
0.0853203
0.0853203
0.0853203
0.0853203
0.0853203
0.0853203
0.0853203
0.0853203
0.0853203
0.0853203
0.0853203
0.0853203
0.0853203
0.0853203
0.0853203
0.0853203
0.0853203
0.0853203
0.0853203
0.0853203
0.0853203
0.0853203
0.0853203
0.0853203
0.0853203
0.0853203
0.0853203
0.0853203
0.0853203
0.0853203
0.0853203
0.0853203
0.0853203
0.0853203
0.0853203
0.0853203
0.0853203
0.0853203
0.0853203
0.0853203
0.0853203
0.0853203
0.0853203
0.0853203
0.0853203
0.0853203
0.0853203
0.0853203
0.0853203
0.0853203
0.0853203
0.0853203
0.0853203
0.0853203
0.0853203
0.0853203
0.0853203
0.0853203
0.0853203
0.0853203
0.0853203
0.0853203
0.0853203
0.0853203
0.0853203
0.0853203
0.0853203
0.0853203
0.0853203
0.0853203
0.0853203
0.0853203
0.0853203
0.0853203
0.0853203
0.0853203
0.0853203
0.0853203
0.0853203
0.0853203
0.0853203
0.0853203
0.0853203
0.0853203
0.0853203
0.0853203
0.0853203
0.0853203
0.0853203
0.0853203
0.0853203
0.0853203
0.0853203
0.0853203
0.0853203
0.0853203
0.0853203
0.0853203
0.0853203
0.0853203
0.0853203
0.0853203
0.0853203
0.0853203
0.0853203
0.0853203
0.0853203
0.0853203
0.101677
0.101677
0.116995
0.114616
0.250978
0.338384
0.315546
0.354829
0.326367
0.286354
0.32618
0.142956
0.213258
0.223542
0.197083
0.164413
0.167409
0.160746
0.149607
0.169115
0.154235
0.157551
0.166776
0.164684
0.136104
0.149232
0.14624
0.144161
0.145112
0.157689
0.145155
0.147734
0.157475
0.153521
0.141574
0.143109
0.147219
0.134814
0.137595
0.142117
0.150166
0.139215
0.141828
0.14567
0.138295
0.147173
0.147575
0.143766
0.149794
0.148547
0.146539
0.145882
0.1394
0.146649
0.142547
0.145331
0.144668
0.149341
0.141126
0.159251
0.149977
0.139432
0.148796
0.13998
0.137105
0.13736
0.144213
0.136266
0.135849
0.137723
0.138285
0.145479
0.144698
0.138908
0.14324
0.144888
0.137534
0.144001
0.144001
0.580374
0.148818
0.130529
0.132465
0.147564
0.135408
0.1241
0.125454
0.115006
0.12035
0.118158
0.127115
0.108441
0.10805
0.109841
0.0990548
0.103829
0.0965121
0.10191
0.079867
0.140083
0.140083
0.02015
0.0224286
0.0225017
0.023339
0.0218663
0.0251685
0.0236188
0.0239041
0.0236039
0.0238238
0.0246939
0.0225757
0.0229567
0.0229228
0.0230201
0.023356
0.0226314
0.0236601
0.0240789
0.0227068
0.0233417
0.0234741
0.0224076
0.0230691
0.022846
0.0239115
0.0222748
0.0229505
0.0241698
0.0234284
0.0233924
0.0224975
0.0238252
0.0233721
0.0230679
0.0236677
0.0233473
0.0235431
0.0221187
0.0234267
0.0214467
0.0242875
0.0218182
0.0234446
0.0221262
0.0224511
0.0216186
0.0219759
0.0216697
0.022411
0.0239469
0.0225601
0.0234556
0.0243797
0.0240207
0.0233446
0.0228355
0.0233041
0.0231793
0.0233534
0.023163
0.0230204
0.0217476
0.0210825
0.0233356
0.0214295
0.0214988
0.0223992
0.0224491
0.0232534
0.0226955
0.0230295
0.0222258
0.0218927
0.0234205
0.0222011
0.0221225
0.0241359
0.0240698
0.0226957
0.0224258
0.0230079
0.0218311
0.0220363
0.0222613
0.0225032
0.0207478
0.0235494
0.0223756
0.0230261
0.0234291
0.0231856
0.0223136
0.0225308
0.0216633
0.0229093
0.0224531
0.0214431
0.0227659
0.0213746
0.022422
0.0224507
0.0224908
0.0224953
0.0216099
0.0230463
0.0213071
0.0234942
0.0221518
0.0228437
0.0225667
0.0226106
0.0222291
0.0229462
0.0225388
0.0213822
0.0210791
0.0223378
0.0217089
0.0208828
0.0221566
0.0229245
0.0229804
0.0212021
0.0235358
0.0215585
0.0205262
0.0207032
0.0231239
0.0226716
0.0221194
0.0223066
0.022907
0.0229693
0.0211976
0.221538
0.288876
0.288876
0.0154316
0.0154316
0.0167356
0.240685
0.223677
0.24356
0.24356
0.475203
0.215557
0.263864
0.221147
0.234663
0.170406
0.179261
0.174317
0.148746
0.159678
0.155291
0.128983
0.139074
0.138116
0.141829
0.149234
0.17558
0.190739
0.185036
0.183033
0.200318
0.193224
0.197481
0.197446
0.202438
0.215934
0.192021
0.220006
0.207785
0.220091
0.251636
0.243181
0.225881
0.248863
0.215524
0.200381
0.211873
0.19958
0.196398
0.171265
0.184651
0.18348
0.172244
0.177463
0.178465
0.181567
0.178557
0.190133
0.185636
0.175378
0.175237
0.18738
0.177291
0.20968
0.203458
0.266624
0.202535
0.200473
0.210573
0.199972
0.261506
0.314157
0.314157
0.128668
0.103322
0.11882
0.148418
0.0758448
0.0899522
0.0826819
0.0823184
0.116519
0.117903
0.125265
0.132028
0.13149
0.141259
0.158171
0.139188
0.163985
0.109513
0.150158
0.129715
0.127101
0.115721
0.102674
0.103017
0.0818393
0.0860003
0.0865941
0.12707
0.130017
0.145382
0.150445
0.170981
0.148565
0.151484
0.148353
0.164571
0.145512
0.145121
0.148368
0.137491
0.157972
0.151157
0.156235
0.147175
0.171996
0.162773
0.153193
0.15736
0.161833
0.149443
0.149443
0.420244
0.44337
0.455952
0.448072
0.445884
0.457263
0.446769
0.448204
0.454103
0.467184
0.458384
0.461102
0.465053
0.462055
0.473473
0.478868
0.467973
0.489064
0.492794
0.499401
0.462027
0.465825
0.466652
0.472579
0.468103
0.48853
0.516613
0.495065
0.506737
0.524286
0.533227
0.568976
0.53062
0.497973
0.490657
0.490465
0.499372
0.497492
0.484046
0.510708
0.522733
0.526275
0.533776
0.535524
0.532568
0.532568
0.556092
0.562356
0.605073
0.605015
0.568983
0.588551
0.576596
0.551179
0.524896
0.516564
0.526208
0.483791
0.522524
0.533758
0.536954
0.540168
0.508266
0.477644
0.476245
0.456574
0.449406
0.504346
0.500901
0.563054
0.512635
0.518962
0.520607
0.519847
0.503274
0.524293
0.517169
0.514203
0.511964
0.53862
0.510546
0.518719
0.518321
0.529229
0.50436
0.531053
0.543556
0.543559
0.515911
0.530063
0.534217
0.5328
0.53315
0.505943
0.564659
0.59001
0.568165
0.593825
0.595498
0.600426
0.615469
0.596314
0.61408
0.613905
0.651525
0.630634
0.642989
0.655429
0.628301
0.656901
0.644325
0.61799
0.665343
0.647674
0.657812
0.601983
0.601983
0.613527
0.583699
0.526897
0.571623
0.553032
0.577667
0.557982
0.57569
0.570965
0.556981
0.522874
0.542451
0.555304
0.564964
0.585665
0.550334
0.548896
0.562177
0.546026
0.518978
0.542038
0.571397
0.545134
0.552462
0.528749
0.514471
0.554328
0.591938
0.527382
0.541307
0.517225
0.549216
0.540771
0.534288
0.512959
0.519031
0.517866
0.550684
0.577134
0.55526
0.53769
0.575318
0.562365
0.577588
0.5716
0.581905
0.559365
0.575032
0.555049
0.577843
0.55987
0.554637
0.53878
0.565939
0.558252
0.529177
0.553744
0.577814
0.554835
0.568559
0.553798
0.557088
0.547234
0.572998
0.565561
0.554884
0.557754
0.55393
0.548766
0.555992
0.559726
0.553583
0.557647
0.548899
0.551475
0.538358
0.551403
0.568021
0.537993
0.574481
0.561872
0.533591
0.548101
0.578552
0.564234
0.569635
0.596815
0.572516
0.572486
0.591636
0.575926
0.540425
0.538437
0.551651
0.570548
0.570548
0.137353
0.128585
0.12238
0.122543
0.13532
0.148527
0.207464
0.287244
0.285738
0.387484
0.4166
0.369152
0.370302
0.369146
0.39032
0.403005
0.408852
0.398383
0.397391
0.440614
0.387709
0.391174
0.403724
0.4459
0.438423
0.422351
0.381903
0.517873
0.518163
0.513025
0.49936
0.520045
0.52566
0.535777
0.540537
0.499846
0.541157
0.552602
0.604634
0.597438
0.641609
0.650921
0.67524
0.741406
0.799419
0.878462
0.886032
0.877313
0.88601
0.849958
0.882184
0.6927
0.721107
0.64679
0.662555
0.770287
0.848758
0.875167
0.83491
0.812901
0.774059
0.802696
0.80903
0.818782
0.808776
0.799393
0.765338
0.769138
0.818874
0.725224
0.479397
0.461994
0.505753
0.471369
0.385753
0.408406
0.408406
0.0549012
0.0487635
0.0487635
0.0487635
0.0487635
0.0487635
0.0487635
0.0487635
0.0487635
0.0487635
0.0487635
0.0487635
0.0487635
